0.0144587
0.0376222
0.036708
0.0370794
0.0351437
0.0362754
0.0364176
0.045528
0.0356958
0.0376602
0.0368742
0.0398464
0.0360352
0.0370422
0.0366106
0.0373348
0.037482
0.0365184
0.037239
0.035857
0.0370712
0.0369616
0.0124149
0.0136073
0.037087
0.0367326
0.0368106
0.0373236
0.0357185
0.0375743
0.0368653
0.0366045
0.0362591
0.0350644
0.0370719
0.0368824
0.0366611
0.0373437
0.0369562
0.0369161
0.0367834
0.0374911
0.0371493
0.0364892
0.0367414
0.0133329
0.0135285
0.0381117
0.03751
0.0378737
0.0367245
0.0370791
0.0381132
0.0372153
0.0367502
0.0361876
0.038299
0.0366133
0.0382981
0.0381995
0.0381396
0.0383248
0.0382499
0.0380909
0.0367579
0.0381814
0.0378849
0.038253
0.0132754
0.0140525
0.0372074
0.0371868
0.0368561
0.0358455
0.0373311
0.0360646
0.0367128
0.0366116
0.0358666
0.0372406
0.0367061
0.0362523
0.0363612
0.0363137
0.0366865
0.0369056
0.037004
0.0368284
0.036796
0.0365066
0.036577
0.0127063
0.0138935
0.0376369
0.0348119
0.0375758
0.0363684
0.0364132
0.0370278
0.036349
0.0361196
0.0371273
0.0371519
0.0364769
0.0366293
0.0367445
0.0362907
0.0376006
0.0369266
0.0355081
0.0366204
0.03628
0.0360131
0.0354888
0.0124254
0.0127974
0.0377012
0.036385
0.0373856
0.0363854
0.0638662
0.0151081
0.0118148
0.0111103
0.0116249
0.0113025
0.0117067
0.0125235
0.0124959
0.0119262
0.0121947
0.0120571
0.011933
0.0133815
0.0131374
0.0129101
0.0125744
0.0129127
0.0127418
0.0130692
0.0130652
0.0130385
0.0132075
0.0130046
0.0127769
0.0134774
0.0137435
0.0130339
0.0132764
0.0115165
0.0135709
0.0136477
0.0138693
0.0130237
0.011359
0.0125784
0.0117959
0.0110043
0.0107099
0.00970375
0.0116104
0.0116628
0.0116541
0.0119221
0.0104074
0.0120383
0.0126458
0.0114467
0.0120874
0.0121617
0.011958
0.0152294
0.00647572
0.0261676
0.0202237
0.0205696
0.0353144
0.0137318
0.00953249
0.00871485
0.00904086
0.0230923
0.0170613
0.0169508
0.0153767
0.0144233
0.0101465
0.00804489
0.0152899
0.0168196
0.0172535
0.0151414
0.0121809
0.0300711
0.0318064
0.0304088
0.0313491
0.0279645
0.0259556
0.0229065
0.0401187
0.0160396
0.0121439
0.0110687
0.0108078
0.0111697
0.0105094
0.0103305
0.010415
0.0101827
0.00998761
0.0096012
0.0102958
0.0105258
0.00993843
0.00980193
0.00969934
0.010055
0.0105879
0.010828
0.010914
0.0104603
0.0111385
0.0106632
0.0104685
0.0107005
0.0105715
0.0105665
0.0102585
0.0107314
0.0100791
0.00991047
0.0100704
0.0101368
0.0118603
0.0120852
0.0109982
0.0108186
0.0105125
0.0122976
0.0121559
0.0123722
0.0124447
0.0118326
0.0113551
0.0120846
0.0112501
0.0115518
0.0113751
0.012036
0.0122374
0.0125121
0.0128371
0.0158122
0.0169448
0.0124582
0.011903
0.0124026
0.0166763
0.0118359
0.0114008
0.0113502
0.0153026
0.0109308
0.0146803
0.0103755
0.0154417
0.0110595
0.0111529
0.0112127
0.0110151
0.0167504
0.0122084
0.0168133
0.0128006
0.017017
0.0120364
0.0131042
0.0133946
0.0176552
0.0139041
0.0132821
0.0139071
0.0178549
0.0137738
0.0181625
0.0133302
0.0183058
0.0122891
0.018709
0.0130516
0.0140535
0.0145836
0.0189612
0.0132877
0.0150685
0.014956
0.0146018
0.0146411
0.0139037
0.0140612
0.0127462
0.0144092
0.0131144
0.0189091
0.013182
0.0144785
0.0134719
0.0276903
0.0134091
0.0158453
0.0139039
0.0148863
0.0136123
0.0153872
0.0139657
0.0149016
0.0136219
0.0149924
0.0138208
0.019203
0.0157017
0.0183763
0.0171422
0.0183769
0.0131452
0.0154215
0.0121554
0.0133962
0.0175861
0.0154046
0.0123441
0.0159798
0.0129972
0.0157533
0.0139156
0.0123891
0.0105023
0.0146581
0.0102699
0.0117034
0.0100835
0.011425
0.0101306
0.0120156
0.0123597
0.0120759
0.0169126
0.0159904
0.0168705
0.0159289
0.0147435
0.014245
0.0150551
0.0107882
0.0126725
0.0133293
0.0137239
0.0170221
0.0157947
0.0173028
0.014473
0.0171406
0.0174217
0.0136811
0.0150305
0.0161422
0.0141354
0.0150309
0.0136226
0.0154515
0.0142258
0.0145581
0.0150673
0.0144732
0.0147288
0.0128888
0.0166095
0.0155808
0.0137823
0.014253
0.0155516
0.0153109
0.0179461
0.0153949
0.0149252
0.0144516
0.0148576
0.0150033
0.0160072
0.0144574
0.0115879
0.0127521
0.0115186
0.0123253
0.0116087
0.0132175
0.0121478
0.0128963
0.0123236
0.0126129
0.0133998
0.0130386
0.0123753
0.0132308
0.0129742
0.014848
0.0125343
0.0138819
0.011437
0.0123611
0.0110801
0.012517
0.0141786
0.0126231
0.0113301
0.0100841
0.011706
0.0104735
0.011867
0.0126921
0.0126844
0.0115478
0.0130005
0.0115632
0.0127162
0.0144957
0.0142381
0.0127783
0.0134778
0.0124412
0.0126809
0.0131269
0.0127552
0.0119891
0.0123536
0.0137627
0.0123149
0.0120307
0.0132673
0.0127633
0.0147474
0.0131579
0.0139837
0.0130945
0.0117362
0.0130193
0.0122036
0.0133957
0.0127055
0.0146
0.0129476
0.0140342
0.0137569
0.0150043
0.0150622
0.0137454
0.0151493
0.0188639
0.0181451
0.0152434
0.0194136
0.0172379
0.0155636
0.0128325
0.0125702
0.0130504
0.0128011
0.014342
0.0175143
0.0169417
0.0175004
0.013596
0.0141806
0.0138435
0.0126741
0.0140768
0.0135794
0.0126044
0.0146354
0.0135259
0.0154834
0.0190127
0.0175382
0.0137743
0.0134257
0.0130571
0.0139012
0.0182641
0.0192061
0.0160947
0.0146887
0.0171661
0.0153788
0.0195633
0.0158822
0.0151961
0.0153544
0.015472
0.0141156
0.0145254
0.014047
0.0141668
0.0131433
0.0127795
0.0125731
0.0127302
0.0127549
0.0123289
0.0127196
0.0125543
0.0144749
0.0125291
0.0135757
0.0128319
0.0121251
0.0123473
0.0107919
0.0134095
0.0178876
0.0127603
0.0172712
0.0195627
0.0137235
0.012586
0.016011
0.0122174
0.016461
0.0175958
0.0121663
0.0172264
0.013182
0.0124134
0.0128491
0.0132119
0.0126536
0.0148529
0.0150383
0.0171004
0.0184379
0.0133048
0.01399
0.0136845
0.0122553
0.0145039
0.0146744
0.0124326
0.0128497
0.0145328
0.0125189
0.013314
0.0147447
0.0126153
0.0170488
0.0187484
0.0129182
0.0179373
0.0184713
0.0123955
0.0129218
0.0138505
0.0122749
0.0170748
0.018071
0.0124324
0.0125647
0.014353
0.0122106
0.0176516
0.0191769
0.0134183
0.0163719
0.0144489
0.0129328
0.0183197
0.0195122
0.0133567
0.0164633
0.0163555
0.0120475
0.0137715
0.0145112
0.0121057
0.012149
0.0135134
0.0115646
0.0122802
0.0141548
0.0126796
0.0130947
0.0145514
0.0127019
0.0134153
0.0147819
0.0129289
0.0135199
0.015233
0.0132978
0.0138557
0.0148237
0.0124484
0.0129102
0.0144449
0.0127486
0.0130706
0.0152744
0.0131755
0.0156441
0.0134167
0.0144287
0.0129243
0.0150375
0.0177253
0.0186995
0.0126939
0.0131211
0.0140884
0.0128479
0.0148563
0.0176366
0.0189073
0.01658
0.0173638
0.0192781
0.0169341
0.0174155
0.0188298
0.0173232
0.0168936
0.0142533
0.0120853
0.0125919
0.0135125
0.0118896
0.0123934
0.0137991
0.0124633
0.0136675
0.0140699
0.0121927
0.0142323
0.0170026
0.0149349
0.0131013
0.0153933
0.017485
0.019393
0.0179445
0.0156855
0.0137618
0.0157092
0.0136321
0.0161009
0.0181031
0.0197205
0.0176885
0.0152986
0.0175161
0.019492
0.0166006
0.0149973
0.013841
0.0158698
0.0136565
0.0140723
0.0155197
0.0147512
0.0159417
0.0191139
0.0197071
0.0177392
0.0146031
0.0185756
0.0206585
0.0180054
0.0153103
0.0133282
0.014348
0.0237071
0.0133311
0.0177633
0.0170209
0.0167033
0.0149821
0.0142893
0.0152377
0.0138772
0.0155448
0.0179781
0.0177881
0.0133957
0.0133424
0.0169202
0.0168959
0.0120168
0.013169
0.0142518
0.0117656
0.0178112
0.0161684
0.0172362
0.0123421
0.0175811
0.011917
0.0126211
0.0120757
0.0125683
0.0119102
0.0117175
0.0114125
0.0154328
0.0112381
0.0148389
0.0104023
0.014741
0.0109031
0.0134373
0.00967309
0.0100393
0.00944004
0.00947072
0.00975924
0.0130371
0.00945235
0.00939045
0.0120008
0.0093758
0.00989299
0.00884963
0.00968095
0.00961792
0.0106336
0.00897841
0.00937034
0.00921632
0.0104541
0.00947672
0.0105261
0.0103866
0.0105305
0.0114832
0.0105796
0.0110753
0.00989669
0.0102452
0.010019
0.0105461
0.0104942
0.00994492
0.00979713
0.00896078
0.00973482
0.00983289
0.00974166
0.0135819
0.0113371
0.0120843
0.0148776
0.0123432
0.01209
0.0119601
0.0124177
0.014488
0.0149227
0.0157308
0.0123941
0.0104407
0.011955
0.0102208
0.0150021
0.0123549
0.0129443
0.0116903
0.0163874
0.0102937
0.0117235
0.0122561
0.0104456
0.0107267
0.0103356
0.0116704
0.0102995
0.0155647
0.013572
0.0164093
0.0108067
0.0116857
0.0106987
0.0118538
0.0110024
0.0160758
0.0120296
0.0160711
0.0149508
0.0157343
0.0148443
0.0156982
0.0147329
0.0126381
0.0113735
0.00983782
0.0116077
0.011122
0.0104312
0.0114154
0.0102263
0.015512
0.0147084
0.0115055
0.0109603
0.0125253
0.0115208
0.0113723
0.0121179
0.0157232
0.0121835
0.0155252
0.0105569
0.0112413
0.0107679
0.0118089
0.0108879
0.0160501
0.0115317
0.0154704
0.0134181
0.015849
0.0145862
0.0113545
0.0164481
0.0156211
0.0122156
0.0129463
0.0110693
0.0121994
0.0165625
0.0154809
0.0120883
0.0116876
0.0103085
0.012047
0.0153129
0.0144713
0.0156917
0.0137992
0.0140402
0.0136282
0.0149507
0.0140499
0.0150441
0.013266
0.0149245
0.0120463
0.0147276
0.0134616
0.0147151
0.0139207
0.0117128
0.0109675
0.010693
0.0116924
0.0159872
0.0151558
0.0117336
0.0107922
0.0100121
0.0119569
0.0153993
0.0143767
0.0149865
0.0109826
0.0113023
0.0147307
0.0118723
0.011806
0.0117247
0.0108699
0.0116115
0.011523
0.0118065
0.0131883
0.0129706
0.0167323
0.0124766
0.012745
0.0155861
0.015357
0.0116424
0.0155528
0.0139548
0.0150374
0.0138431
0.0117117
0.0147784
0.0147772
0.0158132
0.015551
0.0127794
0.0162286
0.0148992
0.0132007
0.016156
0.0158227
0.0134941
0.0151923
0.0149141
0.0149184
0.0111365
0.0114048
0.0111452
0.0100138
0.0119292
0.0157651
0.0145286
0.0125754
0.011708
0.0131191
0.0111238
0.0119022
0.0135042
0.0332093
0.0126125
0.0112221
0.0110946
0.010484
0.023919
0.0141384
0.0130797
0.0157059
0.0130953
0.0194026
0.0187776
0.0180219
0.0151052
0.0187481
0.0194716
0.018887
0.0182589
0.0146949
0.0160817
0.0166542
0.0144585
0.0164536
0.015446
0.0171524
0.0163434
0.0149951
0.0166115
0.0196533
0.021012
0.0200285
0.0194056
0.0155576
0.0169173
0.0187118
0.0201139
0.019873
0.0153866
0.0180843
0.0198721
0.0179448
0.0139242
0.0147854
0.0160156
0.0135621
0.0149468
0.0174959
0.0186637
0.0171447
0.0127598
0.0194567
0.0180874
0.0165891
0.0135807
0.0176687
0.0178211
0.0118984
0.0140162
0.0174483
0.018159
0.0169079
0.0140084
0.0136453
0.014983
0.0122807
0.0149422
0.0152164
0.0144214
0.013067
0.014769
0.0127423
0.0152111
0.0141121
0.0145107
0.0178147
0.0185627
0.0170474
0.0154262
0.0183768
0.0189888
0.0174881
0.0151608
0.0156274
0.013263
0.013838
0.0139302
0.017325
0.0164492
0.0128834
0.0105766
0.0162595
0.0119739
0.0094815
0.0109838
0.010604
0.0104248
0.00946402
0.0096959
0.00895213
0.0109069
0.00949507
0.0101017
0.0111509
0.00985167
0.00975059
0.0100588
0.0103682
0.0105521
0.01061
0.0111585
0.0115777
0.0114726
0.0155626
0.0140492
0.0165533
0.0172315
0.0141826
0.0120824
0.0143088
0.0161062
0.0145559
0.0166522
0.0173447
0.0151295
0.0128274
0.0151999
0.0170194
0.0145636
0.0172292
0.0149139
0.018539
0.0141101
0.0155175
0.0154619
0.014119
0.0156916
0.0174035
0.017158
0.0162281
0.0148558
0.015162
0.0150721
0.015144
0.0187674
0.0148769
0.0170714
0.0188853
0.0171359
0.0140722
0.0176104
0.015848
0.0154323
0.0155487
0.0149049
0.0132753
0.0152864
0.0131776
0.0157639
0.0294403
0.0166878
0.0139763
0.0162699
0.0143541
0.0160897
0.0141296
0.0143665
0.0183635
0.0205271
0.0190414
0.0156547
0.0146941
0.0167467
0.0195678
0.0149644
0.0144162
0.0164888
0.0197599
0.0147089
0.0162037
0.0185166
0.0206749
0.021032
0.0191433
0.0174052
0.0183916
0.0174616
0.0179754
0.0151672
0.0165192
0.0199695
0.0226589
0.0221714
0.0193974
0.0168335
0.0195829
0.0220018
0.021753
0.019071
0.0153785
0.0196356
0.0204857
0.0204481
0.0184643
0.0156194
0.0137944
0.0152436
0.0148601
0.0128569
0.0155056
0.0173566
0.0193154
0.0177231
0.0174637
0.0179713
0.0198146
0.0180288
0.0147098
0.015419
0.0130261
0.0146131
0.0153438
0.0129122
0.0138028
0.0146355
0.0138324
0.0128781
0.0138031
0.0151849
0.013682
0.0131734
0.0129896
0.0137808
0.0127179
0.0131199
0.013324
0.0115124
0.0155966
0.0137029
0.0110414
0.0108065
0.0110162
0.0134905
0.0142001
0.0184746
0.0128455
0.0141013
0.0127763
0.0150505
0.0188875
0.0132171
0.0194722
0.0142749
0.016248
0.0151063
0.0190216
0.012643
0.0138263
0.0114322
0.0156476
0.0141382
0.0167597
0.0132946
0.0186617
0.0148803
0.0197156
0.016235
0.01608
0.0150619
0.0147244
0.0145362
0.0174296
0.013673
0.016441
0.0132067
0.0112414
0.0121963
0.0159026
0.0150092
0.0155215
0.0182601
0.0125999
0.0132729
0.0100007
0.0082139
0.00923051
0.00914716
0.0105802
0.0120573
0.0137805
0.0145605
0.0138666
0.0123754
0.0135761
0.011578
0.00996344
0.011278
0.0120182
0.0126161
0.0133401
0.0167297
0.0114841
0.0123768
0.0105996
0.00886657
0.00977082
0.009165
0.012326
0.0141049
0.0123368
0.0127618
0.0147442
0.0158274
0.0147036
0.0146808
0.0118988
0.0135153
0.0114757
0.0127647
0.0124835
0.0115344
0.0124079
0.0130214
0.012306
0.0126765
0.0126082
0.0125525
0.0144266
0.0119206
0.0163163
0.0164927
0.0154862
0.0146012
0.0177732
0.0176454
0.0156639
0.0189495
0.0150275
0.0139063
0.0152227
0.0171513
0.0123746
0.0127607
0.0148886
0.0144322
0.0159179
0.0170895
0.0160768
0.0140819
0.0167533
0.0141773
0.0161839
0.0138885
0.0158718
0.0155905
0.0131069
0.0140101
0.0153663
0.0136269
0.0135577
0.0162419
0.0138188
0.0163536
0.0160735
0.0148258
0.0159807
0.0190598
0.0162779
0.0168178
0.0188135
0.0165193
0.0161734
0.0180678
0.0199817
0.0180752
0.0181741
0.0202969
0.018292
0.0185312
0.0203946
0.020412
0.0176399
0.0200443
0.021819
0.0210283
0.0164921
0.0156625
0.017627
0.0155375
0.0163306
0.0154519
0.0174916
0.015006
0.0157316
0.0190552
0.0207878
0.0152647
0.0155793
0.0161011
0.0174395
0.0202892
0.0158488
0.0168033
0.0171187
0.0161542
0.0162414
0.0163892
0.0177799
0.0152597
0.0143662
0.0180637
0.0200138
0.0174587
0.0131755
0.0140094
0.0165421
0.0138987
0.0152522
0.0172758
0.0197719
0.0209047
0.0217668
0.0191754
0.0174415
0.0203429
0.0210368
0.0175799
0.0175287
0.0156243
0.018561
0.0193693
0.020205
0.0179545
0.015751
0.0188392
0.0208751
0.0211114
0.0213186
0.019214
0.019612
0.0155821
0.019193
0.0169006
0.0133759
0.0173209
0.0182226
0.0151643
0.0155515
0.0137559
0.0163335
0.0187703
0.0183244
0.0167453
0.0152738
0.0137473
0.0151185
0.0146122
0.0119447
0.0144559
0.011929
0.0133278
0.0136402
0.0112682
0.0146514
0.0169088
0.0189197
0.0199048
0.0177209
0.0147519
0.014121
0.0140699
0.0154116
0.0127091
0.0134128
0.0144313
0.0157207
0.0169252
0.0144602
0.0147648
0.018967
0.0204688
0.0215955
0.0187249
0.0159903
0.0178433
0.0156746
0.0170541
0.0148654
0.0148203
0.015204
0.0167383
0.0174385
0.0152112
0.0156637
0.0153773
0.0167643
0.0194393
0.0171988
0.0159512
0.0159746
0.0166593
0.0179106
0.0176021
0.0162618
0.0170385
0.0173485
0.0174341
0.0156867
0.0152719
0.0163689
0.0175179
0.0181637
0.0164053
0.0164859
0.0161993
0.0170865
0.0183916
0.0157115
0.0170336
0.0202467
0.0216142
0.022056
0.0191911
0.0189874
0.0206929
0.0207907
0.0229901
0.0212657
0.0197466
0.0160633
0.016745
0.0187221
0.0196751
0.0167688
0.0160802
0.0174261
0.0178979
0.0154718
0.015264
0.0143872
0.0170685
0.0170554
0.0155061
0.0159314
0.0190927
0.0215912
0.0210682
0.0198443
0.0158927
0.0156328
0.0167383
0.0168688
0.0158119
0.0163464
0.0148328
0.0173085
0.017488
0.0155415
0.015945
0.0158381
0.0172897
0.0175898
0.0174265
0.0158282
0.0154765
0.0162897
0.0174708
0.0157829
0.0158427
0.0180292
0.0197376
0.0205289
0.0212545
0.0197973
0.0192044
0.0156437
0.0208227
0.016367
0.0165135
0.0154319
0.0150069
0.0147634
0.0159397
0.0168968
0.0159443
0.0153602
0.0173645
0.0151008
0.0159701
0.0163329
0.0144213
0.0163525
0.0177167
0.0167089
0.0208551
0.0191171
0.0162925
0.020773
0.0187468
0.0161016
0.0205136
0.016573
0.0158327
0.014962
0.0129938
0.0160012
0.0142089
0.0136559
0.0163247
0.0150591
0.0148076
0.015381
0.0146678
0.0150879
0.0162218
0.0176859
0.01327
0.0152456
0.0180601
0.017085
0.0175732
0.0188648
0.0162423
0.0145799
0.0120213
0.014619
0.0176292
0.0154894
0.0204258
0.019927
0.0184447
0.0142221
0.0188012
0.0208267
0.0203526
0.0195246
0.016285
0.0154739
0.0182295
0.0174034
0.0155314
0.0156124
0.0164277
0.0171094
0.0180578
0.0167182
0.0174501
0.0173723
0.0209308
0.0220207
0.0226464
0.0214659
0.0196827
0.0185609
0.0186339
0.0178623
0.0184364
0.017914
0.0174229
0.0191933
0.0219267
0.0219814
0.0229793
0.0209488
0.0206651
0.0170368
0.0166655
0.0164857
0.0180696
0.0167063
0.0162324
0.0173264
0.0199867
0.0214046
0.0208457
0.0192269
0.0175822
0.0200694
0.0293878
0.0259097
0.02071
0.0206554
0.0250435
0.0186487
0.0193137
0.0197188
0.0165489
0.0204599
0.0167865
0.023549
0.020802
0.0218365
0.0271732
0.0198594
0.0237369
0.0271389
0.021046
0.0181158
0.0201654
0.0234518
0.0281657
0.0183669
0.0222572
0.0243394
0.0194947
0.0187858
0.0212448
0.0160685
0.0229217
0.0167875
0.0175547
0.0141076
0.0166159
0.0174948
0.0157435
0.0152378
0.0162849
0.0166803
0.0152473
0.0158768
0.0170659
0.0173232
0.0163991
0.017117
0.0176274
0.0160025
0.0169933
0.0207361
0.021654
0.0219033
0.019772
0.0161516
0.0155699
0.0158495
0.015931
0.0138606
0.0126431
0.0123288
0.0129111
0.014647
0.0108992
0.0104883
0.00913565
0.0157666
0.0136211
0.0109021
0.0139928
0.00867414
0.0118386
0.010877
0.0126307
0.0145787
0.0134849
0.0135576
0.0174688
0.0194574
0.0237176
0.0183992
0.0183808
0.0208988
0.0186591
0.0174206
0.0173102
0.0189757
0.0211769
0.020416
0.0189115
0.0206672
0.0225528
0.0214168
0.0199215
0.0175848
0.0168821
0.0190963
0.0189929
0.0165952
0.0191761
0.0168267
0.0178275
0.0188801
0.0162243
0.0191013
0.0181322
0.0188575
0.0178587
0.0168576
0.0191319
0.0208084
0.0226166
0.0226333
0.0203642
0.0177554
0.0199724
0.0218209
0.0210981
0.0168601
0.0227218
0.0220922
0.0206741
0.0160411
0.015723
0.0191653
0.0179882
0.0172387
0.0199232
0.0234722
0.022071
0.0165865
0.0205934
0.0223189
0.0179192
0.0236604
0.0205595
0.0194388
0.0155912
0.0179952
0.0154038
0.0183882
0.0152041
0.0216641
0.0199274
0.0209844
0.0195456
0.0215171
0.0207381
0.018693
0.0215184
0.0201765
0.0179671
0.0205281
0.017718
0.0178959
0.017209
0.0201918
0.017869
0.0219955
0.0197538
0.0179867
0.0213893
0.0189911
0.0174302
0.0163558
0.0135406
0.0166895
0.0198588
0.016661
0.0147014
0.0147422
0.0113576
0.0134091
0.0174181
0.0114574
0.0137128
0.0115199
0.0133458
0.0102509
0.00712338
0.00703117
0.00703215
0.0080995
0.00788907
0.00734654
0.00713121
0.00832091
0.00811278
0.0083568
0.00898781
0.0087434
0.00947833
0.00933344
0.0101494
0.0112247
0.0176665
0.0130561
0.0161001
0.0145224
0.0179412
0.0132776
0.0159103
0.0134498
0.0181484
0.0165596
0.0154932
0.0132167
0.0162251
0.0153047
0.0155128
0.0136962
0.0154605
0.0190525
0.017796
0.0148174
0.0150442
0.0194201
0.0214184
0.0185724
0.0167871
0.0149094
0.0170791
0.0155907
0.0164564
0.0190566
0.020489
0.0187366
0.0188901
0.0204896
0.0186383
0.0172207
0.0155528
0.0168068
0.0169699
0.0171784
0.0161413
0.01759
0.0153728
0.0172359
0.0197337
0.0210141
0.0193471
0.0155083
0.019694
0.0229229
0.0196816
0.0168066
0.0204797
0.0222481
0.0167862
0.0162116
0.0205646
0.0248516
0.0205997
0.0166498
0.0209523
0.0212249
0.0176175
0.0162603
0.0169267
0.0177479
0.0182285
0.0162873
0.0168494
0.0183719
0.0171554
0.018916
0.0188745
0.0171275
0.0172286
0.0180921
0.016368
0.017076
0.0212195
0.0225163
0.0223414
0.0199475
0.0177926
0.0199961
0.0223349
0.0198842
0.016691
0.0153299
0.0166789
0.0167884
0.017324
0.0204667
0.0141927
0.022056
0.0153911
0.0172486
0.0161461
0.0178729
0.015718
0.0180703
0.0152887
0.0170708
0.0205497
0.0183194
0.0153958
0.012349
0.0156847
0.0133321
0.0146569
0.017338
0.014371
0.0127817
0.0152754
0.0133197
0.0131977
0.0161435
0.0132503
0.0151284
0.0135514
0.0133245
0.0144758
0.0153115
0.0129248
0.014996
0.0142782
0.0145173
0.0130511
0.0147989
0.0143546
0.0149694
0.0140961


