0.0149691
0.0249764
0.0215651
0.0189374
0.0184865
0.0176668
0.0181426
0.0203043
0.0166905
0.0179104
0.0173471
0.0179401
0.0194999
0.0176766
0.0209407
0.0199849
0.0224232
0.0187576
0.0210794
0.0208009
0.0207672
0.0193568
0.0178556
0.0205447
0.021269
0.0204223
0.0203463
0.0209182
0.0199038
0.0180844
0.0173308
0.0197939
0.0182693
0.0198247
0.0276709
0.0211338
0.0201167
0.0188827
0.0179274
0.019485
0.0208053
0.0182214
0.0182794
0.0184761
0.0200103
0.0188265
0.0190641
0.0208071
0.0205557
0.0177346
0.0202243
0.0204807
0.0185411
0.0200673
0.0206973
0.017506
0.0183625
0.0195774
0.0200358
0.0199325
0.0205182
0.0211564
0.0203008
0.018451
0.0209683
0.0200556
0.0192275
0.017491
0.0208925
0.0203761
0.0197854
0.0176302
0.0202914
0.0203181
0.0182983
0.0194219
0.0191301
0.0190381
0.0175443
0.0199821
0.019408
0.0183758
0.0205804
0.0187588
0.0190272
0.0202608
0.018856
0.0172786
0.0204824
0.0178849
0.0181458
0.0179489
0.0182318
0.0205111
0.0204429
0.0198153
0.0190168
0.0178763
0.0187114
0.0204595
0.0179842
0.0206089
0.0177176
0.0176135
0.0187934
0.0182657
0.0178565
0.0195485
0.0172307
0.0173892
0.0174803
0.0200023
0.0184863
0.0169963
0.0202693
0.0200274
0.0181008
0.0169645
0.019069
0.0194505
0.0200981
0.0171421
0.017002
0.0192636
0.018531
0.0214579
0.0199614
0.0211289
0.0187666
0.0194442
0.0209315
0.0210388
0.0186729
0.0194803
0.0216975
0.0196089
0.0204044
0.0198152
0.0212302
0.0315709
0.0204931
0.0209457
0.0188064
0.0215461
0.0195666
0.0174683
0.0224623
0.0178353
0.0215453
0.0191925
0.0205624
0.0203341
0.0190986
0.0179387
0.0198046
0.0204513
0.0192715
0.0190495
0.0181857
0.0179842
0.0161923
0.0195426
0.0175098
0.0203686
0.020074
0.0180431
0.0170784
0.0198954
0.0185586
0.0211665
0.0190593
0.020578
0.0181395
0.0215284
0.0211696
0.0185242
0.0200686
0.0187149
0.020688
0.0215189
0.0183405
0.0189534
0.0174815
0.0192545
0.0177525
0.0176917
0.0183852
0.0182222
0.0188038
0.0188201
0.0189581
0.0185285
0.0269265
0.0189701
0.020813
0.0214006
0.0188263
0.0179404
0.0212944
0.0221241
0.0217531
0.0198883
0.0198629
0.0217335
0.018542
0.0187376
0.0205052
0.0185947
0.018591
0.0210263
0.0186407
0.0183292
0.0182483
0.017253
0.0166939
0.0177508
0.0184693
0.0178844
0.0201557
0.0208523
0.0196788
0.0185873
0.0203525
0.0218814
0.0212663
0.0219762
0.0210222
0.0240945
0.0202241
0.0200597
0.0215849
0.021737
0.0206419
0.0226327
0.0231518
0.0220556
0.0226238
0.0212468
0.0199957
0.0210715
0.0216953
0.0201599
0.0195711
0.0210314
0.0195897
0.0192721
0.0186097
0.0214774
0.0243094
0.0245617
0.02268
0.0225538
0.0216057
0.0237313
0.0198415
0.020122
0.0202558
0.0187438
0.0203209
0.021404
0.0193877
0.0207598
0.0198182
0.0208242
0.0187384
0.0207459
0.0191603
0.0210675
0.0201853
0.0196673
0.0190949
0.0226204
0.0209681
0.0220831
0.01857
0.0210913
0.0206356
0.0214094
0.0196122
0.0186154
0.0224096
0.0202365
0.0218833
0.0195901
0.0192703
0.0206856
0.0190519
0.0211968
0.0207237
0.0215528
0.0198254
0.0204101
0.0194412
0.0207425
0.0215111
0.020836
0.0217113
0.0227094
0.0226323
0.0230234
0.021141
0.022799
0.0196999
0.0225474
0.0212777
0.0222704
0.0220797
0.0222149
0.021845
0.0231833
0.0210502
0.0207989
0.0201165
0.0212767
0.0230112
0.0231252
0.0210097
0.0196833
0.0185735
0.0209419
0.0225562
0.0206196
0.0214314
0.0220054
0.0190058
0.0222658
0.0197688
0.0197588
0.0203062
0.0193657
0.0206618
0.0196766
0.0197486
0.0196631
0.0219214
0.0183216
0.0205717
0.0197854
0.0189289
0.0186586
0.0219305
0.0204025
0.0208275
0.0198149
0.0191975
0.0204852
0.0197717
0.0196082
0.0190992
0.0191502
0.0189964
0.0223554
0.0219984
0.0192483
0.0184611
0.0216082
0.0196533
0.019052
0.0198473
0.0223051
0.0213752
0.0225057
0.0233552
0.02275
0.0223014
0.0196273
0.0223672
0.0228713
0.0227531
0.0225905
0.0228242
0.0255385
0.0240183
0.0232049
0.0217471
0.0225173
0.0215335
0.0231531
0.0236759
0.0246628
0.0224326
0.0203557
0.0231798
0.024132
0.0229697
0.0184793
0.0195708
0.0206625
0.0216468
0.0203653
0.0222454
0.0217405
0.0199834
0.0222237
0.0200949
0.0207348
0.0184829
0.0205827
0.0251914
0.0243463
0.0231595
0.0224539
0.0221371
0.0203058
0.0225128
0.0206944
0.0204474
0.0216538
0.0238807
0.0224632
0.0205606
0.019543
0.0183478
0.0172494
0.0180956
0.0212656
0.0217763
0.0212119
0.0178409
0.0217061
0.0192588
0.0171953
0.0182681
0.0182187
0.0217757
0.0186309
0.0190467
0.0193049
0.0197091
0.0203329
0.0176152
0.0196167
0.0182998
0.020452
0.0195458
0.0190287
0.0191854
0.019234
0.0206229
0.0213982
0.0207736
0.0188907
0.0209399
0.0212777
0.021724
0.0217413
0.0215674
0.0204958
0.0210167
0.0192
0.0208323
0.020073
0.0189345
0.02406
0.0226914
0.0219583
0.0233907
0.0209876
0.0218378
0.0207774
0.0227079
0.0188266
0.0220672
0.0209257
0.0224782
0.0255271
0.0220154
0.0249473
0.0215879
0.0243197
0.0235996
0.0241392
0.0198483
0.020596
0.0195394
0.0204987
0.0199264
0.0213222
0.023807
0.0220509
0.0216224
0.0244977
0.0245073
0.0236362
0.0205487
0.0200156
0.022607
0.0221249
0.0222278
0.0239142
0.0238565
0.0230113
0.0214646
0.0222389
0.0231894
0.0219871
0.0227813
0.0209711
0.021405
0.0220086
0.0190003
0.0221079
0.0227513
0.0248838
0.022363
0.0231996
0.0200148
0.0235369
0.0242541
0.0245299
0.0224397
0.0217867
0.0210031
0.0207145
0.0205338
0.0201614
0.019799
0.0194698
0.0193841
0.0189689
0.0208192
0.0193709
0.0213147
0.0223645
0.020093
0.0196394
0.0220851
0.0205869
0.0216842
0.0218832
0.0238003
0.0223267
0.0222693
0.0230946
0.0220407
0.0209633
0.0239717
0.0242026
0.0232197
0.0259749
0.0212859
0.0229938
0.0221931
0.0237614
0.0236366
0.0234678
0.0238471
0.023971
0.0240897
0.0230378
0.0235083
0.0221996
0.0208928
0.0241217
0.0217776
0.0230425
0.0232846
0.0246798
0.0227878
0.0212846
0.0244312
0.0200061
0.0211187
0.0227053
0.0255766
0.0264284
0.0256221
0.023507
0.025335
0.0219867
0.0232062
0.0220214
0.020864
0.0231494
0.0242693
0.0231114
0.0218477
0.0244292
0.0234257
0.0216162
0.0229675
0.0256355
0.022131
0.0226273
0.0216042
0.0216783
0.0260684
0.024096
0.023464
0.0227719
0.0224916
0.022306
0.022082
0.0218807
0.022422
0.0248633
0.0217093
0.024821
0.0213283
0.0220708
0.0223945
0.0224977
0.0222693
0.0226817
0.02277
0.0228409
0.0221727
0.0237825
0.0227225
0.0242218
0.023358
0.0211202
0.0232209
0.021144
0.0218964
0.0207205
0.0205818
0.021254
0.0222139
0.0214566
0.0205376
0.0234203
0.0234494
0.020319
0.020303
0.0201781
0.0204888
0.0205403
0.0210911
0.0190253
0.0205776
0.0212048
0.0230048
0.0220399
0.0223466
0.0250309
0.0212036
0.0218927
0.0211518
0.0202464
0.025208
0.0256569
0.0228833
0.0242255
0.0220522
0.0227414
0.0259502
0.022925
0.0232714
0.0240066
0.0244335
0.0240102
0.0248102
0.0216488
0.0248613
0.0228174
0.0239824
0.0234055
0.0219979
0.0238669
0.0234636
0.0249424
0.0259504
0.0221839
0.0242933
0.0251808
0.0224897
0.0241716
0.0253631
0.0252918
0.0226998
0.026167
0.0259833
0.0247527
0.0223499
0.0248587
0.0248832
0.0239882
0.0212337
0.0216267
0.0216032
0.0219986
0.0245765
0.0229698
0.0209129
0.0228882
0.0230993
0.0207439
0.0193789
0.0220808
0.0195156
0.0216289
0.0206432
0.0218048
0.0205277
0.019748
0.0176155
0.0205119
0.0174327
0.0172129
0.0181247
0.0202135
0.0175375
0.0176889
0.0193706
0.0219936
0.0229469
0.021768
0.0196076
0.0195174
0.0177502
0.0175267
0.0181122
0.020782
0.0194078
0.0173873
0.0172858
0.0202832
0.0198384
0.0188227
0.0182251
0.0168316
0.0180153
0.019833
0.0176448
0.0149841
0.0150356
0.014211
0.0177831
0.0163044
0.0180922
0.017197
0.0187107
0.0185313
0.0170737
0.0167553
0.0188976
0.020089
0.0197714
0.0180672
0.0178019
0.0169253
0.0201582
0.0166881
0.0175091
0.0177012
0.0179749
0.0175519
0.0166101
0.0201272
0.016741
0.0165097
0.0149342
0.0204366
0.0205394
0.0164826
0.0190866
0.0180384
0.0207405
0.0179795
0.0204188
0.0181237
0.016101
0.0160795
0.014984
0.0164531
0.0165822
0.0186889
0.0181635
0.0165249
0.0178182
0.0183906
0.0170601
0.0172685
0.0174957
0.0205512
0.0182267
0.0211617
0.0188946
0.0189409
0.0189325
0.0224209
0.0240332
0.0198095
0.022226
0.0198035
0.0235052
0.021839
0.0221884
0.0219998
0.0225373
0.0221511
0.0211139
0.0225587
0.0268074
0.0213015
0.02191
0.0208678
0.0197764
0.0196241
0.0221756
0.023592
0.0241794
0.0222656
0.021751
0.0215478
0.022134
0.019683
0.0225699
0.0207725
0.0208146
0.022353
0.0242755
0.0231274
0.0228893
0.0223478
0.022839
0.0216254
0.0202247
0.023634
0.0254864
0.0223648
0.0280984
0.0240232
0.0240093
0.0209093
0.0202316
0.0205192
0.0222281
0.0255248
0.0246739
0.0191962
0.0216187
0.0206776
0.0236579
0.0260065
0.0237878
0.020103
0.0234176
0.0201155
0.022245
0.0220691
0.021918
0.0202626
0.0209914
0.0218243
0.0199927
0.0205546
0.0188627
0.0204819
0.0183497
0.0172786
0.0192329
0.0199507
0.0177522
0.0198156
0.0160691
0.0161061
0.0184614
0.023191
0.0222088
0.0208464
0.0196444
0.0222976
0.0170975
0.0203644
0.0184625
0.0192015
0.0197611
0.0187075
0.0203975
0.017035
0.0240244
0.0213254
0.0203139
0.019016
0.021762
0.0185973
0.0176326
0.0206776
0.0194667
0.0179842
0.0175545
0.0150348
0.0163417
0.0164176
0.0155709
0.0154179
0.0165156
0.0150861
0.0152984
0.0172704
0.0160106
0.017075
0.0180653
0.0196212
0.0193583
0.0193266
0.0205101
0.0201919
0.0208358
0.0173951
0.0171583
0.0150707
0.0155219
0.0152634
0.016971
0.0186556
0.0165759
0.0181993
0.016429
0.0187047
0.0164393
0.0178973
0.0214947
0.0217142
0.0222191
0.0218937
0.021154
0.0170393
0.0183816
0.0178556
0.0170374
0.0156852
0.0169741
0.0223594
0.0170942
0.0207927
0.0172985
0.0177083
0.0200199
0.0210189
0.019733
0.0194973
0.0187833
0.0219
0.020855
0.0256345
0.025244
0.024549
0.024528
0.0209891
0.0252646
0.0224597
0.0224881
0.0194706
0.0236075
0.0215154
0.019118
0.0208963
0.0210944
0.0180235
0.0209701
0.0202325
0.0222958
0.0196617
0.0219282
0.0240932
0.0221463
0.0221007
0.0209862
0.0199138
0.0206139
0.0182288
0.0179539
0.0182548
0.0210645
0.0207228
0.0210669
0.0201661
0.0196599
0.0213329
0.0197512
0.0177504
0.0183271
0.0224498
0.021743
0.0185973
0.0183014
0.0191702
0.0182211
0.0181948
0.0237311
0.0186493
0.0324575
0.0194281
0.0278183
0.0204842
0.01875
0.0226201
0.017928
0.0173719
0.0190879
0.0181683
0.0192992
0.0228258
0.020262
0.0208408
0.0222612
0.0210409
0.020215
0.0211126
0.0186148
0.0172266
0.0201937
0.0181911
0.0172876
0.0196375
0.0169949
0.0165053
0.0167187
0.0169181
0.0206024
0.0214011
0.0201142
0.0206845
0.0181521
0.0200765
0.0219421
0.0212855
0.0190693
0.0225513
0.0228093
0.0211512
0.023339
0.0203418
0.0203898
0.0201927
0.0208317
0.0200136
0.022413
0.0199435
0.0217932
0.0226053
0.0219009
0.0231268
0.0235212
0.0230727
0.0214975
0.0221703
0.0221143
0.0239444
0.0199859
0.0199708
0.0156801
0.0235628
0.0191
0.0194264
0.0177348
0.0186029
0.0166042
0.0162989
0.0165648
0.0176785
0.0172304
0.0172497
0.018636
0.0177486
0.0193945
0.0199101
0.0188879
0.0174751
0.0299929
0.0184078
0.0199388
0.018391
0.0228604
0.0174479
0.0238019
0.0214819
0.020352
0.0200337
0.0178082
0.0224263
0.0209753
0.0182042
0.0224508
0.022386
0.0226766
0.0237748
0.0186817
0.0199418
0.0240111
0.0237635
0.0220902
0.0196161
0.021178
0.0201028
0.0203233
0.0203292
0.0221713
0.0187057
0.0200136
0.0204258
0.0206245
0.0206002
0.0235551
0.0220089
0.0209892
0.0210807
0.0215014
0.0210974
0.0197479
0.0197577
0.0215701
0.0196133
0.0205524
0.0208906
0.0223623
0.0240817
0.0245999
0.0243056
0.0210847
0.0327258
0.020352
0.0222164
0.0199062
0.0219485
0.0217912
0.0214703
0.0203756
0.0213352
0.0229539
0.0223517
0.0229159
0.0210715
0.0198313
0.0199588
0.0206386
0.0208045
0.0210414
0.0203902
0.0217345
0.0218171
0.021926
0.0211224
0.0206236
0.0193625
0.022092
0.0192435
0.0230292
0.020526
0.0190579
0.0197791
0.0206351
0.0194103
0.0214236
0.0222115
0.0195188
0.0188485
0.0196504
0.0204865
0.0243846
0.0195913
0.0219154
0.0177503
0.0162059
0.0158968
0.0154507
0.0168276
0.0204979
0.0217126
0.0210575
0.0190941
0.0207548
0.018811
0.02005
0.0196278
0.0220327
0.0206533
0.0223119
0.0189219
0.0196229
0.0193199
0.0197795
0.0213401
0.0185032
0.0205262
0.0176643
0.0187147
0.020453
0.0185644
0.0199926
0.0230249
0.0209465
0.0217911
0.0220073
0.0187328
0.0163659
0.0208454
0.0180243
0.013732
0.0159073
0.0392181
0.0209195
0.0378267
0.0213381
0.0212428
0.0187913
0.0404023
0.0121451
0.0329554
0.0111948
0.0119006
0.0139512
0.0386404
0.0206151
0.0388089
0.021628
0.0202561
0.0435553
0.0159068
0.039591
0.014445
0.0353065
0.0153712
0.040821
0.0189369
0.0153367
0.013324
0.0156233
0.0177013
0.0191311
0.0218277
0.0218043
0.0190602
0.016351
0.0149274
0.0186149
0.0175955
0.018633
0.0208156
0.0176247
0.0178968
0.0172422
0.0207883
0.0168956
0.0170504
0.0202308
0.0192989
0.018413
0.0172391
0.0200868
0.0215265
0.0199964
0.0218444
0.0195457
0.0196359
0.020243
0.0197615
0.0202142
0.0356161
0.0208993
0.01862
0.0171144
0.0169043
0.0192092
0.0192597
0.0177183
0.0256887
0.019172
0.021894
0.0215907
0.0183102
0.0184928
0.0179397
0.0206849
0.0183986
0.01563
0.0167314
0.0194215
0.0208241
0.0189607
0.0199893
0.0198832
0.0172806
0.0184543
0.0187697
0.0199968
0.0179283
0.0178661
0.0177799
0.0191617
0.0207082
0.0171724
0.0189634
0.0181648
0.019536
0.018458
0.0169944
0.017072
0.0188605
0.0185574
0.0188057
0.0203553
0.0169941
0.0158065
0.0169254
0.0173763
0.0171273
0.0189356
0.0207087
0.0167354
0.0226335
0.0185508
0.0188318
0.0207496
0.0207667
0.0207775
0.0211982
0.0192307
0.0185083
0.0209469
0.0189261
0.0179103
0.0180575
0.0201038
0.0213207
0.0211419
0.0223656
0.0224976
0.0245006
0.0200645
0.0228251
0.0229763
0.0206113
0.0210206
0.0246049
0.022161
0.021205
0.0196027
0.0205139
0.0223763
0.0217094
0.021408
0.0225503
0.0222591
0.0232819
0.0267718
0.0250933
0.0243839
0.021812
0.0242198
0.0227849
0.0215706
0.022527
0.0226107
0.0242592
0.0210992
0.023139
0.0221442
0.0205993
0.0218681
0.0240663
0.023557
0.0221782
0.0217435
0.0243463
0.0255334
0.0245434
0.0226065
0.0227186
0.0197419
0.0225071
0.0269648
0.0206506
0.0223884
0.0216731
0.0239703
0.0211271
0.0222776
0.0217204
0.0221648
0.0226304
0.0195116
0.0194196
0.018788
0.0181873
0.0208711
0.020422
0.0183644
0.0178361
0.0194956
0.023132
0.0215423
0.0210491
0.0222431
0.0213311
0.0217152
0.022438
0.0258524
0.0223262
0.0208187
0.0228818
0.0243187
0.0239115
0.024075
0.0234475
0.0228153
0.021449
0.0254147
0.0271821
0.0244279
0.0242933
0.0233477
0.0205251
0.0259722
0.022182
0.0242156
0.0235826
0.0242064
0.0245542
0.0220724
0.0248724
0.0270764
0.0279162
0.0268506
0.0250083
0.0236898
0.0236864
0.0246763
0.0261531
0.0254883
0.0255024
0.0248368
0.022875
0.0234106
0.0243079
0.0217863
0.0259166
0.0253917
0.025718
0.0265018
0.0249711
0.0239037
0.0237044
0.0242141
0.0231645
0.0227441
0.0236099
0.024679
0.0266784
0.0212688
0.0251013
0.0252878
0.0238799
0.0229919
0.0222525
0.0222859
0.0209893
0.0222271
0.0244527
0.0250518
0.0243523
0.0222182
0.023512
0.0211178
0.0195712
0.020896
0.0224493
0.021562
0.0258452
0.0252798
0.023606
0.0236264
0.0252992
0.0240679
0.0250602
0.0270914
0.0254837
0.0245802
0.0251409
0.0229512
0.0245534
0.0257201
0.0223111
0.0229146
0.0256767
0.0224913
0.0240896
0.0241646
0.0251038
0.0235804
0.0262452
0.0241022
0.0252292
0.025301
0.0218254
0.0218337
0.0222937
0.0222816
0.0234748
0.0218246
0.0247637
0.0245499
0.021891
0.0236526
0.0219249
0.0242322
0.0218095
0.0231271
0.0220374
0.0236581
0.0226608
0.0237567
0.0226973
0.023166
0.0240499
0.0209482
0.0237983
0.0214154
0.0233033
0.0207552
0.0196034
0.0212268
0.0205309
0.0186634
0.0205006
0.0194455
0.0179891
0.0196018
0.0203243
0.019173
0.0206583
0.0189847
0.0188708
0.0188956
0.0200139
0.0205595
0.0189331
0.0202327
0.0198764
0.0222293
0.0196597
0.0182074
0.0161533
0.0172504
0.0190002
0.017804
0.0175297
0.0181334
0.0178959
0.0160106
0.0155165
0.0194009
0.0193315
0.0216326
0.0211943
0.0224131
0.0237242
0.0195558
0.0220809
0.0224441
0.019605
0.0209117
0.02204
0.0216725
0.0225069
0.0226117
0.0406282
0.0221032
0.037015
0.030064
0.0234477
0.0337756
0.0189331
0.0226541
0.0218366
0.0212273
0.0194175
0.0204277
0.0247125
0.0228652
0.0243802
0.0202486
0.0212499
0.023587
0.0225585
0.0247428
0.0228963
0.0215338
0.0205197
0.0248337
0.0205121
0.0207383
0.0211037
0.0214936
0.0228655
0.0209838
0.0214198
0.022574
0.0191939
0.0209486
0.0220858
0.0237775
0.0203881
0.0228392
0.0210878
0.0235963
0.022185
0.0224914
0.022744
0.0224051
0.0229111
0.0230548
0.0230564
0.0206164
0.0219297
0.021396
0.0202018
0.0184328
0.0231805
0.0220928
0.0227687
0.0188503
0.0167088
0.020539
0.0186167
0.0208823
0.0177313
0.0163476
0.016646
0.0201217
0.0201436
0.0165854
0.0153188
0.0163734
0.0160388
0.0156826
0.0195714
0.0220087
0.0216045
0.0182091
0.0194475
0.0186791
0.022462
0.0217281
0.0207615
0.0220407
0.0195157
0.021567
0.0194386
0.0211509
0.0195063
0.0213626
0.0210537
0.0226932
0.0230215
0.0197761
0.0223534
0.0202954
0.0220829
0.0198251
0.0294685
0.0201258
0.0169856
0.0164134
0.0164447
0.0140255
0.0161739
0.0188756
0.0183412
0.0162058
0.0148908
0.0127828
0.0142593
0.0176502
0.0193923
0.0209532
0.0221589
0.0205712
0.0207583
0.0220509
0.0197458
0.0213756
0.0216536
0.0219852
0.0207439
0.0195607
0.0194075
0.0206472
0.0187422
0.0206927
0.0209144
0.0199263
0.0215922
0.0233975
0.0214
0.0170141
0.0298727
0.020496
0.020984
0.0218054
0.018541
0.0211097
0.0194093
0.0204976
0.0178117
0.0186498
0.0228417
0.0193336
0.0223354
0.0209477
0.0205256
0.0221868
0.0218833
0.0221665
0.0225318
0.0185805
0.0202065
0.0212232
0.0211929
0.0189771
0.0196978
0.0197673
0.0186998
0.0169761
0.0212108
0.018858
0.0179439
0.0196656
0.020894
0.0169667
0.0170306
0.018677
0.0164
0.0169482
0.0162342
0.0159373
0.0159549
0.017969
0.0175523
0.0220122
0.0212149
0.0221144
0.0214332
0.0231065
0.0206956
0.0210907
0.0223435
0.0195089
0.0193707
0.0196969
0.0193467
0.0224255
0.0194531
0.0201283
0.0199774
0.0200246
0.0214812
0.022569
0.0204769
0.0213698
0.0197579
0.0204799
0.0218486
0.0211371
0.0210722
0.0216657
0.0199172
0.0205809
0.0181886
0.0197316
0.0143942
0.0187954
0.01487
0.0142062
0.0146982
0.01635
0.013221
0.0132936
0.0129322
0.0106372
0.00987478
0.0107321
0.00963764
0.0107297
0.00953501
0.0103081
0.0087809
0.0106508
0.0100624
0.00926941
0.00949641
0.0107279
0.0109544
0.0120096
0.0110912
0.0118578
0.0141063
0.0155282
0.0178344
0.0175449
0.0182278
0.0178708
0.0192036
0.0180869
0.0181849
0.0160839
0.0152771
0.0174115
0.0179141
0.0208498
0.0187734
0.0194759
0.0177945
0.0210693
0.0215952
0.0202809
0.0201605
0.0199543
0.0166902
0.0250876
0.0201425
0.017218
0.018951
0.020225
0.0155279
0.0191672
0.0196204
0.0183479
0.0195109
0.019933
0.0202453
0.019833
0.0179812
0.0207153
0.0194754
0.0189097
0.0215069
0.0212675
0.0207319
0.0200564
0.0196758
0.0188751
0.0178357
0.0215066
0.0215014
0.0191813
0.0183829
0.0201526
0.023068
0.0204122
0.0215208
0.0221375
0.0204185
0.0193573
0.0216039
0.0189069
0.0187505
0.0193614
0.0211414
0.0213018
0.0190492
0.0194788
0.019509
0.0189764
0.0173404
0.0181912
0.0215374
0.0200612
0.0211496
0.0196221
0.0194802
0.0191366
0.0193771
0.0208268
0.0208794
0.0184721
0.0213711
0.0197662
0.0225892
0.0216684
0.0198754
0.0187599
0.0179856
0.01762
0.0191127
0.0194204
0.01834
0.0169775
0.0175474
0.0176954
0.0164096
0.0168499
0.0200294
0.020473
0.0204647
0.021396
0.0180699
0.0196079
0.0165906
0.0165522
0.0164626
0.017596
0.0146457
0.020496
0.0203869
0.0216562
0.019508
0.0206729
0.0184035
0.0203986
0.0208823
0.0203111
0.0197637
0.0199526
0.0188056
0.0224749
0.0221017
0.021875
0.0209848
0.0188848
0.0238218
0.0197047
0.0233082
0.0205419
0.0202543
0.0228806
0.02177
0.0202652


