0.0155043
0.0373057
0.0370787
0.0365145
0.0357204
0.0364112
0.0362857
0.0366783
0.0372027
0.0366132
0.0365933
0.0341668
0.0368327
0.0368725
0.0362171
0.037019
0.0366508
0.0367835
0.0360598
0.0368382
0.0348388
0.0363182
0.0373582
0.0358974
0.0366535
0.0355251
0.0365511
0.0366197
0.0364988
0.0364322
0.0363397
0.0355984
0.0354684
0.0362426
0.0360022
0.0359965
0.0360929
0.0364539
0.0368075
0.0354997
0.0362856
0.0367711
0.0367744
0.0364362
0.0356696
0.0365773
0.0358246
0.036727
0.0351901
0.0364649
0.0360097
0.0368372
0.0369851
0.036671
0.0357959
0.0364094
0.0371072
0.035085
0.0369249
0.0373257
0.0364556
0.0375475
0.0371224
0.0371815
0.0350781
0.035831
0.0362838
0.0368252
0.0364719
0.0360681
0.0369584
0.0366068
0.0368916
0.0364571
0.035643
0.0357969
0.036061
0.037882
0.0377299
0.0357082
0.0367676
0.0363535
0.0361035
0.0359516
0.0368372
0.0359559
0.0368119
0.0364507
0.0361349
0.0363522
0.0364986
0.0370548
0.037174
0.037093
0.0354191
0.0367038
0.0369485
0.0361497
0.0362726
0.0363155
0.0354608
0.0361465
0.037402
0.0350341
0.0366643
0.0361169
0.0357438
0.0363855
0.035623
0.035915
0.03544
0.0354037
0.0357227
0.0344997
0.0332352
0.0365544
0.0626592
0.0120451
0.0101737
0.0108473
0.0109761
0.0121239
0.0123046
0.0109121
0.0120822
0.0128496
0.0168225
0.0171314
0.0179979
0.0147482
0.0142826
0.0143506
0.0124083
0.0150448
0.0176694
0.0149271
0.0127718
0.0144005
0.0127165
0.0131326
0.0164613
0.0138973
0.0183001
0.0123304
0.0125983
0.0138486
0.0168286
0.0138367
0.0167614
0.0117471
0.0128186
0.0137107
0.016445
0.013664
0.0119532
0.0119858
0.0102318
0.0100643
0.00996953
0.0116332
0.0104872
0.00948544
0.0105197
0.011196
0.0117615
0.0112097
0.0123122
0.0164669
0.0119834
0.0142547
0.0142984
0.0168417
0.0133476
0.014327
0.0120796
0.0131228
0.0161012
0.0126607
0.0144979
0.0112877
0.0117087
0.010934
0.0109443
0.0101695
0.0150662
0.0105214
0.0120989
0.0112128
0.0109427
0.0116403
0.0118999
0.0177968
0.0140269
0.0124334
0.013292
0.0147791
0.0130837
0.0130423
0.0144972
0.0129023
0.011896
0.0121972
0.0121269
0.0154679
0.0162828
0.0149782
0.01148
0.0110391
0.0110327
0.0101642
0.0110723
0.00999405
0.00995883
0.0152569
0.0147596
0.0112437
0.0104718
0.0104353
0.01053
0.0102818
0.0107467
0.0105135
0.0104219
0.0103691
0.00991255
0.0117051
0.0145955
0.0121044
0.012899
0.0145372
0.0118575
0.0108611
0.0110857
0.0125976
0.0130253
0.0111811
0.0112026
0.0141515
0.0147011
0.0105635
0.0118155
0.0114946
0.0107154
0.0118545
0.015508
0.0151703
0.0122223
0.0108312
0.012582
0.0106332
0.0123828
0.0147574
0.014976
0.0144847
0.011126
0.00997743
0.0103412
0.0107647
0.0144407
0.0140557
0.0103794
0.00921378
0.0097171
0.0130325
0.0102169
0.00919926
0.0103426
0.0108338
0.00976288
0.0111253
0.00982586
0.0106808
0.0110288
0.0122065
0.0134919
0.0160538
0.0163795
0.0122854
0.0116661
0.0129003
0.0123798
0.0140315
0.0120431
0.0120765
0.012331
0.0118453
0.0159332
0.0122456
0.0121726
0.0120394
0.0169271
0.0120149
0.0127812
0.0128558
0.0130519
0.0129072
0.0130525
0.0121941
0.0131716
0.0128535
0.0174326
0.0125943
0.0129802
0.0124704
0.0129181
0.0122476
0.0175227
0.013222
0.0174367
0.01278
0.0130932
0.0131131
0.0131222
0.0130062
0.0132311
0.0133844
0.0134328
0.0127923
0.0176259
0.0174279
0.0143149
0.0169307
0.0148468
0.0115879
0.0115187
0.0127416
0.0157893
0.0153545
0.015173
0.0148135
0.0150384
0.0146182
0.0148688
0.0145506
0.0119022
0.015222
0.0149347
0.0113431
0.010356
0.0108509
0.0101706
0.0101698
0.0109372
0.00993657
0.0148956
0.015669
0.0107473
0.0105078
0.0107848
0.010235
0.015237
0.0155588
0.0127028
0.0152407
0.015925
0.0111634
0.0110012
0.0150206
0.0107039
0.0112433
0.011947
0.0117336
0.0133776
0.0118282
0.0123229
0.0116397
0.0120774
0.0129132
0.012212
0.0157184
0.0164641
0.0124624
0.0152641
0.0120752
0.013429
0.0161817
0.016787
0.012555
0.0165284
0.0131441
0.0131737
0.0122655
0.0125786
0.0139766
0.0173031
0.0131182
0.0175787
0.0151153
0.0126958
0.0112208
0.0119134
0.0110024
0.0115774
0.0105426
0.0148608
0.0146192
0.0107124
0.010578
0.0156342
0.0115477
0.0120008
0.0138647
0.0115809
0.010663
0.0156616
0.0163111
0.0115674
0.0134551
0.0157258
0.0125857
0.0111446
0.0128972
0.0151166
0.0122521
0.0115877
0.0114932
0.00974541
0.0102306
0.0123468
0.0110053
0.0113715
0.0127109
0.0111932
0.0114396
0.0129631
0.0151453
0.0128486
0.015812
0.0139832
0.0113157
0.0131001
0.0104239
0.010853
0.0130955
0.0113604
0.0136553
0.0134732
0.0158161
0.0151286
0.0116031
0.0120904
0.0142016
0.0148742
0.0136006
0.0126113
0.011707
0.0122838
0.0116195
0.0137289
0.0118291
0.016539
0.016222
0.016708
0.0187834
0.0133695
0.012374
0.0130188
0.0122104
0.0169241
0.0171
0.0117855
0.0127132
0.0128452
0.011491
0.0170917
0.0171424
0.0146953
0.0174198
0.0173163
0.0167023
0.0143769
0.0122632
0.0153155
0.0115388
0.0158594
0.0166188
0.0158745
0.0138086
0.0166362
0.0167623
0.0127638
0.0127678
0.0128598
0.0123662
0.013743
0.0161278
0.0148828
0.0126848
0.0135783
0.0134335
0.0143452
0.0143681
0.0156426
0.0162492
0.0158969
0.0161335
0.0140942
0.0140934
0.0132853
0.0127662
0.0140455
0.0132518
0.0124328
0.0129533
0.0167642
0.0131391
0.012422
0.0139894
0.0132641
0.0129258
0.0153518
0.014429
0.0165266
0.0177194
0.0165735
0.0159359
0.0114141
0.0150042
0.0161725
0.0154627
0.0120427
0.0112106
0.0126289
0.0128902
0.0133624
0.0129872
0.0134477
0.0125253
0.0119312
0.0132474
0.0106928
0.0115411
0.0139512
0.0103387
0.0153991
0.0170072
0.0164006
0.0138913
0.0153858
0.0138612
0.015852
0.0134831
0.0174534
0.0186712
0.019027
0.015855
0.0133223
0.0145486
0.0152443
0.0134093
0.0128746
0.0144133
0.0143451
0.0125422
0.0126219
0.0145193
0.0140212
0.0132959
0.0141095
0.0127506
0.0138526
0.0138127
0.0125701
0.0140023
0.0143566
0.0126692
0.0144849
0.0132879
0.013312
0.0168874
0.014508
0.0147798
0.0137759
0.0134242
0.0145227
0.0141399
0.0127921
0.0130272
0.0115512
0.0135789
0.0126884
0.0144993
0.0130895
0.0138958
0.0123925
0.0143979
0.0138638
0.0151895
0.0152148
0.0166645
0.0187772
0.0181146
0.0160648
0.0126574
0.015124
0.01769
0.0139214
0.0155446
0.0134345
0.0149583
0.0148498
0.0128954
0.0153019
0.0130695
0.0146875
0.014516
0.0136715
0.0139997
0.0149241
0.0145436
0.0140815
0.0132295
0.017384
0.0188268
0.0187298
0.0183749
0.017345
0.0147177
0.0161443
0.0159097
0.0153237
0.0150366
0.013504
0.0138676
0.0152631
0.0148427
0.0143428
0.0144576
0.0131764
0.014444
0.0143465
0.013521
0.0132175
0.0146964
0.0162772
0.0179484
0.0184841
0.0140767
0.0127495
0.016371
0.0180306
0.0236426
0.0124677
0.0144861
0.0153425
0.0127925
0.0152088
0.0147772
0.0142814
0.01451
0.0127554
0.0171763
0.0143579
0.0142037
0.0142481
0.0131675
0.0170537
0.0181691
0.0187089
0.0188946
0.0248997
0.0145808
0.0140804
0.0145873
0.0148083
0.0146413
0.0146731
0.0176235
0.019411
0.0194238
0.0195768
0.0135318
0.0174319
0.0183848
0.018804
0.0178781
0.0156087
0.0130145
0.0170708
0.014896
0.0131334
0.0151714
0.0154115
0.0157409
0.0133874
0.0152614
0.0136945
0.013597
0.0140069
0.0134122
0.01174
0.0158923
0.0160411
0.0116404
0.0158788
0.0156397
0.0126432
0.0158261
0.0160025
0.0125217
0.0155275
0.015129
0.0122322
0.0106445
0.0120356
0.0123682
0.0173845
0.0128272
0.0151742
0.012642
0.0111143
0.0120878
0.0108637
0.0091844
0.00917132
0.00949431
0.00962814
0.0108895
0.0103216
0.00875807
0.0105296
0.0102705
0.00929391
0.00874826
0.00930187
0.0104376
0.00993621
0.00971961
0.00932577
0.00898226
0.00911182
0.0094186
0.00960221
0.00979957
0.0100949
0.00968201
0.0105971
0.0115412
0.0114895
0.0112179
0.0113795
0.0110562
0.0106347
0.0111898
0.0111562
0.0112693
0.0101053
0.0104639
0.0115021
0.0113371
0.0100338
0.00900385
0.0106421
0.00911773
0.0108292
0.0110819
0.0103181
0.0149905
0.0110558
0.0117067
0.0125474
0.0123164
0.0118877
0.0129407
0.0112635
0.0125373
0.0108267
0.0120439
0.0109159
0.0107778
0.0143221
0.0130616
0.0103448
0.0126091
0.0123999
0.0114437
0.0105253
0.0104492
0.0102834
0.0102506
0.0109505
0.0106505
0.0107412
0.0106978
0.012789
0.0127032
0.012251
0.0112158
0.0124757
0.0146494
0.0126779
0.0134028
0.0119656
0.0125449
0.0162331
0.0114081
0.0118363
0.0119925
0.0160145
0.0126978
0.0118152
0.0108256
0.011388
0.0119239
0.0161487
0.0114706
0.0118254
0.0112395
0.0122966
0.0113022
0.0115988
0.0111512
0.0107975
0.012267
0.0117126
0.0106925
0.0112713
0.0110517
0.0107519
0.0109554
0.0115767
0.0114034
0.0117511
0.011463
0.0117084
0.0113145
0.0157057
0.0133478
0.0164276
0.0150259
0.0164524
0.0162265
0.0129598
0.0122336
0.0126266
0.0116578
0.0158914
0.0166678
0.0157717
0.0153296
0.0149289
0.0153012
0.0115154
0.0117766
0.010772
0.010695
0.00955599
0.010221
0.00990552
0.010322
0.0104124
0.00993641
0.00978095
0.0104273
0.0111969
0.014699
0.0141878
0.0151571
0.0148105
0.0122634
0.0101315
0.0111124
0.010419
0.0105794
0.0108074
0.010113
0.010241
0.0110081
0.0105843
0.0110832
0.0104797
0.0101526
0.0146793
0.0191173
0.0105328
0.011502
0.0141496
0.0137648
0.0131755
0.013072
0.0133304
0.0152911
0.0159011
0.0118033
0.0121993
0.0116017
0.0105131
0.0106008
0.0112916
0.0102455
0.0140844
0.0163193
0.0133362
0.0102544
0.0111175
0.0107121
0.0113527
0.010501
0.0121811
0.015585
0.0156398
0.0129657
0.0123776
0.0123265
0.0109265
0.0120698
0.0153094
0.0158068
0.0156306
0.0112414
0.01111
0.0115985
0.0104302
0.0122017
0.0161743
0.0170526
0.013908
0.0134741
0.0158913
0.0165938
0.0163576
0.0118688
0.0107681
0.0125128
0.0083868
0.00936523
0.00828733
0.00919293
0.00872398
0.0100597
0.0137674
0.013529
0.0128357
0.0134215
0.0135102
0.0144593
0.0169558
0.0124229
0.0107896
0.0116422
0.0109684
0.0113516
0.0116513
0.0113035
0.0133112
0.0117616
0.0124972
0.0117588
0.0124405
0.0126012
0.012172
0.0121148
0.0117576
0.0120466
0.011691
0.0119615
0.0113909
0.0122598
0.0118033
0.0145647
0.0122067
0.0118382
0.0118195
0.018527
0.0140917
0.0117737
0.0126505
0.0161063
0.0125472
0.0117338
0.0128606
0.0144175
0.0152501
0.0121297
0.0154106
0.011395
0.0141547
0.0135373
0.011544
0.0126385
0.0163776
0.0116051
0.0126856
0.012469
0.0131602
0.0124981
0.0133849
0.0128013
0.013413
0.012713
0.0153972
0.0142381
0.0125978
0.0130005
0.0123467
0.017284
0.0139395
0.0129622
0.0132006
0.0134075
0.0128104
0.0137296
0.0132107
0.0128525
0.0121843
0.0132807
0.015664
0.0135939
0.00962023
0.00999925
0.0103783
0.00980774
0.00886531
0.00852309
0.00948909
0.00842956
0.00951095
0.00737282
0.00775795
0.00813695
0.00808375
0.00985312
0.0100995
0.0106903
0.0106435
0.011311
0.0114139
0.0114486
0.0124015
0.0106065
0.0114552
0.0120982
0.010915
0.0108963
0.0106675
0.0113092
0.0135102
0.014216
0.0128863
0.0113634
0.013164
0.0116118
0.0129807
0.0158471
0.0121749
0.0113159
0.0130232
0.0117852
0.0134038
0.0129311
0.0129073
0.0134502
0.0158101
0.0137575
0.0118694
0.0134284
0.0113711
0.0120533
0.0116118
0.0167195
0.0131171
0.0122426
0.0127103
0.015396
0.0120827
0.0115476
0.0119409
0.0111164
0.011503
0.0119467
0.011746
0.0112691
0.0120322
0.0115841
0.011384
0.0123349
0.0115976
0.0130282
0.0156945
0.0158802
0.016483
0.0114046
0.011757
0.0131541
0.012339
0.0111579
0.0116036
0.0121614
0.0109668
0.0127037
0.0150881
0.0138174
0.0124819
0.0111205
0.0115699
0.0128165
0.012683
0.0113827
0.0117086
0.0132661
0.0134865
0.0600471
0.0150284
0.0154778
0.0155776
0.0155703
0.0160561
0.0135302
0.0114695
0.0123348
0.0133532
0.0134839
0.0139462
0.0136002
0.0131647
0.0129197
0.0134121
0.0136574
0.0137412
0.0124087
0.0135235
0.0151555
0.0131997
0.0138678
0.0124578
0.01288
0.0131737
0.012569
0.0123124
0.0121828
0.0129413
0.0133882
0.0115489
0.0124884
0.0129039
0.011543
0.0155045
0.0123082
0.0144067
0.0125591
0.0113806
0.0122806
0.0119521
0.0144215
0.0175143
0.0183901
0.0139877
0.0172807
0.0183903
0.0228035
0.0141098
0.0137442
0.0177945
0.0110347
0.0105435
0.0119549
0.0103877
0.00966961
0.0091675
0.00971494
0.00855886
0.00927374
0.00946804
0.00888495
0.00934719
0.00931018
0.00951734
0.00975448
0.0096484
0.00951684
0.0102075
0.00980019
0.0100798
0.0103674
0.00937901
0.00932112
0.00903408
0.00902304
0.00973678
0.00943886
0.00951994
0.00926614
0.00969078
0.0102677
0.0102122
0.0110659
0.0114151
0.0121477
0.00923916
0.00903002
0.00868078
0.00849818
0.00884434
0.00869582
0.00915214
0.00955494
0.0132766
0.010116
0.0109266
0.00999833
0.0117512
0.00725784
0.00735904
0.00847012
0.00865924
0.0108182
0.0115546
0.0129625
0.0123858
0.0134277
0.0144628
0.0131462
0.0109976
0.010284
0.0116981
0.0104462
0.0105705
0.0114631
0.0128103
0.0102988
0.0101044
0.010229
0.0104314
0.0108461
0.0105259
0.0109892
0.0106589
0.0113025
0.0102202
0.0110737
0.0107459
0.0114459
0.0110756
0.0108277
0.0062402
0.00913366
0.00762961
0.0110557
0.00890864
0.0220037
0.0181576
0.010558
0.0154786
0.00821583
0.0117842
0.00905662
0.0126857
0.00900528
0.0155748
0.0117205
0.0193831
0.01356
0.00847904
0.0306231
0.0125057
0.00850659
0.00819643
0.00840008
0.00872469
0.00931961
0.00880223
0.00877045
0.00968324
0.0103079
0.00909582
0.0106137
0.0102843
0.0104987
0.0103974
0.010152
0.00975356
0.0102592
0.0092214
0.00903581
0.00869078
0.00850921
0.00948127
0.00903998
0.0101206
0.0132465
0.0133392
0.0103532
0.00962542
0.00983125
0.00986165
0.00961778
0.0128848
0.0118998
0.0147465
0.00957531
0.00962542
0.0107517
0.00913917
0.00936822
0.0107031
0.00885584
0.00877596
0.00834979
0.00926165
0.00971162
0.00985203
0.00990258
0.00996147
0.0104833
0.0094931
0.0101702
0.0130347
0.0130552
0.0148452
0.0154766
0.0190768
0.0157124
0.0148327
0.0160631
0.0174004
0.0153933
0.0157898
0.0174726
0.0169693
0.0168737
0.0180657
0.0179796
0.0182106
0.0162487
0.0177331
0.0160885
0.0177608
0.0156656
0.0151418
0.0146687
0.0141041
0.0144789
0.012569
0.0167419
0.0178585
0.0156998
0.0156489
0.0157859
0.0194731
0.0153661
0.0158568
0.01601
0.0166274
0.0158173
0.0169277
0.0171567
0.0169053
0.0162499
0.0166353
0.0143045
0.0145616
0.0154273
0.0159211
0.0166644
0.0159482
0.0179632
0.0173665
0.0173582
0.0187935
0.01662
0.0165763
0.0160205
0.0135369
0.0132991
0.0147083
0.0148514
0.014868
0.0151387
0.0144479
0.0156817
0.0148562
0.0138437
0.0137104
0.0147368
0.0161206
0.014985
0.0160796
0.0141358
0.013892
0.0132205
0.0120512
0.0126267
0.0128227
0.0143474
0.018318
0.0195441
0.0154804
0.0150229
0.0146232
0.0146819
0.0162329
0.0161525
0.0156872
0.0161529
0.0172522
0.016798
0.0157572
0.0171049
0.0154886
0.019417
0.0194929
0.0179489
0.0162168
0.0199086
0.0151254
0.0170788
0.0153263
0.0154017
0.0163872
0.0167747
0.0159326
0.0157558
0.014744
0.0143006
0.0171238
0.0169263
0.0181122
0.0170077
0.0166752
0.0153531
0.0155582
0.0173246
0.0174666
0.0154933
0.0157111
0.0166512
0.0157046
0.0175494
0.0158854
0.0156611
0.0151707
0.0168888
0.0206942
0.0198308
0.0214244
0.0210966
0.0210933
0.0214239
0.0206624
0.0198827
0.0146898
0.0154107
0.0161541
0.0161168
0.0161091
0.0169193
0.0163088
0.0164005
0.0164282
0.0158293
0.0159184
0.0172646
0.01764
0.0186983
0.0170958
0.0164181
0.0149513
0.0161405
0.0207172
0.018966
0.0200265
0.0199304
0.0198801
0.0196504
0.0158519
0.0155528
0.0164778
0.017939
0.0166074
0.0157651
0.0155171
0.014783
0.0147275
0.0191314
0.0200705
0.0206944
0.021056
0.0202474
0.0198186
0.0152099
0.017163
0.0168635
0.0168268
0.0156468
0.0149671
0.0144488
0.015568
0.0168072
0.0227327
0.0155788
0.0155951
0.0157445
0.0156034
0.0147935
0.0138632
0.0160536
0.0189622
0.0204234
0.0202576
0.0194267
0.0188304
0.0155612
0.0143796
0.0162744
0.0164919
0.014647
0.016579
0.0140325
0.014816
0.0137011
0.0159311
0.0149499
0.0134303
0.0186485
0.014589
0.0154752
0.0136674
0.0204614
0.0174655
0.0187395
0.0168836
0.0144391
0.0118207
0.0171597
0.012457
0.0128248
0.0122203
0.0151375
0.0138196
0.0155821
0.0138302
0.0123703
0.0151054
0.0136141
0.012341
0.0134429
0.0127268
0.0107817
0.0119536
0.0105841
0.0116334
0.0114905
0.0156669
0.0105145
0.0149971
0.0107005
0.0127604
0.0171633
0.013424
0.0156572
0.0171157
0.0191437
0.0199935
0.019862
0.0190989
0.01855
0.014731
0.0193985
0.0196085
0.0200121
0.0166864
0.0171899
0.0166475
0.0171615
0.0274625
0.0163887
0.0158055
0.0183602
0.0182811
0.0179675
0.0183899
0.0170355
0.0183786
0.0182244
0.0166241
0.0184106
0.0167243
0.0181672
0.0178149
0.0173767
0.0157945
0.0158756
0.0164898
0.0171533
0.0175289
0.0181231
0.0173734
0.0228218
0.0150126
0.0145278
0.0163815
0.0157126
0.01897
0.0189995
0.0154875
0.0199145
0.01429
0.0144502
0.0144315
0.0151557
0.0176967
0.0174808
0.022521
0.0142529
0.016088
0.0162086
0.0229773
0.0149145
0.0171494
0.0162864
0.0187132
0.0211723
0.0193597
0.0164312
0.013904
0.0153316
0.0152119
0.0151781
0.0155769
0.0183833
0.0134872
0.0180527
0.0193007
0.0172363
0.0186058
0.0162387
0.0146871
0.0169084
0.0131257
0.0135352
0.012605
0.0144255
0.0166228
0.0190912
0.0184538
0.014616
0.0148776
0.0177503
0.0156469
0.0167574
0.0178545
0.017289
0.0173053
0.0166073
0.0161717
0.0157822
0.0171242
0.0170172
0.0168368
0.0147961
0.0140015
0.0184263
0.0192906
0.0196742
0.0185475
0.0157223
0.0118966
0.010543
0.0104145
0.00927942
0.00844431
0.00996968
0.013406
0.0139934
0.00966907
0.0120765
0.0137936
0.00867822
0.0145942
0.0181816
0.0199046
0.0137951
0.0141833
0.0131061
0.0150559
0.0141096
0.0133696
0.015448
0.0207583
0.0204381
0.0200352
0.0203401
0.0169876
0.0175368
0.0198278
0.0215086
0.024922
0.0209356
0.0173731
0.0189288
0.0158565
0.0168172
0.0190516
0.017432
0.0169429
0.0174515
0.0185214
0.0204647
0.0206481
0.0227462
0.0218492
0.0211736
0.0191792
0.0165589
0.0174739
0.0166183
0.0182865
0.0161995
0.0155857
0.0148699
0.0157657
0.0152759
0.0205402
0.0138194
0.0156685
0.0175119
0.0189365
0.0191111
0.0183065
0.0173499
0.0167585
0.0176463
0.0168313
0.0163708
0.0166611
0.0183703
0.0173397
0.0157796
0.0121823
0.0120995
0.0107922
0.0119667
0.0145973
0.012487
0.0121484
0.01331
0.0144202
0.0137959
0.0124773
0.0125298
0.0126446
0.0122578
0.0131924
0.0131172
0.0122092
0.0128306
0.0133505
0.0141327
0.0276151
0.0171085
0.0136422
0.0137662
0.0135654
0.0137123
0.012326
0.0136761
0.0132933
0.0134002
0.0133973
0.0131796
0.0127724
0.012803
0.0124909
0.0120636
0.011244
0.010861
0.0100585
0.0104282
0.0103653
0.0146464
0.00943389
0.00805308
0.00790233
0.00627633
0.00700619
0.00665758
0.00679478
0.00649886
0.0072569
0.00648507
0.00619736
0.00594203
0.00605101
0.00589356
0.00614293
0.00633944
0.00668149
0.00705743
0.00702934
0.00768551
0.00805506
0.0091117
0.00973616
0.0101277
0.00983746
0.00947159
0.00935384
0.0104267
0.00984854
0.00979249
0.0109557
0.0106227
0.0114755
0.0119825
0.0121294
0.011837
0.0173775
0.0256555
0.0168933
0.0142394
0.0142209
0.0144894
0.0145292
0.014727
0.0142882
0.0144257
0.0148615
0.0128876
0.0137817
0.0136469
0.014409
0.0142893
0.0143739
0.0136125
0.0133216
0.0135172
0.0134396
0.0132468
0.0156118
0.0170924
0.0173506
0.0156423
0.0132354
0.0158329
0.0174372
0.0180433
0.016456
0.0130865
0.013315
0.0140121
0.016194
0.0181636
0.0182785
0.0165191
0.0145603
0.0143833
0.0147208
0.0120361
0.0142052
0.013846
0.0131532
0.0151885
0.0143689
0.0125786
0.0122611
0.0144173
0.0142336
0.0134215
0.0136612
0.0150555
0.0152317
0.0127983
0.0153469
0.0146352
0.0131457
0.0150832
0.0130903
0.0146128
0.0137445
0.0136419
0.0135757
0.0130032
0.0138008
0.0143685
0.0122469
0.0140705
0.0168235
0.0177029
0.0151874
0.0126443
0.0115054
0.0138869
0.0137185
0.0119874
0.0107988
0.0122174
0.0110757
0.0133008
0.0141767
0.014744
0.0174468
0.0163951
0.0139013
0.0113038
0.0104601
0.00893597
0.00890284
0.0136397
0.0135413
0.01257
0.0142735
0.0127344
0.0133155
0.013927
0.0149269
0.0149411
0.0148023
0.0145975
0.014381
0.0148477
0.0154265
0.0147218
0.0158359
0.0148009
0.0147382
0.014833
0.0146048
0.0146389
0.0150351
0.0145861
0.0142729
0.0152014


