0.0215284
0.0836291
0.0825214
0.0824942
0.0824208
0.0818825
0.0826401
0.075289
0.081744
0.0742168
0.0823225
0.076113
0.0757044
0.0794619
0.0758872
0.081436
0.0781935
0.0757804
0.0794996
0.078467
0.0791781
0.0784892
0.0767932
0.0761967
0.0751282
0.0738035
0.0734546
0.0774926
0.0739039
0.0737862
0.0746617
0.0723026
0.0727901
0.0714186
0.0742463
0.0710053
0.0760806
0.0684669
0.0737534
0.069733
0.0711934
0.116498
0.0235025
0.0165904
0.0141804
0.0163787
0.0174634
0.0169658
0.0142336
0.0166199
0.0151289
0.0177278
0.0167884
0.0197039
0.0184736
0.0216821
0.0213006
0.0205225
0.0211996
0.0258258
0.0243701
0.0260882
0.0256389
0.0271551
0.0267979
0.0294242
0.0287258
0.0314064
0.0307081
0.0289423
0.0287813
0.0310008
0.0305922
0.0328277
0.0314303
0.031992
0.0294971
0.0318816
0.031943
0.0264801
0.0306181
0.0301813
0.0336462
0.0306333
0.0310434
0.0319723
0.029104
0.0321224
0.0316231
0.0293386
0.0319036
0.0296123
0.0305031
0.0292788
0.0317635
0.027497
0.0302024
0.031327
0.0257379
0.0299414
0.0307304
0.033224
0.0314532
0.0341435
0.031283
0.0344694
0.0328108
0.02877
0.0353885
0.0318803
0.0366156
0.0321137
0.0361636
0.0310151
0.0334559
0.0319994
0.0316137
0.0351807
0.0355011
0.0295656
0.0316142
0.0312593
0.0309883
0.0331644
0.0339607
0.0308924
0.0301644
0.032967
0.0314884
0.0321536
0.0292268
0.0286621
0.0288406
0.0340703
0.0339824
0.0302417
0.0301525
0.029672
0.0280264
0.0275763
0.0322354
0.0290071
0.0293218
0.028587
0.0288593
0.0310815
0.0341129
0.0288737
0.027065
0.0294819
0.0285277
0.0305965
0.0316338
0.0280779
0.0278359
0.0308015
0.0276528
0.0305483
0.0317859
0.028811
0.0300014
0.0300602
0.0308658
0.0278881
0.0291018
0.0285848
0.0313129
0.0319234
0.0306883
0.0302374
0.0290944
0.0312962
0.0290148
0.0269337
0.0284258
0.027421
0.0264346
0.0298538
0.0311592
0.0293873
0.0292318
0.0303694
0.0285634
0.0316404
0.0314725
0.0308734
0.0320405
0.0364699
0.0315982
0.0304239
0.0323445
0.0317848
0.029431
0.0302153
0.0314063
0.0274575
0.0325492
0.033842
0.0341162
0.0302831
0.0313459
0.0359134
0.0371169
0.0310628
0.032022
0.0303712
0.0324612
0.0320932
0.0302359
0.0329801
0.0338324
0.0318428
0.0296261
0.0279491
0.029073
0.0277117
0.02886
0.0294285
0.0285208
0.0263148
0.0280502
0.0282703
0.0304952
0.0276271
0.0280433
0.0307285
0.0270334
0.028708
0.0271652
0.0303935
0.0284931
0.0278209
0.0286491
0.0291336
0.0286279
0.0250327
0.0298197
0.0349543
0.0334436
0.0286774
0.0283436
0.0291648
0.0322236
0.0298131
0.0292379
0.0273205
0.0277005
0.0293509
0.0288415
0.0287311
0.0290834
0.0293681
0.0290945
0.0269185
0.0276679
0.0316009
0.0277655
0.0275362
0.0269784
0.028605
0.0280997
0.0281976
0.0273427
0.0299876
0.028053
0.0265423
0.0276317
0.0287041
0.0302741
0.0296503
0.0279011
0.0267828
0.0304243
0.0292636
0.0270562
0.0273996
0.0326983
0.0333573
0.0277048
0.029864
0.0285676
0.0307977
0.0338782
0.0339441
0.0293405
0.0285607
0.0299587
0.0297578
0.0294564
0.0308537
0.0289203
0.0273108
0.029771
0.02662
0.026373
0.0250569
0.0259735
0.0294647
0.0298071
0.0252191
0.0315272
0.0355395
0.032282
0.026971
0.0267895
0.0288373
0.0288942
0.026537
0.0290553
0.0272753
0.0284145
0.0242493
0.0272931
0.0272512
0.0265206
0.0253346
0.0281161
0.0309385
0.0314125
0.0276736
0.0292385
0.0317636
0.031798
0.0289325
0.0315568
0.0315244
0.030657
0.0287437
0.0266786
0.0306686
0.0337173
0.0334357
0.0320006
0.0244962
0.0276311
0.0306826
0.0267604
0.0270668
0.0243103
0.0258113
0.0272461
0.0265578
0.0288248
0.0261058
0.026338
0.0246902
0.0253347
0.0243799
0.022836
0.0245876
0.024751
0.0245859
0.0257718
0.0229246
0.0281022
0.0287191
0.0304571
0.0284801
0.0246354
0.0246238
0.0257927
0.0280308
0.027489
0.0274697
0.0250737
0.0282952
0.0280027
0.0290334
0.0259634
0.0232175
0.025432
0.0261355
0.026798
0.0243555
0.0234005
0.0236479
0.0241165
0.0251856
0.0285234
0.0240614
0.0240756
0.0234497
0.0240375
0.0239456
0.0244783
0.0244055
0.0235626
0.0222573
0.0232363
0.0243255
0.0242504
0.0240679
0.0228334
0.0256631
0.0252567
0.0263786
0.0304836
0.0309714
0.0279088
0.0287019
0.0298581
0.0306204
0.029151
0.027273
0.0251359
0.0278332
0.0277515
0.0267124
0.02882
0.0258448
0.0269575
0.0311057
0.0312922
0.0307985
0.0295572
0.0296728
0.0250612
0.0269174
0.0278147
0.0275707
0.0300484
0.0289697
0.0287085
0.0291597
0.0292548
0.0276062
0.0287868
0.0289335
0.0301437
0.0293744
0.0316518
0.0313987
0.0301406
0.030596
0.030829
0.0272555
0.0289771
0.0336517
0.0326903
0.0348265
0.0332738
0.0354384
0.0342834
0.0354244
0.0336469
0.0345408
0.0342545
0.0351176
0.0329915
0.0303911
0.0314768
0.0342783
0.0346302
0.0344477
0.0318118
0.0310624
0.0312963
0.0308104
0.0321836
0.0310092
0.0312861
0.0288899
0.0308946
0.0316551
0.0324513
0.0302263
0.0345956
0.0352263
0.033689
0.0334847
0.0324234
0.0327353
0.0317537
0.0334637
0.0322587
0.0321547
0.0323716
0.0329735
0.0339409
0.0323168
0.0328318
0.0313609
0.031026
0.0327449
0.0329041
0.0318392
0.0331091
0.032411
0.0300883
0.0346494
0.0368803
0.0368779
0.0373493
0.0338335
0.0342781
0.0334908
0.0298145
0.0377387
0.03471
0.0336719
0.0347945
0.0321527
0.034705
0.0310634
0.0299767
0.0335614
0.0313378
0.0365231
0.033575
0.0306289
0.0318582
0.0288713
0.0315395
0.0298636
0.0299887
0.0287552
0.0297734
0.0293874
0.0280762
0.032333
0.0314961
0.0291455
0.0310157
0.029029
0.0259645
0.026278
0.033653
0.0338795
0.0331831
0.0353339
0.0361463
0.0331316
0.0294455
0.0298417
0.0322521
0.0317045
0.0320312
0.0318012
0.0345668
0.0284524
0.0298236
0.0286676
0.0288637
0.0285757
0.0266136
0.0264029
0.0260126
0.02514
0.0295612
0.0289529
0.0293401
0.0298556
0.0306037
0.0292367
0.0236104
0.0307639
0.0306175
0.0309694
0.0271441
0.0290387
0.0268769
0.0297171
0.0289167
0.0292887
0.029096
0.0314618
0.0321674
0.0317784
0.0322947
0.0361604
0.0288081
0.0294679
0.0307128
0.0314477
0.029565
0.0282941
0.030822
0.0274059
0.028453
0.0283047
0.026902
0.026829
0.025446
0.0236917
0.0254527
0.0298231
0.0279363
0.0284426
0.0286491
0.0298149
0.0283248
0.0273627
0.0337962
0.0346268
0.0354406
0.0367331
0.0379305
0.0382149
0.0329612
0.0346091
0.0320679
0.0328364
0.0313372
0.0318041
0.0294633
0.024813
0.0277193
0.0277731
0.0294256
0.0297981
0.0300393
0.0284937
0.026295
0.0295472
0.0314539
0.031212
0.032637
0.0321118
0.0313323
0.0331326
0.0341282
0.0329547
0.0321001
0.0302796
0.031632
0.0360937
0.0371445
0.0349875
0.0373415
0.0344667
0.0342755
0.0344409
0.0297154
0.0372927
0.0337871
0.0324946
0.0316674
0.0334279
0.0311636
0.030343
0.0286568
0.0337005
0.0327944
0.032628
0.0339291
0.0335827
0.0308369
0.0276553
0.0292364
0.0279146
0.028807
0.0283672
0.0267227
0.0281401
0.027181
0.0329603
0.0341865
0.0340883
0.0356363
0.0319861
0.0327063
0.0293141
0.0301093
0.0286952
0.030182
0.0291881
0.0305369
0.0277743
0.0282869
0.0325085
0.0324424
0.0318513
0.0338573
0.0332343
0.0342942
0.0327175
0.0288463
0.0303025
0.031444
0.0333564
0.0318674
0.0396054
0.0300504
0.0300392
0.031484
0.031402
0.0342036
0.0332206
0.0356387
0.029885
0.0317784
0.0317393
0.0322939
0.0320993
0.0314865
0.0287029
0.027854
0.0315196
0.0332505
0.0347017
0.0360235
0.0345515
0.036897
0.0346171
0.0370738
0.0353214
0.0355841
0.0382285
0.0353355
0.0359263
0.0313102
0.0350544
0.0358948
0.0343492
0.0351026
0.0346607
0.0322282
0.0304611
0.0324809
0.0312311
0.0319807
0.0331512
0.0333442
0.0319068
0.0279349
0.0348339
0.0346932
0.0339779
0.0353334
0.0346607
0.031366
0.0301025
0.0281413
0.0322078
0.0285648
0.0302862
0.031054
0.0307302
0.0288888
0.0302103
0.0354701
0.0371253
0.0358932
0.0359726
0.0357645
0.0342899
0.0323219
0.0320528
0.0314773
0.0337259
0.0337189
0.0350349
0.0336836
0.0307647
0.0345357
0.0321015
0.033636
0.0342786
0.0346521
0.0329171
0.0292333
0.0373953
0.0356687
0.0382823
0.0384088
0.0373413
0.0336654
0.030602
0.0327679
0.0346193
0.0329983
0.0358603
0.0321273
0.0305601
0.029478
0.0332046
0.0339151
0.0335972
0.0354406
0.0341722
0.033222
0.0290949
0.0344964
0.0352897
0.0354966
0.0362949
0.0346283
0.0339813
0.0329489
0.0373845
0.0355958
0.0348784
0.0369991
0.0345129
0.0299162
0.0261797
0.0300824
0.029763
0.0289702
0.0306408
0.0268946
0.0261715
0.0275755
0.0302143
0.0280496
0.0299003
0.0328196
0.0310646
0.0294901
0.0296666
0.0308222
0.0292235
0.0300885
0.0303458
0.0311822
0.028959
0.0277808
0.0337952
0.0338738
0.0347521
0.0330924
0.0312217
0.028456
0.0285677
0.0292733
0.0288162
0.0309095
0.0326502
0.030665
0.0305549
0.0297185
0.0331166
0.0307877
0.0316127
0.0323819
0.0310497
0.0310447
0.0272648
0.0298092
0.0340842
0.0338735
0.0328437
0.0334421
0.0344127
0.032561
0.0355328
0.0340253
0.0337288
0.0356644
0.0347219
0.031601
0.027527
0.0312541
0.0310932
0.0286941
0.0302742
0.0317393
0.0278489
0.0286768
0.0335893
0.0333256
0.0348777
0.0344958
0.0342819
0.0280607
0.0305081
0.0351475
0.036736
0.0367196
0.0356882
0.0349082
0.0301366
0.0296871
0.0318478
0.0304308
0.0310414
0.0304298
0.0284439
0.0278439
0.029004
0.0291387
0.0289672
0.0290382
0.0264254
0.0314293
0.0257969
0.0280831
0.0276867
0.0260225
0.0277511
0.0254403
0.0256323
0.0253494
0.0281892
0.0270115
0.0249981
0.0241341
0.0229768
0.0234296
0.0241105
0.0247401
0.0258508
0.0239058
0.0249961
0.0212019
0.022023
0.0242161
0.0247323
0.0255883
0.0236616
0.0227716
0.0175178
0.0215069
0.0217363
0.0210193
0.0199137
0.0171331
0.0157427
0.0145152
0.014478
0.0142525
0.0169482
0.0125907
0.0124212
0.0155855
0.0128096
0.0138303
0.0134959
0.0128971
0.0129164
0.0142799
0.0131352
0.0133895
0.0133288
0.013469
0.0142021
0.0132763
0.0119318
0.0126079
0.0120143
0.0130916
0.0142425
0.0118428
0.0134032
0.012391
0.0141405
0.0135615
0.0170384
0.0160039
0.0147395
0.0173642
0.0157358
0.015741
0.0168437
0.0175711
0.0185235
0.0176726
0.0187195
0.0183877
0.0178089
0.017866
0.0194469
0.018579
0.0198023
0.0196568
0.0222376
0.0209972
0.0196476
0.0227411
0.0226146
0.024014
0.0240464
0.0191124
0.0197966
0.0205275
0.0186933
0.0186419
0.0174878
0.0215637
0.0204573
0.0174391
0.0178752
0.0196387
0.0178202
0.0227666
0.0230837
0.0220265
0.0182076
0.0188612
0.0182776
0.0176736
0.0216241
0.0215697
0.0213853
0.0227381
0.0254604
0.023626
0.018786
0.0186752
0.0199037
0.0188354
0.0187225
0.0186544
0.0199031
0.0191337
0.0172348
0.0185152
0.0200257
0.0197257
0.018216
0.0187357
0.0207686
0.0193485
0.0183461
0.0178502
0.0184721
0.0182947
0.0164908
0.0192087
0.0202567
0.019009
0.0186042
0.0158183
0.0197796
0.0216371
0.02208
0.0212122
0.0182902
0.0194828
0.0179586
0.0171307
0.0197912
0.0213102
0.0183261
0.0170832
0.0172124
0.0179483
0.0194355
0.0181221
0.0177961
0.0179488
0.0194936
0.0174688
0.0186971
0.0182273
0.0187227
0.0181922
0.0194501
0.0205476
0.0185117
0.022955
0.0231489
0.0186642
0.0207517
0.0200915
0.0170867
0.017909
0.0188646
0.0185377
0.0220051
0.0229983
0.019742
0.0193631
0.0202158
0.0182366
0.0190172
0.0206775
0.0187029
0.0186354
0.019823
0.0185605
0.0180434
0.0200423
0.0179521
0.0184493
0.0194172
0.0184567
0.0185667
0.0211246
0.0215893
0.0206187
0.0173341
0.021174
0.0220512
0.0217593
0.0216847
0.0232616
0.0214782
0.0184268
0.0198724
0.0207318
0.0194864
0.0213031
0.0221274
0.0216733
0.0160181
0.0163591
0.0178614
0.0170253
0.01894
0.0168408
0.0180627
0.0181045
0.0175475
0.0209152
0.0237272
0.017375
0.0218936
0.0232196
0.0199713
0.0221738
0.0221253
0.0193986
0.022481
0.0226077
0.0175473
0.0214286
0.0209989
0.0189808
0.0193782
0.0232655
0.0212484
0.0197701
0.0207541
0.0215233
0.023668
0.0237506
0.0193527
0.0197582
0.0204417
0.0186069
0.0184824
0.0195483
0.0176607
0.0177912
0.0187724
0.0172985
0.018388
0.0171196
0.0183906
0.0168988
0.0171061
0.016062
0.0159027
0.0168017
0.0173743
0.015708
0.0156447
0.0170427
0.0190103
0.0196574
0.0196194
0.0187129
0.0159622
0.0174052
0.0172105
0.0147067
0.0175415
0.0147668
0.0152646
0.0157602
0.0128098
0.0127891
0.0130947
0.0145105
0.0175701
0.0136217
0.0153869
0.0147814
0.0138691
0.0127909
0.0135321
0.0150097
0.0139421
0.0148571
0.0156754
0.0147738
0.0160228
0.0157042
0.0167363
0.0160395
0.0166121
0.0200559
0.0178913
0.0190927
0.0178298
0.0183722
0.0160553
0.0177707
0.0184828
0.0210119
0.0201424
0.0206136
0.0217741
0.0180454
0.0184504
0.0205253
0.0183704
0.0223613
0.0235399
0.0204643
0.0208483
0.0210663
0.0190223
0.0192861
0.0200483
0.0190988
0.0202627
0.0208895
0.0205024
0.0204284
0.0206512
0.0203869
0.021222
0.0221646
0.0210212
0.0221592
0.022338
0.0234133
0.0225571
0.0254435
0.0276508
0.0259982
0.0219621
0.0269657
0.025906
0.0260507
0.0235478
0.0243891
0.0253845
0.0237588
0.0229532
0.0241453
0.0237526
0.0238208
0.0212601
0.022482
0.0228946
0.0241086
0.0219221
0.0229931
0.0242385
0.0233009
0.0230475
0.0268853
0.0285837
0.0280179
0.0261087
0.02377
0.0243091
0.0239215
0.0236683
0.0240751
0.026362
0.0260494
0.0234554
0.0231582
0.024428
0.0236184
0.0227159
0.0245282
0.0244798
0.024275
0.0233874
0.0217382
0.0225247
0.0237457
0.0240395
0.024289
0.0234819
0.0290205
0.0265313
0.0264464
0.0273114
0.0251797
0.0284852
0.0281819
0.027251
0.026279
0.0213867
0.0276069
0.0274104
0.0273164
0.0260965
0.0209973
0.0252368
0.0266314
0.0259615
0.0218711
0.0211971
0.0224686
0.0223671
0.0212892
0.0229916
0.0239601
0.0229082
0.0220915
0.0208559
0.0214176
0.0224295
0.0217013
0.0211803
0.0203824
0.0211089
0.0230897
0.0217469
0.0204288
0.0197075
0.0201056
0.0205929
0.0204336
0.0209091
0.0208042
0.0224592
0.0218318
0.0201458
0.0205011
0.0203791
0.0200258
0.018816
0.018655
0.019635
0.0197505
0.0186986
0.0192872
0.0194342
0.020511
0.0182621
0.02303
0.0243836
0.021179
0.0196478
0.0222975
0.0238597
0.0247361
0.0185879
0.0206093
0.0210348
0.0193764
0.0174108
0.0175412
0.0183336
0.0174532
0.0173496
0.0174948
0.0182637
0.0216902
0.0172344
0.0181331
0.021424
0.0196913
0.0183507
0.016446
0.0183775
0.0169732
0.0177023
0.017274
0.0170318
0.0173747
0.0185405
0.0173852
0.0212916
0.0211983
0.0167531
0.0216292
0.0209545
0.0191526
0.0181395
0.018024
0.0176615
0.0195242
0.0178062
0.0189382
0.0182373
0.0183786
0.0194746
0.0184465
0.018809
0.0197216
0.0192984
0.0190018
0.0202884
0.0188646
0.0193939
0.0227624
0.0247591
0.021553
0.0199221
0.0209973
0.0200088
0.0205667
0.0193139
0.0202801
0.0195273
0.0191569
0.0203093
0.0203197
0.0192285
0.0237342
0.0253221
0.0235525
0.0206964
0.0231499
0.022232
0.0219557
0.0213329
0.021776
0.0202588
0.0227734
0.0207928
0.0237963
0.0231471
0.0216269
0.0223027
0.0231592
0.022533
0.0214304
0.0216855
0.0227993
0.0217932
0.0210583
0.0252951
0.0269802
0.0238695
0.0233277
0.0226421
0.0233336
0.0233784
0.0234507
0.0226205
0.0220669
0.0210736
0.0216416
0.0222667
0.0213153
0.0205907
0.0249966
0.02635
0.0255467
0.0236706
0.0254826
0.0257065
0.0263187
0.0256815
0.0218086
0.024894
0.0260079
0.0253399
0.0251681
0.0235471
0.0210839
0.0223476
0.0227752
0.0214701
0.0211972
0.0220922
0.0256594
0.0263592
0.0264352
0.0246863
0.020677
0.0251252
0.0259115
0.0263515
0.0245015
0.0218944
0.0252897
0.02626
0.026707
0.0256057
0.0223901
0.0219588
0.022707
0.0225521
0.0225002
0.0215218
0.0251255
0.0248803
0.0244999
0.0240334
0.0215728
0.0219603
0.0216073
0.0219116
0.0211765
0.0213188
0.021353
0.0226898
0.0230541
0.0233801
0.0211818
0.0215875
0.0221243
0.0220981
0.0222084
0.0212862
0.0201687
0.0246859
0.0254785
0.0248036
0.0255973
0.0238193
0.0215882
0.0207378
0.0213798
0.0224414
0.0212302
0.0197631
0.0201233
0.0244879
0.0268543
0.0247081
0.022773
0.0207289
0.0241214
0.0257982
0.0257143
0.0239884
0.0225071
0.024716
0.0248347
0.0236087
0.0210295
0.0211794
0.0257864
0.025054
0.025634
0.0235122
0.0207253
0.0197934
0.021371
0.0222938
0.0219697
0.0198651
0.024393
0.0252407
0.0251942
0.0252294
0.0219286
0.02116
0.0227255
0.0223926
0.0225176
0.0208009
0.020188
0.0212532
0.0226381
0.0219121
0.0212518
0.0199292
0.0210953
0.0213199
0.0223976
0.0207733
0.0214048
0.0229986
0.0229461
0.0205215
0.0203814
0.0246614
0.0246214
0.0262681
0.0240653
0.0235528
0.0212334
0.0241333
0.0208042
0.0201649
0.0202815
0.0222169
0.0216392
0.0208454
0.0214849
0.0243686
0.0258142
0.0260104
0.0246068
0.0268432
0.0286023
0.027926
0.0268951
0.0263355
0.0256241
0.0275337
0.0284182
0.0222981
0.0232163
0.0229991
0.0234995
0.0222582
0.0213937
0.0221402
0.0229746
0.0228611
0.0219508
0.0206146
0.0212088
0.0229771
0.0208215
0.0207599
0.0196139
0.0207683
0.0207347
0.0217316
0.0224684
0.0210903
0.0190248
0.0222901
0.0228947
0.0226063
0.020529
0.0193914
0.023783
0.0239903
0.0238787
0.0238653
0.0197182
0.0187574
0.0193688
0.0184877
0.0171663
0.018389
0.0176206
0.0187073
0.0179002
0.0164807
0.018829
0.0178045
0.0170189
0.0172731
0.0176398
0.0177871
0.0179154
0.0178156
0.0180762
0.019032
0.0160129
0.0158653
0.0189464
0.0182473
0.0165753
0.0187335
0.0183246
0.0182063
0.0206719
0.0210329
0.0196953
0.0169858
0.0170177
0.0170327
0.0181024
0.0200252
0.0183984
0.0194164
0.0168321
0.0160999
0.0179669
0.017611
0.0178877
0.0194366
0.0179512
0.0199114
0.022215
0.0239661
0.0229776
0.0208278
0.0199063
0.0194144
0.0178311
0.0176131
0.0168337
0.0179478
0.0182844
0.0216148
0.0229879
0.0216693
0.0223646
0.0232598
0.0188517
0.0221874
0.0239758
0.0214856
0.0228758
0.0227443
0.0224853
0.0186259
0.0214434
0.0228779
0.0217478
0.0189892
0.0213583
0.021951
0.0218093
0.0173099
0.0217709
0.0219673
0.0230071
0.0223611
0.0232685
0.0221025
0.018124
0.0206702
0.0209931
0.0195917
0.0176197
0.0176762
0.022181
0.0236758
0.0228579
0.0214495
0.0197933
0.0211523
0.0206252
0.0193307
0.0219889
0.0253173
0.0253616
0.0236975
0.0221311
0.0216756
0.023861
0.0266909
0.0238953
0.0211855
0.0218214
0.0218721
0.0221501
0.0207042
0.0195594
0.0193473
0.020504
0.0192346
0.01941
0.0188335
0.0189044
0.0213559
0.0204047
0.0186935
0.0196097
0.0220746
0.0215612
0.0208348
0.021733
0.0204269
0.0220293
0.0209449
0.020483
0.0191886
0.0234611
0.0239257
0.0232492
0.0195275
0.0192845
0.0206822
0.0200523
0.0203897
0.0213311
0.0225886
0.0227371
0.0205487
0.0206361
0.0221341
0.0221722
0.0213033
0.0204765
0.0214024
0.0219305
0.0218282
0.0211844
0.0197003
0.0201387
0.0216067
0.0205847
0.0193655
0.0208498
0.0222195
0.0220676
0.0203105
0.0220179
0.0219895
0.0212735
0.0216615
0.0224217
0.0206077
0.0222564
0.0230615
0.0208708
0.0243118
0.0264656
0.0239838
0.0209113
0.023866
0.0256653
0.0248315
0.0243137
0.0217872
0.0222185
0.0229779
0.0228449
0.0219301
0.0225506
0.0256553
0.026164
0.0249957
0.0254409
0.0225054
0.0225776
0.0218879
0.0231872
0.0206211
0.0220299
0.0218813
0.0209936
0.0213295
0.0215274
0.0198042
0.0192586
0.0203588
0.020711
0.02007
0.0190208
0.0197885
0.0201416
0.0203594
0.0201304
0.0186893
0.0210738
0.0218444
0.0211098
0.0209505
0.0203573
0.0208913
0.0213267
0.020149
0.0194053
0.0182873
0.0192726
0.0188935
0.0204796
0.0206316
0.0201739
0.0195399
0.0195943
0.0200086
0.0220454
0.0220245
0.0209252
0.0203387
0.0206994
0.0214755
0.0235836
0.0237356
0.0228483
0.0212117
0.0186301
0.0234585
0.0241785
0.0242572
0.02411
0.0227566
0.0217101
0.020294
0.0220643
0.0225101
0.0212909
0.0206226
0.0207429
0.0224452
0.0245861
0.0232438
0.0211938
0.0209037
0.0203813
0.0234255
0.0234497
0.021964
0.0221795
0.0199465
0.0220008
0.0204413
0.0216333
0.0212807
0.0203786
0.0201284
0.0213282
0.0228632
0.0222546
0.0220332
0.0208488
0.0205048
0.0207213
0.0235564
0.0246838
0.0223318
0.0205582
0.0207821
0.021833
0.0233642
0.022833
0.0212532
0.021794
0.0201245
0.0210323
0.024905
0.0263249
0.0259068
0.0250572
0.0237714
0.0210432
0.0264667
0.0239173
0.0226442
0.0224479
0.022098
0.0206632
0.0215932
0.022934
0.0244018
0.0246339
0.0222498
0.0206012
0.022156
0.0230012
0.0240547
0.0237502
0.0235679
0.0228266
0.0280076
0.0278326
0.0292252
0.0281739
0.0278346
0.025446
0.0220073
0.0242266
0.0235828
0.0253768
0.0241311
0.0245154
0.0221824
0.0232224
0.0231685
0.0239739
0.0235279
0.0233769
0.0226567
0.0218885
0.0218348
0.0231927
0.0239126
0.0247986
0.0244702
0.0232673
0.0249489
0.0247317
0.0258231
0.0235228
0.0241566
0.0233261
0.0218188
0.0234302
0.0246746
0.0253644
0.0239596
0.0239142
0.0241788
0.0228453
0.0223576
0.0226393
0.0248832
0.0252551
0.0263564
0.0255769
0.024745
0.0226652
0.0241849
0.0259537
0.026182
0.0254827
0.026634
0.0227383
0.0242927
0.0231508
0.0242778
0.0248059
0.023884
0.0237778
0.0230965
0.0239789
0.0244828
0.0255154
0.0252004
0.0243074
0.0225846
0.0240787
0.0269345
0.0262148
0.0258876
0.0234829
0.022945
0.0235275
0.0270827
0.027993
0.027521
0.0265642
0.0277823
0.0285495
0.0267922
0.0250966
0.0249914
0.0259375
0.0245168
0.025701
0.0238209
0.0221842
0.022932
0.0232237
0.0246339
0.0253325
0.0238249
0.0280498
0.0229501
0.0231989
0.0251183
0.0240089
0.0256561
0.0236236
0.0250301
0.0215023
0.022526
0.027012
0.0287917
0.0291846
0.0298756
0.0295374
0.0273586
0.0237824
0.0296942
0.0282523
0.0301108
0.0286249
0.0272199
0.0261369
0.0254349
0.0252067
0.0248046
0.025789
0.0246529
0.023828
0.0237021
0.0263988
0.0278409
0.0303405
0.0308226
0.0277425
0.0271379
0.0254236
0.0228279
0.0276041
0.0268929
0.0284033
0.0277073
0.0283806
0.0275866
0.0234875
0.0263328
0.0260605
0.0260988
0.0239154
0.0249815
0.0237857
0.0226389
0.0240342
0.0252298
0.0252277
0.0239644
0.0243168
0.0242997
0.0225602
0.0233475
0.0284188
0.0282986
0.0283149
0.0270173
0.0265063
0.0243771
0.0221805
0.0263645
0.0277884
0.0281444
0.0274839
0.0267858
0.0279039
0.0246197
0.0234517
0.0248032
0.025163
0.0247171
0.0258673
0.0239483
0.0230757
0.0227965
0.0267777
0.028268
0.0290026
0.0294613
0.0279953
0.0250185
0.020521
0.0254875
0.0275883
0.0282563
0.0277435
0.0250029
0.0258634
0.0261051
0.026226
0.0252634
0.0263921
0.0239466
0.025812
0.0220616
0.0215219
0.0240754
0.0226959
0.0234179
0.0214627
0.0215453
0.0257717
0.0235718
0.0247353
0.0231594
0.0227488
0.0241784
0.020638
0.0215275
0.0223667
0.0218538
0.021597
0.0223781
0.0210463
0.0208283
0.0208664
0.0209689
0.0213165
0.0207715
0.0205481
0.0207401
0.0188053
0.0204997
0.0203302
0.0200587
0.0208344
0.01975
0.0198054
0.0239359
0.0250815
0.0254931
0.0241042
0.0237224
0.0227009
0.0198667
0.0187679
0.0194451
0.0202983
0.0192296
0.0217331
0.0177507
0.0223709
0.0242935
0.0226945
0.0220358
0.0191064
0.0223701
0.0231353
0.0227634
0.0217813
0.0217882
0.0235317
0.0227462
0.0199039
0.0188263
0.0203926
0.0209402
0.0187378
0.0228523
0.0249866
0.0237821
0.0190604
0.0220233
0.0220923
0.020232
0.0192451
0.0215236
0.0205504
0.0198553
0.0201697
0.0197171
0.019794
0.019129
0.0216674
0.0201981
0.0193647
0.018614
0.0205545
0.021788
0.0197962
0.0193745
0.0191823
0.0190807
0.0199722
0.0195271
0.0178244
0.0174001
0.0188584
0.0209519
0.0204361
0.0159638
0.0167413
0.0190547
0.0146055
0.0192337
0.0179806
0.0155807
0.0142745
0.0141162
0.0150543
0.0149469
0.0160669
0.0135989
0.0154271
0.0125694
0.0126575
0.0160552
0.012387
0.011786
0.0122715
0.0101897
0.0113349
0.0115167
0.0134172
0.0121006
0.0133273
0.0166043
0.017466
0.0152293
0.0185189
0.0136419
0.0134793
0.0156259
0.015522
0.0143551
0.0189283
0.0163507
0.0206425
0.0148578
0.0144495
0.0128419
0.0115268
0.0107291
0.0139768
0.0116087
0.0105088
0.0115711
0.011312
0.010443
0.00957364
0.0111021
0.00956039
0.0107479
0.00919544
0.0107027
0.0105071
0.00962925
0.0105138
0.00957631
0.0106411
0.00962989
0.0115644
0.0113545
0.0140602
0.0116956
0.0110118
0.0117841
0.0117239
0.0120041
0.0144315
0.0109723
0.0122678
0.0127465
0.0128013
0.0184056
0.0163925
0.0155398
0.014274
0.0102448
0.0129436
0.0101819
0.0102051
0.0108059
0.0109965
0.0109074
0.0119959
0.00951152
0.0109038
0.0134358
0.0116877
0.0094425
0.00922071
0.00814246
0.00813949
0.00781933
0.00942879
0.00838562
0.00824379
0.0090889
0.00868116
0.00899481
0.0079382
0.00916355
0.00807573
0.00812666
0.00914385
0.00784986
0.0101376
0.00944386
0.00909871
0.00818489
0.00788652
0.00794167
0.0077466
0.00724738
0.00744319
0.00748155
0.00706571
0.00711077
0.00700358
0.00714475
0.00778597
0.00712507
0.00701738
0.00750008
0.00785225
0.00808446
0.00614467
0.00640778
0.00586919
0.00581756
0.00678615
0.00633002
0.00653094
0.00582483
0.00590467
0.00656398
0.00616087
0.00599961
0.00632755
0.00667911
0.00766045
0.00643339
0.00683003
0.00709072
0.005982
0.00636108
0.0075329
0.00600768
0.00659736
0.0063483
0.00635808
0.00598028
0.00636667
0.00730392
0.00504231
0.00596012
0.00513877
0.00717659
0.00538873
0.00819325
0.00593722
0.00959669
0.0059069
0.0114397
0.00638306
0.0105802
0.0061434
0.0107195
0.00670006
0.012764
0.00810021
0.0172817
0.00819463
0.0162425
0.00910305
0.0168742
0.00995578
0.0259069
0.0234416
0.0133139
0.039245
0.0370912
0.0354505
0.0156234
0.0491356
0.0436489
0.0594823
0.0249842
0.141209
0.0193005
0.0147624
0.0171352
0.018967
0.0199355
0.0146315
0.0154354
0.0137297
0.015095
0.0139594
0.0164257
0.0154511
0.0180068
0.0218624
0.0190636
0.0180582
0.0172889
0.0227916
0.0186198
0.0223176
0.0199029
0.024548
0.0240583
0.0260939
0.0267934
0.0266374
0.0265962
0.0226828
0.0252652
0.0256641
0.0236048
0.026346
0.0252941
0.0232469
0.0244042
0.0255461
0.0237746
0.0273361
0.0286116
0.026622
0.0260872
0.0259911
0.0255971
0.0249756
0.0234627
0.0249357
0.0248944
0.0241391
0.026145
0.024266
0.0247082
0.0228877
0.0228598
0.0241182
0.0229605
0.0234675
0.0228889
0.024715
0.0232483
0.0246458
0.0228044
0.0226472
0.0237476
0.0220933
0.0222913
0.0235638
0.0224274
0.0231852
0.0237526
0.0226282
0.0232
0.0236965
0.023966
0.0229162
0.0221681
0.0212498
0.0218857
0.0229841
0.0214146
0.0220596
0.0221223
0.021068
0.0215103
0.0218956
0.0212778
0.024813
0.0244976
0.0234419
0.0268538
0.0276394
0.0241549
0.0239595
0.0231728
0.0247981
0.0230267
0.0268093
0.0285126
0.0257577
0.028324
0.029686
0.0279401
0.0243701
0.023688
0.0244519
0.0252127
0.0231981
0.023546
0.0273685
0.0283746
0.0262267
0.0225648
0.0238072
0.0228806
0.0266103
0.0209206
0.0269307
0.0288674
0.0277518
0.0223162
0.0248776
0.0264372
0.0237146
0.0238372
0.0269901
0.0274782
0.026644
0.0242558
0.0272497
0.0271398
0.0270842
0.0259555
0.0230112
0.0235371
0.0235406
0.0205614
0.0240545
0.0247195
0.0227823
0.0221803
0.0221008
0.0254576
0.0277345
0.0215156
0.0222141
0.024188
0.0234582
0.0221502
0.026896
0.0284303
0.0271991
0.0262159
0.0236009
0.0255834
0.0241783
0.0227722
0.0241427
0.0249437
0.0245444
0.0231789
0.0237639
0.0253249
0.0250442
0.0245797
0.0257228
0.0266551
0.0256464
0.0239577
0.0255369
0.0255815
0.0248655
0.0227712
0.0242101
0.0251304
0.0259493
0.0250557
0.0256527
0.024475
0.0256606
0.0244152
0.0246413
0.0254195
0.0260744
0.0234523
0.0250124
0.0288673
0.0305625
0.0296503
0.0274377
0.0238231
0.0234141
0.0257888
0.026318
0.0249271
0.0247948
0.0254219
0.0256857
0.0257855
0.0254299
0.0234822
0.028956
0.0298773
0.0300258
0.0269641
0.0233959
0.0251536
0.0254921
0.0266084
0.0258429
0.024163
0.0244076
0.0268712
0.0279151
0.0241871
0.0240609
0.0267657
0.02725
0.0262704
0.0254982
0.0239127
0.0272922
0.0264035
0.0268098
0.0258871
0.0248481
0.0244763
0.026636
0.0287162
0.0265511
0.0255946
0.0261893
0.02824
0.0273245
0.0271914
0.024907
0.0269444
0.0279161
0.0288165
0.0316944
0.0248755
0.0261449
0.027021
0.0282559
0.028717
0.0292695
0.0266725
0.0257229
0.0252233
0.0264507
0.0269301
0.0289957
0.0312183
0.0298501
0.0278405
0.0271427
0.0259959
0.0245895
0.025339
0.0258422
0.0252435
0.0281529
0.0272321
0.0268672
0.0245876
0.0267555
0.0254451
0.0245369
0.0259822
0.0277584
0.0266503
0.0265402
0.0265724
0.0264648
0.0244647
0.0258167
0.0277214
0.0299434
0.0283477
0.0271533
0.0267596
0.0265352
0.0268091
0.0246457
0.0297637
0.0293684
0.0327167
0.0324502
0.0301731
0.0257689
0.0282253
0.0274256
0.0313431
0.0281651
0.0265301
0.0253001
0.0269877
0.02666
0.0256163
0.0248236
0.0259208
0.026998
0.027341
0.0251547
0.0243212
0.0252384
0.0264866
0.0271193
0.0261922
0.0257864
0.0247001
0.0247885
0.02546
0.0260581
0.026724
0.0251209
0.0243196
0.0250668
0.0246879
0.0258326
0.0264869
0.0260699
0.0262712
0.0249084
0.0241702
0.0253526
0.0266607
0.0265411
0.026098
0.0259318
0.0320083
0.024303
0.0242819
0.0252481
0.0268423
0.0269174
0.024964
0.0233833
0.0247643
0.0227679
0.0254107
0.0262113
0.0253998
0.0227771
0.0229542
0.0281688
0.0271963
0.0297376
0.0294427
0.0288038
0.0293236
0.0286624
0.0259496
0.0261205
0.0284499
0.0289294
0.0293628
0.0301134
0.0292924
0.0284522
0.0237074
0.0236478
0.0239651
0.024595
0.0256967
0.0264867
0.0257408
0.0258131
0.0221287
0.0248466
0.0248696
0.0260697
0.0263452
0.0264837
0.0252176
0.02322
0.0240993
0.0234084
0.0263446
0.0288412
0.0311556
0.0308662
0.0294967
0.0286543
0.0242198
0.0284684
0.030022
0.0303989
0.0288198
0.0295789
0.027861
0.0265665
0.025066
0.0231335
0.0245954
0.0251242
0.0261194
0.0271881
0.0266521
0.025662
0.0257672
0.0243805
0.0253546
0.0268598
0.0274945
0.0270649
0.0264844
0.0256364
0.0258874
0.0235691
0.0251307
0.0254208
0.0270248
0.0269067
0.0257698
0.0263121
0.0257356
0.0245333
0.0252803
0.02866
0.0259645
0.0265676
0.0266812
0.0262269
0.0252167
0.0239091
0.0254601
0.0260632
0.0269571
0.0266008
0.0262998
0.0239077
0.0254882
0.0286142
0.0303389
0.0317412
0.0316115
0.031504
0.034519
0.0260181
0.0250552
0.0260613
0.0278516
0.0273853
0.028292
0.0274601
0.0265336
0.0241667
0.0245906
0.0256928
0.0290695
0.0279413
0.0271421
0.0266695
0.0253478
0.0271978
0.0257528
0.0254437
0.0265375
0.027069
0.0275779
0.0244015
0.0254117
0.0295598
0.0312792
0.0317652
0.0305382
0.0294594
0.0271354
0.0269521
0.0303385
0.0317495
0.0267578
0.0275349
0.0252648
0.0254908
0.0307862
0.0310831
0.0332344
0.0311133
0.0279236
0.0274072
0.0246968
0.0245434
0.0263429
0.0280305
0.0270718
0.0250712
0.0252686
0.0239392
0.0254837
0.0296557
0.029407
0.0289867
0.029578
0.0324783
0.032705
0.0324297
0.0287462
0.0288346
0.0310746
0.0269795
0.027806
0.0242011
0.023729
0.0264758
0.0265786
0.0251795
0.0256694
0.025929
0.0256851
0.0277334
0.0263558
0.0231375
0.0234919
0.0245662
0.0276247
0.0260191
0.0264299
0.0255893
0.0248964
0.0291988
0.0297174
0.0305925
0.0300004
0.0297252
0.0292317
0.0296211
0.0314378
0.0331885
0.0270203
0.0292693
0.030846
0.0302125
0.0303621
0.0275892
0.0256228
0.024721
0.026093
0.0263174
0.0264384
0.0244063
0.0250301
0.0243078
0.0245987
0.0254013
0.0242896
0.0243126
0.0285869
0.0287259
0.0265147
0.0268767
0.0255374
0.0222208
0.0234824
0.0248182
0.0249442
0.0245069
0.0255216
0.0232471
0.0221838
0.0232007
0.0240639
0.0239976
0.023352
0.0238025
0.0243395
0.0223405
0.0217385
0.022255
0.0244156
0.022936
0.0234593
0.0217459
0.0229574
0.0224378
0.0233344
0.0233542
0.0229483
0.0223515
0.0224431
0.0219603
0.0224298
0.0221967
0.0216773
0.0221346
0.0211674
0.022016
0.0217536
0.0222691
0.0238367
0.0234638
0.0226803
0.0224828
0.0220937
0.0231216
0.0236768
0.0243165
0.0243167
0.0237657
0.0220191
0.0230192
0.0240278
0.0241162
0.0233135
0.0227643
0.0232464
0.0211633
0.0222018
0.0218747
0.0237137
0.0236111
0.0259946
0.0232256
0.0217696
0.0218663
0.0242815
0.0237242
0.0237107
0.0229292
0.0222088
0.0242554
0.0254479
0.0245108
0.0237773
0.0223697
0.0230742
0.0266937
0.0277831
0.0270655
0.0321073
0.0256774
0.0267031
0.0274783
0.0269499
0.0281797
0.0232279
0.0216775
0.0245276
0.0252208
0.02487
0.0259905
0.0260512
0.0240514
0.0291796
0.0294727
0.031595
0.0303795
0.0291324
0.0276027
0.0317842
0.0320601
0.0307145
0.0286105
0.0276175
0.0304455
0.0302784
0.0308887
0.032206
0.0364538
0.0300903
0.0328694
0.0309392
0.0310169
0.0289436
0.0286254
0.0258669
0.0256557
0.0296029
0.0313034
0.0314322
0.0292502
0.0284178
0.0253288
0.0281461
0.0273541
0.0268073
0.027777
0.0272186
0.0260926
0.0257965
0.0261535
0.0266129
0.0272814
0.0280147
0.0283011
0.0247382
0.0253381
0.0256417
0.0245358
0.025527
0.0266403
0.025357
0.026405
0.0267896
0.0265332
0.0255033
0.0259346
0.0262013
0.0303803
0.0289058
0.0283979
0.0276265
0.0270203
0.032478
0.02672
0.0252016
0.0286665
0.0291023
0.0305317
0.030795
0.0302477
0.0265005
0.0256561
0.0279917
0.0293679
0.0277862
0.0273633
0.0283542
0.0270208
0.0265413
0.0280778
0.0268671
0.0285639
0.0296334
0.0279498
0.0272108
0.0277601
0.0267218
0.0283954
0.0292974
0.0286713
0.0264548
0.0256667
0.0260511
0.0289258
0.030013
0.0302482
0.0308974
0.0272476
0.0266851
0.0274437
0.0280134
0.0269431
0.0253376
0.0234227
0.0239333
0.022713
0.0231617
0.0243987
0.0237076
0.0272993
0.0221437
0.0257795
0.0261005
0.0229967
0.0202604
0.0187142
0.0225513
0.0242429
0.0230862
0.0200149
0.0225518
0.024054
0.0235416
0.021715
0.0190485
0.0191434
0.0212363
0.0208325
0.0219579
0.0188276
0.0217934
0.0220925
0.0207757
0.0250355
0.0235031
0.0195092
0.024469
0.0271238
0.0223559
0.0213875
0.0231755
0.0212397
0.0259107
0.0224445
0.0212018
0.0211081
0.0248286
0.0261125
0.0241617
0.0240099
0.0243713
0.025274
0.0259773
0.0265236
0.0256301
0.0257289
0.0274006
0.0262824
0.0239485
0.0250464
0.0251364
0.0283523
0.0252086
0.0273535
0.0286557
0.0266555
0.0233951
0.0268205
0.0290914
0.0278419
0.0239516
0.0251107
0.0268742
0.0256083
0.0249083
0.0238137
0.0264697
0.0246855
0.0247983
0.0274362
0.0297364
0.0289658
0.0232994
0.0279879
0.0280551
0.029044
0.027519
0.0281992
0.0273843
0.0260995
0.0243077
0.0244256
0.0251544
0.0259522
0.0233083
0.02451
0.0234442
0.0250102
0.0237751
0.0244496
0.0243976
0.0249993
0.0250434
0.026553
0.0235373
0.0243691
0.0249015
0.0243468
0.0245617
0.0266697
0.0242926
0.0267544
0.0298893
0.0281577
0.0273535
0.0285734
0.0296182
0.0297696
0.029408
0.0252938
0.0287819
0.0301783
0.0296433
0.0253177
0.0241151
0.0278492
0.0279267
0.0295905
0.0267257
0.0265303
0.0251194
0.0253254
0.0253857
0.0249526
0.0241827
0.022944
0.0238726
0.0232815
0.0244525
0.0249332
0.0237123
0.0225042
0.02377
0.0247986
0.0245508
0.0238144
0.0214163
0.0223139
0.0237611
0.0244179
0.0238805
0.0219832
0.0217891
0.0224733
0.0218746
0.0222656
0.022794
0.0215217
0.023375
0.0225022
0.0227851
0.0226472
0.0236468
0.0212633
0.0228592
0.0252111
0.0249856
0.0243834
0.0241972
0.0242069
0.0206179
0.0258026
0.0263488
0.0268616
0.0267096
0.0254822
0.0231671
0.0227009
0.0239489
0.0243808
0.0230974
0.0218908
0.0224258
0.0225198
0.0233358
0.0234222
0.0231137
0.0219326
0.0217988
0.0228104
0.0231846
0.0224372
0.0219276
0.0231595
0.0216153
0.0221484
0.0226256
0.0232786
0.0246099
0.023187
0.0234415
0.0216062
0.0216188
0.0263009
0.0273084
0.0277957
0.0269551
0.0274024
0.02561
0.0232441
0.0223728
0.0231046
0.0234006
0.0230309
0.0232765
0.0230957
0.0220809
0.0215512
0.027048
0.0269376
0.027621
0.0283026
0.0262908
0.0263973
0.0263752
0.0221348
0.0243974
0.0251949
0.0249684
0.023075
0.0224758
0.0222515
0.0211711
0.0241051
0.0275085
0.0271739
0.0278255
0.025802
0.0241181
0.0238036
0.0230802
0.0219744
0.0226016
0.0235057
0.0244756
0.0234544
0.0221147
0.0224397
0.0213418
0.0223424
0.022672
0.0224349
0.0243909
0.0219803
0.0220286
0.0240086
0.0214637
0.0224989
0.0238194
0.0248761
0.0228551
0.0226461
0.0226828
0.0220301
0.0256542
0.0265476
0.0265607
0.0263164
0.0283397
0.0278543
0.0228085
0.0257747
0.0265601
0.0241579
0.0241357
0.0237313
0.0244433
0.0230918
0.0209118
0.0216093
0.0219111
0.022213
0.0222113
0.0221503
0.0217747
0.0211026
0.0220274
0.0219024
0.0228908
0.0229203
0.022912
0.0227262
0.0222784
0.0216898
0.0213201
0.0222465
0.0228932
0.0216991
0.022688
0.0204427
0.0211304
0.0252601
0.0261685
0.0272306
0.0268135
0.0258937
0.0248716
0.0202842
0.0249004
0.0263114
0.0272072
0.0265357
0.0269367
0.0262369
0.0218926
0.020943
0.0230582
0.0219342
0.0223416
0.0216733
0.0215975
0.0232312
0.0214197
0.0204014
0.0210748
0.0250771
0.0255791
0.0253833
0.0250632
0.0269291
0.0264251
0.0255992
0.0228484
0.0237704
0.0258161
0.0246153
0.0234614
0.0229262
0.0244581
0.023836
0.0215443
0.0226643
0.0224834
0.024528
0.0240067
0.0250513
0.0233831
0.0232346
0.0218361
0.0214931
0.0256006
0.0271394
0.0260977
0.0228443
0.0252347
0.0222241
0.0205053
0.0223654
0.0248163
0.0244132
0.0243227
0.0244143
0.0242145
0.0206326
0.0207731
0.0218709
0.0204182
0.0209001
0.0218902
0.0205396
0.0221418
0.0221115
0.0201689
0.0195315
0.0207886
0.0213085
0.0225204
0.02214
0.021564
0.026487
0.0213868
0.0228835
0.0258298
0.0247017
0.0250873
0.0268085
0.0276728
0.0252134
0.0243571
0.0256813
0.0224803
0.0225721
0.0242134
0.02427
0.0238539
0.021544
0.0220926
0.0207282
0.0209006
0.0277432
0.0241388
0.0251968
0.024995
0.02599
0.0252635
0.0219357
0.022495
0.0227696
0.0227959
0.0242091
0.0248816
0.0228762
0.0216911
0.0219462
0.0204624
0.0223189
0.0241903
0.0220584
0.0223689
0.0211208
0.0203575
0.0224064
0.0264599
0.0276916
0.0276468
0.0271419
0.0275091
0.0270678
0.0248591
0.0265122
0.0257173
0.0255167
0.0245381
0.0253394
0.0237568
0.0259364
0.022484
0.0218988
0.0229238
0.0236186
0.0231451
0.021979
0.0235359
0.0214974
0.0269784
0.0269713
0.0285677
0.0230458
0.0242506
0.023685
0.0208634
0.0237306
0.0244352
0.0246345
0.0251848
0.0226348
0.0233363
0.021799
0.0201116
0.0205213
0.0239694
0.0239402
0.0235906
0.0234366
0.0206478
0.0220103
0.0215793
0.0213886
0.0223462
0.0218105
0.021636
0.0229688
0.0258855
0.0232018
0.0230219
0.0224039
0.0211233
0.0195714
0.0240261
0.0241444
0.0250652
0.0253946
0.0234305
0.0207153
0.0218732
0.0226934
0.0232397
0.0230751
0.0222377
0.0224538
0.0267573
0.0273778
0.0282363
0.0288557
0.0243802
0.0227805
0.0231772
0.0229355
0.0251594
0.0235045
0.0214164
0.0228736
0.0244562
0.0253514
0.0245006
0.0230203
0.020749
0.0224527
0.0231238
0.0232362
0.0229548
0.0220216
0.0222257
0.0236601
0.0260067
0.0272193
0.0272552
0.0253951
0.021823
0.0239144
0.0214154
0.0219101
0.0232252
0.0233989
0.0217385
0.021229
0.0225941
0.0232692
0.024781
0.0244547
0.0227779
0.021733
0.0266612
0.0272906
0.026971
0.0269578
0.0250308
0.0215055
0.0265015
0.02613
0.0279964
0.0272706
0.0253864
0.0216808
0.0253583
0.0262871
0.0273222
0.0261523
0.0236563
0.0208905
0.0214714
0.0223528
0.0232591
0.0228454
0.0232286
0.0219859
0.0218296
0.0216301
0.0226296
0.0225619
0.0227489
0.0214485
0.0223324
0.0211615
0.0228574
0.0215635
0.0203496
0.0209837
0.0193585
0.0202411
0.0246431
0.0246488
0.0251138
0.0256422
0.0270861
0.0255606
0.0254786
0.025659
0.0266383
0.025285
0.0257934
0.0232956
0.024834
0.025522
0.0235623
0.0218698
0.0221174
0.0195964
0.0238083
0.0256919
0.0255892
0.024072
0.0233986
0.0249321
0.0243757
0.0256531
0.0249946
0.0230611
0.0197474
0.0254848
0.0272364
0.027281
0.0267241
0.0250988
0.0214952
0.0256345
0.0264198
0.0260997
0.0260086
0.0247585
0.0211152
0.0256938
0.0249494
0.0235298
0.0249048
0.0249882
0.0212761
0.0256316
0.0266045
0.0261192
0.026736
0.0319039
0.0248364
0.0256387
0.025612
0.0260741
0.0281215
0.0264746
0.0240979
0.0233615
0.0237861
0.0248823
0.0244678
0.0279285
0.0236139
0.0235941
0.0242467
0.0248944
0.0247965
0.0238904
0.0224636
0.0233613
0.0261367
0.0271401
0.0284816
0.0276547
0.0269896
0.0238117
0.0256985
0.0249342
0.0278381
0.0263107
0.0243947
0.0244692
0.0260833
0.0254534
0.0240921
0.0297924
0.0316153
0.0308286
0.031767
0.0292471
0.0286705
0.0268115
0.0283611
0.0277623
0.0268572
0.0266862
0.0267841
0.0269069
0.0264083
0.0245802
0.0253673
0.0283531
0.0281199
0.0297567
0.028586
0.0278525
0.0271422
0.0252987
0.0242763
0.0269517
0.0260018
0.0246943
0.0264697
0.0271912
0.0254272
0.0258053
0.0259773
0.0284573
0.0257506
0.0261256
0.0251428
0.0263851
0.0249632
0.024424
0.0268641
0.0258651
0.0243697
0.0242403
0.0263551
0.0254948
0.025597
0.0234121
0.0249232
0.0273826
0.030357
0.0290266
0.0310819
0.029695
0.0284181
0.0247273
0.0272272
0.0280918
0.0274454
0.0258678
0.0248668
0.0261565
0.0228598
0.0222601
0.0207122
0.0222219
0.0215726
0.0205041
0.0252509
0.0259126
0.0256163
0.0247634
0.0211788
0.0218333
0.0219421
0.0204632
0.0239012
0.0253647
0.0229129
0.0199878
0.0198198
0.0195791
0.0207559
0.0187203
0.0213888
0.0229762
0.0217885
0.0182581
0.0172779
0.0205656
0.0197587
0.0190174
0.0213682
0.0237487
0.0282591
0.0229708
0.0198749
0.0203922
0.0213112
0.01907
0.0201938
0.0193991
0.0232956
0.0247143
0.0195289
0.0205633
0.0238353
0.0240824
0.0208303
0.0191703
0.0211153
0.0202389
0.0207604
0.0203404
0.019013
0.0188003
0.019132
0.0182394
0.0188554
0.02141
0.0183925
0.0188117
0.0198654
0.0184474
0.0215514
0.0217865
0.0175593
0.0207225
0.0211531
0.020971
0.0224692
0.0162609
0.0170535
0.0172801
0.0169187
0.020059
0.0196723
0.0155191
0.0155598
0.0160358
0.0153832
0.0155072
0.014501
0.0143203
0.0141641
0.0146149
0.0146759
0.0161192
0.0179754
0.0164919
0.0174333
0.0183427
0.0162667
0.0154764
0.0165239
0.0178563
0.0158186
0.0175144
0.0162973
0.020684
0.0211765
0.0165341
0.020078
0.0189847
0.0176422
0.0186845
0.017302
0.0187555
0.0178117
0.0169645
0.0176831
0.0213899
0.0196006
0.0196384
0.01778
0.018855
0.0168765
0.0176229
0.0179756
0.0168721
0.0178663
0.0179714
0.0212609
0.0225635
0.0192638
0.0185679
0.0165446
0.0194347
0.0172154
0.016695
0.0187295
0.0178215
0.0192976
0.020953
0.0191004
0.0188704
0.0200572
0.0184602
0.0180968
0.0198671
0.0182681
0.0193265
0.0187199
0.0170573
0.0182424
0.0176344
0.0188333
0.0176275
0.0165632
0.0176564
0.0182779
0.0179404
0.0185694
0.019476
0.0183062
0.0193967
0.0195052
0.019041
0.0194779
0.0183143
0.0183896
0.017662
0.0184993
0.0187119
0.0175853
0.0164416
0.0218503
0.0201069
0.016758
0.0195465
0.0183004
0.0165732
0.0173183
0.01777
0.0163751
0.0179881
0.0198699
0.0207782
0.0198165
0.0156049
0.0199088
0.01917
0.0214715
0.0169214
0.0170762
0.0187442
0.016093
0.0203936
0.014753
0.0197619
0.0185309
0.0189294
0.0162672
0.0153679
0.0158377
0.0152324
0.0156539
0.0167825
0.0150654
0.0155356
0.0145531
0.0158313
0.0144983
0.0183434
0.0189074
0.0170142
0.0192917
0.0199082
0.0198578
0.0173198
0.0197995
0.0215306
0.020525
0.0165928
0.0157914
0.0170208
0.016482
0.0156843
0.017078
0.0179292
0.0172756
0.0187218
0.017549
0.0186164
0.0184811
0.0181562
0.0217029
0.0227691
0.0209765
0.01798
0.0189398
0.0202316
0.0188124
0.0189689
0.0182123
0.0195348
0.0187203
0.020333
0.0190491
0.0201076
0.0193695
0.0176686
0.0214461
0.0233296
0.0209357
0.0181913
0.0173834
0.0196032
0.0184471
0.0206542
0.0240715
0.0235541
0.0232157
0.0183956
0.0233174
0.0238564
0.0247792
0.0189636
0.0191514
0.0201842
0.0190101
0.0193741
0.0190128
0.0200438
0.020369
0.0185129
0.019176
0.0214701
0.019278
0.018277
0.0193837
0.0197154
0.0183274
0.017728
0.0189751
0.018995
0.0184906
0.0195707
0.0182433
0.0184719
0.0191718
0.0161999
0.0166144
0.0174474
0.0168785
0.0192439
0.0166598
0.01749
0.0156062
0.0171828
0.0202432
0.0206788
0.0191035
0.0156794
0.0179463
0.0166914
0.0177029
0.0180492
0.0168632
0.0175475
0.0180621
0.0196568
0.0191568
0.0189861
0.0211516
0.0208358
0.0197616
0.019263
0.0189087
0.0180318
0.0175193
0.0197178
0.0197309
0.0222841
0.0184151
0.0205305
0.020485
0.0190938
0.0203851
0.0218438
0.021489
0.0216524
0.022267
0.0217824
0.0217204
0.0229178
0.0238787
0.0244081
0.0258997
0.0255835
0.0275604
0.0226287
0.0231719
0.0248753
0.020801
0.0208877
0.0211454
0.0203407
0.0217511
0.022941
0.0189819
0.0192409
0.0186898
0.0184149
0.0199789
0.0201651
0.0189946
0.0231671
0.0227556
0.0173719
0.0186233
0.0197725
0.0180335
0.0206726
0.0199081
0.0192969
0.0183608
0.0194364
0.0199089
0.0181207
0.0191897
0.0167603
0.0164561
0.0166058
0.0165903
0.0186639
0.0164982
0.0167636
0.0181432
0.0172815
0.0159056
0.0170828
0.0194811
0.017184
0.0181653
0.0184026
0.0172288
0.0176094
0.0180606
0.0168632
0.018772
0.019084
0.0182905
0.0193029
0.0200653
0.0197239
0.0195154
0.0206266
0.0212155
0.0200334
0.0191086
0.0194438
0.0207508
0.0223721
0.0211986
0.0211572
0.018736
0.0221856
0.0237328
0.023183
0.0183423
0.018108
0.0218573
0.0206031
0.0185614
0.0200639
0.0214103
0.0212983
0.0219269
0.0196598
0.0213964
0.0221697
0.0231593
0.0231196
0.022464
0.0224581
0.021127
0.026079
0.0290749
0.0274711
0.0314392
0.0237157
0.0219382
0.0235767
0.0248123
0.0249855
0.0202106
0.0241653
0.0272812
0.0275366
0.0254761
0.0223923
0.0218723
0.0208925
0.022049
0.0220632
0.0219169
0.0213372
0.0213183
0.0228869
0.0230355
0.0215881
0.0215222
0.0222529
0.0235226
0.0248234
0.0255463
0.0248733
0.0235011
0.0238387
0.0256184
0.0253106
0.0257434
0.0257812
0.0265751
0.0279284
0.0277465
0.026535
0.0255002
0.0262717
0.0289903
0.0283324
0.0285429
0.0253738
0.0262275
0.0267189
0.0273568
0.0251801
0.0252688
0.0236059
0.0238749
0.0236062
0.0249146
0.0247129
0.0236011
0.0241284
0.0228386
0.0252074
0.0252328
0.0235943
0.0231698
0.0212282
0.022806
0.0225518
0.0242298
0.0229331
0.0213891
0.0205052
0.0215963
0.0222472
0.0235264
0.0234678
0.0236354
0.022207
0.0217677
0.0199033
0.0257475
0.0255705
0.0255014
0.0259013
0.0227501
0.0227224
0.0238574
0.0258567
0.0239859
0.0228186
0.0240499
0.0244393
0.0261205
0.0263699
0.0253193
0.0213198
0.0221027
0.0241527
0.0224713
0.0243922
0.0257232
0.0262983
0.0244511
0.0270832
0.0216846
0.0236785
0.024597
0.0255822
0.0242904
0.0244561
0.0256058
0.0261819
0.0234088
0.025491
0.024655
0.0261126
0.0253856
0.0237341
0.0208032
0.0232337
0.0242333
0.0249271
0.0253434
0.0245259
0.0224251
0.0234064
0.0261001
0.0282002
0.0299947
0.0287172
0.0276427
0.0238269
0.0235924
0.0234869
0.0234232
0.0236049
0.0231727
0.0230085
0.0231064
0.0237775
0.0230472
0.0222905
0.0232754
0.0247753
0.0256049
0.0248219
0.0250752
0.0233845
0.0224021
0.0279348
0.0254625
0.0271538
0.0265194
0.0237038
0.0245542
0.0244245
0.0223211
0.0250898
0.0258703
0.0251508
0.0252286
0.0237948
0.0208854
0.0240336
0.0232587
0.0217526
0.0232277
0.0234881
0.0216868
0.0211842
0.0219107
0.0229921
0.0230709
0.0231939
0.0223478
0.0221065
0.022356
0.0246864
0.0234691
0.0250911
0.0257273
0.0256567
0.0252646
0.0241598
0.0231257
0.0281224
0.0275478
0.026623
0.0289302
0.0277388
0.0277266
0.0278843
0.0227773
0.0281391
0.0262117
0.0270497
0.0276475
0.026667
0.0258016
0.0222585
0.0234427
0.0235642
0.0246718
0.0260825
0.025165
0.0246327
0.0233189
0.0234556
0.0229403
0.0232357
0.025446
0.0240719
0.0251872
0.0237623
0.0235741
0.0250955
0.0259584
0.025398
0.0271631
0.0244928
0.0249462
0.026142
0.0234728
0.0250718
0.0238684
0.024924
0.0220975
0.0211381
0.0199131
0.0205911
0.0223711
0.0228553
0.0263772
0.0227626
0.0224077
0.0207727
0.0206043
0.0215305
0.0225911
0.0236938
0.0225443
0.0215412
0.0208241
0.0225608
0.0223915
0.0222984
0.0228546
0.0272953
0.0223916
0.0245084
0.0250925
0.0251129
0.0253014
0.0249116
0.0244621
0.023458
0.024544
0.0236477
0.0252133
0.0264833
0.0245444
0.0260266
0.0249608
0.0266617
0.0256022
0.0237318
0.0233079
0.0273024
0.0273686
0.0265453
0.0255965
0.022944
0.023874
0.023001
0.0206784
0.0272895
0.0275992
0.0277261
0.0284501
0.0295525
0.0295187
0.0286352
0.024661
0.0249153
0.0250667
0.023038
0.0247743
0.022516
0.024984
0.0277395
0.0268327
0.0220445
0.0190596
0.0233878
0.024322
0.0260523
0.0244948
0.0244876
0.0244992
0.0247372
0.0260892
0.0278591
0.0261775
0.0329849
0.0251069
0.0254994
0.0265456
0.0251691
0.0241819
0.0234183
0.0221928
0.0200487
0.0231701
0.0220025
0.0238313
0.0231534
0.0227037
0.0241485
0.0233686
0.0238051
0.0244532
0.0249005
0.0229957
0.0238196
0.0204415
0.0211435
0.0212235
0.0235711
0.0241841
0.0231412
0.0230524
0.0226369
0.0227275
0.0209165
0.0226592
0.0227593
0.0244539
0.022602
0.0213158
0.0219838
0.0216622
0.023099
0.0223763
0.0269202
0.0297123
0.0292009
0.0307886
0.029632
0.0277598
0.0229232
0.0243858
0.0282009
0.0278097
0.0279932
0.027278
0.0270239
0.0271562
0.0225223
0.0249576
0.0237293
0.0240679
0.0244633
0.0247896
0.0243144
0.0235829
0.0239608
0.0244562
0.0236514
0.0242979
0.0246499
0.0239475
0.0245183
0.0245487
0.0261975
0.0244856
0.0261751
0.0261485
0.0259815
0.0262209
0.0285325
0.026962
0.0287582
0.0291101
0.028011
0.0267798
0.0287212
0.0272218
0.0273866
0.0280336
0.0284597
0.0289281
0.0279641
0.0281232
0.0273826
0.027645
0.0260651
0.0259199
0.0262521
0.0293765
0.0305953
0.0310385
0.0327158
0.0304593
0.0302396
0.031236
0.0267886
0.0254697
0.0262762
0.0255086
0.0267108
0.0255515
0.0255101
0.024697
0.0275538
0.0272357
0.0266806
0.026666
0.0262108
0.0264293
0.0272789
0.0251518
0.0287718
0.0279422
0.0262123
0.0255691
0.0247691
0.0244596
0.0234784
0.0253203
0.0266439
0.0270758
0.0279071
0.0287122
0.0263929
0.0255371
0.0257751
0.0254526
0.0281626
0.0293591
0.0269151
0.0273402
0.0259157
0.0246884
0.0290482
0.0244189
0.0241223
0.0260061
0.0251452
0.0268203
0.0264419
0.0273293
0.0255454
0.0252602
0.0262844
0.0277617
0.0273539
0.0260876
0.0259076
0.0258682
0.0272651
0.0257948
0.0265131
0.0256067
0.0257127
0.0254596
0.0249861
0.0260018
0.0260547
0.0253829
0.0247169
0.0317948
0.0306362
0.0309197
0.0303693
0.0290961
0.0287383
0.0249057
0.0269157
0.0257245
0.0266983
0.0261283
0.0269213
0.0317724
0.0252867
0.0275666
0.0248486
0.0257644
0.0249474
0.0258057
0.0260021
0.0235771
0.024526
0.0296483
0.0295174
0.0294099
0.0281513
0.0291715
0.0281233
0.0237664
0.0249166
0.0243719
0.024377
0.0267322
0.0264259
0.0278866
0.0265031
0.0259857
0.0241564
0.0249221
0.029841
0.0305472
0.0266971
0.0300634
0.0286576
0.0265478
0.0245217
0.0258731
0.0295598
0.0302511
0.0315508
0.0295279
0.0324319
0.0299567
0.0282512
0.0244098
0.03174
0.0310909
0.0335027
0.0332631
0.0315524
0.0314366
0.0307399
0.0275241
0.0266986
0.0273259
0.0291946
0.0269346
0.0262105
0.027109
0.0252215
0.0249057
0.0243054
0.0245752
0.0307258
0.0267358
0.0293227
0.0287278
0.0315013
0.0257683
0.0257611
0.0262444
0.0249083
0.025775
0.0272556
0.025561
0.0277983
0.0281636
0.0280194
0.027534
0.028587
0.0261419
0.0279639
0.0281326
0.0274596
0.0274068
0.0281948
0.0287993
0.0294907
0.0292581
0.0287271
0.0283539
0.0287329
0.0247635
0.0242217
0.0294343
0.0295298
0.0297338
0.0287129
0.0278795
0.027058
0.0240739
0.0291769
0.030201
0.0289659
0.0287438
0.0278169
0.027209
0.0230309
0.0223396
0.0237569
0.0234938
0.0247924
0.0248554
0.0250407
0.0241622
0.0235826
0.0265848
0.0261736
0.0243703
0.0257679
0.0260032
0.0258396
0.0230413
0.0262781
0.027692
0.0273791
0.0274074
0.0264738
0.026344
0.027335
0.026811
0.0272377
0.0238881
0.0284689
0.02701
0.0296849
0.0283826
0.0261168
0.0263223
0.0267149
0.0296425
0.0242915
0.0253097
0.0254827
0.0260496
0.0266645
0.0271045
0.0276817
0.0267683
