0.0271696
0.0362302
0.0253528
0.0271818
0.0272477
0.0241635
0.0249782
0.022685
0.0225394
0.0222406
0.0246705
0.0219508
0.0237235
0.021504
0.0216906
0.0218621
0.0224602
0.0220798
0.0231551
0.0232463
0.0260781
0.0225328
0.0234801
0.0219872
0.0223487
0.0224675
0.0226296
0.0248444
0.0229192
0.0221222
0.0227608
0.0236812
0.0227513
0.0243723
0.0253895
0.0252256
0.0243588
0.025694
0.025855
0.023292
0.0238477
0.0269247
0.024203
0.0252848
0.0240699
0.0246237
0.0222523
0.0241259
0.0224497
0.0236488
0.0225253
0.0218661
0.0236572
0.0258597
0.0256934
0.0223794
0.0247597
0.0230804
0.0216483
0.0224132
0.0228691
0.0234459
0.0262867
0.0244404
0.0233087
0.0240091
0.0227308
0.0245246
0.0237218
0.0226761
0.0225573
0.0226229
0.0214624
0.0225887
0.0220745
0.0241234
0.0256178
0.0227055
0.0223107
0.0216825
0.022619
0.0221556
0.0222597
0.0241482
0.0249689
0.0209957
0.0226644
0.0230818
0.0216594
0.0230294
0.0225094
0.0219936
0.0228471
0.0224282
0.0229427
0.023666
0.0231175
0.0223496
0.0228048
0.0223988
0.022204
0.0226073
0.0227171
0.0221399
0.0217088
0.0241519
0.0254065
0.0243107
0.0250217
0.0245091
0.0234856
0.0226725
0.0217192
0.0225541
0.0266648
0.0237829
0.023253
0.0252519
0.0267629
0.0262894
0.02241
0.0230805
0.022084
0.032519
0.0282316
0.0250009
0.0266297
0.0250559
0.0234467
0.0246696
0.0244194
0.0285074
0.024695
0.0457192
0.0345316
0.0424791
0.0354547
0.0338093
0.0451891
0.046268
0.0433829
0.0471845
0.0420903
0.0466539
0.0485502
0.0476103
0.0467075
0.045715
0.0503726
0.0499723
0.049623
0.0532585
0.0464462
0.0518128
0.0491881
0.0431628
0.0480921
0.0537695
0.0539067
0.0523282
0.0529387
0.0477233
0.0476186
0.048896
0.0483352
0.0486465
0.0520279
0.0500957
0.0499569
0.0511618
0.0562853
0.0488751
0.0501969
0.0464082
0.0494631
0.0530585
0.0541807
0.052136
0.0470673
0.0558045
0.0539184
0.039298
0.0385537
0.0471249
0.0487633
0.0470988
0.0465901
0.0432356
0.0441252
0.0510745
0.0466045
0.042983
0.0486073
0.0478026
0.0415999
0.0533525
0.0455014
0.0452626
0.0406046
0.0392181
0.0446642
0.0405374
0.0447688
0.0438723
0.0426281
0.0387862
0.0422269
0.0435537
0.0472706
0.0496001
0.0488234
0.0483978
0.0470485
0.0462535
0.0434611
0.0438847
0.047361
0.0477067
0.0429927
0.0446847
0.0459762
0.0490938
0.0508798
0.042598
0.0463969
0.0428888
0.0484205
0.0460024
0.0470606
0.046698
0.0506892
0.0459067
0.0414659
0.0431776
0.0481716
0.058664
0.0462176
0.0460862
0.0414316
0.0484424
0.0426112
0.0420653
0.0394956
0.0437171
0.0422819
0.0430573
0.0403072
0.0388292
0.0443003
0.0481677
0.0659491
0.0389884
0.0399027
0.04526
0.046249
0.0501616
0.0447297
0.0644921
0.0513927
0.0456255
0.050743
0.0463763
0.0453832
0.0430027
0.0435267
0.051406
0.0455349
0.0418166
0.0445848
0.045339
0.0453631
0.0455756
0.0504363
0.0483396
0.0503961
0.0449512
0.0460785
0.0426259
0.0444754
0.0418565
0.0456922
0.0423873
0.0442132
0.043795
0.0429152
0.0425148
0.0419498
0.0389035
0.0424822
0.0421659
0.0412806
0.0389499
0.0387856
0.0420554
0.042175
0.0403167
0.0382591
0.0387658
0.0420472
0.0439484
0.0414599
0.0436431
0.0434286
0.0470463
0.045517
0.047786
0.043587
0.0413656
0.044041
0.0458445
0.0430389
0.0415461
0.0415193
0.0396791
0.0433037
0.051912
0.0421432
0.0377898
0.0374654
0.0376795
0.0370661
0.0375721
0.0392108
0.0411705
0.038294
0.0463679
0.0415316
0.0412134
0.0388551
0.0434152
0.0453398
0.0435031
0.0412688
0.0396083
0.040155
0.043256
0.0471177
0.0433215
0.0408024
0.0418051
0.0394048
0.041471
0.0447477
0.0444979
0.048453
0.0463972
0.0470557
0.0441392
0.0413748
0.0424383
0.042439
0.0445461
0.043043
0.0441047
0.0459218
0.0496171
0.0505421
0.0486979
0.0470762
0.0468156
0.0429649
0.0493127
0.0450558
0.0456078
0.0471998
0.0462
0.0474378
0.0475145
0.0451728
0.043861
0.0414706
0.0439235
0.0455361
0.041349
0.0438068
0.0449956
0.0455377
0.0502077
0.0473469
0.0480052
0.0444771
0.0452904
0.0481513
0.0463874
0.0449501
0.0502765
0.0475535
0.0445898
0.0466173
0.0448551
0.0458556
0.0422064
0.0460329
0.0476319
0.0495819
0.0421814
0.0459461
0.0470826
0.0439048
0.0449483
0.0481402
0.0484758
0.0467517
0.0456757
0.0491321
0.0476411
0.0488567
0.0458803
0.0508666
0.0540248
0.0466294
0.0468325
0.0429066
0.0436161
0.0439862
0.0433973
0.0461144
0.0447137
0.0497075
0.0480588
0.0463949
0.0512292
0.0480217
0.0494296
0.04414
0.0517826
0.0497554
0.045446
0.042158
0.0483084
0.0440533
0.0472416
0.0423237
0.0471433
0.0499594
0.0494351
0.0467575
0.0474662
0.0450069
0.039433
0.0392648
0.0473998
0.0423816
0.0436348
0.0411525
0.0407046
0.0416597
0.0392791
0.0424009
0.044378
0.0485385
0.0434845
0.0448499
0.0441131
0.0443998
0.0473364
0.041874
0.0436992
0.0525846
0.0554399
0.0473977
0.044508
0.0426606
0.0425228
0.0416603
0.0412803
0.0404616
0.0402576
0.0404757
0.0461437
0.0447619
0.0448396
0.0432838
0.0419256
0.041885
0.0412158
0.0448043
0.0411309
0.0426681
0.0462559
0.044469
0.049006
0.0411473
0.0423288
0.0420099
0.0459916
0.0478985
0.0403953
0.041369
0.0434567
0.0431667
0.0451476
0.0417359
0.0446719
0.0411742
0.0420872
0.0418383
0.0436202
0.0440114
0.0407011
0.0470895
0.0456481
0.0491599
0.0400804
0.042283
0.0389906
0.0378584
0.0375865
0.0437668
0.0410455
0.0454024
0.0453866
0.0391982
0.039121
0.0380783
0.0429709
0.0409282
0.0425601
0.0362528
0.0354246
0.0384398
0.036156
0.035595
0.0398334
0.0436034
0.0444066
0.0428775
0.0454804
0.040081
0.0416179
0.0410396
0.0399821
0.0405373
0.0408158
0.0497308
0.0435486
0.0469673
0.0436576
0.0413767
0.0407773
0.0400403
0.0393185
0.0404938
0.039628
0.0415698
0.0441958
0.0451397
0.0483075
0.0468761
0.0410717
0.0449781
0.0487747
0.0505421
0.043781
0.0439305
0.0426321
0.0460518
0.0467374
0.0455057
0.0416994
0.0426023
0.046026
0.0475811
0.0453582
0.0441651
0.0444521
0.0428322
0.0442356
0.0425487
0.0431081
0.0417432
0.0430531
0.0414863
0.039952
0.040995
0.0385234
0.0392534
0.0379473
0.0395259
0.04078
0.0364314
0.0359401
0.0408016
0.0416811
0.0392626
0.0411389
0.0438417
0.0429986
0.0460034
0.0419996
0.0395014
0.0392642
0.0389095
0.040334
0.0393625
0.0404462
0.039568
0.0430133
0.0418801
0.0452442
0.0439488
0.0421538
0.0438436
0.0419609
0.0427712
0.043514
0.0443171
0.044526
0.0453893
0.0445545
0.0432916
0.0406391
0.0412442
0.044449
0.0442253
0.0447428
0.0465475
0.0481341
0.0489869
0.0466511
0.0475487
0.0413631
0.0423629
0.0459488
0.0445261
0.0439343
0.0427641
0.0439075
0.0452592
0.0423201
0.0428337
0.043092
0.0446052
0.0457723
0.044777
0.0464624
0.0472739
0.0467164
0.0453486
0.0475233
0.0443093
0.0443463
0.0426955
0.0412637
0.0409069
0.0434728
0.0448276
0.0454638
0.0436459
0.0437691
0.0432834
0.0418434
0.0453639
0.0433522
0.0415151
0.043015
0.0430841
0.0437579
0.0449349
0.0422646
0.0423063
0.0436977
0.0400002
0.0399909
0.0384479
0.0398963
0.0434533
0.0437065
0.0439902
0.0430084
0.0465144
0.0493974
0.0502534
0.0551204
0.0508508
0.0431785
0.0429852
0.0412759
0.0413173
0.0379332
0.038081
0.0397137
0.0418411
0.0453972
0.0426406
0.0444504
0.0423873
0.0422986
0.04163
0.0409313
0.0446326
0.04192
0.0411672
0.0434184
0.0463447
0.0450316
0.0432428
0.0415937
0.0447604
0.0455799
0.0486692
0.0429573
0.0423345
0.0465006
0.0475243
0.0473029
0.0462278
0.0427009
0.0420236
0.0412622
0.0422641
0.0443667
0.042796
0.0471786
0.0462233
0.0444578
0.0435241
0.0426654
0.0418625
0.0403941
0.0427811
0.0410407
0.0434566
0.0420969
0.0449697
0.0436851
0.0383217
0.0426
0.0425105
0.0436059
0.0436967
0.0446206
0.0460892
0.0472658
0.0436405
0.0450221
0.0450833
0.0518619
0.046662
0.0465375
0.0492448
0.0481643
0.0450151
0.0442774
0.0435895
0.0435486
0.0443453
0.0414797
0.0447147
0.0437805
0.0449898
0.0483689
0.0468464
0.0454748
0.0459435
0.0455866
0.0445488
0.0467224
0.0491479
0.0445353
0.0462823
0.0494276
0.0469247
0.0442804
0.0451236
0.047155
0.0475878
0.0458264
0.0471056
0.0460191
0.0478709
0.0493678
0.0456206
0.0449457
0.0440153
0.0449823
0.0450319
0.0445129
0.0473149
0.0491012
0.0546611
0.0451254
0.0442671
0.0443699
0.0456045
0.0434946
0.0461488
0.0523788
0.0428656
0.0442102
0.0440581
0.0460746
0.0458761
0.0421313
0.0396562
0.0404322
0.0403327
0.0401449
0.0436392
0.0413388
0.0444198
0.0452944
0.0420372
0.0398974
0.045267
0.0401226
0.0398869
0.0401523
0.042701
0.0404867
0.0439338
0.0440495
0.0444322
0.0447958
0.0477021
0.0446953
0.0443635
0.0446406
0.0440878
0.046537
0.0487679
0.0456544
0.0425095
0.0414454
0.0443571
0.0428563
0.0457473
0.0458391
0.0491272
0.0505815
0.0490252
0.0477043
0.0463106
0.0435105
0.0436809
0.0429784
0.0432141
0.0454887
0.0425821
0.0455776
0.0461625
0.0397794
0.0393522
0.0396911
0.0394772
0.0380192
0.0404387
0.0382689
0.0415451
0.0402875
0.0433746
0.0426076
0.0430073
0.041244
0.0425306
0.0436241
0.0480167
0.042038
0.0443082
0.0458488
0.0456504
0.0433629
0.0447773
0.0487564
0.0443066
0.0431116
0.0420516
0.0419769
0.0448422
0.0440212
0.0460446
0.047639
0.0484409
0.0446452
0.0451806
0.0448417
0.0466796
0.0455418
0.0487794
0.0446984
0.0482789
0.0426927
0.0445367
0.039603
0.042772
0.0407631
0.041
0.039652
0.0412604
0.0436755
0.0469724
0.0479708
0.0432938
0.04528
0.0425712
0.0479573
0.0493359
0.0413275
0.0448
0.0386257
0.0389186
0.039988
0.0471132
0.0402694
0.0387149
0.0355073
0.0404861
0.0394667
0.0412373
0.0398349
0.0350764
0.0378749
0.0397966
0.0392515
0.0355514
0.0344612
0.0379341
0.0342429
0.0367173
0.032938
0.0314824
0.0330116
0.0316943
0.0339097
0.0285593
0.0394268
0.0302401
0.0341385
0.0310018
0.0301634
0.0341858
0.0282906
0.0340974
0.0329097
0.0366718
0.029095
0.0322405
0.0305882
0.0319526
0.0291147
0.0303797
0.0283418
0.0308396
0.0269113
0.0272489
0.0338824
0.0286848
0.036594
0.029028
0.0259326
0.0256809
0.0280877
0.0285957
0.031968
0.0365375
0.0319986
0.0258343
0.0255073
0.025186
0.0310581
0.0246761
0.0248051
0.024995
0.0292963
0.0325625
0.0331441
0.0301675
0.0287433
0.0268657
0.030433
0.0281187
0.036328
0.0339991
0.040559
0.0276271
0.0276862
0.0267105
0.0266665
0.0269338
0.0255212
0.0256946
0.0309571
0.0278969
0.0328388
0.0267794
0.0281413
0.0266498
0.0259001
0.0271605
0.0257647
0.0250321
0.0260521
0.0311114
0.0317927
0.030171
0.0288969
0.0268667
0.0263996
0.0297628
0.0266853
0.0315127
0.0306621
0.0335497
0.0309711
0.0284681
0.0287252
0.029705
0.0293895
0.0299518
0.0278923
0.0347352
0.0354268
0.0332565
0.0326053
0.0588075
0.030879
0.0309076
0.0306417
0.0369634
0.0357879
0.033562
0.0317166
0.0313885
0.0295171
0.035946
0.0317019
0.0337888
0.0333655
0.0300987
0.0303946
0.0279629
0.0280308
0.0385254
0.0257362
0.0265683
0.0255876
0.0297254
0.0291947
0.0303298
0.0278649
0.027513
0.028993
0.0278451
0.0332915
0.0302808
0.0294205
0.0287656
0.0306061
0.0282859
0.029507
0.0309939
0.0335566
0.0327823
0.031467
0.0325699
0.0283088
0.0284822
0.0286566
0.0297487
0.032205
0.0321458
0.0287587
0.0288938
0.0292432
0.0279995
0.0312148
0.0350967
0.0354283
0.0322646
0.0315508
0.0334839
0.0322917
0.0315831
0.0365289
0.0313773
0.0300514
0.0316739
0.0292777
0.0331782
0.0335789
0.0326001
0.0288035
0.0277614
0.0286321
0.0283069
0.0283756
0.0393584
0.0319733
0.0279078
0.0301542
0.0331124
0.032926
0.0325743
0.032408
0.0288251
0.0283895
0.0335901
0.0311469
0.0284443
0.0284301
0.0277028
0.0267373
0.0270364
0.0303062
0.0300045
0.0278816
0.0291416
0.0298169
0.0350446
0.0313722
0.0308058
0.0307954
0.035184
0.0343821
0.0313044
0.0339285
0.0308676
0.0314656
0.0348369
0.0317768
0.0323824
0.0393593
0.038322
0.0370381
0.0357842
0.0321866
0.0333015
0.032241
0.0390998
0.0329939
0.0360694
0.0333616
0.0350335
0.0388562
0.0299465
0.0298846
0.0312826
0.0314454
0.0330057
0.0305538
0.028623
0.0290717
0.0309512
0.0306863
0.0296609
0.0333382
0.0312302
0.0296652
0.0334109
0.0318817
0.0283132
0.0297616
0.0279291
0.0302854
0.0309477
0.0314773
0.0297901
0.0313178
0.033464
0.0310064
0.0346505
0.0290565
0.0324761
0.0343911
0.0271447
0.0250988
0.0261357
0.0356368
0.0284363
0.0272026
0.0238891
0.0237293
0.0234748
0.0256545
0.0232146
0.0249393
0.0237676
0.0322348
0.0268496
0.0259376
0.0261798
0.0267104
0.0269177
0.0292498
0.0275343
0.0265756
0.0283423
0.0313583
0.0281629
0.0285401
0.0284718
0.0268584
0.0274484
0.0280915
0.0289694
0.03111
0.0307916
0.0298795
0.0309156
0.0319362
0.0316527
0.0303781
0.0315063
0.0330674
0.0322354
0.0344337
0.0344952
0.0348281
0.0336959
0.034655
0.0303967
0.0302018
0.0292253
0.0299353
0.029506
0.0288529
0.0319039
0.0312872
0.0311706
0.0342973
0.0311433
0.0320161
0.0306432
0.03886
0.0346283
0.0345409
0.0405507
0.0393275
0.0364069
0.0352004
0.0350271
0.0351381
0.0321129
0.0311769
0.0323762
0.0326521
0.0370644
0.0346662
0.0339948
0.0339532
0.0339276
0.0359406
0.0347107
0.0334995
0.0344756
0.0359663
0.0403942
0.0386165
0.0372241
0.0350517
0.0356212
0.0372174
0.035746
0.0364463
0.0343808
0.0396827
0.0395103
0.0408201
0.0377055
0.0353773
0.0415159
0.036894
0.0356896
0.0360541
0.0390031
0.0407699
0.0378451
0.0353356
0.0379845
0.0345909
0.0354558
0.0364335
0.0357137
0.0344872
0.0381274
0.0404381
0.0369184
0.0386279
0.0350369
0.0350109
0.0331218
0.0328049
0.0346658
0.0326715
0.0430847
0.0385446
0.0390788
0.0374353
0.0362092
0.0332711
0.0337312
0.0426491
0.0389859
0.0344382
0.0341521
0.0367394
0.0335312
0.0355759
0.0325854
0.0337162
0.032278
0.0355183
0.0348844
0.0325816
0.0332086
0.0368606
0.0353269
0.0370749
0.0340517
0.0359287
0.0379441
0.0393807
0.0354056
0.0366547
0.0340846
0.0355029
0.0339421
0.0329677
0.0402154
0.0333355
0.0387416
0.0309555
0.0309816
0.0311866
0.030502
0.0343622
0.0350214
0.0328396
0.0357095
0.0355208
0.0334423
0.0324464
0.0387269
0.0378105
0.0343162
0.0328051
0.034391
0.0366259
0.0372063
0.0338375
0.0344194
0.0354027
0.0380491
0.0404805
0.0351021
0.0319596
0.0383653
0.0337601
0.0311365
0.0345134
0.0310535
0.0334887
0.0331489
0.0308781
0.0318792
0.0328854
0.0322925
0.0305639
0.0335473
0.0418851
0.0314044
0.0310977
0.0331173
0.0342692
0.0315219
0.0323992
0.0393803
0.0388081
0.0360108
0.0351112
0.0329487
0.0333879
0.0337137
0.0348441
0.0346486
0.0374908
0.0351835
0.034579
0.0334331
0.0384267
0.0353897
0.0317014
0.0324485
0.0383612
0.0397973
0.0356392
0.0310552
0.0333158
0.0356477
0.0320052
0.0327189
0.0369553
0.0367804
0.0340794
0.0358205
0.0303087
0.0305852
0.0300869
0.0298702
0.029785
0.0301979
0.0339162
0.0335722
0.0323642
0.0361107
0.0308911
0.0311394
0.0309274
0.031471
0.0299989
0.0317667
0.0325983
0.0375778
0.0339964
0.0322332
0.0315765
0.0303796
0.0311483
0.0342816
0.0314791
0.0350269
0.0337928
0.0364373
0.0358953
0.0350358
0.0341338
0.035219
0.0375206
0.0358314
0.0339973
0.0369518
0.0372568
0.0321176
0.0334689
0.0317274
0.0328585
0.034574
0.0357784
0.0317971
0.0326861
0.0309242
0.0342616
0.037697
0.041477
0.0372756
0.0352582
0.0350381
0.034545
0.0330145
0.0354464
0.0333016
0.036773
0.0343265
0.0362773
0.0394158
0.0360174
0.0372774
0.0341135
0.0352295
0.0327638
0.0309321
0.0307093
0.035182
0.0345091
0.032542
0.0322661
0.0313321
0.0314694
0.0354258
0.0350901
0.0345249
0.0393691
0.0347959
0.0340512
0.0346012
0.0361497
0.0355778
0.0346796
0.0327096
0.03279
0.0325195
0.0309559
0.0351009
0.034088
0.0314764
0.0332602
0.0343761
0.031467
0.0349965
0.0345574
0.0338058
0.0329449
0.0393149
0.0338835
0.0368145
0.034168
0.0340631
0.036733
0.0391975
0.0373744
0.032701
0.0352344
0.0338454
0.0329095
0.0312573
0.0304561
0.0378529
0.0367337
0.0354885
0.0368748
0.035672
0.0364096
0.0347418
0.0346433
0.0343432
0.034215
0.0414136
0.0374553
0.0383282
0.0328127
0.0328568
0.0322815
0.0306663
0.0314799
0.034543
0.0321574
0.0334823
0.03431
0.0338638
0.0367089
0.0347468
0.0388889
0.0344531
0.0342381
0.0337818
0.0372269
0.0330756
0.0367336
0.0417012
0.0386637
0.0333821
0.0331735
0.0320474
0.0335426
0.0348154
0.0305349
0.0321833
0.037105
0.0371129
0.032188
0.035585
0.0358237
0.0369171
0.0342166
0.0349992
0.0362391
0.0334196
0.0370476
0.0373473
0.0374047
0.0312982
0.0324699
0.0310332
0.0319412
0.0315654
0.0307317
0.0343303
0.0340058
0.0316401
0.0346655
0.032816
0.0333428
0.0394123
0.0337927
0.0316909
0.0328165
0.0382487
0.0434319
0.0391646
0.0380964
0.0353131
0.036518
0.035017
0.0355022
0.0341672
0.0352576
0.0410407
0.0381749
0.0366512
0.0376289
0.0337514
0.037899
0.0326392
0.0318069
0.0345893
0.0319063
0.0373922
0.0375433
0.035392
0.0332422
0.0323536
0.0322702
0.0324043
0.0317633
0.0341142
0.0340244
0.0366624
0.0369424
0.035551
0.0354831
0.0348409
0.0334061
0.0326093
0.03426
0.0376758
0.0391997
0.0329263
0.0330729
0.0328401
0.0298144
0.0325698
0.0325832
0.0348888
0.0336131
0.0318177
0.0329902
0.0305691
0.0307959
0.0304705
0.0337522
0.0347554
0.0366345
0.0357418
0.0310446
0.0297741
0.0287755
0.0293382
0.0319752
0.0351008
0.0310858
0.0300919
0.0294295
0.0330716
0.0323745
0.0331015
0.0324176
0.0354991
0.036282
0.0339424
0.033968
0.0341618
0.031443
0.0324227
0.0308086
0.0319613
0.0304091
0.0333851
0.0353504
0.0308924
0.0304875
0.0286489
0.0278538
0.0286566
0.0322935
0.0280408
0.0278217
0.0304899
0.0323848
0.0301143
0.0294991
0.0289379
0.0285013
0.0308995
0.0313745
0.0299098
0.0303173
0.032178
0.0344402
0.0307084
0.0315826
0.0338964
0.0381998
0.0324302
0.030979
0.0318199
0.0303475
0.0310659
0.0318602
0.0345683
0.0337826
0.0334786
0.0328571
0.0283412
0.0281752
0.0284405
0.0288121
0.0307489
0.0311353
0.0307908
0.0330458
0.0316127
0.028451
0.0323441
0.0283045
0.0288158
0.0305389
0.038051
0.0339804
0.0395905
0.0331531
0.0328363
0.0287428
0.0313528
0.026539
0.0274642
0.0278621
0.0307754
0.0309288
0.0300417
0.0290382
0.0288891
0.030425
0.0284142
0.0301266
0.0303876
0.0310564
0.0287051
0.0357667
0.0379896
0.0331233
0.0335248
0.0336065
0.0347455
0.0305327
0.0339025
0.0331675
0.033023
0.0360995
0.0349305
0.0305307
0.0301834
0.0303052
0.0317605
0.029335
0.0297899
0.0311954
0.0301958
0.0313622
0.0329653
0.0294971
0.033178
0.0332411
0.0337938
0.0373741
0.0324353
0.0344137
0.0317757
0.0331414
0.0331649
0.0353825
0.0349655
0.0331089
0.0371566
0.0338436
0.0302566
0.0297512
0.030306
0.0301168
0.0308162
0.0301339
0.0299837
0.0301467
0.0306659
0.0331067
0.0343624
0.0306546
0.0336311
0.0337681
0.0342407
0.0343705
0.0337913
0.0318138
0.0325475
0.033756
0.041561
0.0306513
0.030354
0.0302218
0.0287264
0.0287619
0.029642
0.0321664
0.0297517
0.0310466
0.0330031
0.039237
0.0341294
0.0328019
0.0338412
0.0349909
0.0332631
0.030184
0.0325689
0.033729
0.0390282
0.0370954
0.0290575
0.029705
0.0285115
0.0285538
0.0300055
0.0302368
0.0309482
0.0316828
0.0359049
0.0326192
0.0323306
0.0352362
0.0333482
0.0319208
0.0346195
0.0351974
0.0358231
0.0322866
0.0334823
0.0314486
0.0295321
0.0304983
0.0317763
0.033707
0.0299323
0.0308159
0.0291849
0.0293172
0.0292221
0.0321128
0.032435
0.0320985
0.0317677
0.0309825
0.0326488
0.032224
0.0343138
0.0317195
0.0327065
0.0350873
0.0395182
0.0322237
0.0320919
0.0349812
0.0312253
0.0299835
0.0300378
0.0336481
0.0296512
0.0320309
0.0328127
0.0366257
0.0307961
0.0335161
0.0334997
0.0335069
0.0317821
0.0317267
0.0318299
0.035108
0.0364052
0.0361061
0.0345336
0.0321693
0.0337636
0.0322613
0.0343819
0.0368361
0.0377091
0.031106
0.0305234
0.0318279
0.0301708
0.0304195
0.0338235
0.0326539
0.0336802
0.0375331
0.0385459
0.0332113
0.0349739
0.0309447
0.0305487
0.0307288
0.03509
0.0332929
0.0352052
0.0314381
0.031618
0.0350254
0.0369002
0.0329515
0.0353333
0.0315665
0.0327403
0.0357576
0.0333342
0.0309139
0.0310306
0.0318053
0.0336255
0.0328612
0.0343065
0.0328108
0.036983
0.0375364
0.0323301
0.0329481
0.0307179
0.031225
0.0311546
0.0314734
0.0309028
0.0304448
0.0334474
0.0344776
0.0361218
0.0328843
0.0352846
0.032751
0.0367976
0.0349068
0.0348189
0.033901
0.0375215
0.0393111
0.0365728
0.0318359
0.0330575
0.0324674
0.0320847
0.0325715
0.0344361
0.0336731
0.0384433
0.0395091
0.0355649
0.0350533
0.0348527
0.0318754
0.0313506
0.0316113
0.0311522
0.0349286
0.037979
0.0373557
0.0342925
0.0325104
0.0353544
0.0346624
0.0373744
0.0367564
0.0326687
0.0356737
0.0386707
0.039637
0.0387085
0.0331043
0.034545
0.0317954
0.032314
0.0331945
0.0317156
0.0316035
0.0394123
0.0429648
0.0396234
0.0354433
0.0344715
0.0343894
0.03343
0.0434223
0.035162
0.035825
0.041886
0.0364196
0.031519
0.031462
0.0358083
0.0315278
0.0335359
0.0362143
0.0342917
0.0349987
0.0372529
0.040848
0.0337857
0.0358967
0.0373962
0.0316522
0.0312693
0.0311918
0.0314756
0.0373815
0.0359231
0.0339063
0.0352198
0.0341088
0.0327663
0.0341759
0.0364339
0.034996
0.0337904
0.0402836
0.0345175
0.0383894
0.0312831
0.0316242
0.0323841
0.0311074
0.0325129
0.0344884
0.0337602
0.0381906
0.0380049
0.0380885
0.0338695
0.0360307
0.0318686
0.0308156
0.031382
0.0317816
0.0326087
0.0363916
0.0339814
0.0326288
0.0330334
0.0347051
0.0335536
0.0342249
0.0337585
0.0337913
0.0347714
0.0396716
0.038444
0.0356619
0.0322463
0.0312504
0.0316822
0.0313986
0.0323886
0.0320468
0.0338906
0.0360051
0.0417202
0.0369386
0.0370202
0.0363167
0.0377531
0.0357353
0.0385077
0.0328934
0.0369573
0.0352735
0.0339805
0.0345672
0.0340027
0.031932
0.0341915
0.0347171
0.0357005
0.0355708
0.0360009
0.0422637
0.037303
0.0333015
0.0363192
0.0322272
0.0325601
0.0324731
0.032966
0.0357747
0.0349269
0.0404141
0.0414665
0.0356868
0.0350668
0.0320495
0.0335974
0.0309587
0.0319074
0.0329353
0.0346506
0.0418034
0.039324
0.0354815
0.0373955
0.0355997
0.0342238
0.0343002
0.0331047
0.0367171
0.0343865
0.0362676
0.0405879
0.0363122
0.0328194
0.0346527
0.0365938
0.0342838
0.0354493
0.0427782
0.0399976
0.0372409
0.0352641
0.0339646
0.0316736
0.0307366
0.0308977
0.0316075
0.0343755
0.0349761
0.0380892
0.037951
0.0346892
0.0369946
0.0372516
0.033101
0.0357932
0.0361203
0.0393868
0.0374151
0.034806
0.033996
0.0322869
0.0327829
0.0326021
0.0332455
0.0320209
0.0333457
0.0380629
0.0376592
0.0363727
0.0354066
0.0376648
0.0340446
0.0370276
0.0345969
0.0332487
0.0325566
0.0325436
0.0322238
0.0332835
0.0339058
0.0356617
0.0364073
0.0343004
0.0329885
0.0342958
0.0402396
0.0367598
0.0361028
0.0345053
0.0316695
0.0299864
0.031121
0.0327086
0.0337125
0.0315345
0.0320017
0.0308216
0.034632
0.0349265
0.0338097
0.0396844
0.0355412
0.0340135
0.0341418
0.0337922
0.0348285
0.0365187
0.0344413
0.0360663
0.0304388
0.030144
0.0338043
0.0330673
0.0354054
0.0347825
0.0334551
0.0349492
0.0336288
0.0351272
0.0349418
0.0396902
0.038494
0.0333658
0.0306747
0.0312311
0.0319668
0.0372798
0.0342284
0.0343444
0.0320298
0.0329652
0.0354552
0.0338658
0.041646
0.0368051
0.030508
0.0299604
0.0301078
0.0292211
0.0311686
0.0310352
0.032456
0.0312061
0.030356
0.0342518
0.0327458
0.0312356
0.0272341
0.0272004
0.0280271
0.0264886
0.0284514
0.0265618
0.0286769
0.0291656
0.0281747
0.0266354
0.0316313
0.0266447
0.0270251
0.0301625
0.0268143
0.0297251
0.0298428
0.0275764
0.0301785
0.0274169
0.0284117
0.0250813
0.0272495
0.0315961
0.0277026
0.0316491
0.0335318
0.032958
0.0305481
0.0317489
0.030938
0.0350751
0.0306005
0.0292775
0.027279
0.0286345
0.0279949
0.0276883
0.0291473
0.0302044
0.0325895
0.0296868
0.029921
0.0292395
0.036926
0.0280761
0.0273611
0.0286273
0.0256768
0.0289926
0.0296311
0.0249137
0.0265309
0.0263321
0.0306645
0.0335884
0.0290703
0.0308062
0.0321558
0.0289962
0.03044
0.0289678
0.0290821
0.0294107
0.0251643
0.0247158
0.0257942
0.0255078
0.0251911
0.0256291
0.0265934
0.0260636
0.0322364
0.0300092
0.0317481
0.0339977
0.0291911
0.0294668
0.0300518
0.0299122
0.0268434
0.0266398
0.0313365
0.0279674
0.0260644
0.0288303
0.0277407
0.0271366
0.0262548
0.0274792
0.0270817
0.0270834
0.0246974
0.0273031
0.027608
0.031651
0.0242941
0.0275178
0.0248341
0.0245418
0.0233174
0.0262088
0.0233309
0.0261418
0.0263792
0.028113
0.024027
0.0252619
0.0259935
0.0235675
0.0242308
0.0214605
0.0232471
0.0234708
0.0219028
0.0211585
0.0189259
0.0202124
0.0188122
0.0187594
0.0219199
0.0204268
0.0207585
0.0247953
0.0225449
0.0226421
0.0224615
0.0284199
0.0202374
0.0209961
0.0206488
0.0219269
0.0213347
0.0193086
0.0200661
0.0192475
0.0198089
0.0217863
0.0219003
0.0196327
0.0213874
0.0213759
0.0201277
0.0220278
0.0191947
0.0191508
0.0198076
0.0236317
0.0210029
0.0206893
0.0195165
0.0290629
0.0216698
0.0182595
0.0178126
0.0179976
0.0184345
0.0177296
0.0206535
0.0193189
0.0219703
0.0236929
0.021697
0.022889
0.0231542
0.0223886
0.0204432
0.0219717
0.0239009
0.0245308
0.0254263
0.0265955
0.0221173
0.0220015
0.021195
0.0248542
0.0222274
0.0208076
0.0206894
0.0208995
0.0224927
0.0222112
0.0220736
0.0213559
0.0203906
0.0217707
0.0168034
0.0251353
0.0236001
0.0247703
0.0241894
0.0269317
0.0253339
0.0273366
0.027508
0.0252283
0.0254185
0.0294264
0.0246813
0.0271935
0.0254579
0.0262878
0.0273008
0.0264419
0.0259145
0.0281886
0.024546
0.0237026
0.025946
0.0246266
0.0237648
0.0235768
0.0234224
0.0283809
0.027255
0.0269987
0.0274892
0.0290623
0.0275936
0.0269127
0.0270464
0.0276622
0.0305957
0.0329502
0.0319326
0.0319057
0.0324564
0.0305809
0.0293387
0.02702
0.026887
0.0272877
0.0279104
0.0283499
0.0274582
0.030714
0.0304077
0.0294627
0.0307337
0.0304332
0.0283844
0.0292523
0.0274399
0.0334977
0.0298961
0.0296097
0.0293964
0.0296719
0.0285371
0.028761
0.028704
0.0319973
0.0309455
0.0311806
0.0336543
0.0577827
0.0330007
0.0328755
0.0304398
0.0305995
0.029724
0.0303455
0.0302422
0.0315516
0.0368381
0.0324093
0.0326103
0.0372802
0.0314078
0.0325239
0.0328816
0.0331903
0.0327507
0.0336072
0.0380697
0.0356283
0.0304432
0.0319424
0.0321876
0.0326168
0.0340623
0.0352881
0.036989
0.0367372
0.0358015
0.0359046
0.0365643
0.0345931
0.0357877
0.0321072
0.0309557
0.0314329
0.0346035
0.0331766
0.0334362
0.0366267
0.0357
0.0309232
0.0319097
0.031011
0.0314144
0.0397766
0.0321763
0.0315852
0.0338985
0.0366027
0.0386234
0.0392953
0.0347134
0.0332527
0.0348141
0.0323337
0.0340953
0.0322856
0.0306655
0.0347309
0.0348045
0.033581
0.0371402
0.0338765
0.0354411
0.0364654
0.0338778
0.0345681
0.0349536
0.0352148
0.0404865
0.0374303
0.0317252
0.0320207
0.0317928
0.0321226
0.0316616
0.0365708
0.0411228
0.0328834
0.0363799
0.0379958
0.0339024
0.0304551
0.0318349
0.0326355
0.0365634
0.0384321
0.0356596
0.0349853
0.0344813
0.0351608
0.0330816
0.0328303
0.0313283
0.0365197
0.0353475
0.0350366
0.0336199
0.0336044
0.0376874
0.035374
0.0363687
0.0359656
0.0333261
0.0361357
0.0381688
0.034642
0.0350114
0.0335614
0.0327641
0.0333434
0.0344051
0.0320262
0.0354853
0.033931
0.0362013
0.0375848
0.0370717
0.0329735
0.032805
0.0333148
0.0320022
0.0321777
0.0341687
0.0380565
0.0388669
0.0369738
0.0386179
0.0344144
0.0341616
0.0318559
0.0361547
0.033168
0.0328397
0.0344315
0.0391281
0.0377371
0.0389132
0.0361841
0.0383778
0.0360752
0.03242
0.0331857
0.0333729
0.0367987
0.0380478
0.0365301
0.037891
0.0382491
0.0360707
0.0385658
0.0367289
0.036534
0.0355587
0.0330727
0.0326125
0.0322979
0.0353521
0.0351039
0.0351591
0.0339082
0.0353723
0.0342732
0.0352037
0.0331904
0.0416276
0.0367627
0.0412566
0.0338666
0.0340597
0.0370352
0.0356168
0.034377
0.036751
0.0364664
0.0360305
0.0415
0.0421755
0.0334722
0.0331472
0.0335467
0.0334019
0.0378333
0.0349582
0.036748
0.0643364
0.0359597
0.038514
0.0327695
0.0318132
0.0382343
0.0355232
0.0361868
0.0390238
0.0372292
0.0384304
0.0378251
0.0366372
0.031403
0.0317235
0.0357085
0.0354305
0.0342958
0.0370989
0.0394788
0.0363237
0.0382282
0.0363394
0.033783
0.0363256
0.0323041
0.0348944
0.0343734
0.035522
0.0354905
0.0379635
0.0367167
0.0355781
0.0366742
0.0330726
0.0333572
0.035244
0.035129
0.0366751
0.0343548
0.0349862
0.0363675
0.0391975
0.0357101
0.0353954
0.0388446
0.0411811
0.0349166
0.0333742
0.0339639
0.0344104
0.0368118
0.0348947
0.0346086
0.0345171
0.0662582
0.0409732
0.0370706
0.0355998
0.0354567
0.0333011
0.0323192
0.033445
0.0322113
0.0319698
0.0318727
0.0344432
0.039399
0.0373992
0.0378449
0.0350528
0.035311
0.0348762
0.0341684
0.0365961
0.0377149
0.0370193
0.0325483
0.0331208
0.0315457
0.037351
0.0366153
0.0335622
0.0350742
0.0354196
0.0380505
0.0449728
0.0335743
0.031987
0.0362773
0.032355
0.034312
0.0345931
0.0360843
0.0333965
0.0367226
0.0419756
0.0329807
0.033858
0.0330969
0.0320426
0.03504
0.0386085
0.0339213
0.0344144
0.0355309
0.0366888
0.0342736
0.0344776
0.0337634
0.0385916
0.0361251
0.0322852
0.0346794
0.0334943
0.0384754
0.0430064
0.035691
0.0349379
0.0325752
0.0337511
0.034295
0.0335641
0.0355181
0.0343503
0.0352853
0.0356078
0.0369981
0.0347934
0.0337057
0.0328964
0.0352837
0.0331561
0.0361765
0.0391747
0.0375319
0.040932
0.0410732
0.0333327
0.0331732
0.0359665
0.0359366
0.0372994
0.0350751
0.0387725
0.050863
0.0376487
0.0331532
0.0335949
0.0326976
0.0318516
0.0321914
0.0357137
0.0399122
0.046251
0.0421845
0.0344813
0.0335733
0.0329284
0.0325972
0.0333489
0.0364065
0.0362573
0.0379629
0.0453251
0.0382842
0.033426
0.033352
0.0322865
0.0326135
0.0331958
0.0339083
0.0367238
0.0361847
0.0373764
0.0403038
0.0347843
0.0336704
0.032816
0.0337808
0.0367804
0.0372029
0.0344694
0.0351222
0.037761
0.0436348
0.0346548
0.0346253
0.0338142
0.034404
0.0359782
0.0392409
0.0357178
0.0362093
0.0384338
0.0395643
0.0364791
0.037528
0.0383773
0.0356454
0.0384366
0.0362199
0.0393468
0.0323491
0.0341263
0.0338203
0.0393651
0.0404957
0.0363137
0.0346519
0.0369266
0.0336774
0.0331111
0.0344468
0.0363068
0.0363032
0.0396809
0.0411717
0.039348
0.0358453
0.033511
0.0333563
0.0340163
0.0331573
0.0348766
0.0374273
0.0347816
0.0364587
0.0416502
0.0374971
0.0369719
0.0330239
0.033972
0.0323349
0.033149
0.0346254
0.0394768
0.0404815
0.0358376
0.0383885
0.0347146
0.0334919
0.0328849
0.0343131
0.0343991
0.0340212
0.0349475
0.0394512
0.0419047
0.0393422
0.0343133
0.0328188
0.0340741
0.0345506
0.0344934
0.0363279
0.036863
0.0407545
0.0402549
0.0397785
0.0375525
0.0331154
0.032363
0.035577
0.0342747
0.0340935
0.0347752
0.0354332
0.0381815
0.0412388
0.0372877
0.0389838
0.0332638
0.0332267
0.0327815
0.0328842
0.0325974
0.0330909
0.0326927
0.0360955
0.0387341
0.0396753
0.0351005
0.0340815
0.0322341
0.0329662
0.0335628
0.0331977
0.03543
0.0357416
0.0406447
0.0369424
0.0325378
0.032027
0.0330231
0.03292
0.0347061
0.0361579
0.0411306
0.0414652
0.0384384
0.0325795
0.032017
0.0389484
0.0367382
0.0334418
0.036431
0.0394474
0.0343421
0.036761
0.0366563
0.0321798
0.0326069
0.0322548
0.0344443
0.0340417
0.0339494
0.0414842
0.0405449
0.0387483
0.035341
0.0333905
0.0327801
0.0352497
0.0358295
0.03892
0.0428245
0.0383955
0.036365
0.0400832
0.0322567
0.0330256
0.0322514
0.0355374
0.0359672
0.0350942
0.0399915
0.0378843
0.0337945
0.0326401
0.0329966
0.0328272
0.0320241
0.035526
0.0360158
0.0371813
0.0334274
0.0400801
0.0327396
0.0326949
0.0328397
0.0342568
0.0377689
0.0333492
0.0380593
0.0410352
0.0389005
0.0325381
0.0355647
0.0326669
0.0341829
0.0334742
0.0342758
0.0334956
0.0384844
0.0365432
0.033188
0.0340944
0.0330933
0.0340739
0.0328834
0.0334927
0.035658
0.0340598
0.0372663
0.0396765
0.0351973
0.0328185
0.0332898
0.0336827
0.0351212
0.0360556
0.0366143
0.0344386
0.0367007
0.0389309
0.0354789
0.0340298
0.0363847
0.0389217
0.0347437
0.0356259
0.0349909
0.0319954
0.0399327
0.0382411
0.0369004
0.0387434
0.0390957
0.0365559
0.0379784
0.0346795
0.0376291
0.0337987
0.0382827
0.0370915
0.0377183
0.037568
0.0378861
0.0382578
0.0355919
0.0387064
0.0397435
0.0331873
0.0359047
0.0370124
0.0385854
0.0342592
0.0358991
0.0361097
0.0352197
0.0383004
0.036608
0.036044
0.0358896
0.0354495
0.0393777
0.0364695
0.0359636
0.0384689
0.0355096
0.0371428
0.0421737
0.0329937
0.0372036
0.0387469
0.037063
0.0368064
0.0376934
0.0392908
0.0391433
0.0368471
0.034319
0.034224
0.0385185
0.0403364
0.0412558
0.0397795
0.0382478
0.0376976
0.0374241
0.034702
0.0347515
0.0356456
0.039802
0.038897
0.0419109
0.039752
0.0381551
0.038728
0.036468
0.0341978
0.0337004
0.0344323
0.0384596
0.0408764
0.0395246
0.0385072
0.0367509
0.0341719
0.0343637
0.0375761
0.035721
0.0358194
0.0369922
0.0408364
0.0431375
0.0377234
0.0372484
0.0342598
0.0335699
0.0340533
0.0333033
0.0364807
0.0368533
0.0397918
0.0403328
0.0390524
0.0356055
0.0393968
0.0351255
0.0350969
0.0334285
0.034485
0.0351216
0.0376992
0.0382702
0.0361027
0.0310694
0.0328612
0.0312194
0.0314361
0.0326699
0.0383406
0.0370004
0.0310678
0.0297801
0.0295176
0.0299703
0.0302175
0.033026
0.0349607
0.0339552
0.0323048
0.0345597
0.0353336
0.0338959
0.0307193
0.0320255
0.0363398
0.0338807
0.0306886
0.032109
0.0314084
0.034909
0.03163
0.0322032
0.0348172
0.035369
0.036433
0.0319756
0.0316811
0.0328728
0.0349123
0.0336882
0.0323924
0.0338966
0.0372027
0.0381015
0.032432
0.0342682
0.0433965
0.0342554
0.0331523
0.0351288
0.0394365
0.0366982
0.0387391
0.042885
0.0395537
0.03519
0.0346783
0.0327199
0.0366288
0.0355783
0.0354876
0.0423948
0.0449073
0.0401652
0.0353124
0.0371993
0.0353821
0.0374195
0.0375599
0.0358339
0.0367155
0.0409785
0.0398278
0.0366728
0.0351576
0.0353237
0.0351854
0.0363752
0.0387139
0.0384688
0.0378182
0.0381245
0.0402316
0.0653133
0.0390878
0.0355748
0.0358204
0.0334023
0.0336097
0.0340382
0.0360238
0.0412212
0.0398496
0.03829
0.0361754
0.0392324
0.0357758
0.0351404
0.0337203
0.0347574
0.0353772
0.0393244
0.0402338
0.0453156
0.0391777
0.0388034
0.0344697
0.0358528
0.0345805
0.0360144
0.0374606
0.0437068
0.0434061
0.039201
0.038585
0.0412915
0.0376709
0.0340745
0.0370304
0.0374586
0.0350669
0.0375872
0.0430029
0.044091
0.0404386
0.0435927
0.0356748
0.0412472
0.0422691
0.0408882
0.0382861
0.0388182
0.0390595
0.0396195
0.0424923
0.044334
0.0437201
0.0379555
0.0390241
0.0400365
0.0434617
0.0449529
0.0408216
0.0396292
0.0393729
0.0392893
0.0358472
0.0344583
0.0348253
0.0374611
0.0422832
0.0397333
0.0394821
0.0364314
0.0353442
0.0379191
0.0347606
0.0347614
0.0352545
0.0367342
0.0390222
0.0416233
0.0376538
0.0384597
0.036409
0.0365922
0.0336279
0.0338604
0.0340928
0.0407776
0.0373816
0.0412299
0.0421374
0.0372397
0.0368692
0.0359112
0.0436765
0.0352904
0.0376452
0.0393374
0.0425577
0.0407059
0.0392682
0.0458938
0.0343045
0.0346938
0.0401336
0.0373283
0.0392052
0.0416258
0.0410778
0.0375463
0.0369337
0.0392137
0.0460625
0.0334544
0.034439
0.0360805
0.0393337
0.0432745
0.0420353
0.0412743
0.0382984
0.0375411
0.0351647
0.0340138
0.0336843
0.0351169
0.0350597
0.0380126
0.0402265
0.0418553
0.038274
0.0381777
0.0404181
0.0415276
0.0351406
0.0348977
0.0357123
0.0412765
0.0448197
0.0408114
0.043282
0.0370381
0.035618
0.0440414
0.0422702
0.036213
0.0401476
0.042961
0.0428602
0.0453357
0.0381119
0.0366096
0.0360375
0.0350653
0.0363352
0.037244
0.0383971
0.0408564
0.0400148
0.0415409
0.0362324
0.0363511
0.0367384
0.0355367
0.0351061
0.036734
0.0387284
0.0417015
0.0497488
0.0410229
0.0478214
0.0366517
0.0349794
0.0393537
0.0367682
0.0382495
0.0381781
0.0442012
0.0352589
0.0345992
0.0357689
0.0355237
0.038499
0.0364267
0.0372519
0.0360782
0.0384661
0.0376949
0.034488
0.0351125
0.0335907
0.0348314
0.036016
0.0367662
0.0359666
0.0413963
0.0423136
0.0358217
0.0349755
0.0347766
0.0379419
0.0369501
0.0399591
0.03713
0.0373796
0.0354805
0.0362879
0.0365281
0.0365214
0.0384155
0.0365887
0.0382839
0.0383068
0.0369746
0.0352783
0.0358879
0.0380777
0.040903
0.0424976
0.0395558
0.0392788
0.0361878
0.0362007
0.0352262
0.0352819
0.0373131
0.040852
0.0428845
0.040766
0.0373768
0.039374
0.0345155
0.0341522
0.0353873
0.0341623
0.0365927
0.0395528
0.0458914
0.0382191
0.0374556
0.0415163
0.03489
0.0362711
0.0348433
0.0390625
0.0396399
0.0433416
0.0450959
0.0360576
0.036391
0.0365877
0.0368179
0.039113
0.0403555
0.063427
0.0374562
0.0414953
0.041854
0.0371071
0.0372611
0.0363714
0.0375968
0.0385308
0.0377581
0.0368325
0.0380802
0.0422032
0.0379023
0.0385122
0.0374529
0.0397126
0.0427363
0.0360673
0.0374648
0.0391702
0.0369624
0.0357005
0.0372954
0.0393155
0.037212
0.0374831
0.0358022
0.035532
0.0360298
0.0388113
0.0369778
0.0407285
0.038876
0.0388095
0.0381466
0.0386201
0.0350385
0.0348788
0.0371145
0.0409647
0.0418707
0.0399582
0.0396798
0.0386473
0.0342809
0.0362676
0.0350167
0.0431281
0.0395642
0.0506837
0.0400159
0.0419564
0.0355668
0.0359853
0.0373342
0.0422227
0.0369263
0.0372089
0.0381565
0.0433707
0.0440926
0.0384064
0.0356509
0.0389109
0.0366232
0.0383877
0.0382836
0.0389474
0.0369023
0.0394335
0.0390804
0.0381737
0.0371683
0.0411162
0.040608
0.0385368
0.0382956
0.0342614
0.034544
0.0407353
0.0389637
0.043722
0.0424522
0.0391662
0.0396208
0.0385685
0.0364016
0.0343967
0.0414655
0.0383872
0.0381579
0.0390325
0.0390478
0.036808
0.0385873
0.0344372
0.0346644
0.0347594
0.0350656
0.0454616
0.0411234
0.0404949
0.0401923
0.0345577
0.0360985
0.0349233
0.0351747
0.0359635
0.0385746
0.0497393
0.0419464
0.0395343
0.0372701
0.0339145
0.0391102
0.0378608
0.0381837
0.0379374
0.038461
0.0384382
0.0330211
0.0329941
0.0347138
0.0404061
0.0383623
0.0414468
0.0373935
0.0401462
0.0389484
0.0364786
0.0335471
0.0342559
0.0374802
0.0405737
0.043119
0.0464303
0.0378428
0.0355465
0.0328316
0.0346365
0.0349122
0.0365024
0.0372521
0.0428392
0.040292
0.0419203
0.0348062
0.0357916
0.0353854
0.0369113
0.0396381
0.038202
0.0383493
0.040018
0.0392635
0.0363361
0.0372396
0.0371362
0.0368503
0.038578
0.0336432
0.0344154
0.0332008
0.0350215
0.0389231
0.037879
0.03765
0.0368701
0.0397336
0.0367687
0.035139
0.0357952
0.0326931
0.0340184
0.0356668
0.0376963
0.0401073
0.0362615
0.0386179
0.0339357
0.033244
0.0359517
0.0357684
0.0356363
0.0400521
0.0390978
0.0344848
0.0330404
0.0342078
0.0332664
0.0386842
0.0381146
0.0359339
0.0440946
0.0417207
0.0380518
0.0334141
0.0351483
0.04119
0.0371778
0.0344604
0.0405506
0.0343215
0.0354247
0.0395392
0.039125
0.0394335
0.0367183
0.0327799
0.0323879
0.032867
0.0332371
0.0362689
0.0442172
0.0380256
0.0343039
0.0330841
0.0336116
0.0332312
0.0380256
0.0357662
0.0363792
0.0348846
0.0349647
0.0377201
0.0339223
0.0344257
0.0370727
0.0396548
0.0360792
0.0351899
0.0352162
0.036001
0.034397
0.0408535
0.0419617
0.035325
0.0352074
0.0337266
0.0328802
0.0382171
0.0375807
0.034832
0.035849
0.0403811
0.0403094
0.0351957
0.0351436
0.0351975
0.0372175
0.0357463
0.0361793
0.0368726
0.0348945
0.0403759
0.0351108
0.0338148
0.0347625
0.0354837
0.0418119
0.035805
0.034196
0.0347336
0.0349394
0.0344003
0.0375412
0.0373455
0.0363868
0.0372366
0.0379347
0.0396943
0.0343234
0.0336685
0.0335034
0.0355956
0.0358079
0.0399322
0.0378642
0.0379401
0.0362015
0.0324207
0.0339887
0.034805
0.0390378
0.0406502
0.0370057
0.0401583
0.0390533
0.0382128
0.0370229
0.0377767
0.0416032
0.0407015
0.0413572
0.0345653
0.0346838
0.0381062
0.0428557
0.0405577
0.0358823
0.037415
0.0400697
0.0393647
0.0405224
0.0378121
0.037669
0.0422279
0.0377499
0.0439401
0.0360444
0.0351774
0.0364595
0.036162
0.0407075
0.0437079
0.044992
0.0380489
0.0407961
0.0353616
0.035671
0.0369827
0.0399015
0.0413513
0.0403533
0.0425843
0.0409551
0.0412562
0.0378865
0.0374244
0.0390727
0.0407341
0.0406601
0.0391033
0.04101
0.0374545
0.0414995
0.0397316
0.0400378
0.0408458
0.0421903
0.0387413
0.0402439
0.036311
0.0365519
0.0368482
0.042481
0.0418691
0.0441609
0.0394746
0.0382821
0.0403031
0.0375891
0.0364776
0.0369422
0.0380408
0.0436411
0.0388365
0.0393766
0.0382049
0.0389419
0.0411303
0.040336
0.064313
0.0392881
0.0387274
0.0389339
0.0373176
0.0437204
0.0383978
0.038203
0.0383787
0.0375482
0.038965
0.044528
0.0430825
0.0360541
0.0368062
0.0362607
0.0365721
0.039275
0.0432724
0.040569
0.0390385
0.0363435
0.0360002
0.0399691
0.0450686
0.0414025
0.0394407
0.0399494
0.0357186
0.0350702
0.039518
0.0386204
0.0433379
0.0325201
0.0365237
0.0376128
0.0366602
0.0354051
0.0409926
0.0360002
0.0444538
0.0361101
0.0310551
0.0341166
0.0327905
0.0387287
0.0338343
0.0344587
0.0288866
0.0303614
0.0326505
0.0372155
0.035165
0.0316418
0.0319396
0.0291823
0.0300486
0.0355907
0.0360123
0.0375941
0.0356957
0.0356499
0.0324033
0.0334366
0.0325725
0.0324626
0.0350687
0.0325528
0.0359599
0.0353627
0.043644
0.041747
0.0341176
0.0354482
0.0355857
0.0366933
0.0361385
0.034804
0.0328171
0.03158
0.0323967
0.0331781
0.0338343
0.0343254
0.0331065
0.0300652
0.0280455
0.0267279
0.0328231
0.0365394
0.0314987
0.0333257
0.0333705
0.0311908
0.0357443
0.0270841
0.0336534
0.0340245
0.0370317
0.0336939
0.0287165
0.028262
0.0274895
0.038012
0.0329442
0.0383053
0.0286224
0.0272331
0.0285695
0.0324021
0.0343537
0.0411579
0.0333733
0.0312521
0.0294355
0.0283825
0.0330841
0.0338449
0.0360887
0.0336825
0.0345394
0.0325207
0.0286723
0.0324569
0.0327362
0.0355969
0.0316497
0.0328563
0.0307246
0.0285694
0.0282911
0.0309846
0.0313874
0.0339905
0.0314303
0.0288803
0.028631
0.0322711
0.0329112
0.0324931
0.0323142
0.0331552
0.030408
0.0410654
0.0391546
0.032542
0.030947
0.0344906
0.0334345
0.0389726
0.0368146
0.0329067
0.0311645
0.0297146
0.0337121
0.0318861
0.0376637
0.0330985
0.0290967
0.0299465
0.0293449
0.0325297
0.0339376
0.035563
0.0313035
0.0301686
0.0291425
0.0305761
0.0279088
0.0336643
0.03838
0.0356707
0.0327904
0.0306368
0.0274804
0.0277046
0.0312041
0.0299066
0.0332808
0.0306932
0.0326048
0.0430168
0.0291803
0.0287619
0.0285732
0.0289315
0.0290123
0.0297288
0.0364979
0.0424585
0.0288941
0.0289462
0.028377
0.02746
0.0283639
0.0331954
0.0287336
0.0283888
0.0315738
0.0316868
0.0284543
0.0312157
0.0294606
0.029488
0.0296025
0.0288077
0.0321076
0.0360542
0.0281262
0.0276489
0.0275453
0.0291955
0.0291394
0.0295758
0.0306225
0.0295371
0.0263659
0.028305
0.0314899
0.032649
0.0316778
0.0306963
0.0303321
0.029022
0.0259646
0.0255119
0.0280052
0.030003
0.0316947
0.0344494
0.0327725
0.0304964
0.032828
0.0298502
0.0314406
0.0339699
0.0272576
0.0269668
0.0282413
0.0303746
0.0293067
0.0301821
0.0286271
0.0252348
0.0287564
0.0288899
0.0290935
0.0310013
0.0328268
0.0331557
0.0290889
0.0262397
0.0272362
0.0270276
0.0305728
0.0335899
0.0366831
0.0335679
0.0314756
0.0295452
0.0271933
0.0299269
0.0304736
0.0323476
0.0294008
0.032191
0.0294344
0.029607
0.0271107
0.0285009
0.0310741
0.0355705
0.034604
0.0318018
0.0343431
0.029212
0.0279123
0.029534
0.0327137
0.060173
0.0383949
0.0372784
0.0362995
0.0299598
0.0351479
0.0349539
0.037266
0.0338554
0.0317482
0.0306942
0.0360961
0.0317908
0.0345335
0.0303684
0.0313018
0.0356536
0.0339298
0.0325898
0.0324222
0.029507
0.0304595
0.0372865
0.0331281
0.0342616
0.0316812
0.0286156
0.0305774
0.0329811
0.0328663
0.0331025
0.0312714
0.031288
0.0330577
0.0322737
0.0313755
0.0317589
0.0340877
0.0328211
0.0325607
0.032995
0.0330774
0.0295041
0.029894
0.0338553
0.0410016
0.035845
0.039575
0.0428249
0.0345854
0.0355878
0.0366575
0.0381556
0.0359681
0.0427332
0.0383972
0.0380233
0.0409115
0.0446518
0.0417321
0.0420549
0.0401243
0.0462493
0.0394837
0.0385218
0.039735
0.0437053
0.043119
0.037654
0.035971
0.036459
0.0353027
0.0409095
0.0343399
0.0368849
0.0330355
0.0328762
0.0360514
0.0416055
0.0344071
0.0302458
0.0305369
0.0315163
0.0327692
0.0358011
0.0337109
0.0362789
0.0321345
0.0301301
0.0305354
0.0356562
0.0328581
0.0319279
0.0295704
0.0308046
0.0315559
0.0332473
0.032204
0.0354298
0.0326133
0.0355821
0.0351766
0.0318871
0.0363768
0.036853
0.0388823
0.0407099
0.0384712
0.0356282
0.0342562
0.0328443
0.0346717
0.03716
0.0390161
0.0377007
0.0324252
0.0321327
0.0387047
0.0427455
0.0399188
0.0343413
0.0360356
0.0347897
0.0333647
0.0323812
0.0350695
0.0370075
0.0344743
0.0440748
0.0349491
0.0361129
0.033186
0.0343182
0.0363514
0.036211
0.0348904
0.0349594
0.0422553
0.0410097
0.0377542
0.038467
0.0399503
0.0385295
0.0361579
0.0329879
0.0339234
0.034692
0.0357613
0.0447315
0.0440395
0.0483208
0.0373365
0.0344881
0.0395485
0.0377826
0.0381796
0.0330432
0.0333719
0.0341451
0.0402433
0.0415651
0.0439642
0.0359249
0.0360397
0.0347576
0.037675
0.0366834
0.0363156
0.0363106
0.0396085
0.0381478
0.0387475
0.0356425
0.0368389
0.0362774
0.0616421
0.0386863
0.0373346
0.0401644
0.0403781
0.0414245
0.0401772
0.0413991
0.0405864
0.0393422
0.035688
0.0355637
0.0358904
0.038544
0.0377139
0.0411112
0.0446792
0.0428157
0.0408242
0.038488
0.0392827
0.0377745
0.0462672
0.0349836
0.0357518
0.0368367
0.0467487
0.0430342
0.0503476
0.0360773
0.0363706
0.0411142
0.0417036
0.038712
0.0414088
0.0422073
0.0391106
0.0405034
0.0376045
0.0368049
0.0380374
0.0430273
0.039246
0.0440673
0.034063
0.0375169
0.0338424
0.0364678
0.03629
0.0341882
0.0316752
0.0380435
0.0360492
0.0388876
0.038266
0.0373484
0.0324453
0.0322632
0.0341845
0.0389498
0.0434138
0.0662667
0.0414525
0.0404232
0.0399142
0.0458711
0.0405673
0.0407951
0.042215
0.0401273
0.042887
0.0396851
0.0402826
0.0420337
0.0410751
0.0423938
0.0424501
0.0396645
0.0358848
0.0356876
0.0378326
0.0446215
0.0428432
0.043002
0.0365474
0.0356792
0.0376545
0.0404658
0.0420173
0.0400508
0.0352995
0.036256
0.0401658
0.0415001
0.0461336
0.054581
0.0394398
0.0377312
0.0415316
0.0379456
0.0386936
0.0375615
0.0403467
0.0395187
0.0448282
0.0375437
0.0358376
0.0370538
0.036914
0.0369492
0.0425021
0.0428292
0.0418859
0.0435329
0.0375233
0.0375172
0.0411865
0.0441562
0.0450527
0.0441629
0.0404199
0.0378407
0.0403522
0.0403448
0.039106
0.0370208
0.0393118
0.0371266
0.0441888
0.0409646
0.0454047
0.0437405
0.0412014
0.0394312
0.0412031
0.0396701
0.0418456
0.0361784
0.035982
0.039689
0.0430026
0.0473089
0.0417671
0.0391517
0.0384139
0.0429085
0.0406678
0.0393648
0.0419123
0.0459151
0.0401536
0.0415849
0.0444255
0.0411285
0.0416242
0.0368092
0.036986
0.0359768
0.036093
0.0375437
0.0411304
0.0377705
0.0373084
0.0380234
0.0403117
0.0371485
0.0368633
0.0353896
0.0419392
0.0378139
0.0431622
0.0406447
0.038978
0.0351862
0.0398571
0.0364121
0.04171
0.0395251
0.0441876
0.0411659
0.0416606
0.0381413
0.0397189
0.0428437
0.0407027
0.0414759
0.0384337
0.0379759
0.042588
0.0453525
0.044522
0.0393949
0.0386375
0.0400988
0.0380908
0.0411692
0.0379366
0.0480391
0.0366321
0.039471
0.0385177
0.0356477
0.0377964
0.0413214
0.0374512
0.0385822
0.0374402
0.0349749
0.0419703
0.0419464
0.0443062
0.0353033
0.036567
0.0372447
0.0393753
0.040891
0.0499908
0.0443215
0.0438698
0.039231
0.0425149
0.0403884
0.0404673
0.0370164
0.0365554
0.0381187
0.0427365
0.043384
0.0433774
0.0379491
0.0370381
0.0375068
0.0378739
0.041008
0.0399579
0.040379
0.0428416
0.0393986
0.0383531
0.041551
0.0377223
0.0382143
0.0379697
0.0461926
0.0405585
0.0418094
0.045318
0.0402482
0.0385399
0.0371833
0.0401678
0.0406817
0.0406999
0.0391895
0.0413897
0.0366265
0.0398744
0.0426853
0.0461818
0.0423608
0.0374362
0.034742
0.0335412
0.0376486
0.0381404
0.0407202
0.0361364
0.0325896
0.0353313
0.0340964
0.0384822
0.0362352
0.0384458
0.0363675
0.0397581
0.0370712
0.0424074
0.0440197
0.0375322
0.0359337
0.0390488
0.0357428
0.0374379
0.0411627
0.0472173
0.0465532
0.0457723
0.0421065
0.0435324
0.041669
0.0420204
0.0406559
0.0372619
0.0384068
0.041786
0.0423592
0.0401257
0.0447935
0.0351811
0.0356201
0.0366025
0.0400712
0.0407105
0.0418122
0.0401976
0.0411143
0.0396614
0.040295
0.0432036
0.041047
0.0385901
0.0418853
0.0389865
0.0411057
0.0394149
0.0479297
0.0477836
0.0567887
0.0432265
0.0472026
0.0400075
0.0427596
0.0417698
0.0405565
0.0449792
0.0436495
0.0398745
0.0425019
0.0434424
0.0397798
0.0360701
0.0368093
0.0374139
0.0377206
0.0368664
0.0408991
0.0457229
0.0455194
0.0411554
0.0392616
0.0368325
0.0407434
0.041963
0.0412245
0.0403322
0.0426958
0.0417524
0.0423078
0.0430613
0.0470311
0.043623
0.0503657
0.0436408
0.0436178
0.0460447
0.0438519
0.0418073
0.0443497
0.0401398
0.0466319
0.0425793
0.042559
0.0473728
0.0437859
0.0442497
0.0419998
0.0446507
0.0440524
0.0446943
0.039988
0.0395963
0.040085
0.043697
0.0464795
0.0485206
0.0452864
0.0444733
0.0411135
0.0421433
0.0449235
0.0427649
0.0447165
0.0394402
0.0467339
0.0439542
0.0512892
0.0489099
0.0544733
0.0445569
0.0409369
0.04176
0.0439642
0.0445823
0.0462139
0.0442361
0.0437996
0.0467169
0.0427487
0.0418741
0.0424997
0.0390846
0.0399216
0.0404489
0.0422175
0.0466884
0.0427725
0.0437312
0.0414122
0.0416314
0.0445171
0.0427766
0.0381071
0.0398191
0.0421191
0.0490046
0.0424841
0.0469557
0.0415775
0.0402614
0.0440977
0.0419152
0.0410455
0.0407859
0.0405778
0.0430293
0.0455175
0.0479581
0.0442989
0.0493765
0.0406556
0.04044
0.0417658
0.0434085
0.0447967
0.0475133
0.0438261
0.0422391
0.0489288
0.0431797
0.042762
0.0393062
0.0404611
0.0418518
0.042583
0.0430819
0.046154
0.0453283
0.0434639
0.0438963
0.0427242
0.0424056
0.0437029
0.0406952
0.0389464
0.0399622
0.046272
0.0439539
0.0472734
0.0435427
0.0421837
0.0413833
0.041429
0.0428191
0.0402003
0.0445095
0.0409401
0.0407185
0.043788
0.0458566
0.0456623
0.0427256
0.0392488
0.0399118
0.0446392
0.0434265
0.0431306
0.0437764
0.0413376
0.0408149
0.0468462
0.0448618
0.0412629
0.044592
0.0380129
0.0387399
0.0392637
0.0410638
0.045356
0.0444522
0.0468054
0.0439196
0.0400551
0.0433316
0.0448191
0.0416204
0.0392025
0.0395088
0.0449084
0.0458749
0.0458501
0.0443964
0.0439767
0.0431246
0.042617
0.0431533
0.0440361
0.0455569
0.0426776
0.0422895
0.0493403
0.047333
0.0441908
0.0400845
0.0414123
0.0429028
0.0446069
0.0457331
0.0458258
0.0478708
0.0455248
0.0437689
0.0455521
0.0437776
0.0444191
0.0444105
0.0405896
0.0415773
0.0443805
0.0508794
0.0459736
0.0458276
0.0433313
0.042717
0.0430416
0.045175
0.0444452
0.0419346
0.0461463
0.043959
0.0465
0.0483306
0.0503115
0.0465291
0.0422226
0.043786
0.0435258
0.0450698
0.041668
0.0394782
0.0435413
0.0458414
0.0500537
0.0492192
0.0495038
0.0411163
0.0403382
0.043719
0.0414881
0.0403093
0.0413816
0.042546
0.040851
0.0433279
0.0465198
0.0450983
0.040301
0.0414795
0.0397016
0.0412522
0.0426197
0.0501995
0.043161
0.0428603
0.0454956
0.0459003
0.0478117
0.0400452
0.04116
0.0447918
0.0434211
0.0427507
0.0486002
0.0405781
0.0457028
0.0428213
0.0487844
0.0455361
0.0450143
0.0413117
0.0418539
0.0433281
0.0491074
0.0484736
0.0445622
0.043463
0.0415129
0.0430639
0.0446311
0.044122
0.043441
0.0409049
