0.0223236
0.0864552
0.0868886
0.0864369
0.0848898
0.0850298
0.086
0.0774117
0.0839264
0.0770333
0.0833793
0.0774904
0.0770065
0.0811845
0.0767645
0.0842473
0.0792078
0.0770727
0.0808163
0.0805852
0.081544
0.0801593
0.0184941
0.0201268
0.0742116
0.0711317
0.0713006
0.0746749
0.0722427
0.0714448
0.0729951
0.0713585
0.0701616
0.0696122
0.0721508
0.0685873
0.073946
0.0663496
0.0711697
0.0687413
0.0690578
0.066267
0.0724466
0.0701105
0.0663221
0.0173331
0.0198182
0.0700138
0.0630468
0.0629659
0.0646653
0.0673361
0.0576038
0.0626776
0.111414
0.0245862
0.0186553
0.0190029
0.0196125
0.0183734
0.0192572
0.0219519
0.0233299
0.0208246
0.0204854
0.0214125
0.0226419
0.0234133
0.0259242
0.0245717
0.0244706
0.0277615
0.0265788
0.0250412
0.0258736
0.0258645
0.0247321
0.0296912
0.0279569
0.0278777
0.0272452
0.0251436
0.0259116
0.0277471
0.0271788
0.0264183
0.0262031
0.029076
0.0266611
0.0273153
0.02731
0.0275889
0.027526
0.0258935
0.0290284
0.0278184
0.0276093
0.0286685
0.0289566
0.0226998
0.023512
0.0235135
0.0275288
0.0261414
0.0245021
0.0253422
0.0256114
0.0246096
0.0245382
0.0245481
0.0245484
0.0270083
0.0240993
0.0248052
0.0256417
0.025796
0.0240799
0.0262245
0.0266203
0.0274453
0.0275635
0.0272827
0.0274864
0.026916
0.0287159
0.0292919
0.0299876
0.0276859
0.0295248
0.0298914
0.0305399
0.0281736
0.029596
0.0306887
0.0303448
0.0299431
0.0276597
0.0303407
0.0304358
0.0316698
0.0310719
0.029912
0.0282215
0.0316626
0.0310378
0.031006
0.030763
0.0296445
0.03192
0.031008
0.030942
0.0311758
0.0290498
0.0313067
0.0322781
0.0325612
0.0305551
0.0309786
0.031102
0.0323411
0.0342444
0.0329702
0.0313581
0.0293933
0.0310445
0.0308159
0.0312828
0.0312724
0.0314839
0.0306499
0.0302347
0.0308454
0.0297877
0.0299549
0.030377
0.0298694
0.0293105
0.0319499
0.0314593
0.0327049
0.0308245
0.0292791
0.0322262
0.0306038
0.0319551
0.0319308
0.0327414
0.0327272
0.0334638
0.0318027
0.0322312
0.0294061
0.0313639
0.0308673
0.0314597
0.0311277
0.0328889
0.0288577
0.0321996
0.0300677
0.030947
0.030997
0.0308679
0.0310785
0.0330786
0.0312176
0.0319254
0.0347659
0.0330184
0.0321351
0.0316252
0.0305426
0.0307925
0.0307069
0.0299833
0.0300577
0.0314152
0.0317391
0.0319148
0.0310755
0.0294038
0.0265803
0.0302921
0.0288226
0.0294956
0.0291722
0.0294074
0.0264328
0.0292729
0.0280954
0.02863
0.0286857
0.0286208
0.0283814
0.0295054
0.0282042
0.028901
0.0316539
0.0288762
0.0313777
0.0310453
0.0302168
0.0309886
0.030296
0.028011
0.0298764
0.0291854
0.0287547
0.0293449
0.0298414
0.0288203
0.0301258
0.028959
0.0274463
0.0254737
0.0267572
0.029168
0.0289486
0.0296947
0.0299194
0.0286368
0.0306714
0.0308415
0.0286836
0.0292612
0.0295022
0.0296752
0.0313301
0.0305829
0.0315599
0.0317121
0.0304539
0.0316785
0.0335734
0.0299199
0.0298206
0.0313513
0.0307112
0.0314611
0.0305832
0.0295852
0.0279744
0.0319146
0.0313052
0.0310908
0.0328507
0.0314862
0.0316071
0.0296271
0.0304252
0.0306763
0.0302257
0.0316716
0.0337107
0.0307351
0.0317618
0.0276626
0.0292677
0.030391
0.0282579
0.0283859
0.0271752
0.0310866
0.0285802
0.0285321
0.0288655
0.0268973
0.0282952
0.0314232
0.0278811
0.0285419
0.0293283
0.0278703
0.0339956
0.0314334
0.0307407
0.0283044
0.0296489
0.030555
0.030756
0.0322657
0.0315932
0.0274345
0.0378097
0.028656
0.0303508
0.0301651
0.0281477
0.0314723
0.0289472
0.0301061
0.0301287
0.0299394
0.0313469
0.0294182
0.0303702
0.0290065
0.0273283
0.0286091
0.0296124
0.0293397
0.0295487
0.0264652
0.0291648
0.0286892
0.0268769
0.0266186
0.0256328
0.0282973
0.0268599
0.0281971
0.029846
0.0269478
0.0295197
0.027372
0.0282876
0.0286706
0.0251868
0.0285299
0.0281355
0.0275203
0.0271537
0.0250613
0.0266665
0.0270464
0.0268537
0.0267807
0.0258206
0.0280474
0.0277301
0.0292513
0.0272393
0.0224234
0.0251395
0.0244087
0.0216359
0.0229741
0.0205994
0.0214716
0.020766
0.0258025
0.0254415
0.021413
0.0233125
0.0216519
0.0230045
0.0264403
0.022323
0.024258
0.0230627
0.0231649
0.0222928
0.0223222
0.0255536
0.0242562
0.0254532
0.0237589
0.024274
0.0253871
0.026239
0.0273566
0.0248794
0.0255072
0.0224653
0.0302609
0.0320943
0.0268308
0.0269496
0.0229273
0.0247017
0.0285758
0.0246604
0.0269208
0.0250248
0.0259337
0.0239841
0.0248768
0.0261542
0.0288149
0.0279348
0.0271359
0.0253193
0.0258305
0.025494
0.0244939
0.0245962
0.0251205
0.0262232
0.0264331
0.0267198
0.0286667
0.0292973
0.0253148
0.0298354
0.0264406
0.0258497
0.0243904
0.0242877
0.0243048
0.0242331
0.0240162
0.02521
0.0282814
0.0272237
0.0283424
0.0273046
0.0266167
0.0277764
0.0282954
0.0281866
0.0292393
0.026587
0.0321926
0.0300945
0.0277115
0.0279282
0.0268313
0.0291045
0.0270085
0.0273008
0.0279899
0.0270757
0.0284389
0.0285281
0.0331091
0.0271008
0.0296145
0.0273579
0.0288218
0.0287494
0.029348
0.0293344
0.0271647
0.0285343
0.0282222
0.0281095
0.0258244
0.0275896
0.0306732
0.0296778
0.0296736
0.0294708
0.0259806
0.027858
0.0277711
0.0278056
0.0260788
0.025644
0.0265747
0.0264054
0.0262645
0.0282677
0.0266387
0.0287607
0.0286434
0.0286703
0.0273426
0.0307147
0.028376
0.0285089
0.027786
0.0275628
0.0245984
0.0273675
0.0257318
0.0269718
0.0275442
0.0285539
0.0273126
0.0300159
0.0306721
0.0287727
0.0305441
0.0299256
0.0279835
0.0260521
0.027007
0.0239629
0.0259014
0.0238913
0.0258199
0.0250876
0.0266516
0.0262826
0.0282962
0.0276195
0.027601
0.027138
0.0253855
0.0242702
0.0260124
0.0280361
0.0275434
0.0289793
0.0290292
0.0295992
0.0280509
0.0310201
0.0283955
0.0271917
0.0281474
0.0262854
0.0261794
0.0250476
0.0252422
0.0280014
0.023363
0.0258657
0.0248328
0.0243044
0.0215801
0.023287
0.023291
0.0222077
0.0247017
0.0244721
0.0259246
0.0247142
0.0305108
0.0284423
0.0288114
0.0278435
0.0268465
0.0276213
0.0272551
0.027526
0.0279382
0.025989
0.0275521
0.0299483
0.0293555
0.0299555
0.0290427
0.0283415
0.0266719
0.0261042
0.0270703
0.0251153
0.0262132
0.0240867
0.0235525
0.0234454
0.0240128
0.0244614
0.0238351
0.0247597
0.0241817
0.0260343
0.0242435
0.0244474
0.0238814
0.025873
0.0260082
0.0263426
0.0269216
0.0274295
0.0313316
0.0321199
0.0300611
0.0322963
0.0317319
0.0325185
0.0283193
0.0334279
0.027252
0.0247357
0.0236161
0.0228455
0.0226493
0.0235163
0.0252741
0.0263927
0.0248455
0.0297227
0.0284133
0.0333548
0.0281261
0.0373333
0.0315248
0.0305287
0.0342019
0.0342079
0.0323129
0.0302295
0.0314441
0.0284146
0.0292254
0.0316471
0.0309744
0.0298167
0.0285539
0.0285817
0.0289759
0.0284562
0.0292782
0.0292071
0.0296737
0.0302377
0.0287795
0.0311254
0.0307333
0.0297152
0.0295588
0.0306331
0.0292047
0.0272704
0.0271221
0.0281265
0.0258746
0.0264609
0.0261595
0.0262807
0.0242582
0.0241352
0.0285721
0.0265358
0.0280769
0.0314125
0.0285583
0.0286242
0.0291012
0.0333347
0.0297227
0.0270324
0.027555
0.0281962
0.0256931
0.0280623
0.0260397
0.0277441
0.0269997
0.0283797
0.029382
0.0306694
0.0287046
0.0268929
0.0297447
0.0263607
0.0264656
0.029066
0.0279437
0.0316668
0.028857
0.0334393
0.0296251
0.0286522
0.0291662
0.0278326
0.0291943
0.0288768
0.0265746
0.030677
0.0263869
0.0265026
0.0261667
0.0267223
0.0260855
0.0260955
0.0300525
0.0289104
0.0303938
0.0320997
0.0310692
0.0284558
0.0294418
0.0299478
0.0284656
0.0290753
0.0299302
0.0290216
0.0275948
0.0255931
0.0283688
0.0270895
0.0267374
0.0294218
0.0296423
0.0305463
0.0284066
0.0294598
0.0314722
0.0289014
0.0302127
0.0292554
0.0292627
0.0283015
0.0263244
0.0283443
0.027058
0.0282405
0.0279936
0.0288426
0.0288166
0.0265634
0.0316195
0.0273174
0.0277111
0.0309267
0.0283283
0.0274213
0.0269121
0.026896
0.0291299
0.0283327
0.0302335
0.0299166
0.0334551
0.0306027
0.0286886
0.0320697
0.0285841
0.0286436
0.029155
0.0320024
0.0282125
0.027065
0.0292182
0.0296203
0.0295811
0.0310263
0.0333965
0.0326216
0.0311142
0.0292171
0.0311246
0.0278374
0.0288194
0.0324168
0.029544
0.0311736
0.0291524
0.0306529
0.0327073
0.0302977
0.0290479
0.0304561
0.0317767
0.028439
0.0269682
0.0287073
0.0302244
0.0280888
0.0281567
0.0298023
0.031465
0.0303775
0.0278067
0.0288388
0.0285503
0.0278491
0.0271033
0.0279908
0.0291728
0.0295314
0.0268373
0.0280144
0.0296144
0.0259388
0.0300196
0.0295912
0.0272801
0.0276798
0.0247369
0.027418
0.0347457
0.0301811
0.0299333
0.0308471
0.0356166
0.0304135
0.0277374
0.0297289
0.0268876
0.027423
0.0295092
0.0293408
0.0305906
0.0272021
0.0277074
0.0284355
0.0267278
0.0262043
0.0265948
0.02603
0.0296307
0.0269825
0.0270899
0.029304
0.0313621
0.0315572
0.0320041
0.0317796
0.0311506
0.0282776
0.0355557
0.0308801
0.0314261
0.0311351
0.0300955
0.0300153
0.0274341
0.0267836
0.0298652
0.0251077
0.0259585
0.0261415
0.0267047
0.0278995
0.0258775
0.0270623
0.0296758
0.0257029
0.0298316
0.0310718
0.0277119
0.0271987
0.0262843
0.0284218
0.0260591
0.0269925
0.0282114
0.0292405
0.0313827
0.0295547
0.0289604
0.0312913
0.0283644
0.0273148
0.0291024
0.0301903
0.0288491
0.0287249
0.0285214
0.0317814
0.0281716
0.0286177
0.0301837
0.0294989
0.0281885
0.0264424
0.0279504
0.0296071
0.0255998
0.0251837
0.0261708
0.0249916
0.0291217
0.0221567
0.0225635
0.0241954
0.0234149
0.0248019
0.0243468
0.0228942
0.0225023
0.0234123
0.0280968
0.0238492
0.0231599
0.0227691
0.0218467
0.0202487
0.0211602
0.0227319
0.0236976
0.0211144
0.0201623
0.0195749
0.0175101
0.0174977
0.0187668
0.0163119
0.016542
0.0158074
0.0148116
0.0136548
0.0145752
0.0174704
0.0144072
0.0142055
0.0139649
0.0161685
0.0132827
0.0156521
0.0141856
0.0152848
0.0138253
0.0129882
0.0127677
0.0133894
0.0123295
0.012484
0.0124711
0.0116569
0.0112043
0.0119375
0.0118746
0.012038
0.0128755
0.0118041
0.0117604
0.0133496
0.0155357
0.0119229
0.0118522
0.0123694
0.0140459
0.0111457
0.0148929
0.0131257
0.0148069
0.0140072
0.0130376
0.0129545
0.0132642
0.0152938
0.0126922
0.0142434
0.0152116
0.015039
0.0149903
0.0136142
0.0151751
0.0155145
0.0158969
0.0156778
0.014219
0.0172842
0.0155022
0.0159431
0.015636
0.0151833
0.0143229
0.0148481
0.0172305
0.0157479
0.0163496
0.0193917
0.0175233
0.0190529
0.0172119
0.0164919
0.0173442
0.0177452
0.0160209
0.0184316
0.0189581
0.0167547
0.0217281
0.0153406
0.0176481
0.0171454
0.0167679
0.0154401
0.0174775
0.0216957
0.01807
0.0166155
0.0206147
0.0160383
0.0184905
0.019192
0.0180455
0.0171534
0.0163637
0.0213069
0.0179676
0.0222616
0.024462
0.0182813
0.0184437
0.0195199
0.0186305
0.0159403
0.0151282
0.0166776
0.0163571
0.0167784
0.0152986
0.0153415
0.018333
0.0182102
0.0167008
0.0179167
0.017344
0.0215527
0.0199028
0.0169295
0.0151522
0.0165641
0.0155843
0.0188991
0.015219
0.0170239
0.0174352
0.0168026
0.0158418
0.0192413
0.0181557
0.019909
0.0206119
0.019928
0.0191335
0.0168101
0.0188905
0.0174893
0.017826
0.021584
0.0213129
0.0188778
0.0167472
0.0179914
0.01739
0.0164385
0.0156165
0.0183899
0.0175585
0.0164036
0.0155835
0.0173818
0.0161284
0.0154239
0.0160999
0.0177925
0.0188719
0.0185435
0.0175249
0.0199247
0.0190679
0.0187924
0.0156196
0.0181855
0.0169606
0.0168914
0.0153547
0.0181142
0.018183
0.0201966
0.0163734
0.0216794
0.0242707
0.0193601
0.0219368
0.0199191
0.0183841
0.0171666
0.0153775
0.0179578
0.0167044
0.0170639
0.0163857
0.0174444
0.0171628
0.017308
0.0165206
0.0174211
0.0168158
0.0164483
0.0156537
0.0171011
0.0168205
0.0165863
0.0152795
0.0171482
0.0175168
0.0174091
0.0156847
0.0173644
0.0178054
0.0168464
0.0155252
0.0179034
0.0173813
0.0180338
0.0167628
0.0188038
0.0200349
0.0199028
0.015952
0.0180436
0.0180154
0.0172612
0.0187232
0.0186349
0.0183173
0.0177247
0.0176776
0.0180775
0.0168537
0.0161797
0.0153903
0.0208538
0.020694
0.0200954
0.0166654
0.0196471
0.0199353
0.0186049
0.017688
0.0189209
0.0196365
0.0174506
0.019849
0.0175446
0.0161085
0.0147166
0.0152505
0.0153676
0.0149451
0.0140307
0.0154794
0.0153661
0.0167553
0.0197736
0.0170173
0.0176086
0.0145982
0.0197269
0.0187914
0.0136445
0.0145181
0.0128068
0.0121802
0.0142054
0.0132664
0.0139636
0.0153233
0.0163723
0.0148065
0.0186624
0.0163532
0.0136527
0.0156455
0.0139717
0.0132721
0.0143271
0.0148501
0.0155056
0.0167784
0.0175748
0.0165471
0.0168939
0.0170361
0.0155551
0.0168397
0.0161445
0.0152653
0.0163782
0.0161952
0.0147027
0.0167899
0.0176507
0.0184699
0.0192684
0.0208415
0.018423
0.0178219
0.0186086
0.017757
0.0161256
0.0175498
0.0184641
0.0166757
0.0180238
0.0181128
0.0173821
0.0181283
0.0185293
0.0182878
0.0200897
0.0206102
0.0183146
0.0195059
0.0189026
0.0178437
0.0190185
0.0200209
0.0192062
0.02102
0.021743
0.0191498
0.0215018
0.0199724
0.0187977
0.0209614
0.0215138
0.0218425
0.0215654
0.0250585
0.0214594
0.026857
0.0243449
0.0255101
0.0234882
0.0226598
0.024888
0.0213273
0.0257522
0.0226746
0.023704
0.0225821
0.0236651
0.0228128
0.0229325
0.0243418
0.0231407
0.0218077
0.0243449
0.0216777
0.0237749
0.0256679
0.0253057
0.0230318
0.0248268
0.022366
0.0219956
0.0204648
0.0228504
0.0230115
0.022979
0.0218956
0.0248472
0.0272168
0.0258256
0.0220155
0.0286424
0.0278673
0.0240603
0.0210406
0.0250683
0.0245264
0.0265284
0.0234632
0.025129
0.0242936
0.0236198
0.0229892
0.0236086
0.0210622
0.0213939
0.020322
0.0213349
0.0228807
0.0242738
0.0234666
0.0226158
0.0271517
0.0279099
0.0273405
0.0236513
0.0250868
0.0253918
0.0254825
0.0217117
0.0250315
0.0248104
0.0234764
0.0222688
0.0237899
0.0205961
0.0207195
0.0195736
0.0216288
0.0215414
0.0215281
0.0208728
0.0231298
0.0212629
0.0215037
0.0213912
0.021877
0.0214755
0.0201988
0.0190648
0.0204219
0.0206542
0.0210306
0.0240579
0.0198323
0.0206451
0.0232671
0.0195884
0.0174909
0.0186427
0.0182914
0.0188338
0.0177296
0.0207398
0.0211564
0.0211757
0.0180301
0.0241825
0.0240667
0.0202526
0.018833
0.0197623
0.0185147
0.0198061
0.019175
0.0244705
0.0204155
0.0208869
0.0164677
0.0176149
0.0176756
0.0180364
0.0169428
0.0187389
0.0188939
0.0220636
0.0168435
0.0182936
0.0180895
0.0172262
0.0160314
0.0172875
0.0177433
0.0185851
0.0185108
0.0176432
0.0169068
0.0172144
0.0162508
0.0175071
0.0179201
0.0183843
0.0171524
0.0194169
0.0178782
0.0181497
0.0161724
0.0175893
0.0179311
0.0179061
0.0180983
0.0186684
0.0188371
0.0195997
0.0180236
0.0184423
0.0190127
0.0175943
0.0167525
0.021651
0.0204189
0.0226236
0.0187536
0.0215719
0.0232307
0.0204009
0.0170698
0.0182392
0.01808
0.0184386
0.0178324
0.0222342
0.0196026
0.0217881
0.0201398
0.0204975
0.0212068
0.0186811
0.0192809
0.020548
0.0201741
0.021265
0.0208402
0.0213835
0.0254324
0.0264431
0.0209734
0.0217709
0.0197586
0.0197893
0.0196007
0.0190828
0.0216947
0.0224865
0.0199923
0.0192264
0.0208925
0.0202819
0.0206468
0.0202599
0.0223875
0.022719
0.0253438
0.0206927
0.0256796
0.0203055
0.0215534
0.0223161
0.0239896
0.0214597
0.0220312
0.0212025
0.0211341
0.025795
0.0202586
0.0190364
0.0240491
0.0207921
0.0247168
0.0216056
0.0221317
0.0268523
0.0250553
0.0204897
0.022763
0.02283
0.0210111
0.0204716
0.0221544
0.0240996
0.0218745
0.0193536
0.0209388
0.0201667
0.0228165
0.0195114
0.0227919
0.0212995
0.0226167
0.0224174
0.0251566
0.0210855
0.0227676
0.0197694
0.0226196
0.0234277
0.0230921
0.0215497
0.0211918
0.0205744
0.021082
0.0204903
0.0251188
0.0243095
0.0252932
0.0215172
0.0220077
0.0210803
0.0219517
0.0204002
0.022571
0.023483
0.0220829
0.0237792
0.019883
0.0226966
0.0217367
0.0232966
0.021799
0.0232093
0.0233766
0.0267232
0.0194807
0.0210514
0.0207986
0.0214629
0.0195321
0.0212323
0.0219013
0.0230714
0.0236148
0.0197812
0.0231568
0.0248893
0.0197671
0.018581
0.0212082
0.0210656
0.0221271
0.0213299
0.0224305
0.0219842
0.0221521
0.0199141
0.0211391
0.0205907
0.0208058
0.0197927
0.0221904
0.0225638
0.0220625
0.0227415
0.0199193
0.0213977
0.0194944
0.0206727
0.0199521
0.0212991
0.0223759
0.0216617
0.0207516
0.0199821
0.0221738
0.0228021
0.0230179
0.0206068
0.0204433
0.0232394
0.0227428
0.0238744
0.0196011
0.0218478
0.0198449
0.0213562
0.0202697
0.0222289
0.0220802
0.0230013
0.0220944
0.0194
0.0214471
0.0196237
0.02039
0.0198872
0.0208932
0.0212191
0.0223656
0.0225039
0.020613
0.0225484
0.0205384
0.0195685
0.0204808
0.0196559
0.020566
0.0217955
0.02052
0.0219802
0.0183831
0.0203314
0.0201823
0.0213556
0.0202317
0.0209978
0.0217206
0.0228458
0.0215587
0.0191579
0.0198981
0.0248586
0.0234693
0.0251404
0.0227628
0.0226139
0.021197
0.0207026
0.0210327
0.0217656
0.0214596
0.0245324
0.0214417
0.0232212
0.0201417
0.0199572
0.0215216
0.0205211
0.0229386
0.0211488
0.0244183
0.0221483
0.0193924
0.0207433
0.0195168
0.0196697
0.0229943
0.0213849
0.021232
0.0216044
0.0217514
0.0194715
0.0184533
0.0189785
0.0190043
0.0196378
0.0194003
0.0192769
0.0204653
0.0175443
0.0186824
0.0185523
0.017739
0.0192539
0.0199518
0.0192268
0.0190206
0.0178813
0.0180014
0.0170318
0.0183239
0.0192183
0.0199445
0.0208831
0.0203314
0.0187921
0.0176902
0.017237
0.0173938
0.0171016
0.017848
0.022088
0.0212855
0.0199628
0.0182606
0.0191214
0.0196407
0.0198306
0.0187732
0.0178028
0.0173973
0.0181498
0.017241
0.0190471
0.0195749
0.0224027
0.0242302
0.0194059
0.0200309
0.0204561
0.0181737
0.0165524
0.0176818
0.0208706
0.0186967
0.0199336
0.0197243
0.0171545
0.0187696
0.0182675
0.0198596
0.0195519
0.0184854
0.0202554
0.0200042
0.0181548
0.0174011
0.0180657
0.0202525
0.0194185
0.0216308
0.0183927
0.0189332
0.0183792
0.0180898
0.0178066
0.0183717
0.0192235
0.0198314
0.0204543
0.0191983
0.0181722
0.0199271
0.018288
0.0176759
0.018065
0.0180502
0.0204404
0.0192796
0.0208994
0.0175763
0.019254
0.0191915
0.019454
0.0178117
0.0216505
0.0242968
0.0248187
0.0236015
0.0193199
0.0188803
0.0188452
0.0190863
0.0188235
0.0235754
0.0201222
0.0200112
0.0192395
0.0186986
0.0188874
0.02072
0.0213777
0.0220484
0.0196117
0.0221757
0.0193833
0.0190281
0.0180288
0.0196459
0.0203469
0.0202348
0.0208197
0.0233611
0.0198161
0.0203161
0.0190597
0.0226518
0.0233417
0.0226843
0.0231397
0.0200856
0.0221727
0.0210553
0.0213774
0.0210942
0.0218996
0.0239431
0.0232536
0.0190969
0.0198591
0.0219115
0.0222327
0.0211814
0.0198393
0.0208327
0.0219899
0.021727
0.0218008
0.0243836
0.0233682
0.0243513
0.0237261
0.0221781
0.0217246
0.0213123
0.0205619
0.0225863
0.0211553
0.0205623
0.0223552
0.0222608
0.0232995
0.0233433
0.0260575
0.0263771
0.0278366
0.0283859
0.0283274
0.0212488
0.0248059
0.0220871
0.0235679
0.0252767
0.0235821
0.0229541
0.0266726
0.0229362
0.0229304
0.0242996
0.0228097
0.0233467
0.0222621
0.0222066
0.0201564
0.0201657
0.0215597
0.0213092
0.0223061
0.0200523
0.0207289
0.0192843
0.0197012
0.0188454
0.0200748
0.0236093
0.0224316
0.0247327
0.0223322
0.0204548
0.0206832
0.0212855
0.0237822
0.0237676
0.0213595
0.0218901
0.0197669
0.0214161
0.0220799
0.0241876
0.0207962
0.0192472
0.0200147
0.0206968
0.0216632
0.0247824
0.0264569
0.0221344
0.0204398
0.0213068
0.0212913
0.020909
0.0223175
0.0212122
0.0204853
0.0202737
0.0196285
0.0208251
0.0213773
0.0210666
0.0211454
0.0201574
0.0204206
0.0201895
0.0205447
0.0226161
0.0216689
0.0227478
0.0192586
0.0220328
0.0214054
0.0210539
0.0202873
0.0209608
0.0213638
0.019151
0.0206458
0.0199518
0.0224594
0.0208451
0.0204388
0.02367
0.0218841
0.0205237
0.0225099
0.0236026
0.024053
0.0194385
0.0240444
0.0255165
0.0269383
0.0231883
0.0218124
0.0223642
0.0231183
0.0222372
0.0196023
0.0212526
0.0215305
0.0232661
0.0221142
0.0238922
0.020545
0.021143
0.0222371
0.0225179
0.0231442
0.0223275
0.0224187
0.0219337
0.0229483
0.0232522
0.0237928
0.0269655
0.0251121
0.0218885
0.0226812
0.0258758
0.0232065
0.0234204
0.0203466
0.0244228
0.0259469
0.0222768
0.0236005
0.0217478
0.0205856
0.0217226
0.021502
0.0208992
0.0220258
0.0245257
0.0219002
0.0211058
0.0194287
0.0206286
0.0230291
0.0228398
0.0235065
0.0230264
0.0228158
0.0223875
0.0215762
0.0233095
0.026017
0.0224864
0.0253183
0.0216218
0.0232167
0.0236211
0.0235846
0.0251788
0.0263562
0.0244467
0.0244305
0.0228709
0.0259467
0.0281256
0.0263902
0.0219483
0.0221407
0.0245684
0.025135
0.0244123
0.0208906
0.0218943
0.0241515
0.0240936
0.0271373
0.0263751
0.0229106
0.0262461
0.0267282
0.0285051
0.0290427
0.0257819
0.0269578
0.0250669
0.0258896
0.0287537
0.0221305
0.0274188
0.0244361
0.0278519
0.0256224
0.0238667
0.0232473
0.0228393
0.0246403
0.0253317
0.0264866
0.0273104
0.0259569
0.0256061
0.0256573
0.0241763
0.0271646
0.0224409
0.0233027
0.0232767
0.0232974
0.024856
0.0243479
0.0218031
0.0229403
0.0241212
0.02383
0.0237039
0.0295385
0.0248973
0.0259267
0.0257058
0.0239246
0.0246318
0.0228478
0.0231037
0.0234373
0.0230028
0.0255024
0.0235727
0.027171
0.0239007
0.0232928
0.0250613
0.0255445
0.0237036
0.022553
0.0223068
0.0222229
0.0265886
0.0251531
0.0243509
0.0226807
0.0214931
0.0231424
0.0246978
0.0254776
0.024889
0.0225399
0.0213046
0.0244507
0.0234769
0.0248052
0.0273426
0.0210119
0.022182
0.0237335
0.0257954
0.0271322
0.0255253
0.025327
0.023552
0.0255712
0.0270217
0.024969
0.0249528
0.0222714
0.0226733
0.0241047
0.0243861
0.0267369
0.0255079
0.024024
0.0234357
0.0245407
0.0251992
0.025552
0.0262316
0.0229717
0.0223063
0.0233089
0.0283197
0.02696
0.0271322
0.0218727
0.0229198
0.0253354
0.0235674
0.0244967
0.0259489
0.0212596
0.0221844
0.0258286
0.0245748
0.0255077
0.0246105
0.0220662
0.0230684
0.0239252
0.0246711
0.0252039
0.0241888
0.0226306
0.0213662
0.0228828
0.0242683
0.0274142
0.0249805
0.024811
0.0225049
0.0277235
0.0266455
0.0270944
0.0228575
0.0247443
0.0214953
0.0239828
0.0218696
0.023587
0.02402
0.0246027
0.0261859
0.0274785
0.0237027
0.0235357
0.0287065
0.0263219
0.0281219
0.0233403
0.0237553
0.024094
0.0279946
0.0299046
0.0238683
0.0221598
0.0233225
0.0249441
0.0247392
0.0231589
0.02097
0.0218853
0.0235531
0.0236516
0.0242865
0.0245963
0.0274178
0.0227947
0.0235268
0.0247598
0.0243012
0.0260502
0.024366
0.0216587
0.0240242
0.0281439
0.023972
0.0230591
0.0241638
0.0207555
0.0221233
0.0290114
0.0239124
0.0237018
0.0221083
0.0244484
0.0276898
0.0229643
0.02389
0.0328273
0.030051
0.0253432
0.0245271
0.0205932
0.02296
0.0221431
0.021987
0.0194573
0.0224127
0.020069
0.0229711
0.0250798
0.0200205
0.0203471
0.0201403
0.0218394
0.0224941
0.0197068
0.0211072
0.0203859
0.0222174
0.0215991
0.0220216
0.0252241
0.0215094
0.0182208
0.0197735
0.0191441
0.0204173
0.0217947
0.0216376
0.0235442
0.0204511
0.0196937
0.020461
0.0216719
0.0218604
0.0233787
0.0197936
0.0205952
0.0226924
0.0237514
0.0252137
0.0212259
0.0216929
0.0269864
0.0272261
0.02105
0.019561
0.0180979
0.0193896
0.0216423
0.0262524
0.0256928
0.0218883
0.0192653
0.019689
0.0211246
0.0248026
0.0223914
0.024926
0.0193605
0.019414
0.0204928
0.0207257
0.026498
0.0213428
0.0197907
0.0219041
0.0201074
0.0228907
0.0237859
0.0239702
0.0181207
0.0175532
0.0193634
0.0177675
0.0174026
0.0182721
0.0165566
0.0157026
0.0181641
0.0187081
0.0170193
0.0168583
0.0143652
0.0187278
0.0140123
0.0188924
0.0198221
0.0142826
0.0238012
0.0134745
0.013448
0.0118825
0.0127799
0.0121512
0.0102961
0.0109627
0.0146895
0.0188953
0.0151449
0.0243701
0.0145279
0.0152104
0.0160615
0.0201535
0.018846
0.0176499
0.0194123
0.0156813
0.0154335
0.0163277
0.0167213
0.0167471
0.0146496
0.0143968
0.0159091
0.01199
0.0150891
0.0123022
0.0138682
0.0119113
0.01066
0.0114049
0.0114774
0.010635
0.0154193
0.0100249
0.0100089
0.0103058
0.0107391
0.013333
0.0101996
0.0106401
0.0123063
0.0113363
0.0119987
0.015504
0.0106086
0.0104742
0.00971074
0.0106382
0.0122923
0.0113063
0.010725
0.0130057
0.0121613
0.0135501
0.0135145
0.012495
0.0158511
0.014845
0.0128762
0.0123029
0.00869985
0.00969535
0.00880267
0.0139561
0.0120434
0.0154681
0.00952382
0.0126011
0.0102847
0.012234
0.00819963
0.0129436
0.010194
0.0128313
0.00878961
0.00783099
0.0068852
0.00796665
0.0120461
0.0073732
0.00841146
0.00753638
0.00775217
0.00813402
0.00628868
0.00603495
0.007397
0.00647936
0.00688112
0.010484
0.00601803
0.00708081
0.00752437
0.00751344
0.00651168
0.00638894
0.00679463
0.00666673
0.00611053
0.00619605
0.00593888
0.00796101
0.00797642
0.00664428
0.0057174
0.00576237
0.007889
0.00595818
0.00664639
0.00616054
0.0060805
0.00581745
0.00587507
0.00596794
0.0102238
0.00581106
0.00614123
0.00521995
0.00584102
0.00491777
0.00730948
0.00522247
0.00589183
0.00580485
0.00849159
0.0056201
0.00553382
0.00546433
0.00498333
0.00588124
0.0057096
0.0086467
0.00534305
0.00559777
0.00539659
0.00560247
0.00703239
0.00767294
0.00590199
0.00606191
0.00629764
0.00626295
0.00609585
0.00723632
0.00895357
0.00759175
0.00706023
0.00703388
0.00732941
0.00729377
0.00803749
0.00732543
0.0077414
0.00802308
0.00926016
0.00877187
0.0136422
0.0133634
0.010713
0.0105803
0.0115397
0.0113404
0.013348
0.0122145
0.0121929
0.013257
0.0109768
0.0165958
0.0128741
0.0138206
0.0127052
0.0150127
0.0124928
0.0177996
0.013722
0.015635
0.0153316
0.0141504
0.0134762
0.0145645
0.0148138
0.0155636
0.0161628
0.0157996
0.0148042
0.0166419
0.0175917
0.0178184
0.0196455
0.020664
0.0225859
0.0186794
0.0209445
0.0270571
0.0184806
0.0200426
0.0200948
0.0198451
0.0204039
0.0225196
0.0192635
0.0216762
0.0220924
0.0242722
0.0251304
0.0238477
0.0252001
0.0219207
0.0228526
0.0245173
0.0221824
0.0211759
0.0232857
0.0204161
0.0241322
0.0228128
0.0247443
0.0206517
0.0192691
0.0190803
0.0180034
0.0200917
0.0233886
0.0188192
0.0197935
0.0241402
0.0254298
0.0226165
0.0255761
0.0213487
0.0195937
0.0257097
0.0287567
0.0247067
0.0267962
0.0248942
0.0228572
0.0218654
0.0223584
0.024704
0.0205075
0.0206656
0.0243916
0.0241876
0.022206
0.0213829
0.0209709
0.0233552
0.0224529
0.0215395
0.0210977
0.0225222
0.0229611
0.0228016
0.0305146
0.0269671
0.0268961
0.0219295
0.0230167
0.0219697
0.0249454
0.0214937
0.0218267
0.026168
0.0267093
0.0251311
0.0210162
0.0214571
0.0240813
0.0235995
0.0241503
0.0359392
0.0226776
0.0221824
0.0241712
0.0266078
0.0199803
0.0214198
0.0232165
0.0230747
0.020722
0.0337631
0.0303203
0.0330096
0.0290188
0.0220657
0.0225461
0.0218556
0.023042
0.0235788
0.0233842
0.0228795
0.0228921
0.0245261
0.0221957
0.0255716
0.0254839
0.0249168
0.0275548
0.0244402
0.0269449
0.0239869
0.0236409
0.0252182
0.022754
0.0242221
0.0239542
0.0238425
0.0234826
0.022196
0.0246797
0.0260335
0.0253386
0.0253328
0.0247201
0.026173
0.0268979
0.0233434
0.0237156
0.0272555
0.0232706
0.0253239
0.0310918
0.0275371
0.0235334
0.021721
0.0244011
0.025155
0.0223115
0.0220796
0.0237349
0.0258096
0.02321
0.0223051
0.0215719
0.0232847
0.0264017
0.0292008
0.0328253
0.0252394
0.0216327
0.0239128
0.0264504
0.0233766
0.0242921
0.0241342
0.0248121
0.0270728
0.0275559
0.0216178
0.0221722
0.0225165
0.0236268
0.025335
0.0291854
0.0233779
0.0235153
0.0238875
0.0273221
0.022474
0.0227673
0.023706
0.0220377
0.0248816
0.0236531
0.0238349
0.0241485
0.0229456
0.0272152
0.0249207
0.0233757
0.0222303
0.0225543
0.0225758
0.0252978
0.0261244
0.0237413
0.0237474
0.023367
0.024628
0.0225121
0.0215502
0.0228029
0.0234127
0.0223524
0.0244123
0.0238466
0.0223034
0.0236076
0.0261057
0.0242051
0.025366
0.0240108
0.0252895
0.0268788
0.0277853
0.0245429
0.0315597
0.0280964
0.0265652
0.0250266
0.0237707
0.027231
0.0229862
0.0224908
0.0265064
0.0238945
0.0248643
0.0210121
0.0259278
0.0242023
0.0244021
0.0244116
0.0245384
0.0248939
0.0237825
0.0237717
0.022874
0.02075
0.0231902
0.0240535
0.0251486
0.0217905
0.0214704
0.0231758
0.0236739
0.0264703
0.0274278
0.0209138
0.0228626
0.0236541
0.0242821
0.0252703
0.0206647
0.0234799
0.0243378
0.0242949
0.0245651
0.0207385
0.0235863
0.0236447
0.0247685
0.025493
0.0411233
0.0370028
0.027126
0.0285489
0.0249747
0.0254407
0.0255856
0.0236286
0.0263924
0.0302238
0.0231752
0.0223201
0.0225609
0.025909
0.0273158
0.0235879
0.022513
0.0253108
0.0240595
0.0257242
0.0230116
0.0245851
0.0255264
0.0346986
0.0336166
0.037186
0.0348687
0.0316947
0.0266284
0.0249067
0.0269026
0.0292353
0.0272149
0.0238459
0.0256403
0.0239945
0.0216738
0.0235163
0.0233465
0.0275027
0.0227416
0.0218398
0.0222234
0.0254074
0.026104
0.0272896
0.0230097
0.0216499
0.0222137
0.025229
0.0219521
0.0220754
0.0231031
0.023912
0.0249226
0.0271365
0.0229474
0.0230338
0.0212286
0.0274395
0.0256431
0.0234499
0.0235076
0.0223558
0.0282084
0.0222643
0.0261171
0.022158
0.0212603
0.0237885
0.0255091
0.0235452
0.0241072
0.0231949
0.0259446
0.0262521
0.0268102
0.0231056
0.0229967
0.0250615
0.0298053
0.0327866
0.0242622
0.0227606
0.0250134
0.0232489
0.0228049
0.0230417
0.0247993
0.0234294
0.0248955
0.0273361
0.0235814
0.0273704
0.0243247
0.0277388
0.0227167
0.0231276
0.0219143
0.0239657
0.0275333
0.0210281
0.0214248
0.023151
0.0232721
0.0273383
0.022894
0.0214184
0.0224065
0.0243473
0.0227299
0.0246142
0.0257851
0.0233478
0.025142
0.0254196
0.0225084
0.0230726
0.023148
0.0254475
0.0220668
0.0210838
0.0226492
0.0225713
0.0290262
0.030979
0.0228483
0.0249722
0.0249873
0.0247914
0.0224755
0.021273
0.0261143
0.0248805
0.0237313
0.0206446
0.0229818
0.0227959
0.0251594
0.0286014
0.0217813
0.0232678
0.0236037
0.0229372
0.0261946
0.0213762
0.0234975
0.0244577
0.0282003
0.0259001
0.0212964
0.0241505
0.0227838
0.0233962
0.0231064
0.0224773
0.0266962
0.0266193
0.0236707
0.0246438
0.024816
0.0255699
0.0234699
0.0236386
0.0252319
0.0223969
0.0220461
0.0232769
0.0219317
0.0242981
0.0234135
0.0256703
0.0281629
0.0221537
0.0238071
0.025598
0.0268246
0.027122
0.0229512
0.0239682
0.0246845
0.0257091
0.0230043
0.0239851
0.0226207
0.0240804
0.0273388
0.0210457
0.0225166
0.0237043
0.0232134
0.0235414
0.0254829
0.0214534
0.0222731
0.0238412
0.0245262
0.0235841
0.0233078
0.0209925
0.0223631
0.0226262
0.0259696
0.0220907
0.0242696
0.0225219
0.0245311
0.0270509
0.0212065
0.0215135
0.0230886
0.0225803
0.0238517
0.0238531
0.0224844
0.0239716
0.0240323
0.021464
0.0220615
0.0231161
0.0220885
0.025562
0.0265927
0.0211932
0.0228773
0.0249127
0.0247531
0.0236281
0.0220928
0.0218577
0.0218261
0.0218405
0.0221002
0.0210088
0.0211122
0.0239501
0.0228936
0.0258116
0.0235328
0.0213565
0.0228829
0.0224326
0.0227196
0.0237599
0.0213633
0.0219354
0.0271906
0.0218844
0.0253892
0.023328
0.0210181
0.022995
0.0250264
0.0303703
0.0264658
0.0250299
0.0231548
0.0221271
0.0288282
0.0245403
0.0246481
0.0217885
0.0240733
0.0263792
0.029373
0.0220552
0.020744
0.0218057
0.0247861
0.027406
0.0240815
0.0244802
0.0228084
0.0233905
0.0215429
0.0212052
0.0216856
0.0254775
0.0246499
0.0204585
0.0217648
0.0229478
0.0232818
0.0250448
0.0200531
0.0213622
0.0254973
0.0274543
0.026048
0.0234347
0.021958
0.0219112
0.0269905
0.0220076
0.0206939
0.0221799
0.025335
0.0273729
0.0223101
0.0202127
0.0213087
0.0243352
0.0265578
0.0225677
0.0211954
0.0222599
0.0251602
0.0259462
0.0217688
0.0222191
0.0215392
0.0211275
0.020299
0.0217357
0.0196224
0.0195601
0.0227992
0.0202492
0.0218692
0.0196852
0.0218066
0.0219651
0.0234133
0.0277962
0.0200886
0.0200707
0.0249199
0.0203731
0.0211499
0.0227626
0.0227082
0.0219496
0.020397
0.0210541
0.0215664
0.0229934
0.0250836
0.0230537
0.0213706
0.0215117
0.0236501
0.0216135
0.0206674
0.0214361
0.0214208
0.020392
0.0205016
0.022339
0.0212251
0.0225487
0.0209125
0.0208845
0.026055
0.0216462
0.0229866
0.0252904
0.0210746
0.0219146
0.021669
0.0232942
0.0249769
0.0205339
0.0262316
0.0255533
0.0241991
0.0267241
0.0208266
0.0234092
0.0225961
0.023429
0.0265049
0.0211065
0.021356
0.023535
0.0233501
0.0256479
0.0230838
0.0219928
0.0233147
0.0226742
0.0271494
0.026499
0.0221938
0.0275527
0.0274349
0.0278018
0.0223666
0.0246129
0.0284337
0.0302455
0.031656
0.0247613
0.0235566
0.0269108
0.0292989
0.0250654
0.0240802
0.0228926
0.0273613
0.0278813
0.026845
0.0222592
0.0231336
0.0285857
0.0224241
0.0234071
0.0239238
0.0266747
0.023839
0.0228115
0.0240044
0.023689
0.0243233
0.0278728
0.0232353
0.0237826
0.0243732
0.0248549
0.0279931
0.0236848
0.0239751
0.0243028
0.0238393
0.0246882
0.0244525
0.0229079
0.0267143
0.0289381
0.0224167
0.0227165
0.025446
0.0283617
0.0245471
0.0248203
0.0255638
0.0268414
0.026753
0.0235984
0.0246893
0.0319711
0.027556
0.0287042
0.02874
0.0262151
0.0248466
0.0272528
0.0297994
0.0285128
0.025583
0.0266114
0.0282734
0.0226145
0.0233202
0.0241184
0.0250768
0.0298345
0.0245552
0.0222126
0.0233588
0.0282122
0.0223833
0.0237993
0.0233345
0.0258117
0.0262813
0.0230707
0.0251871
0.0247155
0.0253414
0.0212319
0.0215815
0.0224666
0.0235944
0.0268926
0.0218368
0.020464
0.020522
0.0222079
0.0194472
0.0199461
0.0195512
0.0213613
0.023922
0.0183504
0.0189518
0.0189521
0.0184308
0.0184894
0.0183693
0.0187942
0.01762
0.0176807
0.0195288
0.0216371
0.0216247
0.0184075
0.0203457
0.0181126
0.0192801
0.0178023
0.017484
0.0168914
0.0182945
0.0185447
0.0187599
0.0186996
0.0223772
0.0190153
0.0196267
0.0232833
0.0250699
0.0271532
0.023262
0.0254559
0.0226377
0.0273201
0.0199539
0.0204314
0.0226265
0.0266649
0.0204106
0.0194259
0.0197213
0.0206444
0.0199476
0.0230782
0.0225947
0.0267032
0.0293265
0.0230715
0.0220951
0.0201544
0.0254077
0.0216318
0.020957
0.0198572
0.0220974
0.0240593
0.0253606
0.0200332
0.0218588
0.023122
0.0258799
0.0226777
0.0207765
0.0242072
0.0223952
0.0281635
0.0232344
0.0215804
0.0223231
0.0236598
0.0277603
0.0233118
0.0215461
0.0219723
0.0246897
0.0217045
0.0217487
0.0213085
0.0232099
0.0218624
0.0204313
0.0228261
0.0264448
0.0206611
0.0219547
0.0234486
0.0277606
0.0244468
0.0262776
0.0211749
0.0209368
0.0226252
0.0277138
0.0269478
0.022225
0.0275487
0.0224534
0.0226819
0.0221198
0.021535
0.0250283
0.0217824
0.0213935
0.0223954
0.0210669
0.0254434
0.0232258
0.0238476
0.0250403
0.0236038
0.0213254
0.0243832
0.0235734
0.0233663
0.0226294
0.0217649
0.0228984
0.0235609
0.0265467
0.0209224
0.0214041
0.0239529
0.026836
0.0226376
0.0232557
0.0247334
0.0263308
0.0226389
0.020842
0.0227024
0.0235114
0.0273836
0.0208824
0.0212059
0.0231403
0.026338
0.027377
0.0205446
0.0220355
0.0222381
0.026289
0.0203996
0.0219456
0.0242057
0.0244459
0.025961
0.0217763
0.0231574
0.0221869
0.020939
0.0224146
0.0238246
0.0244942
0.0208751
0.0223688
0.0225503
0.0290806
0.0205538
0.0211943
0.0260948
0.0256641
0.0221902
0.0204574
0.0223366
0.0248091
0.0224006
0.0204424
0.022427
0.0250613
0.0225261
0.0212291
0.0229587
0.023159
0.0284334
0.0254928
0.0214148
0.0224339
0.0268122
0.0223762
0.0222517
0.0248578
0.0244955
0.0296867
0.0262069
0.0267932
0.0241735
0.0294058
0.0265271
0.0256914
0.0235162
0.0229677
0.0263271
0.0262098
0.0255735
0.0269409
0.0241257
0.0246685
0.0225626
0.021801
0.0232542
0.0237185
0.0215748
0.0231756
0.02553
0.0269182
0.0261119
0.0220171
0.0230206
0.0231749
0.0287156
0.0216262
0.0221933
0.0231845
0.0230166
0.0277585
0.0224938
0.0232522
0.0228776
0.0273784
0.0249915
0.0225582
0.0220792
0.0272207
0.0225495
0.0235127
0.0243882
0.0240285
0.0268837
0.0273026
0.0265651
0.0278949
0.0245248
0.0236731
0.0232803
0.0225315
0.024314
0.0227224
0.0251061
0.0271524
0.0216908
0.0238184
0.021606
0.0229897
0.0225822
0.021672
0.0233858
0.0253798
0.021043
0.0225177
0.0262064
0.0275253
0.0299304
0.0217607
0.0235134
0.0244921
0.0278699
0.0214805
0.0226903
0.0229461
0.0225175
0.0274287
0.0207954
0.0211979
0.0223989
0.0219983
0.0218272
0.0199808
0.0207092
0.0220118
0.0248809
0.0222256
0.020833
0.0214896
0.0242704
0.024357
0.023187
0.0233788
0.0229473
0.0249273
0.0273922
0.0263173
0.0214661
0.0223661
0.0253133
0.0214426
0.0221137
0.024336
0.0239442
0.024848
0.0274465
0.0221896
0.0213706
0.0221292
0.0251102
0.021556
0.022848
0.0221349
0.0238149
0.0271937
0.0230089
0.0234691
0.0255641
0.02725
0.0223339
0.0229205
0.0235675
0.0262251
0.0216047
0.0225925
0.0229464
0.0302625
0.0221413
0.0226479
0.0290521
0.0281918
0.0239097
0.0230669
0.025696
0.0254506
0.0225886
0.0237416
0.0238288
0.0248976
0.0239371
0.0230247
0.0248751
0.02735
0.021489
0.0222858
0.0280347
0.0305092
0.0247767
0.023765
0.0237253
0.0248534
0.0230097
0.0232704
0.0227442
0.0235641
0.0304732
0.0259481
0.0231764
0.0262292
0.0273953
0.0277404
0.026276
0.0233526
0.0245841
0.0267857
0.0226602
0.0255002
0.025313
0.0277116
0.0206082
0.0224374
0.022919
0.021689
0.0254133
0.0238077
0.0218745
0.0253114
0.0265556
0.0229735
0.023613
0.0233788
0.0255001
0.0229242
0.0244161
0.0241459
0.0220981
0.0240429
0.0226874
0.0249934
0.0252811
0.0282691
0.0250487
0.0229648
0.0220193
0.0224169
0.0243794
0.0233666
0.0223933
0.0248991
0.0264035
0.0218439
0.0216009
0.0236211
0.027329
0.0235943
0.0231357
0.0225311
0.0256751
0.022258
0.0215626
0.0303565
0.0239785
0.0280559
0.0242491
0.0242235
0.0241199
0.0219321
0.0218853
0.0262521
0.02506
0.0286665
0.0218722
0.0224125
0.0238387
0.0238822
0.0237151
0.0233691
0.0231883
0.0242651
0.0301475
0.023439
0.024207
0.0271111
0.0218049
0.0268054
0.0270533
0.0256382
0.0290066
0.0229953
0.0216524
0.0242701
0.025435
0.0305879
0.0257062
0.0229627
0.0257628
0.0250984
0.0219354
0.0284778
0.0301647
0.0218459
0.0221215
0.0232627
0.0259885
0.0229237
0.0212395
0.0231626
0.0266733
0.0212072
0.0221462
0.0248725
0.0272504
0.0240588
0.0247877
0.0259678
0.0285083
0.0210847
0.0217087
0.0216101
0.027162
0.0231751
0.0216468
0.0220054
0.0276741
0.0234484
0.0242095
0.0232584
0.0257333
0.0212627
0.0205234
0.0221407
0.0283001
0.0219266
0.0213033
0.0227886
0.0274425
0.0218259
0.0250335
0.0240385
0.0240891
0.0246914
0.0240002
0.0223759
0.0279064
0.0214032
0.0224712
0.0248053
0.0226448
0.0272311
0.0216385
0.0218243
0.0220918
0.0285043
0.0226616
0.0225874
0.021573
0.0260886
0.0211895
0.0242777
0.0236562
0.0277786
0.0196632
0.0216535
0.0224923
0.0249969
0.0228381
0.0228119
0.0265237
0.0260674
0.0288038
0.0238375
0.0253684
0.0247385
0.0221102
0.0213448
0.0233597
0.0262078
0.0206445
0.0218872
0.0224509
0.0278699
0.0230535
0.0217785
0.0272337
0.0279976
0.0225967
0.0225598
0.0264938
0.0284744
0.02615
0.0236248
0.0259269
0.0269836
0.023264
0.0243612
0.0278898
0.0328951
0.0214761
0.0236171
0.0219788
0.0266593
0.0204423
0.0210785
0.0240818
0.0252073
0.0224551
0.0239684
0.0241208
0.0287186
0.02323
0.0228249
0.0266807
0.0303935
0.0267246
0.0261663
0.0269023
0.0282746
0.0222761
0.0252041
0.0262722
0.0290008
0.0233358
0.0208661
0.0229783
0.0293155
0.0227871
0.0239469
0.0241132
0.0262449
0.0247265
0.0247393
0.0244887
0.0286659
0.0238694
0.0227453
0.0228999
0.0294942
0.0207991
0.0205859
0.0222837
0.0206055
0.0223174
0.0204407
0.0202923
0.0229533
0.0202355
0.0192667
0.022129
0.0205655
0.0194639
0.0240197
0.0227392
0.0275502
0.0244614
0.0248607
0.0247407
0.0273928
0.0226266
0.0219412
0.021529
0.0235344
0.0213452
0.0254706
0.022277
0.0248571
0.0206087
0.0208933
0.0221295
0.0286867
0.0245232
0.0223341
0.0230975
0.0293268
0.022416
0.02352
0.0223942
0.0267084
0.0226734
0.0236547
0.0256751
0.026306
0.0233302
0.0274677
0.031248
0.029365
0.0263594
0.0239394
0.0251356
0.0265187
0.0304575
0.0265284
0.0246482
0.0242867
0.0257514
0.0286477
0.0234553
0.026369
0.0307055
0.0243858
0.0251411
0.027635
0.0247767
0.0326435
0.026408
0.0245745
0.0272267
0.0308833
0.0261447
0.0282829
0.0293716
0.0280913
0.0255376
0.0281966
0.0278712
0.0330263
0.0270939
0.0266385
0.0308411
0.026549
0.0258126
0.0287158
0.0298188
0.0260426
0.0254647
0.0276294
0.0308431
0.027476
0.0283618
0.0283137
0.0293253
0.0267324
0.0264808
0.0315112
0.02638
0.0297388
0.0267662
0.0311222
0.0336629
0.0253812
0.0284917
0.033491
0.0261898
0.0263386
0.03225
0.032383
0.0268475
0.0291665
0.0339667
0.0257453
0.0247399
0.0269094
0.028112
0.0268267
0.0256572
0.0293649
0.0289224
0.025627
0.0244953
0.0267138
0.0300242
0.0280134
0.0267196
0.0305905
0.029798
0.0281412
0.0245352
0.0254604
0.0267134
0.0252173
0.023752
0.024444
0.0300752
0.02255
0.0235684
0.0229642
0.0279447
0.0260424
0.0274369
0.0261234
0.0303448
0.0235456
0.0240295
0.0273722
0.0221856
0.0199027
0.0207181
0.0270663
0.0218573
0.0261309
0.0255503
0.0254728
0.019412
0.0237019
0.0204507
0.0237735
0.0178913
0.0176315
0.0188962
0.0215925
0.0174542
0.0194637
0.0168848
0.0167347
0.0228742
0.0173287
0.0166262
0.0166148
0.0200345
0.0170703
0.0216155
0.020483
0.0241045
0.0167777
0.0168227
0.0185232
0.0180643
0.0229578
0.020081
0.0175237
0.0193879
0.021765
0.0211345
0.0162513
0.0174696
0.0240467
0.0167696
0.01668
0.0154773
0.0196827
0.020604
0.0160825
0.0148671
0.0164645
0.0218155
0.0161347
0.0170495
0.0139669
0.0149559
0.0140589
0.0140951
0.0140617
0.0181433
0.0139473
0.0133917
0.0147634
0.0170032
0.013642
0.0135279
0.0142567
0.0127805
0.0223717
0.0165644
0.0156323
0.0123992
0.0167005
0.0209622
0.0140123
0.0153211
0.0149713
0.0196167
0.0118405
0.013872
0.0144566
0.016407
0.0129904
0.0191774
0.0151667
0.0144907
0.0225411
0.0147117
0.0140554
0.0141287
0.0135984
0.0195314
0.0150728
0.0144524
0.0135073
0.0158429
0.018683
0.0187317
0.0156232
0.0143009
0.0183892
0.0200388
0.0240283
0.0139977
0.0190878
0.0199195
0.0180759
0.0183914
0.0176746
0.0162187
0.0160254
0.0147911
0.0147981
0.0147816
0.0157161
0.0156828
0.0157274
0.014612
0.0172976
0.0246408
0.01998
0.0166751
0.0188075
0.0224282
0.0189851
0.0155857
0.0157671
0.0226372
0.0158975
0.0157024
0.0179569
0.0197548
0.0163361
0.0157392
0.0202693
0.020513
0.0198083
0.0181583
0.0211812
0.0177375
0.0170406
0.0176034
0.019809
0.0177708
0.0167161
0.0186683
0.0160171
0.016995
0.0160655
0.0203041
0.0145927
0.0161844
0.0185598
0.0208961
0.0151493
0.0161069
0.0158354
0.0223433
0.0141773
0.0163075
0.0168023
0.0207273
0.0140426
0.0150585
0.0155
0.0189219
0.0149868
0.0140766
0.0159469
0.0155358
0.0173271
0.0147568
0.0142257
0.0141624
0.014468
0.0167072
0.0171163
0.017294
0.0131872
0.0185064
0.0189308
0.0216577
0.0184792
0.0179087
0.0128132
0.0182189
0.0136464
0.0126369
0.0127863
0.0136624
0.0138543
0.0133767
0.0124387
0.0128028
0.01264
0.0122302
0.0161587
0.0219128
0.0130326
0.0156134
0.0162332
0.018781
0.0154097
0.014437
0.0145233
0.017757
0.0149988
0.0146042
0.0162237
0.0174289
0.0197288
0.0190482
0.0159512
0.0174985
0.024645
0.0184214
0.0141588
0.019601
0.0239546
0.016558
0.0154785
0.015168
0.0237341
0.016385
0.0160174
0.0160541
0.0239876
0.0169247
0.020301
0.0195286
0.0227568
0.0211138
0.0207715
0.0172904
0.0178532
0.01722
0.0159813
0.0163958
0.0186737
0.0240905
0.0169526
0.0158315
0.0218645
0.0178347
0.020751
0.0198966
0.0247074
0.0203931
0.0192119
0.0212767
0.0242861
0.0177243
0.0209497
0.0238384
0.0175766
0.0189429
0.0208601
0.0239494
0.0166504
0.01857
0.0231569
0.0223673
0.0164547
0.0180358
0.0174955
0.0227623
0.0163754
0.021097
0.0212148
0.0268021
0.0171041
0.0178671
0.0214939
0.0163585
0.0177017
0.0214175
0.0273954
0.019582
0.0142119
0.0162913
0.0233793
0.0152629
0.0143441
0.0206799
0.0283919
0.020401
0.0185765
0.0235247
0.0169053
0.0151758
0.0188159
0.0266399
0.0198725
0.019941
0.0217791
0.016813
0.0184327
0.0194315
0.0269653
0.0157153
0.015629
0.0212803
0.0225096
0.0191144
0.0168153
0.0254094
0.0190249
0.0204189
0.0200077
0.0232949
0.0192612
0.0229911
0.0251614
0.0256311
0.022305
0.0193517
0.0202968
0.0235961
0.020107
0.0193135
0.02068
0.0178605
0.0205484
0.0194808
0.0231337
0.0175769
0.0206073
0.020087
0.0246448
0.0159778
0.0190133
0.0177415
0.017322
0.0160923
0.0187737
0.0246297
0.0163297
0.0151793
0.0227516
0.0261188
0.0176597
0.0164477
0.0208843
0.0166287
0.0164703
0.017114
0.0229384
0.0163361
0.0168983
0.015889
0.0187156
0.017925
0.0179177
0.0161465
0.0157979
0.0158993
0.0156067
0.021307
0.0205045
0.0200755
0.0203608
0.0180411
0.0176664
0.0206691
0.0214897
0.0223591
0.0188729
0.017883
0.016766
0.0162024
0.0217312
0.0218547
0.0212915
0.0194707
0.0243136
0.0228896
0.0238022
0.0197339
0.0176175
0.0221704
0.0187417
0.0217595
0.0179808
0.024709
0.0179954
0.017571
0.0175505
0.0246831
0.0173906
0.0182047
0.0183078
0.0246578
0.0181585
0.0193651
0.026029
0.0199691
0.0189762
0.0204528
0.0186449
0.0195107
0.0216413
0.026001
0.0237878
0.0256184
0.0278861
0.0306708
0.0218041
0.0241033
0.0273583
0.0217503
0.0239773
0.0253425
0.0261812
0.0193521
0.0247255
0.0325883
0.0214387
0.0235956
0.019973
0.0202856
0.0213437
0.0255199
0.0198927
0.0191926
0.0243061
0.0257233
0.0204805
0.0186138
0.0241127
0.0278707
0.0204335
0.022525
0.0250666
0.0208511
0.020672
0.0214722
0.0206826
0.0251808
0.0240663
0.0299746
0.02153
0.0228386
0.0286388
0.0213209
0.0216126
0.0219659
0.0213284
0.0243686
0.0216915
0.0250931
0.0238541
0.0217932
0.0251622
0.0259236
0.0225993
0.021809
0.0264138
0.0231952
0.0211838
0.0270025
0.0317231
0.0239366
0.0257719
0.0255183
0.0342186
0.0203532
0.0270049
0.0307536
0.0197565
0.0237256
0.0229223
0.0208088
0.0209608
0.0196775
0.0241566
0.0203629
0.0215844
0.0216571
0.0194911
0.0209016
0.0209419
0.0259231
0.0191291
0.0187913
0.0213224
0.019825
0.0192238
0.0204004
0.0238207
0.0180437
0.0211819
0.0242905
0.0280651
0.0192688
0.022769
0.0230392
0.0199155
0.0242256
0.0220366
0.0248991
0.0215
0.020101
0.0231529
0.0281036
0.0212696
0.0220925
0.0241039
0.0248102
0.0223334
0.0233121
0.0275679
0.0232783
0.0221927
0.0253648
0.0234603
0.0221854
0.0233024
0.0233114
0.0283785
0.0213388
0.0229049
0.0311232
0.021808
0.0279688
0.0282807
0.023721
0.0233789
0.0266704
0.0241377
0.0212515
0.0271608
0.0305235
0.024622
0.0247772
0.029282
0.0224476
0.0234259
0.0243231
0.0203193
0.0237557
0.0224204
0.0297755
0.0234981
0.0208766
0.0301024
0.0215926
0.023378
0.0258048
0.0238958
0.0222199
0.0225254
0.02607
0.0234104
0.0276746
0.0256362
0.0302959
0.0244262
0.0218958
0.0249158
0.0232615
0.0218988
0.0221479
0.0277824
0.024555
0.020543
0.0224091
0.0281032
0.0197893
0.0214203
0.0261305
0.0194452
0.0195731
0.022983
0.0251019
0.0210897
0.0215932
0.021078
0.0267234
0.0196146
0.0205213
0.0245946
0.0212149
0.0226721
0.0232193
0.0274418
0.0242372
0.0264854
0.028832
0.0213488
0.0204397
0.0208763
0.0322593
0.0215938
0.0217207
0.0222451
0.0223237
0.022735
0.0220664
0.028882
0.0209127
0.0196424
0.020858
0.0315553
0.0209008
0.0228039
0.031606
0.0216825
0.0219575
0.0289047
0.0225958
0.0240324
0.0224274
0.0283887
0.0210763
0.0243334
0.0242621
0.0310356
0.0229837
0.0232942
0.0237797
0.0236713
0.0223195
0.0261418
0.0223003
0.0225308
0.022774
0.0299207
0.0208093
0.0238637
0.0264543
0.0192171
0.0225599
0.0211503
0.0207598
0.023645
0.0225342
0.0261542
0.0196888
0.0211918
0.0241411
0.0206428
0.0232565
0.0239636
0.0207433
0.0189354
0.0206626
0.0274049
0.0193107
0.0206176
0.0228755
0.02654
0.022315
0.0214193
0.0296529
0.0237174
0.0245549
0.0262182
0.0275192
0.0221049
0.0243136
0.0284349
0.0231935
0.0240712
0.0269311
0.0291227
0.0234231
0.0240069
0.0308715
0.0233731
0.0215495
0.0280131
0.0210268
0.0209729
0.0246943
0.0271856
0.0201608
0.0244436
0.0268657
0.0213173
0.0216417
0.0260885
0.0238769
0.0221683
0.0241089
0.0243741
0.0223766
0.0267735
0.0266619
0.0211023
0.0226789
0.0271169
0.0184659
0.0214737
0.019161
0.0274698
0.0185106
0.0170334
0.0193557
0.019209
0.0177357
0.018276
0.0245888
0.0179703
0.018895
0.0215816
0.0196094
0.0203339
0.020709
0.0252255
0.0209949
0.0190255
0.0224648
0.0291158
0.0203358
0.0203701
0.0229882
0.0201273
0.0224329
0.0237154
0.021227
0.021441
0.0298065
0.0284747
0.021508
0.024195
0.0300186
0.0232091
0.0243487
0.0234334
0.0202851
0.0210027
0.0218564
0.0281869
0.0220256
0.0206563
0.026276
0.0214841
0.022769
0.0224602
0.021844
0.0198508
0.0219354
0.0202751
0.0194251
0.0202894
0.0244393
0.020951
0.0233075
0.0267764
0.022157
0.0224707
0.0237823
0.0334351
0.0220122
0.0240035
0.0295664
0.0250556
0.0259726
0.0328798
0.0218533
0.0226216
0.0240939
0.0211703
0.0230736
0.0269108
0.020651
0.0208845
0.0284471
0.0320244
0.0257293
0.0240125
0.0271801
0.020684
0.0232646
0.0218588
0.0283258
0.0243335
0.0236263
0.028442
0.0248241
0.0235363
0.0261935
0.0285968
0.0250268
0.0267696
0.0313425
0.0252454
0.0249651
0.0295742
0.0311114
0.0245917
0.0239903
0.0316731
0.0249721
0.026862
0.0251635
0.0312998
0.0252408
0.0245114
0.0297597
0.0236872
0.0233967
0.0313913
0.024555
0.0238551
0.0301273
0.0363747
0.0229119
0.0244123
0.0265781
0.0225454
0.0229887
0.0306847
0.02344
0.0267294
0.0302028
0.0264837
0.0240376
0.0241704
0.0300554
0.0241488
0.0229123
0.0263424
0.0266055
0.0242481
0.023781
0.0303949
0.0219843
0.0222931
0.0232676
0.0301995
0.0234534
0.0217917
0.0245235
0.0301586
0.0236016
0.0272406
0.0279298
0.0235676
0.0275254
0.0326982
0.0242366
0.0234126
0.0299122
0.0202382
0.0208517
0.0289977
0.0329652
0.0239757
0.0256891
0.0263306
0.0278449
0.0221269
0.0223319
0.029469
0.0301642
0.0234176
0.027502
0.0250412
0.0225312
0.0231469
0.0299021
0.0218318
0.0217825
0.025251
0.0253761
0.0284288
0.0245316
0.0301868
0.0270165
0.0290027
0.0292881
0.0287396
0.0255357
0.030907
0.0283571
0.0259663
0.0350957
0.0251834
0.0273044
0.0231943
0.0216552
0.0285743
0.0255286
0.0301866
0.0232969
0.0236398
0.030506
0.0240519
0.0262037
0.0266793
0.0233584
0.0245872
0.0231565
0.0233875
0.0224025
0.0226023
0.0248046
0.0283185
0.0223527
0.022489
0.0312475
0.0233126
0.0300496
0.0241695
0.0347854
0.0266684
0.0249304
0.0271976
0.0220101
0.0256314
0.0233423
0.0250365
0.0240104
0.0239775
0.0262289
0.0220762
0.022958
0.0258734
0.0307484
0.0232988
0.0220951
0.0232981
0.0314774
0.0244786
0.0260008
0.0287497
0.0238352
0.0254195
0.0237177
0.0307742
0.0244156
0.0240954
0.026499
0.0250032
0.023086
0.024837
0.0255832
0.0246765
0.0232637
0.0350299
0.0233261
0.0236543
0.0218714
0.0294457
0.0236959
0.0226671
0.0238344
0.0315084
0.0244406
0.0229441
0.0230229
0.0274602
0.0282152
0.0305281
0.0296861
0.0247928
0.0267502
0.0344842
0.0251552
0.0275411
0.0251773
0.0235218
0.0240664
0.024363
0.0300423
0.0255953
0.0238377
0.0300122
0.0254269
0.025039
0.0274275
0.0292881
0.0234691
0.0238825
0.0250205
0.0238639
0.0275024
0.0292522
0.0238088
0.0231126
0.0307849
0.0223069
0.0216821
0.0240857
0.0268991
0.0219669
0.0246154
0.0289987
0.0221359
0.0219276
0.0221695
0.019625
0.0204006
0.0255539
0.0309347
0.0218992
0.023168
0.0302657
0.0234485
0.0212512
0.0234041
0.0244108
0.0216801
0.0225886
0.030301
0.0220795
0.0228804
0.0270396
0.0233788
0.0217098
0.0225112
0.0239417
0.0253062
0.0226691
0.0293976
0.026325
0.0222961
0.0216817
0.0232947
0.0229327
0.0219252
0.023597
0.0294924
0.0248082
0.0238449
0.0301761
0.0236028
0.0229969
0.0243853
0.023229
0.0221502
