0.0183323
0.0598567
0.0582733
0.0582027
0.0575196
0.0572794
0.056861
0.0570644
0.0588629
0.0571647
0.0577812
0.0573938
0.0568793
0.0602804
0.0552392
0.0570965
0.0562067
0.0561346
0.0539776
0.0561276
0.0545367
0.0551001
0.0177789
0.0203273
0.0564185
0.0564228
0.0549092
0.0558443
0.0569383
0.0578892
0.0555927
0.0564078
0.0559284
0.057039
0.0557856
0.0548644
0.0553213
0.0550731
0.055431
0.0551745
0.0550328
0.0568649
0.0552112
0.0553227
0.0552704
0.0178224
0.0208551
0.057393
0.0542723
0.0555506
0.0560677
0.0562161
0.0556364
0.0549648
0.0555644
0.0564023
0.0562962
0.056374
0.0546339
0.0549706
0.0550219
0.0552812
0.0556815
0.0561784
0.0563746
0.0577382
0.0554126
0.0555105
0.0172332
0.0197389
0.0569697
0.0558586
0.0546532
0.0548502
0.0550113
0.0553089
0.0552304
0.0557052
0.05541
0.055521
0.0553105
0.0553623
0.0547928
0.0539322
0.053827
0.0551982
0.0540566
0.0554281
0.0570174
0.0545707
0.0539128
0.0176307
0.0192733
0.05028
0.0411203
0.0428903
0.0172733
0.0447149
0.0815952
0.0137454
0.0645149
0.0910325
0.0188447
0.0510392
0.0902811
0.0184116
0.0499815
0.0946049
0.0154382
0.105544
0.0990444
0.0170392
0.0108528
0.0121916
0.0116664
0.0631403
0.0562891
0.0562614
0.0997292
0.0169214
0.0118139
0.0153831
0.0133797
0.0134936
0.0126264
0.0144444
0.0147653
0.0142141
0.0142867
0.0142681
0.0150981
0.0162983
0.0205774
0.0161827
0.0140986
0.0162585
0.0153201
0.0149748
0.0142557
0.0140838
0.0141077
0.0140288
0.0137
0.0153345
0.0175724
0.0174429
0.0171738
0.0165338
0.0166817
0.0173313
0.0167527
0.0151535
0.0151087
0.0136995
0.0131253
0.0104472
0.0610006
0.0196033
0.0209127
0.0206128
0.0201175
0.0204287
0.0219561
0.0197928
0.0200768
0.019961
0.0210822
0.0183816
0.0216329
0.0195302
0.01956
0.0201925
0.0196687
0.0199209
0.0203408
0.0207449
0.0204708
0.0202909
0.0102503
0.0105925
0.023413
0.0235968
0.0217649
0.0217013
0.0358262
0.012606
0.00957382
0.00956332
0.0467728
0.0209278
0.0216368
0.022718
0.0230608
0.02094
0.0216858
0.0204812
0.0208083
0.0217076
0.0238463
0.022205
0.0117939
0.0235233
0.022791
0.0248505
0.022136
0.0226542
0.0234311
0.0222359
0.0234153
0.023605
0.0239976
0.0234548
0.0187145
0.0123563
0.0299957
0.0553036
0.0194002
0.0155737
0.0159178
0.0167116
0.0154867
0.0149328
0.0145288
0.0143079
0.0133144
0.0133296
0.0136846
0.0154805
0.0161869
0.0150117
0.0149217
0.0136585
0.0153296
0.0150246
0.0140373
0.0144781
0.0128292
0.0130569
0.0129574
0.0124751
0.0194664
0.0169387
0.015954
0.0164258
0.0159704
0.016139
0.0142183
0.0162611
0.0156133
0.015423
0.0148531
0.0140445
0.0141083
0.0137047
0.0133407
0.0139672
0.013172
0.0155785
0.0108338
0.0155554
0.0130355
0.0133192
0.0139694
0.017906
0.0134749
0.0142021
0.0178827
0.0127508
0.0184018
0.0119417
0.0112207
0.0107389
0.0148124
0.0115827
0.0136529
0.0130195
0.0169791
0.014483
0.0176548
0.0200209
0.0147018
0.020773
0.0151004
0.0147124
0.0162886
0.0153407
0.0188605
0.0165055
0.0146056
0.0149641
0.0153219
0.0159621
0.0183786
0.0179317
0.0142038
0.0165397
0.0172135
0.0147497
0.018862
0.0153383
0.0139695
0.0155679
0.020458
0.0156487
0.0200683
0.0217277
0.0180902
0.0233233
0.0180935
0.0155004
0.0173615
0.0170911
0.0149494
0.0163563
0.0167243
0.017042
0.0163267
0.0169774
0.0158758
0.017686
0.0170478
0.016344
0.0151518
0.014009
0.0153461
0.0177782
0.0163099
0.018381
0.0193682
0.0178809
0.0179423
0.022091
0.01742
0.014742
0.0157996
0.0160054
0.0145938
0.0157645
0.0172475
0.0153004
0.0194477
0.0200977
0.0176888
0.0170536
0.0213396
0.0153678
0.0158897
0.0164138
0.0152551
0.0155145
0.0156261
0.0163116
0.0160409
0.0191829
0.0208943
0.0208341
0.0150258
0.0158726
0.0135933
0.0139904
0.013424
0.0136148
0.0139399
0.0144301
0.0129865
0.0144393
0.0186942
0.0161184
0.0131881
0.0146707
0.0144822
0.0128797
0.0140021
0.0139882
0.0160481
0.0153575
0.0159256
0.0152945
0.0195756
0.0147775
0.01819
0.0172305
0.0150721
0.0162452
0.0153704
0.0161034
0.0163131
0.0175988
0.0207304
0.0182053
0.0169198
0.0212719
0.0163467
0.0180146
0.0167001
0.0181154
0.0181661
0.0170406
0.020975
0.0227138
0.0236566
0.0172239
0.0154049
0.0157141
0.0147662
0.0148142
0.0160434
0.0159575
0.0146002
0.0165893
0.0169228
0.0147456
0.0135839
0.0156134
0.0145933
0.0157672
0.0146041
0.0159396
0.0153909
0.0154566
0.0149049
0.0151057
0.0164611
0.0175968
0.0208492
0.0167285
0.0167559
0.0151496
0.01664
0.0139591
0.0150184
0.0179625
0.0149597
0.0150724
0.0160459
0.0168891
0.0170453
0.0214197
0.017485
0.015824
0.0173512
0.016033
0.0161479
0.0147755
0.0154738
0.0164186
0.0179085
0.0167483
0.0180316
0.0182244
0.0196686
0.0167911
0.0183608
0.0165406
0.017205
0.0180797
0.0169648
0.0181623
0.0192048
0.0205596
0.0175518
0.020078
0.0206573
0.0167445
0.0152204
0.0161645
0.0168087
0.0168155
0.0157233
0.0158846
0.0172918
0.0186792
0.0162423
0.0151846
0.0187583
0.0189828
0.0145784
0.0137055
0.0157428
0.0196306
0.0152852
0.0143565
0.01624
0.0150483
0.0176774
0.0186424
0.0116859
0.0154446
0.0149718
0.0127223
0.0135309
0.0171913
0.0134943
0.0134853
0.0115359
0.0118444
0.0135804
0.0124002
0.012496
0.0121639
0.0127129
0.0126777
0.0145984
0.0117739
0.0125975
0.0152991
0.0129027
0.0128047
0.0114006
0.0120441
0.0119862
0.0134078
0.0160094
0.013948
0.0192353
0.0159441
0.0126736
0.0131835
0.0135062
0.0154781
0.0122233
0.011956
0.0122006
0.0117559
0.017762
0.0171427
0.0143125
0.017799
0.0140999
0.0248751
0.0134077
0.011448
0.0117785
0.0175388
0.0122862
0.0116733
0.0137865
0.0141493
0.107362
0.012325
0.0123068
0.0132311
0.0138414
0.0167767
0.0177251
0.0197051
0.0165529
0.0247374
0.0267473
0.0287783
0.0286035
0.0265003
0.0261651
0.0275374
0.0280475
0.0305443
0.0290959
0.0359205
0.0307716
0.0254416
0.0273578
0.0289346
0.0262968
0.0278256
0.0290994
0.0325206
0.0282208
0.0261061
0.027908
0.0316552
0.0254897
0.0266012
0.0251037
0.028667
0.0274584
0.027413
0.0251137
0.0209626
0.0207532
0.0197076
0.0204916
0.0200551
0.0196448
0.0274882
0.0239665
0.0167111
0.0144421
0.0153715
0.0206948
0.0220746
0.0184363
0.0177858
0.0155677
0.0139359
0.0160155
0.0169172
0.0173425
0.0136914
0.0124158
0.0164968
0.0168579
0.0160957
0.0130229
0.0177639
0.0160177
0.017913
0.0133865
0.0162038
0.0163615
0.020776
0.0143625
0.0161412
0.0170049
0.0150764
0.0142023
0.0143535
0.0162847
0.015165
0.0149078
0.0173192
0.0196664
0.0188838
0.0142014
0.0127474
0.0136467
0.0160912
0.015082
0.0216512
0.0156535
0.0149497
0.0184572
0.0155652
0.016816
0.0144264
0.0153512
0.018334
0.0177814
0.0146542
0.0153077
0.0165612
0.0172377
0.0157283
0.0168578
0.0169729
0.0203443
0.0186263
0.0178235
0.0207654
0.0233385
0.021008
0.018316
0.0176256
0.0198672
0.0201416
0.0163759
0.0180763
0.0196112
0.024234
0.0168516
0.0170888
0.0182697
0.0196537
0.016442
0.017018
0.0192487
0.0172273
0.0207371
0.0217936
0.0212973
0.0220828
0.0222717
0.0214672
0.0198464
0.0175247
0.0165271
0.0168693
0.0163026
0.021738
0.0190524
0.0185929
0.0184455
0.0169919
0.0157176
0.0161566
0.0230962
0.015933
0.0146507
0.0153991
0.0169604
0.019356
0.0161633
0.0135868
0.0143552
0.014956
0.0188052
0.0136908
0.0156902
0.0139264
0.0159757
0.0171113
0.0168193
0.0134681
0.0155268
0.0176207
0.0151155
0.0134196
0.013987
0.0178972
0.019892
0.0189891
0.0189055
0.0176427
0.0199539
0.0220784
0.0223727
0.0230584
0.0212682
0.0166966
0.0164922
0.0178364
0.0216863
0.0189684
0.016707
0.0174921
0.0181759
0.0213627
0.0184967
0.0172814
0.0225758
0.0222638
0.020409
0.0197905
0.0244187
0.0235586
0.0216968
0.0189888
0.0193588
0.019781
0.0217432
0.0236464
0.0230211
0.0240044
0.026079
0.0223692
0.021558
0.0212708
0.0207549
0.0202751
0.0224598
0.0240314
0.0223244
0.0222969
0.022014
0.0258847
0.0281468
0.027289
0.0250063
0.0244822
0.0230158
0.0235592
0.0233061
0.0253809
0.0276941
0.0248218
0.0250604
0.026972
0.025351
0.0247991
0.0232797
0.0293897
0.0234806
0.0262859
0.025603
0.0266636
0.0261764
0.0259541
0.0230946
0.0242588
0.0255874
0.0269169
0.0292747
0.030612
0.0292271
0.0290804
0.0317146
0.0242047
0.0251329
0.0255026
0.0292981
0.025806
0.0232698
0.0248148
0.0288253
0.0278697
0.0298349
0.0300556
0.0304807
0.0276161
0.0332268
0.0260712
0.0251909
0.0257814
0.0244676
0.0259375
0.0298684
0.0259958
0.0249699
0.021505
0.0216564
0.0285714
0.0261447
0.0215152
0.0234863
0.02721
0.0264131
0.0221428
0.0231713
0.0244174
0.0253467
0.0234163
0.020604
0.0216825
0.0254719
0.0230458
0.0217995
0.0244892
0.0252
0.0216269
0.0219047
0.0209777
0.0232135
0.0237923
0.0242785
0.0241628
0.0221613
0.0206069
0.0223818
0.0220808
0.0188606
0.0217535
0.0202108
0.0164857
0.0178789
0.0185384
0.0164924
0.0152412
0.0164335
0.0170472
0.0328607
0.0194895
0.0148982
0.0145792
0.0159865
0.0179657
0.0162966
0.0168705
0.0138668
0.0161155
0.0152094
0.0211108
0.0195199
0.0180724
0.0134623
0.0166714
0.015053
0.0115589
0.0164365
0.0155454
0.0268354
0.0250097
0.0211705
0.0195587
0.0229979
0.0225257
0.0222788
0.0239592
0.0237508
0.0255803
0.0259687
0.0261233
0.0206476
0.0207686
0.0200904
0.0226566
0.0216237
0.0304222
0.0378626
0.0224531
0.0239098
0.0268721
0.0298233
0.0252611
0.0267133
0.0229737
0.0259568
0.0312661
0.0225762
0.0244446
0.0274087
0.0274313
0.0253731
0.0242142
0.0236679
0.025405
0.0277439
0.0254325
0.0246705
0.0260808
0.039901
0.0247786
0.022854
0.0239811
0.0275071
0.0307281
0.0339105
0.0269152
0.0267965
0.029443
0.0243194
0.0221432
0.0233544
0.0208785
0.0198413
0.0223729
0.0228932
0.0215456
0.0249139
0.0221015
0.0219061
0.0226747
0.0224241
0.0178202
0.0147106
0.0173139
0.0212501
0.0226054
0.0152599
0.0170025
0.016666
0.0185206
0.0171355
0.0220932
0.022796
0.0207027
0.0225509
0.0210927
0.0227324
0.0239668
0.0228265
0.0244839
0.0235741
0.0234409
0.02497
0.0234222
0.0293505
0.0264905
0.0310079
0.0250528
0.0253366
0.0294022
0.0249122
0.0229962
0.0271546
0.031941
0.0273589
0.0272532
0.0286154
0.0341983
0.0213908
0.020788
0.0238936
0.0261291
0.0221604
0.0215836
0.0244712
0.0236814
0.0356748
0.0229238
0.0209714
0.0223774
0.0228113
0.023243
0.0234267
0.0209076
0.0224189
0.0200951
0.0208615
0.0181633
0.0226225
0.0185791
0.018832
0.0182103
0.0196186
0.0188719
0.0171103
0.0168947
0.0186822
0.0174407
0.023828
0.017914
0.0225823
0.0231744
0.0198715
0.0191572
0.0206021
0.0180849
0.0219821
0.0223796
0.017171
0.0172393
0.0199308
0.0175861
0.0167961
0.0166299
0.017408
0.0196024
0.0215223
0.0178781
0.015412
0.016674
0.0180532
0.0192954
0.0174368
0.0191709
0.0203812
0.0205044
0.019044
0.0154994
0.0202695
0.019181
0.0181413
0.0149366
0.0161747
0.0190724
0.0154176
0.0153235
0.0170857
0.0180008
0.019711
0.0172769
0.0147653
0.017362
0.0193502
0.0164133
0.0162877
0.0147787
0.0150351
0.0153071
0.0204415
0.0187047
0.0205932
0.0187464
0.0212189
0.0191061
0.0151532
0.0159925
0.0155887
0.0159449
0.0160531
0.0148968
0.0157884
0.0163403
0.0176777
0.0158185
0.0172241
0.0181443
0.0165246
0.0166817
0.0201006
0.0204774
0.0217757
0.0213219
0.0201968
0.0219055
0.0230147
0.0247045
0.0321473
0.0171756
0.0210661
0.0203679
0.0190735
0.0185171
0.0219051
0.0266021
0.0209758
0.0170517
0.0170418
0.020089
0.0220663
0.018187
0.0180816
0.0234934
0.0194463
0.019337
0.0176508
0.0197002
0.0216882
0.0205222
0.0160343
0.016553
0.0178823
0.0180864
0.0158518
0.0191538
0.0217378
0.0215822
0.0186214
0.0217912
0.0186864
0.0208859
0.0176064
0.01669
0.0202229
0.0242731
0.0215096
0.0190775
0.0179898
0.0221277
0.0195241
0.0212214
0.0199229
0.022867
0.0182241
0.016564
0.02146
0.0188011
0.0249804
0.0208683
0.0165573
0.0204793
0.0222822
0.0202639
0.021277
0.0197914
0.0202742
0.0178219
0.0162849
0.0184495
0.0228248
0.0202388
0.0176788
0.0172552
0.0208315
0.0199428
0.0201009
0.0205579
0.0213356
0.0227619
0.0205944
0.0204615
0.0190953
0.0204941
0.0185866
0.0169243
0.0184924
0.0178605
0.02384
0.0219235
0.0208142
0.0207253
0.0163266
0.0172409
0.0152295
0.0158799
0.0172467
0.0133457
0.0170006
0.0173287
0.0168998
0.0219823
0.0169403
0.0125889
0.0182138
0.0180587
0.0152099
0.0127357
0.0129687
0.0167423
0.0222275
0.0187606
0.0141767
0.0142636
0.0146625
0.0160885
0.0178975
0.0120356
0.0138079
0.012807
0.0193985
0.014299
0.0139287
0.0127408
0.0199934
0.015723
0.0153044
0.0155206
0.0128105
0.0175773
0.0163371
0.0147495
0.0140551
0.0133295
0.0136252
0.0144609
0.0167859
0.0153008
0.0184898
0.0144987
0.0147398
0.0188094
0.0153542
0.0168949
0.0158343
0.015468
0.0195621
0.0158964
0.0177072
0.0180274
0.0176859
0.0181616
0.0212689
0.019929
0.0168588
0.0167504
0.0185529
0.0217668
0.0185489
0.0212625
0.0218692
0.0223827
0.0221278
0.0199599
0.0190215
0.02223
0.0213796
0.0214256
0.0191254
0.0200131
0.0237659
0.0199913
0.0271227
0.0259917
0.0247544
0.0187234
0.0193886
0.0207332
0.0266608
0.023897
0.0220924
0.0261166
0.0280881
0.029027
0.0228686
0.0237115
0.0209305
0.0251227
0.0237962
0.0197245
0.0218344
0.0212606
0.0267532
0.0197605
0.0194565
0.0199029
0.0240543
0.0270654
0.0254739
0.0192268
0.0217998
0.0231172
0.0231728
0.0240802
0.020925
0.0256409
0.0230822
0.0209055
0.0197092
0.020748
0.020389
0.0263473
0.0225239
0.0237615
0.0225179
0.0196468
0.0189852
0.0208973
0.0235077
0.020355
0.0182674
0.0213915
0.0247917
0.0230057
0.0249893
0.0288561
0.0288906
0.0231134
0.0226816
0.0237956
0.026989
0.0244086
0.0236302
0.0273572
0.0263314
0.0220854
0.0227965
0.0274109
0.0298061
0.0300313
0.0261484
0.0265259
0.0243508
0.023251
0.0257205
0.0286003
0.0272743
0.0261535
0.0328482
0.0256028
0.0253931
0.0271499
0.0312649
0.0274283
0.0289395
0.0291658
0.0333667
0.0295456
0.0269388
0.0309945
0.0284278
0.0285325
0.0260977
0.0259457
0.0302321
0.0236087
0.0286714
0.0249801
0.0271347
0.0235021
0.0232584
0.0267773
0.0239048
0.0240326
0.0237813
0.0255431
0.0229684
0.0254613
0.0232568
0.0242464
0.0202109
0.0183136
0.0236977
0.0200664
0.0217928
0.0173159
0.0195324
0.0254481
0.0202941
0.0170164
0.0180795
0.0202701
0.018475
0.01739
0.0190318
0.0225129
0.0279631
0.0208159
0.0214819
0.022686
0.0193519
0.0175369
0.0171532
0.0190657
0.0194273
0.0210721
0.0170888
0.0216465
0.0175831
0.0164439
0.0175387
0.0203861
0.0220367
0.0170708
0.0162674
0.0191218
0.0177816
0.0245112
0.0205107
0.0176926
0.0196338
0.0201865
0.0210107
0.0175705
0.0192506
0.0228582
0.0189151
0.0206801
0.0210303
0.0218722
0.019926
0.0208601
0.0193092
0.0210443
0.0225469
0.0224591
0.0199241
0.0219851
0.0242245
0.0243946
0.0217997
0.0265409
0.0296192
0.0300216
0.0210898
0.0231746
0.0241674
0.0260495
0.0275212
0.0250548
0.0326362
0.0255933
0.0218691
0.023505
0.0291145
0.0245656
0.0233118
0.026642
0.029446
0.0260122
0.0251051
0.0253858
0.0283717
0.0278869
0.0344295
0.0286985
0.0307163
0.0306849
0.0323782
0.0291706
0.0322054
0.0266767
0.0276165
0.0265476
0.0305815
0.0345236
0.0245802
0.0251351
0.0269496
0.0276669
0.0291586
0.0323291
0.036433
0.025775
0.0277048
0.0302469
0.0267686
0.02835
0.0310327
0.0339602
0.0305141
0.0327386
0.031003
0.0329899
0.0309898
0.0304729
0.031769
0.038422
0.0287042
0.030388
0.0362394
0.0323196
0.0316083
0.0341469
0.0307213
0.0249745
0.025164
0.0278249
0.0266578
0.0224581
0.0233976
0.0242177
0.0231457
0.0225983
0.0242275
0.0226038
0.0231208
0.0191134
0.0198821
0.0210818
0.025555
0.0204269
0.0189964
0.0247062
0.0228535
0.0180795
0.017124
0.0179131
0.0182724
0.0236516
0.0216292
0.0188827
0.020461
0.0206698
0.0340371
0.0252111
0.0194536
0.0208296
0.0219003
0.0223788
0.0199906
0.0213754
0.021627
0.0230931
0.0244835
0.0279763
0.0271258
0.0240262
0.018826
0.0219893
0.0216065
0.0208749
0.0202987
0.0227504
0.02291
0.0391025
0.0265417
0.0218954
0.0293814
0.0278356
0.0265675
0.024068
0.0250701
0.0269443
0.022599
0.0243777
0.0298465
0.0232436
0.0215087
0.0231871
0.0257212
0.022923
0.0257498
0.022822
0.025616
0.0290303
0.0379713
0.0274239
0.0252875
0.027718
0.0292285
0.02675
0.0257861
0.0308029
0.0290123
0.0290952
0.0276863
0.0298757
0.0243848
0.0246062
0.0310011
0.0291311
0.0290283
0.024651
0.0326996
0.0239487
0.0242
0.0253866
0.0283776
0.0242228
0.022184
0.0243495
0.0274346
0.0241962
0.0244135
0.0272204
0.0294887
0.0285365
0.0289006
0.03102
0.0314806
0.0256835
0.0282744
0.03334
0.0293018
0.0300528
0.0302298
0.0298581
0.03189
0.0330384
0.0340053
0.0343316
0.0291832
0.028895
0.0316847
0.0430572
0.0290085
0.0291847
0.0306772
0.0290188
0.0287393
0.0326586
0.0288565
0.0300607
0.0286694
0.0316271
0.0310614
0.0286192
0.0325715
0.0296398
0.028746
0.0269595
0.0277224
0.0317854
0.0300007
0.0269373
0.0286383
0.0265539
0.0266802
0.027913
0.0273035
0.0275448
0.0278009
0.0272149
0.0287085
0.0266329
0.0258451
0.0251947
0.0288963
0.0319961
0.0406289
0.0273658
0.0321469
0.0302736
0.0298057
0.0401503
0.030909
0.0247135
0.0252605
0.027069
0.026003
0.0252364
0.0253212
0.0287608
0.0349913
0.0279789
0.0267938
0.0263627
0.024552
0.023664
0.0243533
0.0279039
0.0259149
0.0225296
0.0245218
0.0285774
0.0296563
0.0233997
0.024708
0.0245621
0.0248715
0.0217604
0.0274998
0.0241991
0.0236546
0.0243439
0.0258529
0.0225414
0.0206038
0.0231135
0.0244468
0.0227869
0.0273616
0.0261771
0.031597
0.0275936
0.0236269
0.0248746
0.0247715
0.0207246
0.0205876
0.0246843
0.0259988
0.0273569
0.0385607
0.0333127
0.0230979
0.0220545
0.0205301
0.023858
0.0243982
0.021859
0.0212661
0.0225636
0.029396
0.0252879
0.0238183
0.0263883
0.0290858
0.0214853
0.0210745
0.0232961
0.024725
0.0248759
0.0221759
0.0261222
0.0281731
0.0234088
0.0247581
0.025592
0.0302247
0.025886
0.0133435
0.0141055
0.0149835
0.0148299
0.0157743
0.0145371
0.0164551
0.0144354
0.0180532
0.0185503
0.0169741
0.0175726
0.015304
0.0154543
0.0133236
0.0165975
0.0145958
0.0164746
0.013573
0.0129919
0.0178021
0.0189303
0.0142638
0.0133811
0.0124557
0.0142547
0.0154152
0.0172898
0.0216107
0.0155899
0.0142599
0.0125745
0.0141458
0.0147291
0.0149345
0.0138809
0.0156574
0.0153417
0.0152036
0.0132435
0.0157527
0.0168661
0.0141829
0.0141257
0.0148455
0.0161814
0.0167887
0.0134394
0.0182382
0.0206313
0.014539
0.0171465
0.0165128
0.0188801
0.018614
0.0164315
0.0156073
0.0142609
0.0137688
0.0141268
0.0123288
0.0157788
0.0139431
0.0161553
0.0134449
0.0134221
0.0148097
0.0143331
0.0138784
0.0142671
0.0130018
0.0139581
0.0131663
0.0186003
0.0161951
0.0184082
0.0145092
0.0186517
0.0215067
0.016213
0.0165087
0.0166157
0.0162619
0.0199948
0.0180983
0.0170165
0.017033
0.0193888
0.0202267
0.0175479
0.0173786
0.0188748
0.0188256
0.0176513
0.0179328
0.0196978
0.0195033
0.0184079
0.0171452
0.0189284
0.0182969
0.0187292
0.0195798
0.0187319
0.0178351
0.0183211
0.0221392
0.0196637
0.022937
0.0223654
0.0228732
0.019329
0.0217556
0.0202761
0.0192751
0.0213125
0.0230787
0.0230198
0.0286579
0.0242075
0.026846
0.02085
0.022819
0.0258938
0.021693
0.0209231
0.0218803
0.0223732
0.0241472
0.0243169
0.0226012
0.0205737
0.0224868
0.0240676
0.024817
0.0226397
0.0242483
0.0248814
0.0235255
0.0249191
0.0228309
0.0217509
0.0220119
0.0249513
0.0292429
0.0239899
0.0226028
0.0222255
0.0242449
0.0278492
0.0249304
0.023911
0.022338
0.024325
0.0274641
0.0247292
0.0254097
0.0253513
0.0283679
0.0261179
0.0271112
0.0245914
0.0277801
0.0248479
0.0273478
0.0295821
0.0258297
0.0254628
0.025184
0.0268444
0.0266697
0.0258075
0.0262528
0.0292536
0.030539
0.0275802
0.0245094
0.0260555
0.0294785
0.0247001
0.0254444
0.0251312
0.0275369
0.0319862
0.0261036
0.0236919
0.0260715
0.0280989
0.0271935
0.0301176
0.0285134
0.0250192
0.024692
0.0259196
0.0287818
0.0271327
0.0255856
0.0247016
0.0242565
0.030162
0.0274356
0.026297
0.0237316
0.0261254
0.0264401
0.0256904
0.0232772
0.0247746
0.0339031
0.0376206
0.0346521
0.0296387
0.0296438
0.0279564
0.0256623
0.0249056
0.0271582
0.0297843
0.03318
0.0309926
0.0257482
0.0260693
0.0255423
0.0310651
0.0260769
0.0252257
0.0274374
0.03329
0.0346485
0.0307827
0.0268984
0.0274962
0.0285992
0.0272949
0.0294034
0.0267953
0.0254175
0.0268585
0.0288546
0.0320958
0.0272618
0.0297149
0.0273825
0.0276029
0.0299906
0.0267575
0.0253634
0.0269908
0.0317062
0.0352123
0.0294271
0.0264691
0.0247998
0.0265569
0.0320769
0.0268944
0.0269475
0.0268201
0.0306419
0.0272351
0.0256756
0.0254846
0.0263105
0.0290035
0.0333265
0.0287355
0.0266838
0.0273354
0.030731
0.0287033
0.0261074
0.0239904
0.0277501
0.0261662
0.0245899
0.0235215
0.0239261
0.0270223
0.0262557
0.0242447
0.023179
0.0259975
0.0245513
0.0263839
0.0261383
0.0230903
0.0220727
0.0235413
0.0241657
0.028232
0.025835
0.0300278
0.0235661
0.0243512
0.0265171
0.0257299
0.0216531
0.0226163
0.0276984
0.028949
0.0243174
0.0261425
0.0207826
0.0218522
0.0240657
0.0250054
0.021648
0.0206119
0.0225532
0.0269546
0.0280813
0.024203
0.0209705
0.0218812
0.0229182
0.0236704
0.0237778
0.0243901
0.0245197
0.0250673
0.0280132
0.0283474
0.0211536
0.0259535
0.0254304
0.0270016
0.0286417
0.0252045
0.0254801
0.0274946
0.021921
0.0199096
0.0194264
0.0207125
0.0221174
0.0243009
0.0225007
0.0226533
0.0214668
0.0203275
0.0221562
0.0240066
0.0187584
0.0227742
0.0218484
0.0207194
0.0204755
0.0240642
0.0177373
0.0225902
0.0192268
0.0165443
0.0215746
0.0202383
0.0204249
0.0177214
0.0183069
0.0156845
0.0174702
0.0160476
0.0163337
0.0185157
0.0172888
0.0206631
0.0174541
0.0172545
0.0155318
0.0146295
0.0155749
0.0182651
0.0159689
0.0157851
0.0177314
0.017491
0.0178901
0.0207058
0.0175141
0.0164976
0.020074
0.0213604
0.0244509
0.022038
0.0214279
0.0209626
0.0181176
0.0191643
0.0222456
0.019415
0.0189927
0.0228176
0.0228585
0.0245329
0.0265359
0.0204195
0.0216828
0.0247421
0.0219358
0.022987
0.0205798
0.0227105
0.0238463
0.0259154
0.0229252
0.019899
0.0218781
0.022654
0.0245108
0.0247754
0.0218786
0.022127
0.022543
0.0230722
0.021733
0.0221355
0.0213512
0.0220486
0.023374
0.0277105
0.0264789
0.0226156
0.0223432
0.0218756
0.0256818
0.0244166
0.0214534
0.0209027
0.021972
0.021795
0.0260911
0.0224599
0.0215063
0.0216314
0.02419
0.0238724
0.02033
0.0275432
0.0237627
0.0229631
0.0262957
0.0292574
0.0229681
0.0239792
0.0230357
0.0217982
0.0225575
0.023117
0.0214081
0.0213296
0.0219009
0.0253915
0.0242478
0.0187695
0.0194918
0.0206972
0.0202778
0.0204114
0.0195262
0.0206749
0.0223534
0.0224663
0.0217843
0.0200339
0.0194911
0.0217562
0.0205735
0.0240568
0.0256618
0.0236427
0.0219945
0.021545
0.0239843
0.0249793
0.0210899
0.021869
0.0211377
0.0279116
0.027914
0.0262214
0.0250841
0.0257186
0.0249749
0.0256005
0.0218603
0.0247438
0.0258507
0.0293424
0.0273145
0.0240464
0.0268098
0.0318632
0.0314775
0.0290652
0.0266954
0.0255573
0.02725
0.0264588
0.0267934
0.0252065
0.0256026
0.0273735
0.0257548
0.0227635
0.0236838
0.0273316
0.0238932
0.0259312
0.0279299
0.0274176
0.0288034
0.0237055
0.024186
0.0254833
0.0270976
0.0246615
0.0226059
0.0239767
0.0309715
0.0338699
0.0288521
0.0295174
0.0278353
0.0276167
0.0291308
0.0265496
0.0274724
0.0251463
0.0284996
0.0288557
0.0261688
0.0285317
0.0302819
0.0311456
0.0289226
0.0293894
0.026667
0.026694
0.0302469
0.0284412
0.0256818
0.0258572
0.0278736
0.0273971
0.0263612
0.0240764
0.0237352
0.0262492
0.0279237
0.03045
0.0258023
0.0260315
0.0270116
0.0245773
0.0234833
0.0268407
0.0259171
0.0265914
0.0318996
0.0290102
0.029099
0.0313757
0.0228841
0.024364
0.0259015
0.025448
0.0278215
0.024543
0.0286183
0.0286141
0.0274692
0.0245318
0.0255835
0.0257296
0.0295133
0.0263056
0.0235096
0.0251157
0.0282425
0.0297311
0.0274189
0.024002
0.0257056
0.0253657
0.0241429
0.0248328
0.0256537
0.0260498
0.0291842
0.0274798
0.0303114
0.0306913
0.0295424
0.0312933
0.0251181
0.0271128
0.0286635
0.0278169
0.0286752
0.0280324
0.0276097
0.0327284
0.0265486
0.0258442
0.0251793
0.0249681
0.0263056
0.029152
0.0265129
0.0274103
0.0283228
0.0299577
0.0248455
0.0244887
0.0265959
0.0274862
0.0298734
0.0249101
0.0286252
0.028522
0.0306833
0.0289222
0.0292228
0.0262567
0.0314788
0.0266875
0.0247301
0.0290194
0.0270018
0.0300578
0.029238
0.0291803
0.0264188
0.0284861
0.0274426
0.0312473
0.0280426
0.0260355
0.0274912
0.0296021
0.033392
0.0341892
0.0291355
0.029141
0.0264279
0.0295411
0.0284902
0.0263483
0.027318
0.0276116
0.0296284
0.0303565
0.0286078
0.0283024
0.0339726
0.0269184
0.0251682
0.0265979
0.0258166
0.0299243
0.0267418
0.0251744
0.0285005
0.0285653
0.0273604
0.0242878
0.0239741
0.0256758
0.0275475
0.0290666
0.0257474
0.0240519
0.0252595
0.026821
0.0287383
0.0264629
0.0232872
0.0212082
0.0230767
0.0232757
0.0251891
0.0232187
0.021468
0.0217515
0.0250617
0.0274368
0.0251233
0.0217881
0.021603
0.0227743
0.0250562
0.0279018
0.0256115
0.0228613
0.0233483
0.0250799
0.0258196
0.0293359
0.0228081
0.0227458
0.0243033
0.0246169
0.0276064
0.0250016
0.0245199
0.0263853
0.0257347
0.0298468
0.0246329
0.0263267
0.0245046
0.024127
0.0272069
0.0245358
0.021772
0.0226629
0.0277089
0.0317148
0.0296557
0.0231917
0.0244471
0.025019
0.0237776
0.023976
0.0265174
0.0242228
0.0286056
0.0282361
0.029943
0.0272269
0.0233184
0.0223341
0.024375
0.0205612
0.021475
0.0231639
0.022707
0.0250942
0.0239436
0.02237
0.0202162
0.0214758
0.0227503
0.0210262
0.0187901
0.01977
0.0193042
0.0211912
0.0224417
0.0213253
0.0216327
0.0217745
0.0202409
0.0207303
0.0214869
0.0183116
0.0196707
0.0190401
0.0214164
0.0250036
0.0197014
0.0197517
0.0206
0.0187236
0.0202578
0.0254211
0.0202396
0.0179233
0.0209754
0.0232225
0.0198694
0.0228778
0.0167996
0.0188381
0.0186058
0.0203425
0.0208012
0.0193179
0.0179327
0.0196919
0.0199074
0.0189164
0.0191119
0.0171972
0.018821
0.0199836
0.0211039
0.0206262
0.0263392
0.0258866
0.0356869
0.0235522
0.021271
0.0197012
0.0212084
0.0248985
0.0223452
0.0194806
0.0193411
0.0236545
0.0228403
0.0243636
0.0189883
0.0185322
0.0216145
0.0238782
0.0274113
0.0281371
0.0233801
0.0220325
0.0233869
0.023425
0.0222779
0.0223404
0.0186199
0.0237559
0.0225566
0.0233822
0.0217851
0.0206011
0.0186379
0.0199022
0.0202407
0.0223981
0.0265507
0.0195362
0.0193388
0.0242112
0.0209056
0.0191702
0.0230804
0.0232945
0.0223599
0.0252349
0.0241246
0.0213877
0.0204746
0.0220437
0.0220407
0.0239346
0.0195995
0.0183551
0.0188387
0.0193408
0.0205
0.0208293
0.0200041
0.019979
0.0202691
0.0207861
0.0203697
0.0195061
0.0187168
0.0235309
0.0234828
0.0241811
0.0227006
0.0196646
0.0190912
0.020237
0.0217782
0.0181792
0.0179249
0.0177017
0.0201928
0.0239629
0.0245068
0.0186699
0.0167397
0.0184361
0.0182128
0.0212672
0.0219671
0.0208537
0.0190327
0.0188816
0.022777
0.0212221
0.0249876
0.0230945
0.0216888
0.0230308
0.0206965
0.0193527
0.0195428
0.0179191
0.0169836
0.0177873
0.022153
0.0174061
0.0179781
0.017362
0.0165286
0.020491
0.0206273
0.0167802
0.0203737
0.0187593
0.0198444
0.0224937
0.0221066
0.0226757
0.0198856
0.0185451
0.018136
0.0259589
0.019801
0.0186614
0.0190092
0.0192638
0.0205676
0.018661
0.0177274
0.0224933
0.0243721
0.0248537
0.0204665
0.0173463
0.0213369
0.0213868
0.0241172
0.0219958
0.0237485
0.0212054
0.0217965
0.022469
0.0181344
0.0187727
0.0183276
0.0197648
0.0217552
0.023794
0.0201628
0.0221052
0.0182124
0.0220444
0.0223994
0.0228275
0.0231236
0.017548
0.0181392
0.0189046
0.0222843
0.020145
0.020449
0.0218811
0.0237713
0.0255524
0.0218503
0.0256337
0.0238212
0.0236581
0.0289159
0.0241872
0.0229155
0.0196738
0.0248858
0.023528
0.0254524
0.0226476
0.0258965
0.0213643
0.023337
0.0213581
0.0223173
0.0225414
0.0299273
0.0268463
0.0208595
0.0202786
0.0212662
0.0246674
0.0244843
0.0235679
0.0242445
0.0208048
0.0214228
0.0210867
0.0213573
0.0223457
0.0238007
0.022201
0.0214695
0.0199995
0.0204681
0.022634
0.0230074
0.0251056
0.0230664
0.0205672
0.0230526
0.0236201
0.023825
0.0215519
0.0233643
0.0241878
0.0256284
0.0224566
0.0211447
0.0225669
0.0239643
0.0256704
0.0247635
0.0267483
0.0225197
0.0224192
0.0264683
0.0257103
0.0227824
0.0215259
0.0237999
0.024273
0.0279152
0.0224041
0.0212566
0.021131
0.0231102
0.0238367
0.0270116
0.0298829
0.0286076
0.0282714
0.023686
0.0240001
0.0239879
0.0257344
0.0235235
0.0225023
0.0285546
0.0302538
0.0279486
0.0242016
0.0258204
0.0256962
0.0269906
0.0282035
0.0265151
0.0243915
0.0252431
0.0275892
0.0287745
0.0296772
0.0305169
0.025871
0.0271266
0.0273259
0.0251524
0.0255738
0.025446
0.0296844
0.0270789
0.0252613
0.0263518
0.0256759
0.0291786
0.028467
0.024519
0.0264789
0.0274617
0.0298204
0.028761
0.024854
0.0251509
0.0263533
0.0300567
0.0271439
0.0245131
0.025754
0.0294634
0.0276984
0.0269028
0.0280884
0.0267314
0.0274309
0.0241416
0.0289528
0.0239596
0.0272754
0.0272722
0.029987
0.0290117
0.0264026
0.0276646
0.0282679
0.0304888
0.0241794
0.0243391
0.0279088
0.0300044
0.0353125
0.0333422
0.0264475
0.0286364
0.0264389
0.0244792
0.0248327
0.0294296
0.0285743
0.0262433
0.0248036
0.0229771
0.02438
0.0242177
0.0294576
0.0232037
0.0244206
0.0251472
0.0276252
0.0239119
0.0193615
0.0209679
0.0215756
0.0223691
0.021271
0.0199867
0.0259413
0.0230126
0.0237176
0.0244652
0.0208264
0.022717
0.0230258
0.0259876
0.0284394
0.0285909
0.02285
0.0217189
0.0207656
0.0266433
0.0222032
0.0207684
0.0197112
0.0223687
0.0243989
0.020234
0.0191306
0.0194312
0.0215893
0.0224785
0.0181474
0.0183996
0.0250077
0.0273021
0.0208803
0.0209568
0.0212916
0.0204477
0.0201997
0.023055
0.01946
0.0185152
0.0187585
0.0198089
0.0235732
0.0180758
0.0181405
0.020745
0.0189542
0.0215535
0.0205257
0.0173143
0.0190374
0.0218442
0.0187944
0.0202424
0.0199427
0.0179577
0.0239843
0.0271307
0.0170575
0.0213188
0.0219118
0.0215294
0.0233639
0.0226977
0.0192257
0.0209439
0.0195883
0.0205388
0.0207585
0.0209636
0.0193704
0.0238897
0.0235609
0.0183662
0.0180756
0.0191557
0.0192235
0.0219825
0.0187852
0.018373
0.0194781
0.0217727
0.0230329
0.0206769
0.0199031
0.0190458
0.0220675
0.0241109
0.0361379
0.0178873
0.0184879
0.0204071
0.0200992


