0.0156268
0.0263608
0.0164494
0.0171848
0.0195556
0.0154728
0.0195988
0.0182425
0.0188062
0.016057
0.0181146
0.0203975
0.0170829
0.0182014
0.0169709
0.0171202
0.0187541
0.0200822
0.0175674
0.0197429
0.0226647
0.0183257
0.0174177
0.0183309
0.0221997
0.0182582
0.0215096
0.0186834
0.0160571
0.0218212
0.0188489
0.0186696
0.0171511
0.018551
0.0191121
0.0180089
0.0160937
0.0164312
0.0154177
0.0173833
0.016451
0.0191189
0.016284
0.0168531
0.016851
0.0169489
0.0181909
0.0178125
0.0178352
0.0197878
0.0192231
0.0173359
0.0190784
0.0213977
0.0212482
0.0155991
0.0196726
0.0202906
0.0183409
0.0178339
0.0216063
0.0201187
0.0218192
0.0180621
0.0198845
0.0175453
0.0176034
0.0215178
0.0182441
0.0181674
0.021523
0.018377
0.0200923
0.0209697
0.0170889
0.0189178
0.0212915
0.0159704
0.0166733
0.014805
0.0156888
0.0153255
0.016216
0.019898
0.0207067
0.0201417
0.0181734
0.018492
0.0198059
0.0172898
0.0201617
0.0193935
0.0167936
0.0240959
0.0239807
0.0202031
0.0218071
0.0228639
0.0199694
0.022199
0.0238902
0.0235246
0.0217461
0.0232236
0.0250997
0.0222617
0.0225202
0.0273484
0.0245908
0.0248693
0.0277444
0.0259428
0.027383
0.0300391
0.0305397
0.0264482
0.0276979
0.028917
0.028581
0.0260862
0.0301324
0.0267312
0.028643
0.0265024
0.027538
0.0242391
0.0241917
0.0278924
0.0284614
0.0250776
0.0314974
0.0302986
0.0377631
0.0382757
0.0453906
0.0326487
0.0344928
0.0343552
0.033212
0.0330955
0.0316114
0.0314705
0.0325293
0.0375818
0.033158
0.0302568
0.0317392
0.0298794
0.0302418
0.0334894
0.0356935
0.0361154
0.0324703
0.0377605
0.0336763
0.0320517
0.0308387
0.0304942
0.0320726
0.0344366
0.0335126
0.030976
0.0275563
0.0263972
0.0330762
0.0334204
0.042029
0.0332843
0.035734
0.0291268
0.0295516
0.0288824
0.0319415
0.0322691
0.0301473
0.0301069
0.0300737
0.0309917
0.0294758
0.0270637
0.0286743
0.030124
0.031044
0.0335751
0.0324552
0.0300262
0.0359903
0.0309105
0.0373441
0.0320254
0.0320717
0.0407985
0.0364581
0.0320745
0.0347655
0.0305614
0.0280152
0.0305401
0.0318437
0.0368118
0.0409466
0.0370169
0.0332323
0.0320375
0.0329756
0.0364605
0.0371234
0.0374503
0.0379556
0.0314511
0.0405947
0.0381512
0.0389697
0.0382183
0.0428731
0.0343786
0.0362022
0.0340862
0.0349745
0.0328136
0.035404
0.0353217
0.0375388
0.0385192
0.0350598
0.0392098
0.0336999
0.0374194
0.0327621
0.034303
0.0349565
0.0343336
0.0314254
0.0343431
0.0350282
0.0401825
0.0329971
0.0305013
0.0320101
0.0313464
0.0316237
0.0301547
0.0300688
0.0344179
0.0353859
0.0316053
0.0351384
0.0286923
0.0291172
0.0297848
0.0318753
0.0277968
0.0325894
0.0333171
0.0424271
0.0332579
0.0294861
0.0321117
0.0281137
0.0307685
0.0324029
0.0335382
0.0387261
0.0313193
0.0290291
0.0290939
0.027484
0.0341439
0.0349382
0.0275231
0.0272658
0.0290399
0.0301251
0.0309845
0.0280817
0.0317763
0.0345289
0.0403226
0.0338345
0.0299326
0.0288909
0.0301513
0.0321344
0.033057
0.0325115
0.0315802
0.0293981
0.028017
0.0301116
0.0296164
0.0311029
0.0352277
0.0383884
0.034301
0.0305168
0.0311072
0.0329363
0.0333629
0.0328984
0.0370975
0.0323667
0.0340343
0.0364046
0.0290983
0.0286276
0.0334586
0.0330782
0.0341721
0.0327716
0.0347059
0.0346973
0.0323184
0.0300824
0.0318125
0.0293804
0.0312467
0.0318673
0.0341259
0.032944
0.0278907
0.0276923
0.0283662
0.0280954
0.0308269
0.0306724
0.0296729
0.0336533
0.0335442
0.0272825
0.0271486
0.0297673
0.0277047
0.0293691
0.032002
0.0287943
0.0282093
0.0291698
0.0280924
0.025198
0.0268032
0.0260499
0.0323956
0.0283572
0.0316935
0.0299923
0.0261019
0.029938
0.0297457
0.032734
0.0319418
0.0317801
0.0294495
0.0277075
0.0336077
0.0282115
0.027575
0.0273209
0.028603
0.0317762
0.0283602
0.028949
0.0318089
0.0317852
0.0293728
0.0263429
0.0287637
0.027174
0.0313552
0.0326794
0.0270575
0.0308065
0.0306529
0.0336489
0.0295369
0.0291834
0.0313956
0.035344
0.0326566
0.0331593
0.0325875
0.0293424
0.0288152
0.0294945
0.0309502
0.0431742
0.0337946
0.0320749
0.0282339
0.0288033
0.0289943
0.0322334
0.0338967
0.0338665
0.0351724
0.0286128
0.0310745
0.0323723
0.0309566
0.0304223
0.0326209
0.0337145
0.0292693
0.0306165
0.0263423
0.0269159
0.0301298
0.0297197
0.0294103
0.0286959
0.0300159
0.028286
0.0256908
0.0257526
0.0274032
0.0420267
0.0362357
0.0361709
0.0363382
0.0357729
0.0320082
0.0297385
0.0288323
0.0325785
0.0320423
0.0320414
0.0295203
0.0283802
0.0318273
0.0299406
0.0298273
0.0301627
0.028992
0.0333147
0.0298232
0.0313417
0.0266123
0.0267379
0.0268593
0.0330425
0.029154
0.0369996
0.0384719
0.0315533
0.0308886
0.0327514
0.0348273
0.0317348
0.0303103
0.0280397
0.0297008
0.029709
0.0275815
0.0267643
0.0272497
0.0291977
0.0449416
0.0388991
0.0302995
0.0301243
0.0310187
0.030186
0.0338442
0.0333278
0.0318144
0.0333291
0.0286879
0.0304821
0.0298682
0.0312336
0.0356992
0.0330353
0.0279185
0.0296288
0.0391306
0.041946
0.0397947
0.0324731
0.0383422
0.0329353
0.0310478
0.0331299
0.0302764
0.0302724
0.0289163
0.0283569
0.0304668
0.0380743
0.037574
0.0361033
0.0377955
0.0378707
0.0357402
0.0382192
0.0324612
0.0389645
0.037536
0.0324544
0.0314015
0.0356095
0.0369329
0.0375248
0.0317428
0.035518
0.0328646
0.038904
0.0376223
0.0381404
0.0350821
0.0363661
0.0346862
0.0364302
0.0351855
0.0356837
0.0350091
0.0367761
0.0312965
0.0289808
0.0326158
0.0322094
0.0324346
0.0361383
0.0325793
0.0376028
0.0374525
0.044755
0.0413851
0.0465602
0.0421778
0.0382218
0.0325861
0.0358494
0.034392
0.03504
0.0352925
0.0371234
0.0414249
0.0417373
0.0393391
0.0353043
0.0344426
0.0356709
0.0359721
0.0346828
0.0333798
0.0312964
0.0319886
0.0301233
0.0340861
0.03642
0.0326408
0.0346159
0.0293581
0.0309307
0.0384518
0.0373831
0.0427379
0.0392623
0.0358984
0.0343417
0.0323565
0.0328533
0.0351806
0.0359539
0.0339915
0.0326883
0.0295012
0.0307351
0.0298968
0.0307598
0.0285012
0.0310854
0.0316919
0.0331851
0.0347697
0.0302303
0.0340236
0.0308529
0.0310278
0.0283147
0.0268057
0.0281484
0.0271569
0.0278928
0.0320777
0.0393812
0.0349606
0.0357575
0.0308278
0.0298668
0.0287407
0.0305622
0.0271849
0.0303743
0.0259624
0.02787
0.0378947
0.0329177
0.033695
0.0343459
0.0276345
0.0292159
0.0272086
0.0271079
0.0283285
0.0318063
0.0246542
0.0234406
0.026146
0.0261681
0.0233484
0.0284768
0.0264765
0.0305681
0.0298321
0.0254061
0.0253327
0.0253557
0.0249019
0.025023
0.023524
0.0257407
0.0268716
0.030885
0.0257398
0.0261637
0.0288087
0.0257272
0.0308013
0.0279032
0.0299447
0.0317178
0.0318354
0.03083
0.029421
0.0253355
0.0290386
0.0272345
0.0301903
0.0288652
0.0311859
0.0347455
0.0308362
0.0289463
0.0257516
0.0281215
0.0312142
0.0331747
0.0340006
0.0297989
0.029996
0.0333323
0.0298192
0.030052
0.0316209
0.0315266
0.0358474
0.0347067
0.0312816
0.0277775
0.0336901
0.0311628
0.030635
0.0300538
0.0345318
0.0285282
0.0267543
0.0285869
0.0305516
0.0283261
0.0319758
0.0297645
0.0314122
0.0353617
0.0280798
0.0304409
0.0335293
0.0330816
0.03407
0.0283162
0.0296132
0.0315885
0.0305234
0.0281259
0.0299211
0.0297579
0.0308198
0.0276016
0.0304682
0.0269212
0.0273987
0.0308349
0.0306918
0.0283089
0.027448
0.0264129
0.0272098
0.0318643
0.0315077
0.0313704
0.0336731
0.0348246
0.0378949
0.0329546
0.0322768
0.034269
0.0276833
0.0310797
0.0321632
0.0325838
0.0296139
0.0329285
0.0270647
0.0270977
0.0277564
0.0269091
0.0299211
0.0295241
0.029429
0.0307716
0.0294885
0.0292961
0.0270344
0.0273617
0.0345912
0.0274196
0.0312544
0.0260208
0.0296618
0.0261699
0.0291001
0.0394161
0.0489659
0.040785
0.0390862
0.0389633
0.0350957
0.0328405
0.0367117
0.039673
0.0357171
0.0355602
0.0371122
0.0319448
0.033359
0.0392989
0.0338359
0.0353292
0.0295808
0.0285865
0.0301081
0.0303804
0.0316653
0.0301785
0.028276
0.0287077
0.0280024
0.0294833
0.0290301
0.0312361
0.0340193
0.0295861
0.0288192
0.02689
0.0258169
0.0313838
0.0372221
0.0329208
0.0347696
0.0313406
0.0373729
0.029969
0.0330205
0.0308048
0.029834
0.0334054
0.0288324
0.0309716
0.0349187
0.0398112
0.0349564
0.0348715
0.0275581
0.0323105
0.0353737
0.0403656
0.035298
0.0358469
0.0304303
0.0342266
0.0343096
0.0360698
0.0331035
0.0320732
0.0323162
0.0320303
0.030603
0.0293092
0.0346783
0.0390362
0.0351595
0.0357144
0.0326498
0.0312184
0.0333934
0.0386322
0.0367864
0.0294162
0.0313085
0.0291503
0.0291686
0.0338002
0.0313815
0.0357857
0.0346171
0.033324
0.0323975
0.0345899
0.0332888
0.0392822
0.0318156
0.0328699
0.031857
0.0398932
0.0327125
0.0359661
0.0374697
0.0356672
0.0326413
0.0325668
0.0364922
0.0339581
0.0349792
0.0314197
0.02998
0.0339199
0.0327124
0.0364187
0.0383679
0.0353891
0.0329729
0.0347662
0.0320324
0.0472715
0.035657
0.0392939
0.0361307
0.0321597
0.0323055
0.0309883
0.0304544
0.0288611
0.0285253
0.0260068
0.0284162
0.0391976
0.0339858
0.0364013
0.0353337
0.0298056
0.0324706
0.0280282
0.027527
0.0340485
0.0289548
0.0278374
0.0402333
0.0312311
0.0302713
0.029453
0.0311966
0.0290486
0.0291431
0.0282926
0.0266265
0.0256491
0.0290442
0.0373571
0.0339246
0.0277982
0.0327365
0.0311934
0.0300597
0.0308731
0.029076
0.0272561
0.0256515
0.026551
0.0297024
0.0310606
0.0272613
0.0267559
0.0248176
0.0261806
0.0248033
0.0221233
0.0251066
0.0290907
0.0293004
0.0289257
0.0293408
0.0263341
0.0272071
0.0270494
0.0247259
0.0242951
0.0259169
0.0253838
0.0260508
0.0222778
0.0318192
0.0269498
0.0241102
0.0261692
0.0217312
0.0248676
0.0268137
0.0285174
0.0232694
0.0261894
0.0267258
0.0275407
0.0230126
0.0244857
0.0237713
0.0266452
0.025224
0.025357
0.0281504
0.0220575
0.0219541
0.0194722
0.0176885
0.0189696
0.0211243
0.0189297
0.0238951
0.0257063
0.027948
0.028071
0.0258245
0.0254498
0.0356685
0.0361193
0.0289308
0.0271898
0.0279064
0.0304756
0.0283781
0.0292781
0.0285925
0.0272461
0.025906
0.0304588
0.0333186
0.0321388
0.0272472
0.0251332
0.0270258
0.0257896
0.0275301
0.0276375
0.0253206
0.0277887
0.0226864
0.023257
0.0273981
0.0283515
0.0273598
0.0248284
0.0291029
0.0242338
0.0249333
0.0294233
0.0284362
0.0326023
0.0262468
0.025067
0.0235975
0.0234491
0.0243865
0.0253639
0.0336039
0.0340295
0.031671
0.0301262
0.0243097
0.0254969
0.0268131
0.0254187
0.0266614
0.0255564
0.0253031
0.0253889
0.023576
0.0258601
0.0261073
0.0239771
0.0216118
0.0227736
0.0283551
0.0254556
0.0299947
0.0351497
0.0306492
0.029789
0.0329044
0.0303983
0.0313214
0.0279182
0.029469
0.035366
0.0372403
0.0340582
0.0343263
0.0302115
0.0363696
0.0313005
0.0298389
0.031313
0.0252035
0.0277937
0.0280603
0.027736
0.0300775
0.0289889
0.0290413
0.0302867
0.0283707
0.0302066
0.0264951
0.0276139
0.0288312
0.0265528
0.0283692
0.0265281
0.0230171
0.0239462
0.0253757
0.0267133
0.0266225
0.0253545
0.026044
0.0252137
0.027328
0.0285732
0.0262905
0.0223969
0.0239346
0.0263565
0.0323547
0.0268786
0.0265063
0.0267276
0.0264003
0.0298799
0.0250901
0.0314778
0.0241418
0.0262277
0.0294547
0.0289106
0.0324326
0.0251543
0.0275556
0.0269425
0.029174
0.0302993
0.0402661
0.0318039
0.0307148
0.028638
0.0320725
0.0324816
0.0313463
0.027971
0.0307822
0.0300454
0.0290453
0.0312023
0.0299392
0.0308724
0.0354168
0.0345278
0.0307623
0.0285467
0.0282768
0.0308321
0.0404149
0.0312958
0.0285074
0.031186
0.0302235
0.0298771
0.0313666
0.030869
0.0302038
0.0412692
0.0323935
0.0327314
0.0295811
0.0329519
0.0323749
0.0300168
0.0298856
0.028718
0.0293159
0.0299906
0.0295381
0.0372734
0.0303786
0.0262481
0.0286473
0.0268818
0.0290463
0.0332258
0.0329926
0.028745
0.0283914
0.0332533
0.0293821
0.0283154
0.0295875
0.0277771
0.028425
0.0312175
0.0362856
0.0351663
0.0317857
0.0285506
0.0313655
0.0328649
0.032554
0.0316496
0.0320219
0.0304738
0.0288668
0.0315534
0.031033
0.0335645
0.0367702
0.0339973
0.0370775
0.0353155
0.0340251
0.0293702
0.0304251
0.0315959
0.0352821
0.0314806
0.0328531
0.0318048
0.0292166
0.0309944
0.0315379
0.0344223
0.0317761
0.0310558
0.029945
0.0308257
0.0308079
0.0281847
0.0240506
0.0259222
0.0238251
0.0265294
0.0247129
0.0276488
0.0254961
0.0280218
0.0283633
0.0267306
0.0237809
0.0255938
0.0253017
0.026902
0.0277291
0.0279649
0.0270242
0.0259873
0.0234824
0.0255857
0.0249741
0.0295541
0.0266439
0.0268716
0.0277292
0.0274936
0.0245128
0.0238125
0.0245156
0.0269772
0.0272206
0.0258132
0.0248991
0.0230501
0.0252926
0.0281605
0.0270661
0.0251676
0.0238269
0.0263085
0.0264792
0.0271037
0.0254204
0.0242683
0.029462
0.0274945
0.0276994
0.0293972
0.0276505
0.0254711
0.0297214
0.0295818
0.029603
0.030853
0.0334882
0.0274781
0.0257043
0.0294687
0.0328309
0.0310028
0.0290203
0.0283151
0.0409723
0.037446
0.0318198
0.0323657
0.0292481
0.0292086
0.0296689
0.0281775
0.03281
0.0354196
0.0338014
0.0331519
0.0267257
0.0279833
0.0321689
0.0325308
0.0290035
0.029525
0.0303025
0.0300413
0.0297477
0.0333517
0.0348924
0.0308336
0.0340679
0.0292906
0.0298521
0.0293572
0.032605
0.0321421
0.0283984
0.0281711
0.0325205
0.0312557
0.0327619
0.0327823
0.0313114
0.03293
0.0377576
0.0336002
0.0312851
0.0347818
0.034817
0.0317301
0.0289859
0.032333
0.0312005
0.0320904
0.0282469
0.0293241
0.0318036
0.0286141
0.0323296
0.0315052
0.0298503
0.0343109
0.0296344
0.0338502
0.0300332
0.0311546
0.0345968
0.0405145
0.0390761
0.0343569
0.0348837
0.0339006
0.0305826
0.0335588
0.0346181
0.0317568
0.0348509
0.0402988
0.0419534
0.0430618
0.0334832
0.0373609
0.0346532
0.0385556
0.0380865
0.0348884
0.0401488
0.0369268
0.038793
0.03306
0.03297
0.0314008
0.0390853
0.0366496
0.0421588
0.0363128
0.0362851
0.0383637
0.034578
0.040747
0.0326569
0.0336284
0.0342868
0.036613
0.0343029
0.0369608
0.0354982
0.0351331
0.0357282
0.0369512
0.0331386
0.0365722
0.035139
0.0424189
0.0362073
0.0322215
0.0337666
0.034542
0.0392119
0.0404583
0.0342154
0.0333998
0.0356348
0.0361089
0.0368523
0.038299
0.0348541
0.0363156
0.0351162
0.03785
0.0361464
0.0310314
0.0334649
0.0393344
0.0325801
0.0388208
0.0303476
0.0313013
0.0336551
0.031852
0.0359555
0.0307842
0.0309407
0.0292366
0.0359981
0.0363006
0.0325219
0.0295352
0.0307518
0.0354006
0.0362269
0.0345464
0.0344821
0.0416183
0.0370945
0.0311612
0.0314545
0.0265556
0.0302895
0.0378627
0.032507
0.0349781
0.0332319
0.0348008
0.0300529
0.0314512
0.0332508
0.0324827
0.034605
0.0348559
0.0337611
0.035449
0.0282707
0.0331558
0.0332075
0.0368119
0.033586
0.0387105
0.032861
0.0317277
0.0340984
0.033274
0.0372537
0.0341459
0.0310763
0.0309519
0.0313453
0.0340342
0.031994
0.0302031
0.0287058
0.0331069
0.0302755
0.0363222
0.0298438
0.0289608
0.0313981
0.0296369
0.0310599
0.0345014
0.0332932
0.034703
0.0346109
0.0315294
0.0359448
0.0329417
0.0365487
0.0349771
0.0410401
0.0403615
0.031155
0.0315069
0.0306584
0.0346136
0.0337891
0.0337736
0.0321034
0.0317912
0.0332927
0.0340197
0.032419
0.0296232
0.029855
0.0334476
0.0332429
0.0332657
0.0300759
0.0314122
0.0341464
0.0340041
0.0305885
0.033926
0.0295839
0.0341544
0.035989
0.0347821
0.0349283
0.0288853
0.0310451
0.0367895
0.0365261
0.032188
0.0317931
0.030881
0.032945
0.0343896
0.0315302
0.0344311
0.0317425
0.0353209
0.033055
0.0345328
0.0316224
0.0321005
0.0316015
0.0324848
0.030468
0.0325785
0.0298727
0.03255
0.0333936
0.0309419
0.0294403
0.0298183
0.0370039
0.0409009
0.0443024
0.0438677
0.0381644
0.0853344
0.0312974
0.03239
0.0365245
0.039438
0.0390942
0.0423245
0.0456018
0.0427094
0.0360647
0.03793
0.036955
0.044128
0.037985
0.0358986
0.0351034
0.041005
0.0327774
0.0313492
0.0299082
0.0326709
0.0294113
0.0341868
0.0348966
0.036909
0.0314832
0.0298513
0.0310717
0.0315074
0.0321802
0.0332498
0.0324447
0.0336429
0.0394496
0.038658
0.0298675
0.0311372
0.0312634
0.0372858
0.033249
0.0334258
0.033681
0.0368826
0.0352925
0.0353089
0.0354399
0.0347278
0.037534
0.0380397
0.0394999
0.0394109
0.0349976
0.0369692
0.0459514
0.0412531
0.038897
0.0402495
0.0446271
0.0383751
0.0373258
0.0391721
0.0381617
0.0397632
0.0375774
0.0419364
0.0358423
0.0383247
0.0375046
0.0367677
0.0417251
0.0345177
0.0385216
0.0368998
0.0331228
0.0345938
0.036957
0.0339932
0.0343953
0.0339285
0.0411833
0.033303
0.0366714
0.0323103
0.0351373
0.033754
0.0380523
0.0401097
0.0339016
0.0352858
0.0394249
0.0392095
0.0370547
0.0359984
0.0359711
0.0365178
0.0414669
0.0418142
0.0343006
0.0353532
0.0373194
0.039993
0.0370271
0.0358194
0.0343261
0.0399669
0.0386571
0.0409615
0.0342639
0.0334342
0.036769
0.0355208
0.0343154
0.0351819
0.0329744
0.0358218
0.0367991
0.0402824
0.0353214
0.0401483
0.0409006
0.0483681
0.0362814
0.0340161
0.0389604
0.0412736
0.0300895
0.0326833
0.0319496
0.037469
0.0375657
0.0397688
0.033382
0.0371111
0.0410108
0.0433801
0.032329
0.0356213
0.0365519
0.0376392
0.0319537
0.033916
0.0313752
0.0313854
0.0365496
0.0389067
0.0344777
0.0362013
0.035894
0.0510991
0.0343932
0.0334421
0.0349568
0.0386948
0.0298049
0.0287824
0.0292439
0.033705
0.0405886
0.0304699
0.0327636
0.0315729
0.0342136
0.0372813
0.0309767
0.0326182
0.0374004
0.0299863
0.0341883
0.0386674
0.0292023
0.0294842
0.0274125
0.0375117
0.0339554
0.0329632
0.0294136
0.0313706
0.029296
0.0268427
0.0289328
0.0342636
0.0347143
0.0293727
0.0274263
0.0267671
0.0353272
0.0363014
0.0250381
0.027467
0.0307403
0.0346956
0.0267649
0.024562
0.0245361
0.0246588
0.0302566
0.0299429
0.0270454
0.0246003
0.0235059
0.0325527
0.0267022
0.0228015
0.0237999
0.026262
0.0246523
0.0241762
0.0260779
0.0249876
0.0286403
0.0259077
0.0254182
0.0264208
0.0290402
0.0253261
0.0232776
0.0242456
0.0238172
0.0269492
0.0242746
0.0231261
0.0228441
0.0257033
0.0261338
0.0281494
0.0278701
0.0227973
0.0231837
0.0288951
0.025414
0.0243157
0.0262151
0.0319322
0.0291318
0.0291975
0.0309521
0.0278572
0.0289438
0.0255244
0.0278326
0.0241171
0.0271415
0.0270043
0.0233029
0.022302
0.0266439
0.0275137
0.0220468
0.0266361
0.0269674
0.0269401
0.0298283
0.0263816
0.0234453
0.0221108
0.0212653
0.021396
0.0248128
0.0249544
0.0254981
0.0260428
0.0259903
0.0290625
0.025203
0.0295698
0.0242651
0.0237334
0.0266118
0.0238837
0.023589
0.0238076
0.0232974
0.0231838
0.021121
0.0205589
0.023423
0.0221623
0.0236521
0.0258057
0.0226678
0.0221903
0.0246735
0.0238516
0.0218493
0.022642
0.0214975
0.0239495
0.028212
0.0227383
0.0252562
0.0222373
0.0231441
0.0233333
0.0233693
0.0244099
0.0237656
0.0212978
0.020443
0.018232
0.0182477
0.0220941
0.0236348
0.0243544
0.0253385
0.0243746
0.0260305
0.028818
0.0288395
0.03058
0.0305198
0.0298367
0.0292496
0.0279173
0.0249704
0.0243589
0.0235023
0.0267386
0.0258377
0.0276684
0.0300099
0.0374754
0.0339039
0.0350033
0.0325641
0.0300685
0.0312128
0.0305297
0.0339983
0.036735
0.0346514
0.0329762
0.0309718
0.0343401
0.0300181
0.0316481
0.0288603
0.0334229
0.0330946
0.0292919
0.033447
0.0326638
0.0308752
0.0301542
0.0349067
0.035663
0.0287335
0.030838
0.0269306
0.0275532
0.028488
0.0280074
0.02834
0.0330979
0.042771
0.0396268
0.032655
0.0367024
0.0376736
0.0335697
0.0350475
0.0312587
0.0344277
0.0307168
0.0303596
0.0311151
0.0346201
0.0332043
0.0330568
0.0346224
0.0361253
0.0316264
0.0308235
0.0330535
0.0286142
0.0325893
0.0301682
0.0300176
0.0335924
0.0361992
0.0342608
0.0329263
0.0320872
0.0355081
0.0316001
0.0352408
0.033219
0.0297328
0.0334212
0.032864
0.0346348
0.0357506
0.0326332
0.0304021
0.0307999
0.0297632
0.0316416
0.0307928
0.029624
0.0288505
0.0285371
0.0307749
0.0320872
0.0357169
0.0298532
0.0300098
0.0305534
0.0321635
0.0332268
0.0342529
0.0313622
0.0401926
0.0373533
0.0305214
0.0340559
0.0349696
0.0358537
0.0313325
0.0302236
0.0373096
0.0331334
0.0367138
0.0342529
0.0336255
0.0346785
0.0342926
0.0388285
0.0324022
0.0344031
0.0307167
0.0341364
0.0336756
0.0303084
0.031756
0.031702
0.0344771
0.0319045
0.0334289
0.0325471
0.038689
0.0368044
0.03221
0.0389621
0.0289941
0.0340791
0.0303163
0.0295039
0.0331656
0.0316949
0.0362405
0.0364073
0.0306913
0.0336799
0.0304293
0.0322484
0.0286265
0.0293477
0.0298777
0.0286455
0.0311075
0.0324787
0.0316666
0.0307279
0.0290368
0.0280404
0.0282286
0.0286574
0.0303438
0.0304378
0.0328143
0.0307937
0.0329128
0.0309563
0.0272891
0.0331026
0.0275956
0.0275428
0.0277514
0.0277461
0.0314593
0.0291422
0.0311116
0.0314064
0.0318923
0.0330485
0.0292629
0.0340161
0.0325297
0.0316731
0.0296865
0.025957
0.0273751
0.0272868
0.0300964
0.028588
0.0332234
0.0324492
0.0282841
0.0258143
0.0271948
0.0267769
0.0283585
0.0294261
0.0319907
0.0304967
0.0350854
0.0311343
0.032125
0.0297817
0.0381865
0.0329523
0.0299692
0.032587
0.0306142
0.03102
0.030414
0.0316731
0.0346627
0.0331027
0.0361026
0.034037
0.0313273
0.0316116
0.0286941
0.0294416
0.0319288
0.0287639
0.0322954
0.0308058
0.0299829
0.0334603
0.0325604
0.0302002
0.0334429
0.028631
0.027108
0.0280932
0.0389441
0.0349671
0.0417484
0.0348608
0.0342074
0.0378621
0.0324891
0.0361871
0.0329144
0.0318266
0.0313919
0.0303309
0.0299395
0.03402
0.0328381
0.0315528
0.0305395
0.0319784
0.0322988
0.0322482
0.0315871
0.0309534
0.0330519
0.0296639
0.0334642
0.0322163
0.0285902
0.0320089
0.0286277
0.0287382
0.0295107
0.0331465
0.0284812
0.0288328
0.0300902
0.0351078
0.0295868
0.0305018
0.0312282
0.0365557
0.0300387
0.0301004
0.0311759
0.0324331
0.0328543
0.0317746
0.0321676
0.0280788
0.0279105
0.0295765
0.0288392
0.0273275
0.0275881
0.0279468
0.0341463
0.0309315
0.0300915
0.0321131
0.0296573
0.0280041
0.0298671
0.0278939
0.0261176
0.0272698
0.0302165
0.029749
0.0301374
0.0291272
0.0298722
0.0311888
0.0295518
0.02699
0.02784
0.0268189
0.0292645
0.0345544
0.0360938
0.0385622
0.0309961
0.0285503
0.0295615
0.0294365
0.0323675
0.0316244
0.0321604
0.030561
0.0379209
0.0295529
0.0323755
0.0330624
0.0311676
0.0289518
0.0318863
0.0322522
0.0346515
0.035594
0.0368243
0.0295019
0.0273296
0.0266098
0.0284918
0.0320979
0.0293722
0.0331752
0.0333403
0.0298318
0.0295524
0.0290882
0.0310766
0.0319485
0.0282685
0.0327422
0.029702
0.029594
0.0305621
0.0276121
0.0274908
0.0272526
0.0279806
0.0270087
0.0298546
0.0350088
0.0371564
0.0308962
0.035097
0.0349655
0.0320905
0.0273706
0.0264901
0.0283294
0.0318176
0.0278353
0.0274507
0.0279765
0.0312971
0.0296392
0.0282394
0.0332236
0.0344392
0.0296463
0.0289141
0.0304078
0.0294963
0.0311769
0.0264922
0.0299797
0.0327404
0.0321531
0.0352524
0.047389
0.0328745
0.032899
0.0316995
0.0314893
0.0317779
0.0307272
0.0335186
0.0363007
0.0341854
0.0345467
0.0375947
0.032042
0.0382878
0.0318028
0.0297468
0.030854
0.0307314
0.0313538
0.0327381
0.0373105
0.0324371
0.0379211
0.0324519
0.0373606
0.0368803
0.0380853
0.0296453
0.0317906
0.0354573
0.0324216
0.034447
0.035816
0.0352594
0.0348088
0.0380072
0.0297866
0.0311488
0.0312202
0.0314178
0.0350159
0.0339319
0.0355969
0.0323116
0.0359058
0.0361312
0.0363098
0.0362413
0.0325358
0.0352677
0.0347043
0.0360164
0.0349215
0.0361763
0.0337838
0.0307886
0.0290298
0.0306328
0.0314655
0.0331679
0.035102
0.033146
0.033822
0.0302306
0.0340821
0.0324501
0.0287123
0.0345451
0.0338978
0.0296164
0.0316349
0.0328943
0.0343737
0.032946
0.0332892
0.0328295
0.0316988
0.0293868
0.0309986
0.0293188
0.0327848
0.0323363
0.0311551
0.036097
0.029957
0.0282639
0.0335319
0.0279251
0.0311196
0.0318953
0.0323528
0.0323867
0.0334382
0.0317011
0.0357717
0.0279277
0.0281074
0.0286619
0.0277889
0.0274731
0.0292916
0.0280689
0.030345
0.0314708
0.030906
0.0345969
0.0349282
0.0321944
0.0301073
0.0336027
0.0291534
0.0321634
0.0278129
0.0287297
0.0293238
0.0296849
0.0324865
0.0344564
0.0330154
0.0333495
0.0325311
0.0317042
0.0316698
0.0281699
0.0315171
0.0316939
0.0329134
0.030892
0.0326114
0.0395443
0.0332478
0.0320082
0.0303817
0.0299783
0.0269977
0.029974
0.0284778
0.0290275
0.0317347
0.0302804
0.0326895
0.0301096
0.0308039
0.0284796
0.0278089
0.0273192
0.0320932
0.0333156
0.0328995
0.0317509
0.0308673
0.0323964
0.0290694
0.0304386
0.0311571
0.0306254
0.0321928
0.0327628
0.0315554
0.0273138
0.030128
0.028862
0.0284339
0.0275449
0.0318328
0.0291518
0.0343731
0.0321893
0.0340722
0.0294725
0.0287657
0.0310941
0.0282139
0.0275319
0.0272438
0.027857
0.0273901
0.0290916
0.0325582
0.0341513
0.0315204
0.0317247
0.0335719
0.0322321
0.0301466
0.0354466
0.0402359
0.0408286
0.0376441
0.0346825
0.0403376
0.0368836
0.0340572
0.0370099
0.0328927
0.03167
0.036614
0.0339395
0.037824
0.034144
0.0395762
0.0311074
0.0333846
0.0334129
0.0360523
0.0343456
0.0367629
0.0313182
0.0335156
0.0323205
0.0305335
0.0292908
0.0284019
0.02874
0.0294882
0.0325147
0.0358409
0.0291871
0.0334881
0.0365613
0.0313463
0.0323149
0.0288253
0.0317159
0.0303452
0.0309691
0.0295441
0.0315572
0.0312018
0.0307404
0.0335151
0.0317286
0.0335659
0.0377436
0.0375752
0.0356335
0.0321406
0.0304469
0.0337895
0.0308605
0.0308052
0.0321029
0.031173
0.0333032
0.034562
0.0299555
0.0307663
0.028972
0.0293549
0.0289474
0.0283764
0.0306657
0.0281163
0.0313303
0.0332375
0.0300147
0.0306051
0.0382958
0.0373351
0.0333444
0.0313824
0.0312952
0.0315066
0.0333509
0.0324027
0.0334497
0.0349607
0.0315829
0.0311232
0.0292779
0.0322112
0.0329885
0.0317817
0.0322003
0.03038
0.0339287
0.039554
0.0355424
0.043443
0.0335911
0.0330653
0.0290163
0.0301015
0.0293936
0.0287583
0.02882
0.0307174
0.0354727
0.0359726
0.0311423
0.0294452
0.0321189
0.0287193
0.0280466
0.0265667
0.0263855
0.0281914
0.0315182
0.031298
0.0331589
0.0372767
0.0310897
0.0276997
0.0282808
0.0278945
0.0336924
0.0339971
0.0370811
0.0297682
0.0309609
0.0293833
0.029044
0.0302088
0.0311217
0.0328861
0.0322462
0.0306673
0.0342429
0.0317832
0.0339319
0.0334687
0.0291071
0.0294433
0.0282087
0.0290659
0.0282832
0.0265955
0.0283576
0.0306041
0.0345301
0.0317958
0.026322
0.031581
0.0291783
0.0255861
0.0273739
0.0296462
0.0276321
0.0320585
0.0281906
0.0285866
0.0335421
0.0320765
0.030155
0.0277932
0.032244
0.0337129
0.0295681
0.0328598
0.0299014
0.0301801
0.0284381
0.0285973
0.0282167
0.033743
0.029702
0.0326674
0.0310249
0.0361373
0.0339945
0.0321267
0.0296741
0.0278961
0.0279592
0.0277343
0.0313884
0.0288486
0.0296793
0.0284904
0.0334714
0.0348844
0.029662
0.0348803
0.0311671
0.0330145
0.0277916
0.0319381
0.0305706
0.031366
0.033678
0.0313503
0.0333362
0.0339256
0.0284984
0.0292486
0.0316522
0.0282852
0.0324676
0.0336982
0.0326976
0.0317383
0.0350076
0.0333673
0.0300564
0.0284612
0.0270407
0.0298395
0.0302618
0.0328748
0.0293406
0.0307317
0.0261075
0.0280365
0.0262438
0.0294703
0.0284354
0.0316969
0.0321463
0.0350576
0.0341934
0.0315616
0.0268769
0.0317846
0.0282252
0.0276629
0.0274615
0.0273765
0.0309926
0.0360199
0.0289787
0.0269351
0.0255116
0.0250085
0.0253984
0.0253367
0.0249068
0.0251053
0.0313402
0.0349475
0.034223
0.0262933
0.0312921
0.0263068
0.0264175
0.0278307
0.0303362
0.0293864
0.0336007
0.0280699
0.0306252
0.0313254
0.0252226
0.0261346
0.0303027
0.0290048
0.0323084
0.0262856
0.0299671
0.0287787
0.0264832
0.0273313
0.0318058
0.0357718
0.0320889
0.0304456
0.0297519
0.032163
0.0278078
0.0308076
0.0292751
0.0301812
0.0345023
0.0367065
0.0308765
0.0297721
0.02948
0.0309622
0.0266952
0.0296586
0.0298434
0.028211
0.0314334
0.0284624
0.0266344
0.0257364
0.0255821
0.0260603
0.0361735
0.0283512
0.0325185
0.0389663
0.0292495
0.0316527
0.0326063
0.0286386
0.0297085
0.033583
0.0344426
0.0327492
0.0349258
0.034433
0.026222
0.0301362
0.0314527
0.0272969
0.0309922
0.0302938
0.0337661
0.0308908
0.0284511
0.028899
0.0347335
0.0292771
0.0285024
0.0336124
0.0310505
0.0304664
0.030675
0.0301351
0.0328848
0.0374069
0.0299381
0.0326118
0.0305899
0.031111
0.03041
0.0283141
0.0299126
0.0330618
0.0322779
0.0322908
0.0254938
0.0251633
0.02657
0.0250543
0.0266461
0.0288211
0.0320344
0.0369865
0.0281405
0.0250387
0.0254765
0.0285674
0.0289721
0.0265193
0.0305876
0.0299677
0.0341533
0.0274074
0.0269368
0.032312
0.0333544
0.0314714
0.0284342
0.0331789
0.0290003
0.0317677
0.0293574
0.0293259
0.0278907
0.0288012
0.032781
0.0344728
0.0327234
0.0281839
0.0280651
0.0287516
0.0284762
0.028637
0.0332455
0.0307061
0.0322186
0.0292376
0.0299317
0.0321407
0.0330471
0.0334956
0.0317844
0.0326143
0.0337682
0.0330953
0.0355482
0.0361488
0.0299713
0.0351084
0.0325444
0.0328453
0.0344063
0.0352063
0.0332519
0.0334678
0.0344343
0.0349434
0.0355407
0.0305481
0.034326
0.0347405
0.03495
0.0343173
0.0347652
0.0309552
0.028977
0.031461
0.0339139
0.0296705
0.0301998
0.0344475
0.0322895
0.041227
0.034294
0.0315051
0.0315384
0.0331478
0.0341372
0.0327157
0.0362689
0.0354429
0.0300425
0.0314272
0.0302084
0.0306534
0.0315451
0.0337517
0.032134
0.0341298
0.0331919
0.0295846
0.0294114
0.0303721
0.0310174
0.0346813
0.0327455
0.0344999
0.0292139
0.0285988
0.0296554
0.0290816
0.0291619
0.0334783
0.0345297
0.029563
0.0347056
0.0340473
0.0325544
0.027585
0.0276689
0.0302069
0.0298669
0.0288245
0.0329763
0.0304961
0.0316454
0.0264673
0.0291893
0.0265999
0.0269331
0.0274426
0.0360634
0.0254455
0.0270701
0.025569
0.0238992
0.0263049
0.0323899
0.0266043
0.0311131
0.0285414
0.0257711
0.029556
0.0253812
0.0266905
0.027568
0.0313747
0.0277025
0.0296338
0.0235891
0.0262916
0.0236214
0.02208
0.0262642
0.0312017
0.0260611
0.0229084
0.0216157
0.0244158
0.0238872
0.0291909
0.0237411
0.0262245
0.0273501
0.0215009
0.0212758
0.024488
0.0238207
0.0269904
0.0270986
0.0232107
0.0253618
0.0205754
0.0232058
0.0246275
0.0233079
0.0216025
0.024278
0.0210147
0.0250956
0.0282207
0.0254268
0.0261379
0.0202283
0.0201856
0.0244943
0.021263
0.023838
0.0297044
0.0230747
0.0198912
0.0210253
0.0252387
0.0232024
0.021298
0.0236482
0.0267737
0.0254555
0.0256842
0.0265907
0.0242061
0.0235738
0.0240829
0.0242462
0.021125
0.0232553
0.0207293
0.0218629
0.0227664
0.0254501
0.0278415
0.020637
0.0232569
0.0244319
0.0231368
0.0202973
0.0221639
0.0216393
0.0236532
0.0271175
0.0238393
0.0270017
0.0239561
0.0272519
0.0231984


