0.0182933
0.0178016
0.0153133
0.0151491
0.0140038
0.0187157
0.0136032
0.0131375
0.0166067
0.0142116
0.0140573
0.0176069
0.0173252
0.0131365
0.0149008
0.0136908
0.0141809
0.0134991
0.0176629
0.0163933
0.0136969
0.0131581
0.0175455
0.0157428
0.0176581
0.0141593
0.0175712
0.0135744
0.0142669
0.0164073
0.0174106
0.0155024
0.0172065
0.0167549
0.0152422
0.0193716
0.0135234
0.0204799
0.0154275
0.0152654
0.0157715
0.0157947
0.0182523
0.0144907
0.0168977
0.0195153
0.0152769
0.0160211
0.0162069
0.0152379
0.0160717
0.0187366
0.0209222
0.016411
0.0180312
0.0153726
0.0137861
0.0168457
0.0145748
0.0165472
0.0175412
0.0136935
0.0175094
0.0170897
0.0157986
0.0151201
0.014805
0.0173421
0.0135798
0.0130166
0.0142744
0.0148651
0.0163534
0.0174635
0.0144325
0.0149978
0.0152097
0.0172704
0.0161318
0.0152722
0.0152868
0.0168937
0.019794
0.0162687
0.0197753
0.0184796
0.0162823
0.0172649
0.0172709
0.0209423
0.0167597
0.0256421
0.0205782
0.0180101
0.0172821
0.0190897
0.0193633
0.0212783
0.0224824
0.0190369
0.0234491
0.022585
0.0221606
0.0242174
0.0199591
0.0233888
0.0235424
0.0221013
0.022441
0.023269
0.0257832
0.0327814
0.026773
0.029216
0.0289776
0.030491
0.0331024
0.0316173
0.03067
0.0269626
0.0288239
0.0366582
0.0317128
0.0347724
0.0311082
0.0312278
0.0389307
0.0388073
0.0396453
0.040548
0.0394069
0.0359463
0.0367049
0.03261
0.0306291
0.0303637
0.0321199
0.0315837
0.0280584
0.0361851
0.0320861
0.0334012
0.0338304
0.0360521
0.0322721
0.0378666
0.0344712
0.0330445
0.0346004
0.0348987
0.0361678
0.0372546
0.0338039
0.0347183
0.0351109
0.0344543
0.0404624
0.034193
0.0316815
0.0335785
0.0311216
0.0331799
0.0360686
0.0300508
0.0319049
0.0352229
0.0290719
0.0292107
0.0287734
0.0294961
0.0350526
0.0397724
0.0356882
0.0310717
0.030984
0.0402727
0.0287421
0.0307619
0.0279515
0.026174
0.0307627
0.0331012
0.0320662
0.0309592
0.0377382
0.0292666
0.0311537
0.035929
0.0383652
0.0381055
0.036883
0.0397386
0.0337447
0.0314427
0.0364913
0.036001
0.0343802
0.0368021
0.0355626
0.0374118
0.0334124
0.0331378
0.0353327
0.0336989
0.0331548
0.0353183
0.0435911
0.0387268
0.0354865
0.0371639
0.0316417
0.0346218
0.0350285
0.0355627
0.0364817
0.0383212
0.0335776
0.0389415
0.0383594
0.0331262
0.0322201
0.0349321
0.0310841
0.0305338
0.0343998
0.0401561
0.036744
0.0346053
0.0327428
0.0375266
0.0363607
0.0384443
0.0329929
0.0347781
0.0303018
0.0303052
0.0301818
0.0393163
0.0380723
0.0315431
0.0347447
0.0346018
0.0315021
0.0331114
0.0332431
0.0335021
0.0357663
0.0321158
0.0364943
0.0332996
0.0336951
0.0349965
0.0369757
0.0310691
0.0310712
0.0291754
0.0317312
0.0306382
0.0298279
0.0279386
0.0353685
0.0323384
0.0346707
0.0301975
0.0318346
0.0316034
0.0286049
0.0253467
0.0293423
0.0275374
0.0308557
0.0283997
0.0316575
0.0359776
0.0344171
0.0334786
0.0347944
0.0292831
0.0304355
0.0280673
0.0294662
0.0308719
0.03263
0.0349785
0.0338079
0.0330908
0.0315743
0.0317462
0.0299118
0.0295824
0.0282035
0.0350456
0.0338678
0.0356643
0.0343759
0.036319
0.029997
0.0378081
0.0322207
0.0314981
0.0357669
0.032098
0.0313473
0.0363535
0.0407863
0.0318357
0.0396062
0.032221
0.0369435
0.0344977
0.0352551
0.0358027
0.0391559
0.0359566
0.0348972
0.0350123
0.031597
0.0392548
0.0369851
0.0354786
0.0359305
0.03615
0.0376868
0.034792
0.0364488
0.0376847
0.0354749
0.0311478
0.0349216
0.0375875
0.0384724
0.0315298
0.0335857
0.0373019
0.0415325
0.0321153
0.0316331
0.0314847
0.0336211
0.0336167
0.0344986
0.0350496
0.0344801
0.0341589
0.031784
0.031131
0.0323093
0.0349546
0.032766
0.0305187
0.0313819
0.0297047
0.0290747
0.0295765
0.033233
0.0350278
0.0369481
0.0317856
0.0337412
0.0333711
0.0333698
0.0327413
0.0319629
0.037869
0.0272571
0.0273645
0.0311529
0.029552
0.0306929
0.0334916
0.0340638
0.0354702
0.0286701
0.0294423
0.0326085
0.0371138
0.0403423
0.0335266
0.033846
0.0308071
0.0306498
0.0311397
0.0309603
0.0342347
0.0401256
0.0371864
0.0378941
0.0373013
0.0322387
0.0340819
0.0319836
0.0362784
0.0408945
0.0360859
0.0331238
0.033313
0.0349021
0.0337869
0.0322855
0.0347261
0.0326386
0.0320142
0.0282483
0.0333071
0.0278979
0.0297942
0.0359957
0.0377728
0.0362611
0.0339958
0.0322845
0.0341943
0.0315083
0.0343977
0.03113
0.0348378
0.0366155
0.037775
0.0315978
0.0324385
0.0314534
0.0351017
0.0320049
0.0337397
0.0315034
0.0310478
0.0383335
0.032676
0.0282679
0.0312064
0.0377363
0.0332668
0.038532
0.0399616
0.0320183
0.0378938
0.0359158
0.0354947
0.0319108
0.0389919
0.0467678
0.0358388
0.0303479
0.0348147
0.0337449
0.0387063
0.0542657
0.0345632
0.0342192
0.0416573
0.0357149
0.0354044
0.0384272
0.0409551
0.0441762
0.0438488
0.0384713
0.0403196
0.0442244
0.0481698
0.0411172
0.0406402
0.0461855
0.044094
0.0376657
0.0359763
0.0441275
0.0409251
0.0406997
0.0430478
0.0445313
0.0410413
0.0445905
0.040673
0.0456028
0.0440833
0.0457302
0.0399816
0.0407312
0.038312
0.0392368
0.0358656
0.0378096
0.044408
0.0376011
0.04102
0.0356595
0.0370245
0.0389624
0.0431806
0.0426747
0.0392932
0.0362866
0.0391404
0.0407459
0.0469571
0.0395395
0.0394251
0.0385054
0.0373302
0.0413367
0.0410012
0.0389076
0.0462977
0.0365158
0.0427188
0.0376493
0.0446441
0.045276
0.0414886
0.0419148
0.0398531
0.0414097
0.0400153
0.0414714
0.0446974
0.0368079
0.0374546
0.0388964
0.0353899
0.0359231
0.0439821
0.0501648
0.0370907
0.0436211
0.0458896
0.0356475
0.0384814
0.0386801
0.0428112
0.0397289
0.0357961
0.0362686
0.0426712
0.0374815
0.0362065
0.0386517
0.0414833
0.0381928
0.0442161
0.0384456
0.0366655
0.0433753
0.0478708
0.0480918
0.0458935
0.0467255
0.0434223
0.0416479
0.040986
0.0391631
0.0397237
0.0462887
0.0415819
0.0447161
0.0378935
0.0426879
0.0402442
0.0487241
0.0388769
0.0395235
0.0426424
0.0481944
0.0398538
0.0388697
0.0428731
0.0409149
0.0404661
0.0380744
0.041416
0.0441805
0.0392334
0.0435225
0.0429531
0.0409132
0.0433244
0.0368845
0.0408264
0.0405148
0.0384822
0.0406116
0.0346617
0.0329122
0.0318648
0.0351131
0.0372367
0.0385517
0.0369805
0.0340923
0.0385038
0.0321181
0.0412022
0.0330849
0.037745
0.0375158
0.0309971
0.0336155
0.0378735
0.0329761
0.039005
0.0340723
0.0304626
0.032134
0.0406449
0.0341184
0.0292446
0.0285244
0.0294452
0.0318108
0.0366778
0.0298965
0.0307984
0.0364684
0.0281293
0.0262258
0.0288358
0.031261
0.0348306
0.0307414
0.0256769
0.0270962
0.0260592
0.0285241
0.0290455
0.0342294
0.0309143
0.0311314
0.0334174
0.0341624
0.0303662
0.031719
0.0357604
0.0375907
0.0386204
0.0307154
0.0301012
0.029931
0.03311
0.0445645
0.0312082
0.0313026
0.0308179
0.0345116
0.0332398
0.0325597
0.0330879
0.0368101
0.037862
0.0319635
0.0303266
0.0327891
0.0323759
0.0349865
0.0399607
0.040756
0.0373886
0.0357584
0.0399467
0.0382023
0.0354847
0.031459
0.0354235
0.0384043
0.0337474
0.0356468
0.0338483
0.0328156
0.0329601
0.0337992
0.0349966
0.0312408
0.0366366
0.0369068
0.0366106
0.0347733
0.0313131
0.0324691
0.0363399
0.0369363
0.0330937
0.0353132
0.0351704
0.0332379
0.0323179
0.0407311
0.0359524
0.0307401
0.0313821
0.0310419
0.0329091
0.0334554
0.030433
0.0323351
0.0371054
0.0366267
0.0331428
0.0300696
0.0348362
0.0359235
0.0343741
0.033114
0.0369319
0.0353437
0.0331289
0.0326351
0.0332143
0.0329667
0.0318003
0.0337927
0.0336625
0.0333383
0.0343526
0.0384179
0.0338191
0.0343689
0.0311345
0.0340617
0.0363096
0.0341467
0.0334299
0.0360742
0.0381939
0.0486583
0.0329681
0.0343198
0.0374102
0.0356662
0.0375271
0.0399342
0.0386341
0.0401809
0.0437923
0.0376228
0.0337135
0.0378619
0.0359114
0.0360755
0.0356736
0.0385557
0.0382631
0.0378424
0.0387025
0.0364445
0.0384561
0.0423731
0.0362886
0.0331616
0.0375649
0.0367694
0.0449368
0.0401322
0.0369354
0.0388858
0.0361073
0.038785
0.0372677
0.0374766
0.0375086
0.0388243
0.0324834
0.0369174
0.0401658
0.038019
0.0375065
0.0340894
0.0373215
0.035855
0.0351941
0.0380617
0.0356763
0.0370094
0.0413074
0.0364267
0.0322362
0.03346
0.0362657
0.0389739
0.0396391
0.0379995
0.0422671
0.0348087
0.0372427
0.0352258
0.0432881
0.0404646
0.039998
0.0335604
0.0361552
0.0353341
0.0441808
0.041205
0.0379884
0.0350754
0.0383455
0.0339627
0.0390598
0.0349602
0.0430321
0.0355112
0.0346222
0.0382724
0.0342594
0.0362185
0.0381393
0.0342032
0.0373082
0.0323132
0.0335123
0.0306115
0.0284369
0.0276136
0.034853
0.0373792
0.036407
0.0347741
0.035854
0.0355074
0.0352705
0.0387399
0.0413733
0.0414653
0.0455762
0.0373344
0.0375809
0.0442666
0.0434915
0.0445189
0.0471659
0.0392896
0.0407951
0.0449754
0.036126
0.0377202
0.0379427
0.0379086
0.0332439
0.0337167
0.0356493
0.0325641
0.0330353
0.0347869
0.0405276
0.0364591
0.0313353
0.0369853
0.0382058
0.0329099
0.035489
0.0354466
0.0344998
0.0370698
0.0397553
0.0331616
0.0385464
0.0333239
0.0319412
0.0298537
0.0321511
0.034681
0.0415757
0.0383339
0.029842
0.0333853
0.0335658
0.0314495
0.0444929
0.0418414
0.0494758
0.045042
0.0356262
0.0347005
0.0374475
0.0441485
0.0375854
0.0352309
0.0408405
0.0466392
0.040082
0.0352201
0.0348063
0.0422757
0.0358603
0.0395541
0.0339975
0.0400926
0.0362474
0.0346325
0.0373502
0.0332751
0.0387959
0.0348401
0.0353066
0.03908
0.0394494
0.0349185
0.0400785
0.0428954
0.0362532
0.0355205
0.0339644
0.0336676
0.0374963
0.039044
0.0362992
0.0371376
0.0363125
0.0405825
0.0351972
0.0358819
0.0331706
0.0407917
0.0436853
0.0389487
0.0343459
0.0369315
0.0378756
0.0409805
0.0360295
0.0337615
0.0358225
0.04135
0.0365466
0.0363401
0.0349204
0.0400396
0.0374811
0.0349942
0.0331568
0.0310711
0.0293391
0.0302707
0.0255413
0.0249051
0.0211195
0.0226853
0.0357729
0.0357189
0.0526292
0.0294548
0.0343867
0.0400071
0.0437931
0.035757
0.0401113
0.0440629
0.0377555
0.034372
0.0368746
0.0383829
0.0430225
0.0368187
0.042596
0.0434936
0.0441151
0.0382186
0.0375132
0.0416912
0.0438299
0.04047
0.0370666
0.0446952
0.0443224
0.0365879
0.0377335
0.0471735
0.0392411
0.0462708
0.043424
0.0459557
0.0391134
0.0414749
0.0372807
0.0404347
0.0401925
0.0379661
0.0433212
0.0390628
0.038259
0.0361967
0.0381355
0.0352605
0.0373048
0.0421022
0.0395264
0.0394366
0.0378445
0.0369915
0.0316317
0.035135
0.0385511
0.0380027
0.0388932
0.0366242
0.0346814
0.0389125
0.0353426
0.0394853
0.0409288
0.0380815
0.0378763
0.0310035
0.0350285
0.0406733
0.0367921
0.0327537
0.0366755
0.0394371
0.0331781
0.0334365
0.0329618
0.0354384
0.0346422
0.0374784
0.0357363
0.0368788
0.0347853
0.0373149
0.0353729
0.0326632
0.0373867
0.0347877
0.0345152
0.0307177
0.0312402
0.0325442
0.0392753
0.0317186
0.029752
0.0346713
0.0383309
0.0283948
0.0333717
0.0327135
0.0341704
0.032872
0.0277901
0.0295106
0.0368609
0.0386099
0.0322722
0.031276
0.0359426
0.0347055
0.0345624
0.0280406
0.0302653
0.0357274
0.0338183
0.032958
0.0272917
0.0309071
0.0359188
0.0348883
0.0326692
0.0355979
0.032573
0.0374932
0.0306682
0.0326524
0.0323162
0.0342165
0.0382995
0.0333863
0.0356609
0.032024
0.0434407
0.0385033
0.0392192
0.0334583
0.0386702
0.0370298
0.0366718
0.0323993
0.0330859
0.0391301
0.0387192
0.0365092
0.0356707
0.0420225
0.0364086
0.0404996
0.0353402
0.0368718
0.0437018
0.038678
0.0416349
0.0355121
0.0421938
0.0406953
0.0386816
0.0337871
0.0395869
0.0377168
0.0376929
0.0415439
0.041176
0.0327985
0.0358488
0.0299722
0.0417954
0.0331396
0.0399086
0.0342496
0.0348831
0.0320979
0.0324244
0.0350254
0.03191
0.0308623
0.0317218
0.0372859
0.0347776
0.0305984
0.0297501
0.0357165
0.0330563
0.0374487
0.0336261
0.0362124
0.0341478
0.0336458
0.0356329
0.0410555
0.0349423
0.0349797
0.0364374
0.043457
0.0344834
0.0321775
0.0333072
0.0398788
0.0353516
0.0373625
0.0358329
0.0341405
0.0351293
0.0344092
0.0346695
0.0419765
0.0359589
0.0389478
0.0327216
0.0377321
0.0415135
0.040159
0.0340566
0.034462
0.0369835
0.03717
0.0365602
0.0372135
0.0376339
0.0392332
0.0380289
0.0369865
0.0346012
0.0401513
0.0391898
0.0400878
0.0362716
0.0316238
0.0314572
0.0285755
0.0281793
0.0283044
0.0374083
0.0308572
0.0284527
0.0317439
0.0357229
0.0349117
0.027125
0.0285007
0.0328105
0.0363833
0.0314718
0.0292747
0.0307427
0.0321095
0.0315419
0.0366906
0.0305555
0.0288259
0.0318173
0.0333616
0.0274847
0.0271541
0.0303809
0.0250778
0.0315486
0.0273616
0.037365
0.0283876
0.0300811
0.0281507
0.030845
0.0289244
0.0242013
0.0325988
0.0343604
0.0288207
0.028901
0.0296882
0.0329827
0.0354895
0.0309617
0.0322915
0.0311223
0.030831
0.0343294
0.036431
0.0377044
0.0356272
0.0331359
0.0424119
0.0359411
0.0381131
0.0344551
0.0372895
0.0330974
0.0314239
0.0341041
0.035885
0.0366252
0.0341853
0.038677
0.0381978
0.0394541
0.0404583
0.0392346
0.0362888
0.0352105
0.0418692
0.0356292
0.0390068
0.0389867
0.0374788
0.0401556
0.0403208
0.042588
0.0371285
0.0338344
0.0349655
0.0390593
0.0396665
0.0364452
0.0382156
0.0441862
0.0444097
0.0370192
0.0419801
0.0384927
0.0371651
0.0349909
0.0397539
0.0419557
0.0392072
0.0398276
0.0396284
0.041075
0.0368323
0.0354245
0.0396243
0.0442559
0.0421774
0.0357838
0.0366254
0.0441311
0.0380043
0.0432804
0.0383953
0.0393815
0.035571
0.0394539
0.0430932
0.0355816
0.0338001
0.0380204
0.0429435
0.036753
0.0356105
0.0359219
0.0432358
0.0439167
0.0406345
0.0410154
0.0419541
0.0416801
0.0403949
0.0364939
0.0369894
0.0362181
0.0347933
0.0370887
0.0410852
0.0468117
0.0429343
0.0394253
0.0377364
0.0502521
0.046399
0.0404253
0.0378793
0.0433999
0.0416308
0.0402731
0.0404767
0.0466004
0.0368916
0.0391738
0.039436
0.0411752
0.0485912
0.0387461
0.0417305
0.0520917
0.0382684
0.0409708
0.0403167
0.0432122
0.0484782
0.0419288
0.0399815
0.0411275
0.0444025
0.0393161
0.041265
0.0407807
0.0470125
0.0433209
0.0375456
0.0375706
0.045808
0.0438906
0.0374969
0.0469347
0.0390295
0.0434615
0.0428297
0.0390983
0.0451841
0.0467974
0.0430872
0.039967
0.0356106
0.0365852
0.0430906
0.0425207
0.0331071
0.0389725
0.0411702
0.0375695
0.0341646
0.0358001
0.0403018
0.0380919
0.0317065
0.033683
0.0370113
0.0357494
0.0407975
0.0396635
0.0372129
0.0344729
0.0338994
0.038766
0.0418633
0.0359983
0.0359351
0.0341197
0.0384367
0.0392736
0.038344
0.0327424
0.0371968
0.0374097
0.0336801
0.0339129
0.0340261
0.0371089
0.0362155
0.0428955
0.034872
0.0388345
0.0391791
0.0385375
0.0378299
0.0370938
0.0377692
0.0395128
0.0375779
0.0371817
0.0403286
0.0344929
0.0373759
0.038169
0.0405448
0.0425604
0.0423676
0.0375709
0.0428963
0.0534671
0.0394895
0.0363602
0.0415621
0.0417256
0.0393294
0.039713
0.0401267
0.0458805
0.0422359
0.0391993
0.0372552
0.0401941
0.0440772
0.0386699
0.0366968
0.0412027
0.0450432
0.0395678
0.0384398
0.0363718
0.0425084
0.0399645
0.0382211
0.0379861
0.0368189
0.0404903
0.04249
0.037365
0.0398732
0.0385578
0.0445589
0.0382039
0.0400209
0.0373488
0.0451206
0.0436502
0.0395191
0.0364964
0.0472868
0.0390725
0.0401338
0.0364204
0.0363748
0.0379825
0.0381775
0.0367454
0.0372762
0.0442206
0.0463147
0.0449313
0.0389247
0.0389088
0.0398155
0.0363632
0.047097
0.0386765
0.0402855
0.0411199
0.0420793
0.0444416
0.043683
0.0446719
0.0433647
0.0502501
0.0383552
0.0432993
0.0421542
0.0438297
0.0406691
0.0372836
0.0391358
0.0363108
0.0372232
0.0352848
0.0379613
0.0355617
0.0432985
0.0350964
0.0399497
0.0437031
0.0436066
0.032864
0.0331868
0.0341641
0.0411617
0.0385281
0.0368495
0.0380441
0.037691
0.0354005
0.0325211
0.0342053
0.0402146
0.0369259
0.0377665
0.0370369
0.0405329
0.0356103
0.0328485
0.0350046
0.0357194
0.0386329
0.0423994
0.0320962
0.0362226
0.0370725
0.0327864
0.0312411
0.0306793
0.0334847
0.0331843
0.0378329
0.035858
0.0370625
0.0376954
0.0308522
0.0354478
0.034248
0.0339536
0.0384002
0.0350508
0.036472
0.037705
0.031598
0.0348077
0.0393678
0.0442363
0.0431736
0.0373956
0.0386548
0.0669779
0.0409191
0.0364234
0.0394756
0.0403102
0.0392693
0.0376181
0.0393605
0.0442097
0.0531093
0.04556
0.0397301
0.0425658
0.0440679
0.049444
0.0455878
0.0499725
0.0513922
0.0410792
0.0413312
0.0421096
0.0481349
0.0420009
0.045933
0.0483907
0.0494414
0.0426519
0.0386238
0.0481464
0.0417497
0.0387646
0.0386365
0.0387829
0.0418226
0.0433517
0.0467072
0.0409087
0.0462724
0.0390265
0.042274
0.040738
0.0490914
0.051715
0.0417195
0.0439551
0.0498845
0.0483479
0.0421246
0.0399777
0.0451416
0.0490279
0.0476303
0.0507026
0.0487892
0.0546133
0.0439717
0.040511
0.044394
0.0408785
0.0431021
0.0414166
0.0463545
0.0449781
0.046533
0.0394224
0.0423103
0.0418912
0.0397336
0.0381591
0.0402844
0.0400335
0.0396665
0.0410469
0.035924
0.0378726
0.0374045
0.0344504
0.0385422
0.0439193
0.0406786
0.0411658
0.0381646
0.0461558
0.0410021
0.041639
0.0365883
0.0450868
0.0481541
0.0359533
0.0380809
0.0443933
0.0371454
0.0422889
0.0385838
0.0406858
0.0401462
0.0375574
0.0390173
0.0398535
0.0413662
0.0366387
0.0354881
0.0418865
0.0384
0.0346418
0.0365972
0.0362575
0.0417382
0.0401321
0.0341695
0.0391176
0.0398016
0.0397153
0.0319444
0.033323
0.0377617
0.0356415
0.032869
0.0330186
0.0369162
0.0344733
0.0369452
0.0323546
0.034091
0.037445
0.0345558
0.0382179
0.0318071
0.0379146
0.0326857
0.0292985
0.0311341
0.0345176
0.0364125
0.0324384
0.0287336
0.031541
0.028577
0.0345465
0.035195
0.0293215
0.0276829
0.0358599
0.0332951
0.0262531
0.0281891
0.0300404
0.0353511
0.0329622
0.0288073
0.0302761
0.0300941
0.0286754
0.0358345
0.0295536
0.0305541
0.0278264
0.0313036
0.0314959
0.0255778
0.0319444
0.0318022
0.0344163
0.0301603
0.0297626
0.030164
0.030634
0.0337599
0.0331103
0.0270305
0.0281003
0.0263255
0.0311202
0.0322672
0.0292566
0.0336421
0.0304177
0.0291095
0.0280472
0.0284045
0.0321353
0.0363204
0.0286373
0.0296632
0.0272112
0.0400059
0.0337946
0.0324372
0.0322908
0.0280253
0.0272838
0.0275924
0.032088
0.0267644
0.0280007
0.0315288
0.0296853
0.0252392
0.027142
0.0245668
0.0273514
0.0268524
0.0270917
0.0298231
0.0248284
0.0307815
0.026708
0.025289
0.0255977
0.0293239
0.0319991
0.0258351
0.0225292
0.0253319
0.028911
0.0266448
0.0301704
0.0229407
0.0254261
0.0286204
0.0262835
0.0244728
0.028918
0.0267128
0.0282267
0.0275138
0.0253106
0.029955
0.0304234
0.0259474
0.0297864
0.0252479
0.0255394
0.0267598
0.0255985
0.0259143
0.0312378
0.0270885
0.0247583
0.023338
0.0254317
0.0238465
0.0281317
0.0310886
0.0251429
0.022045
0.024311
0.0221503
0.0237515
0.0276262
0.0251494
0.0236409
0.0243804
0.0241823
0.0242315
0.0263205
0.0251374
0.0272487
0.0284108
0.0309201
0.0271413
0.0275089
0.0284893
0.0309186
0.0289368
0.0282715
0.0281723
0.0278578
0.0345231
0.0371996
0.0452206
0.0308187
0.0304097
0.030891
0.0388876
0.0369896
0.0337098
0.0344734
0.0330335
0.0340134
0.0366236
0.0391177
0.0395077
0.0307983
0.0321724
0.0344566
0.0316579
0.0353175
0.0410096
0.0383563
0.0343651
0.0375248
0.0340768
0.0372052
0.0361906
0.0329835
0.0371581
0.0386256
0.0397806
0.0432561
0.0337041
0.0330702
0.0357194
0.0386614
0.0368941
0.0432884
0.0365183
0.0447898
0.0383573
0.0373044
0.0378143
0.0368642
0.0366241
0.0398624
0.043205
0.0388474
0.0374689
0.0388068
0.0432028
0.0348163
0.032934
0.0381002
0.0384797
0.0405179
0.0418388
0.0455056
0.0404091
0.039213
0.039528
0.0409331
0.0372546
0.0434236
0.0403428
0.0425885
0.0357543
0.0372358
0.0442644
0.0379393
0.0439708
0.033983
0.0384935
0.0388561
0.0456847
0.0410149
0.0347973
0.0349326
0.0433096
0.0366941
0.0364912
0.0392834
0.0359874
0.0370611
0.0383744
0.0416685
0.0461766
0.0358344
0.0361102
0.0352713
0.0399737
0.0368753
0.0384279
0.0445841
0.0412845
0.0416704
0.0367589
0.0354612
0.0393544
0.0371753
0.0415115
0.0400878
0.0352389
0.0393419
0.0413835
0.041631
0.0387823
0.04223
0.040182
0.0363852
0.036691
0.0437723
0.0417046
0.0377338
0.0420762
0.0380288
0.0394816
0.0417433
0.0400024
0.0349734
0.0393334
0.038388
0.0393721
0.0421831
0.0385451
0.0348861
0.0396697
0.0384896
0.041938
0.0393168
0.042451
0.0432934
0.0378073
0.0367809
0.0398644
0.0416976
0.042048
0.0401869
0.0382379
0.0425211
0.0452825
0.0482239
0.0408322
0.0420685
0.0358576
0.0371227
0.0424869
0.0395297
0.0442934
0.0453915
0.0386098
0.0388643
0.0402998
0.040704
0.0399883
0.0396472
0.0404317
0.039041
0.0391536
0.043961
0.0433263
0.0476016
0.0376628
0.0400182
0.0415042
0.0424109
0.0402574
0.0417055
0.038174
0.0371024
0.0391268
0.0443828
0.0392367
0.0401877
0.0435386
0.0420042
0.0384037
0.0368949
0.0368048
0.0366219
0.0391005
0.0414624
0.0443871
0.0359225
0.0418584
0.0408953
0.0431184
0.0379863
0.0425617
0.0391507
0.036603
0.0427391
0.0432435
0.0366744
0.0345282
0.0400418
0.034913
0.0393152
0.0421774
0.0392572
0.0415415
0.0379741
0.0343349
0.0376684
0.0428961
0.0381641
0.0335337
0.0355038
0.037797
0.0459236
0.0337583
0.033131
0.032482
0.0430424
0.0346267
0.0381269
0.0376525
0.0337314
0.0320173
0.0368553
0.0359548
0.0371365
0.0416364
0.0358142
0.0419036
0.040955
0.0388711
0.0423282
0.0461835
0.0385012
0.0399733
0.0357643
0.0320869
0.0345229
0.0367756
0.0362746
0.0365631
0.0419002
0.031817
0.0360415
0.0344022
0.0398067
0.0357378
0.0315352
0.0314195
0.0364518
0.0316725
0.0365738
0.0319366
0.0324502
0.0333052
0.0308833
0.0291679
0.0303028
0.0362252
0.0382382
0.0368739
0.0316058
0.0355998
0.0319213
0.0305402
0.0330233
0.0324834
0.0338254
0.036164
0.0296664
0.0343066
0.0312341
0.0366174
0.0343645
0.0330362
0.0282743
0.031072
0.0318222
0.0351434
0.0300741
0.0266859
0.0288998
0.0307873
0.0285205
0.0316248
0.0334996
0.0293866
0.0328826
0.0318106
0.0328818
0.0304243
0.0314688
0.0326906
0.0317641
0.0298704
0.0294272
0.0349661
0.0332865
0.0288171
0.0316348
0.0308706
0.0323358
0.0281751
0.0302744
0.0331887
0.0374815
0.0408853
0.0318723
0.0316725
0.0341118
0.0350996
0.0398483
0.0330971
0.0369956
0.0349139
0.0377472
0.0354911
0.0313622
0.0350314
0.0326572
0.0388493
0.0398905
0.038428
0.0358119
0.0363459
0.0321836
0.033734
0.0373902
0.0359549
0.0373991
0.0373866
0.0336024
0.0359181
0.0392883
0.041202
0.0400088
0.0368421
0.0364521
0.0355976
0.0363985
0.0363443
0.0342659
0.0355082
0.0350174
0.0351574
0.0409328
0.0324501
0.0355897
0.0339092
0.0392682
0.0358037
0.0424626
0.0375199
0.0395028
0.0350882
0.0381641
0.040993
0.0418778
0.0387077
0.0342048
0.0421736
0.0360382
0.0391547
0.0385747
0.0392869
0.0381659
0.0383091
0.0360706
0.0383722
0.039217
0.0406803
0.0374111
0.0326953
0.0351033
0.0349225
0.0421455
0.0381678
0.0370602
0.0372178
0.0360962
0.0387822
0.0381743
0.0386985
0.0356342
0.0379935
0.0454527
0.0362635
0.0380363
0.0412716
0.0381277
0.043987
0.0366055
0.0353684
0.0384132
0.0364269
0.0404843
0.0377052
0.0452425
0.0396243
0.0414465
0.0402201
0.0441033
0.0442023
0.0368576
0.0435916
0.0377818
0.0447743
0.0404917
0.0398491
0.0449545
0.0391717
0.0416557
0.0425592
0.0451233
0.0359829
0.0366586
0.0394036
0.0405875
0.0373878
0.0357483
0.0387406
0.0435421
0.0414568
0.0413465
0.0397216
0.0376681
0.0406611
0.0415042
0.0491198
0.0361274
0.0367869
0.0400248
0.0375098
0.0391441
0.0406255
0.0383145
0.0388934
0.0407448
0.0424233
0.0425298
0.0375787
0.0421839
0.0392673
0.0403186
0.0415634
0.0417263
0.0481078
0.0444206
0.0404833
0.0372746
0.0483378
0.0400132
0.0386697
0.0393272
0.0440852
0.0365056
0.0389575
0.0418733
0.0441742
0.0388106
0.0361281
0.0387367
0.0363725
0.0390898
0.0408387
0.0405592
0.0369568
0.0401515
0.0424159
0.0398024
0.0383145
0.0422246
0.0396138
0.0365118
0.0381676
0.0409139
0.0417294
0.0433122
0.0403939
0.0419258
0.0430196
0.0387724
0.0374751
0.0366063
0.0391677
0.0399333
0.0425359
0.039368
0.0382426
0.0401713
0.042835
0.0375446
0.0403943
0.0412739
0.0371988
0.0393316
0.0481263
0.0437277
0.0430762
0.0438269
0.044899
0.0417291
0.04049
0.0428069
0.0383597
0.0377143
0.0426846
0.0432903
0.0397847
0.0463152
0.0400159
0.0413482
0.041113
0.0434148
0.0390569
0.0367008
0.0395597
0.0430544
0.0409052
0.0550105
0.0442931
0.0369304
0.0368102
0.0374131
0.0409432
0.0432112
0.0415034
0.0426515
0.0389372
0.0417563
0.0408715
0.0434409
0.0371076
0.0381018
0.040226
0.0396216
0.0448036
0.0442835
0.0394072
0.0379844
0.0376005
0.0418822
0.0405742
0.0417627
0.0383979
0.045333
0.041361
0.0409056
0.042441
0.0413453
0.03901
0.0373375
0.0372081
0.0417657
0.0434668
0.041068
0.0409866
0.0365422
0.0371453
0.0376619
0.0398203
0.0422012
0.0395969
0.0422455
0.0438809
0.0387029
0.0452181
0.0532778
0.0392579
0.0369237
0.0421538
0.0431429
0.0428408
0.0405114
0.0376349
0.0385671
0.0410084
0.0398023
0.0443172
0.042557
0.0443381
0.0393287
0.0429223
0.0452226
0.0398501
0.0381465
0.0401009
0.0437118
0.0375325
0.0367786
0.0379104
0.0476218
0.039845
0.0361957
0.0345902
0.0368684
0.0379821
0.0406713
0.0362564
0.0385246
0.0428926
0.0394051
0.0380832
0.0378041
0.033436
0.0347625
0.0388848
0.0433092
0.0410971
0.0415584
0.0375202
0.0356684
0.0351658
0.0367664
0.0384513
0.0397452
0.0376687
0.0366436
0.0425761
0.0410248
0.0398472
0.0368253
0.0368367
0.0359138
0.0376716
0.041721
0.0381989
0.044479
0.0394427
0.0374612
0.0350693
0.0422036
0.0436138
0.0443167
0.0384469
0.0367354
0.0386201
0.0373943
0.036523
0.0409705
0.0402219
0.038301
0.0394108
0.0381075
0.0380574
0.0417661
0.0353178
0.0389276
0.0381444
0.0397233
0.0372748
0.0415006
0.0411119
0.0426347
0.0388003
0.0423244
0.0378609
0.0377347
0.0325241
0.0382386
0.0316644
0.0395617
0.039799
0.039269
0.0373965
0.0365646
0.034353
0.0328392
0.0327713
0.0346137
0.0439453
0.0451243
0.041178
0.0390887
0.0346683
0.0353001
0.0325906
0.0371409
0.035433
0.0343639
0.0322529
0.0379986
0.0373751
0.0396483
0.0380207
0.0349153
0.0333089
0.032554
0.0307299
0.0328229
0.0413239
0.040484
0.0359162
0.0319706
0.0329332
0.041366
0.0308865
0.0311379
0.0315573
0.034784
0.039226
0.0333617
0.0377261
0.0311609
0.0337002
0.0378622
0.0347911
0.0363801
0.0391961
0.034244
0.0367576
0.036926
0.0457376
0.0380531
0.0344201
0.0305819
0.0329276
0.0326971
0.0363628
0.0470895
0.0344887
0.0359126
0.0362293
0.0324994
0.0344323
0.0390957
0.0334665
0.035329
0.0318099
0.033262
0.0342238
0.0385376
0.0456009
0.0358456
0.030906
0.031288
0.0318637
0.0322044
0.0347525
0.0355899
0.0370557
0.039551
0.0326479
0.0372198
0.0315903
0.0322463
0.034459
0.0358642
0.043685
0.0394919
0.0347781
0.0334376
0.036678
0.0407158
0.0361613
0.0318663
0.0331473
0.0344351
0.0377868
0.0322419
0.0347531
0.0349574
0.0314715
0.0361787
0.0360921
0.0390562
0.0335246
0.0354167
0.032945
0.0336078
0.040866
0.0373878
0.033035
0.0351822
0.0314026
0.0337251
0.0363399
0.0377169
0.0366929
0.0363387
0.0388248
0.0341701
0.034322
0.036378
0.0323055
0.0304773
0.0363797
0.0338008
0.0363091
0.0330057
0.0346372
0.031939
0.0360972
0.034812
0.0347327
0.0343338
0.0356467
0.0365284
0.0321817
0.0340132
0.0365497
0.0314543
0.0311984
0.0359307
0.0367695
0.0313036
0.0309786
0.0304724
0.0349592
0.0434809
0.0316661
0.0359843
0.0317981
0.0325598
0.0379787
0.0370139
0.0369446
0.0343204
0.0328646
0.0311978
0.0374798
0.0380599
0.0326881
0.0321193
0.032133
0.0372921
0.0356848
0.0344955
0.0337964
0.0381744
0.0354318
0.0415499
0.0441048
0.0372235
0.0334407
0.0422753
0.0380804
0.0331882
0.0319122
0.03453
0.0399636
0.0335628
0.0315461
0.0365229
0.0333768
0.0327209
0.040362
0.032801
0.0393167
0.0383019
0.0369068
0.0337271
0.03421
0.0329673
0.0379026
0.0357242
0.0366227
0.0423594
0.033567
0.0352848
0.0395146
0.0368249
0.035835
0.0366354
0.0355824
0.0361592
0.0400529
0.0388585
0.0377612
0.044993
0.0408382
0.0385718
0.0353683
0.0330968
0.0336594
0.0375338
0.043491
0.040239
0.0390973
0.0335384
0.0403101
0.0423629
0.046969
0.033877
0.0337135
0.0363353
0.0382518
0.0348059
0.0386364
0.0321703
0.0340451
0.0409719
0.0408983
0.0346259
0.0308578
0.0337263
0.0377114
0.035839
0.0334109
0.0340048
0.0334016
0.0326268
0.0367583
0.0330934
0.0323005
0.0359642
0.0361394
0.0365801
0.0366073
0.0312622
0.0353718
0.0338718
0.0410773
0.0368433
0.0352006
0.0377508
0.0317712
0.0318638
0.0354273
0.0357294
0.040948
0.0335621
0.0295425
0.0305032
0.0339228
0.0356562
0.0366803
0.0357908
0.0365333
0.0303389
0.031391
0.0352523
0.0382478
0.0381715
0.0334872
0.0345125
0.039451
0.0375489
0.0329683
0.0344335
0.0377954
0.0389072
0.0352845
0.0374487
0.0388017
0.0355322
0.0418169
0.042471
0.0392282
0.0350126
0.0440336
0.0369061
0.0418315
0.0364177
0.0396762
0.0399997
0.0391056
0.0455859
0.0401803
0.0365537
0.03761
0.0357834
0.042105
0.040468
0.0404389
0.0412553
0.0390358
0.0416164
0.0393212
0.0334558
0.0364994
0.0424688
0.0442827
0.0438211
0.0386358
0.0358646
0.0361312
0.0399789
0.0409036
0.0372398
0.0404989
0.0375619
0.0394546
0.0445852
0.0456539
0.0373488
0.035179
0.0348286
0.0387803
0.061957
0.04481
0.0419531
0.0391438
0.0360622
0.0393126
0.0412678
0.0470337
0.0417288
0.0414658
0.0455311
0.0427589
0.0363972
0.0368777
0.0417413
0.0393438
0.041326
0.0468185
0.0415406
0.0418055
0.0404534
0.0340093
0.0439727
0.0338345
0.0399508
0.039395
0.0379768
0.035818
0.0325133
0.0334643
0.035257
0.0315837
0.0341268
0.0308617
0.0329689
0.0308599
0.0302653
0.0308398
0.0362344
0.0363759
0.030626
0.0286452
0.0354028
0.0341098
0.0334733
0.032126
0.0313806
0.0286867
0.0310934
0.0318533
0.0304616
0.0285472
0.036895
0.0263046
0.0290247
0.0347544
0.0267964
0.0249972
0.0253982
0.0297317
0.0334532
0.0258515
0.0266569
0.0254503
0.0304367
0.0316267
0.0243349
0.0247895
0.0284407
0.0268081
0.0248456
0.0287138
0.0330815
0.027176
0.0255253
0.0247031
0.0279978
0.0313561
0.0273196
0.0282765
0.0273417
0.0249679
0.0276712
0.0272424
0.0256098
0.0299274
0.0252981
0.0244072
0.0267556
0.0315795
0.0248045
0.0266388
0.023509
0.024119
0.0265084
0.0270196
0.0315552
0.0266701
0.0231973
0.0243245
0.0237784
0.0287083
0.0274589
0.0264457
0.025483
0.0289557
0.0256373
0.0267114
0.030109
0.0283399
0.0284548
0.0257587
0.0279371
0.0239912
0.0279196
0.0291379
0.0263657
0.0261755
0.0234198
0.0235695
0.0249748
0.0297384
0.0323331
0.0271613
0.0235559
0.0255649
0.0291131


