0.0185809
0.0391736
0.0389899
0.0396036
0.039223
0.038771
0.0390109
0.0389073
0.0395905
0.0385699
0.0389822
0.0390894
0.0391083
0.0395591
0.039408
0.038619
0.0383318
0.0390524
0.0393616
0.0384882
0.0383653
0.0388559
0.0389913
0.0391922
0.0389514
0.0389254
0.0380782
0.038786
0.0388269
0.0392162
0.0392365
0.0395964
0.0390253
0.0394911
0.0393852
0.0390979
0.0391802
0.0391208
0.0391273
0.0406514
0.0393352
0.038773
0.0393999
0.0392068
0.0394137
0.0389666
0.0394477
0.0394705
0.03942
0.0393253
0.0392508
0.0391056
0.0386656
0.0393807
0.0384671
0.0384941
0.0381759
0.0392783
0.0396067
0.0386111
0.0385712
0.038681
0.0388913
0.0383084
0.0387311
0.0386996
0.0386686
0.0385312
0.0387069
0.0383055
0.0386064
0.0383333
0.0384046
0.0392845
0.0389155
0.0396577
0.0386228
0.0385031
0.0387471
0.0385748
0.0389659
0.0384437
0.0385605
0.038951
0.0387724
0.0391623
0.0388894
0.0389037
0.0381175
0.0391766
0.0389571
0.0395828
0.0382793
0.0393744
0.0389057
0.0385238
0.0395116
0.0392903
0.0397261
0.0380534
0.0392003
0.0381746
0.0396846
0.0374116
0.0384511
0.0391573
0.0381162
0.0388325
0.0374765
0.0384839
0.0362945
0.0379732
0.0693624
0.0121558
0.0131876
0.0136501
0.0143142
0.013719
0.0129642
0.0157074
0.0139777
0.0132364
0.0138936
0.015747
0.0132907
0.0137292
0.0157513
0.0151892
0.0164265
0.0184828
0.0179596
0.0156466
0.014151
0.0156951
0.0142597
0.0157021
0.0133432
0.015865
0.016909
0.0136149
0.0138128
0.0149771
0.0136387
0.0157098
0.0179692
0.015374
0.0133614
0.015399
0.0144419
0.0159742
0.017603
0.0147934
0.0127578
0.0147147
0.0169508
0.0147175
0.0171756
0.013206
0.0133198
0.0152026
0.0174931
0.0134163
0.0135958
0.0145285
0.0176192
0.0152421
0.0144277
0.0147771
0.0130539
0.0139196
0.0174693
0.0151511
0.0157365
0.0124896
0.0168814
0.0126361
0.0138688
0.012405
0.017421
0.0128137
0.0134238
0.0128138
0.0171701
0.0122987
0.0185894
0.0127678
0.0133433
0.0128357
0.0134257
0.0128998
0.017627
0.0133961
0.0175801
0.0131573
0.0131322
0.0127695
0.0128893
0.012614
0.0132796
0.0126918
0.0135611
0.012734
0.0135436
0.0131621
0.0146265
0.0173168
0.0143477
0.0176613
0.0176035
0.0149586
0.0137717
0.0136902
0.0151823
0.0156091
0.0151776
0.0157071
0.0183102
0.0161161
0.0182857
0.0180922
0.018374
0.0184021
0.0153436
0.0184834
0.0191592
0.0158955
0.0166287
0.0162696
0.0163542
0.0192199
0.0192212
0.0141597
0.0142844
0.0144759
0.0164549
0.0183219
0.0187428
0.0160813
0.0151652
0.0147082
0.0147139
0.0136795
0.0143908
0.0147604
0.0139786
0.015275
0.0140096
0.0143955
0.0149534
0.0141991
0.0141648
0.0141738
0.0157147
0.0139947
0.0144459
0.0150299
0.0148045
0.0143875
0.0156411
0.0152734
0.0186245
0.019377
0.0133472
0.0181685
0.0189534
0.0142262
0.0158996
0.0135963
0.0142988
0.0139219
0.0187981
0.0189599
0.0135679
0.0141949
0.0140943
0.0151415
0.0187218
0.015205
0.0152193
0.0139239
0.0162051
0.0150213
0.0173943
0.0153661
0.0143304
0.0147176
0.01285
0.0135752
0.0153778
0.0178103
0.0178858
0.0147027
0.0130583
0.0124498
0.0134475
0.0163249
0.0150123
0.0164222
0.0164999
0.0138723
0.0123124
0.0125696
0.0129343
0.0128784
0.0142542
0.0130447
0.012871
0.0132461
0.012442
0.0143196
0.015124
0.0153067
0.0145804
0.0127177
0.0132848
0.0136222
0.0131735
0.0151401
0.0130638
0.0193244
0.0152285
0.0127325
0.0137935
0.0128321
0.0136187
0.013751
0.0148566
0.0180623
0.0209875
0.0133895
0.0174851
0.0163643
0.0132289
0.0187268
0.0222837
0.01488
0.0151772
0.0163909
0.0141229
0.0146795
0.0139689
0.0185889
0.0191249
0.0134297
0.0140772
0.0162434
0.0139236
0.0136688
0.0145547
0.0133888
0.0178824
0.0182146
0.0134818
0.0134828
0.0148138
0.0130983
0.0179338
0.0176851
0.013233
0.0178298
0.0185094
0.0130455
0.0137062
0.0174577
0.0131775
0.0173758
0.0178867
0.0131967
0.0128843
0.0132678
0.014478
0.0143631
0.018111
0.0177939
0.0135511
0.0127424
0.0143691
0.0131258
0.0129984
0.0138901
0.0131581
0.013993
0.0146552
0.0129291
0.0138466
0.0127838
0.0128706
0.01334
0.0128843
0.0123836
0.0133834
0.0132737
0.0181333
0.0184997
0.013919
0.0134117
0.0135206
0.0139614
0.0151316
0.0124652
0.0131843
0.0134158
0.0140274
0.0121013
0.0131674
0.012632
0.0115595
0.0126888
0.0136571
0.0124867
0.0141135
0.0148911
0.0166949
0.017508
0.0173622
0.0127128
0.0171817
0.01806
0.0222972
0.0128898
0.0169224
0.0174556
0.0171451
0.0134718
0.0123864
0.0140045
0.013278
0.0130533
0.0169634
0.0181282
0.0173577
0.0141421
0.0169767
0.0191404
0.0184397
0.017096
0.0169481
0.0184894
0.0183562
0.015342
0.0172576
0.0185892
0.0189004
0.0164932
0.0172844
0.0181756
0.0184881
0.0171159
0.0144799
0.0125133
0.014041
0.0140218
0.0130024
0.0146251
0.0171774
0.0191672
0.0153673
0.0168594
0.0146927
0.0145706
0.0144365
0.0139521
0.0131768
0.0132438
0.0141997
0.0142077
0.0135979
0.0130634
0.014492
0.0150906
0.0172486
0.0149255
0.0135171
0.0136577
0.015751
0.0161733
0.0150076
0.0142685
0.016476
0.0133453
0.0151109
0.0147727
0.01444
0.014166
0.0153732
0.0149149
0.014441
0.0153662
0.0141158
0.0134587
0.0138383
0.0155425
0.0152104
0.0157877
0.0149363
0.0129644
0.0143884
0.0143841
0.0138699
0.0136289
0.0171177
0.0187749
0.0186463
0.0142147
0.0177345
0.0191323
0.0239592
0.0140995
0.0153528
0.0159586
0.0153471
0.0151637
0.0157496
0.0137401
0.0156468
0.0162965
0.0157074
0.0161484
0.016226
0.0160824
0.0157768
0.0157871
0.0143639
0.0153854
0.0142903
0.0130554
0.0130704
0.0151843
0.0141213
0.0131324
0.0152177
0.0174103
0.0185322
0.0223781
0.0140378
0.0126061
0.0144091
0.0133623
0.0133118
0.0175257
0.0186078
0.018628
0.0170649
0.0143879
0.0171052
0.0193026
0.0180247
0.0177173
0.015611
0.0160581
0.0176529
0.0196293
0.0190904
0.0141213
0.015132
0.0163336
0.0156822
0.0143827
0.0159848
0.0185338
0.0195873
0.0191543
0.0183573
0.0161051
0.0180819
0.0196668
0.0192965
0.0189892
0.014443
0.0174768
0.0165955
0.0153879
0.0162978
0.0158185
0.016104
0.0152131
0.0143343
0.0167282
0.0165628
0.021204
0.015401
0.0151924
0.0159997
0.0163675
0.0160684
0.0203248
0.0154258
0.0187021
0.0206181
0.020386
0.0205626
0.015302
0.0141898
0.0161319
0.0164802
0.0156263
0.0146069
0.0185882
0.0200584
0.0199399
0.0198267
0.0198225
0.0181059
0.0143729
0.0134516
0.0147749
0.0148198
0.0131302
0.0146901
0.0176035
0.0180918
0.0174288
0.0127176
0.012572
0.0133022
0.0121831
0.0137841
0.0166797
0.0180752
0.0144375
0.0123123
0.0141967
0.0147471
0.0150038
0.0146098
0.0148493
0.0144565
0.0172573
0.0159552
0.0143307
0.0148559
0.0139244
0.0145502
0.0149788
0.0130113
0.0132786
0.0146166
0.0151555
0.0156731
0.0150288
0.0150754
0.0149264
0.0152509
0.018681
0.0156582
0.0150088
0.015538
0.0158749
0.0152072
0.0151999
0.01566
0.0186202
0.0161079
0.016056
0.0152553
0.0153009
0.0148989
0.0141715
0.016029
0.0150876
0.0177824
0.0201326
0.0151066
0.0145902
0.0137546
0.015696
0.0137582
0.0161712
0.0142152
0.0141467
0.0158739
0.0163255
0.0152281
0.0146581
0.0161693
0.0153582
0.0155054
0.014524
0.0150099
0.0164087
0.0165476
0.0154764
0.0153671
0.0174995
0.0177483
0.0179218
0.0169124
0.0195266
0.0205429
0.0205297
0.020475
0.0166139
0.0153866
0.015615
0.0144214
0.0158258
0.0160597
0.0150226
0.0145204
0.0161462
0.0182492
0.0195458
0.0202711
0.0201375
0.0198647
0.0149881
0.0174374
0.0189676
0.0191914
0.0164401
0.0157382
0.0153957
0.0169435
0.0178607
0.0166906
0.0173406
0.0176355
0.0193025
0.0202694
0.0206764
0.0208826
0.0211627
0.0196386
0.0155238
0.016877
0.0149211
0.0163032
0.0176144
0.0176399
0.0178182
0.0157153
0.0197181
0.0212815
0.0216318
0.022782
0.0220048
0.0203795
0.0188642
0.0201934
0.0204311
0.0198514
0.0197304
0.0173936
0.0179748
0.019449
0.0160872
0.019184
0.0150844
0.0147163
0.0137147
0.0179844
0.0198933
0.0195335
0.019388
0.0188671
0.0190141
0.0161402
0.0159076
0.0165911
0.0162763
0.0168862
0.0143646
0.0165485
0.0190273
0.0195783
0.020161
0.019755
0.0188229
0.0139835
0.0143717
0.0160402
0.0161533
0.014782
0.0138399
0.0134524
0.0133039
0.0145774
0.0149713
0.0141695
0.0131335
0.0145375
0.016778
0.0178274
0.017805
0.0177233
0.0167627
0.0138335
0.016793
0.017533
0.0178463
0.0176265
0.0165322
0.0140712
0.01611
0.0172103
0.0166802
0.0122056
0.0140244
0.0143664
0.013133
0.0131097
0.0123046
0.0129366
0.0136575
0.0156594
0.0130062
0.0140162
0.0142401
0.0139791
0.0119871
0.0136294
0.0129153
0.0121941
0.0124599
0.0130651
0.0144038
0.0123618
0.0167308
0.0176551
0.0164652
0.013705
0.0112783
0.0131877
0.0147595
0.0118246
0.0161424
0.0175827
0.0188857
0.0132988
0.0113075
0.0135042
0.0153407
0.0117971
0.0161209
0.0154075
0.0119333
0.0129774
0.0132932
0.011997
0.0117935
0.0125317
0.0124748
0.011842
0.0117812
0.0136624
0.0125681
0.0114591
0.0138947
0.0163649
0.0172738
0.0173478
0.0152636
0.0122332
0.0130187
0.0127231
0.0120498
0.0140905
0.0120643
0.0131769
0.0123626
0.013181
0.0162008
0.0175733
0.0167533
0.0160458
0.0162346
0.0178774
0.0168974
0.0159129
0.0166426
0.0174806
0.0174465
0.0134804
0.0147114
0.0142026
0.0140959
0.0133832
0.0120931
0.0145192
0.0167568
0.0167274
0.0166676
0.0155146
0.012039
0.0126747
0.0136486
0.013143
0.0123378
0.0129005
0.0174279
0.0174921
0.0174399
0.0190094
0.0163618
0.0142055
0.0162345
0.0176348
0.0178791
0.0190866
0.0169121
0.0125982
0.0170468
0.0181318
0.0186948
0.0181607
0.0173204
0.0140668
0.0170536
0.0155631
0.0134574
0.0142968
0.0127908
0.0148009
0.0165447
0.0176457
0.0177672
0.0174581
0.0169304
0.0144955
0.0143723
0.0138944
0.0137477
0.0126533
0.0119491
0.0167105
0.0139228
0.0139762
0.012967
0.0121906
0.0135375
0.0167618
0.0181017
0.0201674
0.0127326
0.0142111
0.0141319
0.014553
0.0127714
0.0136409
0.0125519
0.0139845
0.0138874
0.0146523
0.0166255
0.0176235
0.0164139
0.0137806
0.0125318
0.0138953
0.0127052
0.0146007
0.0168256
0.0180791
0.0163518
0.0146831
0.0135672
0.0153885
0.0140855
0.0160594
0.0157801
0.0151342
0.0139436
0.0160633
0.0161454
0.0150505
0.0157283
0.0147421
0.0154517
0.0146809
0.0148424
0.0133674
0.0173802
0.0155996
0.0131916
0.0145986
0.0141797
0.0128339
0.0188932
0.0183482
0.0178636
0.0153258
0.01717
0.0187198
0.0181553
0.0171978
0.0121584
0.0127541
0.0137883
0.0136772
0.0124429
0.0138725
0.0167168
0.017951
0.017414
0.0127996
0.0118781
0.0134007
0.0171987
0.0121494
0.0144423
0.0123147
0.0136997
0.0132654
0.0124172
0.0122669
0.013463
0.0128224
0.0121445
0.0166527
0.0171046
0.0156374
0.012392
0.0119453
0.0132438
0.016785
0.0114534
0.0119413
0.0131071
0.0150719
0.0115143
0.0129528
0.0134586
0.0119325
0.0138794
0.0130946
0.0122784
0.014733
0.0146774
0.0147881
0.0133625
0.0147038
0.0146711
0.0144132
0.0140244
0.0148805
0.0168999
0.018439
0.0187147
0.0154921
0.014387
0.013656
0.0144403
0.0135047
0.0130151
0.0144269
0.0155381
0.0136872
0.0146314
0.0143495
0.0141349
0.0151275
0.0159337
0.0177
0.0196688
0.0194317
0.0180931
0.0159008
0.0175263
0.0186314
0.0189884
0.0187778
0.0133421
0.0130653
0.0176717
0.014491
0.0144953
0.0132949
0.0148734
0.0178616
0.0174255
0.0154073
0.0176062
0.0149461
0.014529
0.0136733
0.0132796
0.0182557
0.0195287
0.0190589
0.0193935
0.0149572
0.01363
0.015603
0.0149109
0.0140281
0.0139195
0.0151367
0.0154268
0.0148044
0.0152503
0.015244
0.0134853
0.0138008
0.0149076
0.0155424
0.0153451
0.0138491
0.0158959
0.0181164
0.0191381
0.0189802
0.0189193
0.0144694
0.015827
0.0178325
0.015768
0.0151378
0.0180125
0.0137523
0.016106
0.0141581
0.0153003
0.015162
0.0155742
0.0155727
0.014311
0.0181557
0.0197681
0.0195423
0.0196071
0.0246088
0.0190056
0.0148742
0.0167467
0.0144896
0.0159321
0.0164513
0.0162247
0.0164789
0.016444
0.0149301
0.0145602
0.0164845
0.0164993
0.0173862
0.0164936
0.0167921
0.015516
0.0193785
0.0206871
0.0191464
0.0197859
0.0173396
0.0224958
0.0153541
0.0176082
0.0193036
0.0210777
0.0214399
0.0215146
0.0224558
0.020412
0.0219327
0.0169687
0.0197057
0.0211592
0.0213975
0.0223207
0.0217403
0.0223999
0.0221457
0.0180366
0.0182346
0.0194919
0.0167631
0.0178485
0.0190805
0.0179775
0.0174376
0.0169752
0.0173929
0.0165216
0.0157368
0.0176172
0.017532
0.0178459
0.0177027
0.0189571
0.0170573
0.0159709
0.0167115
0.0204748
0.0226727
0.021669
0.022413
0.0236572
0.0237189
0.0227795
0.0260106
0.0209239
0.0170499
0.0164662
0.0165284
0.0174318
0.0186436
0.0165879
0.0167805
0.017142
0.0165172
0.0166537
0.0155932
0.0152911
0.0151854
0.016362
0.0164519
0.0157681
0.016205
0.0160689
0.0208184
0.0148575
0.014791
0.0144165
0.0149339
0.0154207
0.0163997
0.0165202
0.0164308
0.0253634
0.0157886
0.0151198
0.0150007
0.0157137
0.0161216
0.0164429
0.0163423
0.0160539
0.015684
0.0153993
0.0146604
0.0143684
0.01474
0.0153764
0.0165114
0.0162411
0.0156146
0.0205968
0.0144142
0.0141999
0.0140431
0.0145833
0.0145971
0.0146445
0.0153068
0.0149096
0.0238795
0.0140637
0.0139516
0.0133559
0.0141481
0.0156179
0.0148574
0.0151029
0.0148131
0.0144539
0.0143673
0.0156992
0.0175042
0.0184928
0.014817
0.0146891
0.0147932
0.0142776
0.0141541
0.0150208
0.0154644
0.0174841
0.0182739
0.0185004
0.0192783
0.0187553
0.0186267
0.0189558
0.0189767
0.0187339
0.0175118
0.0124637
0.0178693
0.017336
0.017766
0.017852
0.018293
0.0286652
0.017517
0.014263
0.0133929
0.0145418
0.0148719
0.015072
0.0155517
0.0220317
0.0137359
0.0129131
0.0169985
0.0182176
0.0195274
0.0184856
0.0175651
0.0181474
0.0173979
0.0177985
0.0132081
0.0159394
0.0155098
0.0126041
0.014087
0.0153172
0.0152688
0.0148215
0.0141105
0.0133838
0.014609
0.017717
0.0186786
0.0197137
0.0209552
0.0190244
0.018964
0.0176891
0.01579
0.0129272
0.0147033
0.0151702
0.0151837
0.0155311
0.0145296
0.0141609
0.0134112
0.0154838
0.017302
0.0185438
0.0183214
0.0182638
0.0187342
0.0180927
0.0173371
0.0127929
0.0173337
0.017275
0.0155726
0.0151151
0.0142627
0.0147573
0.0149492
0.0151786
0.0151804
0.0142405
0.0140167
0.0136682
0.015137
0.0162932
0.0158301
0.0154848
0.0150496
0.0144302
0.0139515
0.0147846
0.0155496
0.016184
0.0159892
0.0153345
0.0152797
0.0149536
0.0143147
0.0136739
0.0153401
0.01934
0.0186439
0.0192683
0.0191896
0.0190266
0.0191919
0.0186395
0.0189911
0.018132
0.0153996
0.0139502
0.0143845
0.0145626
0.0148382
0.0166341
0.0136609
0.0150277
0.0177838
0.0186019
0.0201604
0.019467
0.0194861
0.0189403
0.0184203
0.0144256
0.0165139
0.0136704
0.0151426
0.017126
0.0165983
0.0152804
0.0243592
0.0145527
0.0140495
0.0150143
0.0157576
0.01597
0.0157507
0.015466
0.015274
0.0144679
0.0179859
0.0198494
0.0191482
0.0163135
0.0153672
0.0152901
0.0147542
0.015759
0.014014
0.0147834
0.0151109
0.0155915
0.0152939
0.0152011
0.0153986
0.0149577
0.0140859
0.016233
0.0176656
0.0183644
0.0196513
0.0196627
0.0204949
0.0234407
0.0184548
0.0161386
0.0158019
0.0168467
0.0137662
0.0165522
0.015675
0.0170402
0.015969
0.0164528
0.0155329
0.0145846
0.0148924
0.0193018
0.0201061
0.0206514
0.0222079
0.0203524
0.0210167
0.0221727
0.0208388
0.0210728
0.0191745
0.0201081
0.0209868
0.0211229
0.0221334
0.0223637
0.0220615
0.0223261
0.0214265
0.0214293
0.0214852
0.0253482
0.020196
0.0198791
0.0198888
0.0204234
0.0207217
0.0212643
0.0210265
0.0209203
0.0213061
0.0211402
0.0211664
0.020156
0.0159101
0.0157483
0.0162665
0.0179833
0.0180847
0.0182373
0.0173632
0.0164325
0.0235485
0.0158167
0.0169197
0.0196192
0.0202579
0.0205341
0.0203932
0.0207904
0.0206642
0.0200733
0.0203298
0.0263158
0.0197746
0.0189288
0.0187815
0.019518
0.0166352
0.0153938
0.0165225
0.0154238
0.0149664
0.0151894
0.0141551
0.0145915
0.0183068
0.0199739
0.019607
0.0202135
0.0202804
0.0202655
0.0199887
0.0166117
0.0167716
0.0150872
0.0169012
0.0163021
0.0170217
0.0173409
0.0163621
0.0161947
0.0152342
0.0172705
0.0172582
0.0179367
0.01702
0.0178139
0.0171719
0.0160237
0.0165883
0.0166471
0.0177405
0.0171518
0.0260529
0.0157906
0.0151914
0.0200037
0.0205205
0.0210887
0.0208409
0.0213149
0.021078
0.0204202
0.0205886
0.0199011
0.015699
0.015411
0.0162768
0.0181615
0.0174132
0.0175702
0.0167886
0.0269091
0.0158536
0.0176667
0.0198376
0.0204469
0.0209379
0.0219683
0.0209275
0.0206926
0.0257668
0.0195316
0.0172943
0.0149122
0.0155541
0.0156249
0.016122
0.0157803
0.0162778
0.0155876
0.0145559
0.0157758
0.0186156
0.0202789
0.0207876
0.0197935
0.0182658
0.0163392
0.0162736
0.0167492
0.0145078
0.0186177
0.020706
0.01995
0.0204209
0.0203107
0.0200506
0.0195462
0.0188516
0.0192587
0.0199969
0.0198361
0.020647
0.0204312
0.0211975
0.0272727
0.0151765
0.0164743
0.0155168
0.0162684
0.01627
0.0165603
0.0161891
0.0179086
0.0169497
0.0181597
0.0165584
0.0169968
0.0171039
0.0169713
0.0189298
0.0183678
0.018566
0.0158568
0.016032
0.0164151
0.0174039
0.0165318
0.0173451
0.0191559
0.0178525
0.016634
0.0166455
0.0159217
0.0186303
0.0176283
0.0177242
0.0174626
0.0179854
0.0162179
0.0171765
0.017389
0.0148625
0.0156891
0.0164403
0.0157442
0.0156828
0.0157401
0.0152679
0.0138462
0.0156242
0.0129619
0.0136253
0.0139523
0.0147018
0.0137946
0.0135363
0.0128998
0.0120925
0.0132777
0.0141348
0.0136462
0.013239
0.0126661
0.0144331
0.0123823
0.0143219
0.0144129
0.0146566
0.0167657
0.0131783
0.0152601
0.015617
0.0146996
0.0128485
0.0145601
0.0140849
0.0144599
0.0144004
0.0127672
0.0124347
0.0139149
0.0139384
0.0157068
0.0126222
0.0117073
0.0131804
0.011393
0.0127926
0.0136036
0.012542
0.0119043
0.0126738
0.0160691
0.0175428
0.0176598
0.0242886
0.0141998
0.0134249
0.0116036
0.0131475
0.0129112
0.0136388
0.0126859
0.0143396
0.0122339
0.0160688
0.0127892
0.0130477
0.0123723
0.0120836
0.0134426
0.013327
0.0117174
0.0137004
0.0114018
0.0127295
0.012424
0.0159164
0.0116483
0.0115135
0.0129471
0.0133421
0.01795
0.0118031
0.0131815
0.0158674
0.0170152
0.0138159
0.0167988
0.0117326
0.0119514
0.0131586
0.0127517
0.0124595
0.0118438
0.0116339
0.0125978
0.0122802
0.0124103
0.0111573
0.015665
0.0167546
0.0162287
0.0152734
0.0129625
0.0161584
0.0169989
0.0154291
0.011799
0.0125022
0.012463
0.0123289
0.014034
0.0163404
0.0172873
0.0168211
0.0153433
0.0164067
0.0163516
0.0132782
0.0123102
0.0133669
0.0160878
0.0170699
0.0173205
0.0168973
0.0166088
0.0130253
0.0150778
0.0160078
0.0168042
0.0127485
0.014259
0.0133705
0.0149163
0.0168094
0.0168087
0.0129905
0.010659
0.0125027
0.0120537
0.0193215
0.0107213
0.0152764
0.0163577
0.015945
0.0162989
0.0151658
0.0123016
0.0149499
0.0161604
0.016375
0.0167188
0.0169273
0.0170213
0.011902
0.0140852
0.0136559
0.0156947
0.0140122
0.0138446
0.0134812
0.0130875
0.0131356
0.0171384
0.0181675
0.0184351
0.0195242
0.0191535
0.0192095
0.0183649
0.0149655
0.0183931
0.0187398
0.0197187
0.0199217
0.0193685
0.020623
0.0200534
0.0187675
0.0191208
0.0143013
0.0196147
0.0187646
0.0209198
0.0208605
0.0204449
0.0214226
0.0316417
0.0201198
0.0188212
0.0153163
0.0166196
0.0177801
0.0185616
0.0183562
0.0174763
0.0177195
0.0178285
0.0164388
0.017852
0.0213653
0.0226574
0.022096
0.0231412
0.022998
0.0227886
0.0227351
0.0235978
0.0228176
0.0233999
0.0220534
0.0170776
0.0211779
0.0215794
0.0230541
0.0221396
0.0190675
0.0215408
0.022212
0.019223
0.0197758
0.0196338
0.0199846
0.0176916
0.0174612
0.0171866
0.0192182
0.0192842
0.0203821
0.0192854
0.0201186
0.021595
0.0199628
0.0207912
0.0212326
0.0218967
0.0201204
0.0187479
0.0186177
0.0195124
0.0190367
0.018965
0.0190875
0.0205449
0.0198624
0.0198986
0.0201429
0.0208488
0.0201977
0.0201728
0.0216234
0.0202122
0.0285898
0.0210414
0.0181339
0.0200249
0.0221334
0.0233593
0.0234554
0.0241956
0.0241462
0.024171
0.024118
0.0246582
0.0241737
0.0254299
0.0228562
0.0219453
0.0204161
0.0199146
0.0197165
0.0184926
0.0197015
0.0223971
0.0221832
0.0228514
0.0239246
0.0233503
0.0242251
0.0247302
0.0256157
0.0233768
0.0239168
0.0240837
0.0242559
0.0237456
0.0238125
0.0225598
0.018837
0.018667
0.021885
0.0240066
0.0235799
0.0239409
0.0263531
0.0263535
0.0250214
0.0258711
0.0247706
0.0254006
0.0262532
0.0249415
0.0239728
0.0268922
0.0232316
0.0203166
0.0229293
0.0236849
0.0238643
0.0236434
0.024988
0.0251735
0.0244459
0.0250946
0.0247714
0.0243526
0.0250165
0.0237218
0.0232637
0.0229964
0.0204801
0.0212496
0.0198531
0.0188696
0.0182629
0.0197459
0.0200734
0.019896
0.0236597
0.0211581
0.0211205
0.0209711
0.0204249
0.0199943
0.0215433
0.0207603
0.0193623
0.0184057
0.021228
0.0220409
0.0209037
0.0181561
0.0182396
0.0193305
0.0194126
0.0195835
0.0207294
0.0208415
0.0197943
0.0210787
0.0215427
0.0195383
0.022757
0.0183349
0.0182431
0.0189229
0.0184097
0.0195066
0.0194161
0.0189416
0.0186801
0.0187046
0.0199941
0.018548
0.0185783
0.0182061
0.018418
0.0183762
0.0248723
0.0186007
0.0165321
0.0187132
0.0170297
0.0166461
0.0182446
0.018962
0.0185671
0.0178028
0.0181386
0.0187861
0.0181039
0.0172759
0.0165491
0.0183217
0.0161122
0.0182602
0.0211402
0.0221694
0.0194134
0.0189062
0.0214057
0.0195943
0.0197877
0.0203243
0.019915
0.0192937
0.0183481
0.017267
0.0168106
0.016637
0.0170482
0.017755
0.0175255
0.0185411
0.0171447
0.0165684
0.0170305
0.0170401
0.0180716
0.0155852
0.0151462
0.0193142
0.0202911
0.0200531
0.0215031
0.0202799
0.0216871
0.019647
0.0184212
0.0145952
0.0142982
0.0179844
0.0195211
0.0208855
0.0191129
0.0188344
0.0259267
0.0174802
0.0141926
0.0137528
0.0141849
0.0146443
0.0144462
0.0151876
0.0175146
0.0133775
0.0126531
0.0165202
0.0174187
0.0175683
0.0192927
0.0170816
0.0143655
0.0133389
0.0166618
0.0180772
0.0193454
0.0191601
0.0185073
0.0244286
0.0172737
0.0139307
0.014737
0.014826
0.0155448
0.0152014
0.0152557
0.0155918
0.0150045
0.0221549
0.0170142
0.0147376
0.0159213
0.0184788
0.0193872
0.0194583
0.0206289
0.021296
0.0217767
0.0208264
0.0208533
0.0180604
0.0151799
0.0176219
0.0181402
0.0180801
0.0169517
0.0160074
0.0172038
0.0169898
0.0173688
0.0181906
0.0185974
0.0181435
0.0177544
0.0187151
0.0178458
0.0162633
0.0163711
0.0206762
0.0207482
0.0212117
0.0212918
0.0222619
0.0216505
0.0213856
0.021048
0.017744
0.0180531
0.0168198
0.0159682
0.0169453
0.0152135
0.0161817
0.0169579
0.0167636
0.0177474
0.0172863
0.0173
0.0166996
0.0223271
0.0157398
0.0155353
0.0153855
0.0158758
0.0160727
0.0170125
0.0176045
0.0165363
0.0163912
0.0157812
0.015234
0.0153488
0.0149996
0.0155952
0.0154729
0.0163112
0.0171764
0.0168873
0.0165194
0.0163682
0.0164618
0.0153146
0.015917
0.0196053
0.0203391
0.0211465
0.0222146
0.0231788
0.0223765
0.0219151
0.0222551
0.0272427
0.0209443
0.0202438
0.017902
0.0200964
0.0212343
0.0214364
0.0220148
0.0218335
0.0215134
0.0217716
0.0222516
0.0218871
0.0224726
0.0218585
0.0167765
0.0194607
0.018199
0.0179841
0.0193682
0.0202085
0.020093
0.0194156
0.0204191
0.0222141
0.0176081
0.0177269
0.0192964
0.0213533
0.0216627
0.021533
0.0217042
0.0229346
0.0230274
0.0229393
0.0231067
0.022241
0.0231141
0.0214082
0.0182842
0.0186059
0.0175646
0.0190169
0.0191153
0.0198494
0.0209871
0.020197
0.0201123
0.0202592
0.0198924
0.0201325
0.0212425
0.0189104
0.0188737
0.0218322
0.020075
0.0188207
0.0204901
0.021112
0.0215994
0.0213359
0.0223305
0.0212177
0.0214241
0.0231519
0.0202666
0.0222959
0.02329
0.0206795
0.0197068
0.0194517
0.0197721
0.0194791
0.0194118
0.020446
0.0192958
0.0220511
0.02158
0.0198594
0.0211032
0.019881
0.020666
0.0198966
0.0200247
0.0201875
0.0186572
0.0200408
0.0229155
0.0233445
0.0236945
0.0257507
0.0253805
0.0250114
0.0266528
0.0264151
0.02456
0.0256306
0.0247107
0.0289016
0.0251785
0.0229983
0.0190016
0.0212472
0.0211409
0.0212566
0.0229916
0.0230671
0.0237608
0.0247589
0.0267082
0.0263277
0.027525
0.0247247
0.0246769
0.0249425
0.0241086
0.0254526
0.0231467
0.0194014
0.0220031
0.020107
0.0196343
0.0194452
0.0195256
0.0200928
0.0212441
0.0222325
0.0213993
0.0220386
0.0206354
0.0209361
0.0212253
0.0204301
0.0196284
0.0186647
0.0206776
0.0231554
0.0235092
0.0239677
0.0208203
0.0209518
0.0212354
0.0213926
0.0200929
0.0232165
0.0205533
0.0209708
0.0215518
0.01957
0.0195258
0.0189016
0.02043
0.0190258
0.0184546
0.0194922
0.0197132
0.0197357
0.0223266
0.0209715
0.0212297
0.0205534
0.0209669
0.0206178
0.0219004
0.0210503
0.0220456
0.020954
0.0383489
0.0207127
0.0193007
0.0191534
0.0201589
0.0251703
0.0200517
0.0207043
0.0201858
0.0217997
0.0213354
0.0208116
0.021036
0.0212216
0.0210068
0.0227689
0.0210911
0.0210808
0.0209327
0.0208437
0.0199314
0.0213507
0.0189468
0.0200407
0.02311
0.0232177
0.0237456
0.0233528
0.0247023
0.0239559
0.0249227
0.0244064
0.0244584
0.0209727
0.0211618
0.0203392
0.019748
0.0195628
0.0194645
0.0217696
0.0186528
0.0170109
0.0166744
0.0210016
0.0209222
0.0222762
0.0217322
0.0224305
0.0233612
0.0235585
0.021746
0.0189084
0.0197732
0.0188986
0.0188171
0.0184425
0.0335938
0.0178509
0.0168596
0.0167056
0.0216565
0.0209907
0.0228691
0.0226303
0.0225016
0.0210408
0.0200363
0.0205937
0.0199208
0.0200555
0.0193472
0.0191231
0.0176108
0.0175125
0.0170462
0.0178063
0.0182198
0.0183516
0.0195512
0.0185264
0.0181901
0.0183367
0.0180691
0.01763
0.0179443
0.0170039
0.0164243
0.020411
0.0206553
0.0213766
0.0212231
0.0217153
0.0214641
0.0227091
0.0226647
0.0214508
0.0221004
0.0221908
0.020611
0.0212928
0.0201425
0.0203347
0.0211246
0.0205654
0.021063
0.0203958
0.0197755
0.028981
0.01773
0.0152064
0.0161617
0.0183948
0.0196964
0.0207824
0.0199895
0.0199263
0.0202071
0.0146788
0.017084
0.0155757
0.0158869
0.0165176
0.0162966
0.0158628
0.0145489
0.0138201
0.0151234
0.0160296
0.0155313
0.0155279
0.0144309
0.0140365
0.0182174
0.019103
0.0194452
0.0189462
0.0179388
0.0163856
0.0168297
0.0160322
0.0163321
0.0160034
0.014483
0.0148478
0.0159331
0.0165236
0.0160606
0.0147558
0.0171087
0.0141466
0.0159814
0.0158901
0.0158278
0.0153926
0.0150361
0.0155894
0.0151587
0.0168211
0.0165206
0.0167507
0.0154784
0.0160593
0.0175956
0.0180648
0.0150714
0.0179269
0.0147576
0.0152914
0.0173639
0.0170297
0.0157196
0.0167195
0.0185938
0.020949
0.0194473
0.0173495
0.0175969
0.0161743
0.0147177
0.0175146
0.017532
0.017255
0.0154114
0.015824
0.0164293
0.0174991
0.0157569
0.0149724
0.0191675
0.0210235
0.0212017
0.0211399
0.01926
0.0197822
0.0213115
0.0218734
0.0210555
0.0198941
0.0168917
0.0153393
0.0163507
0.0162326
0.0220353
0.0157396
0.0149954
0.0187199
0.0200894
0.0208326
0.021282
0.0207907
0.0188725
0.0178276
0.01486
0.0157215
0.0166737
0.0159284
0.0158977
0.0217007
0.0148841
0.0162693
0.0182069
0.0191904
0.0200618
0.0201093
0.0189954
0.0198008
0.0157933
0.0142777
0.0133466
0.0173679
0.0180722
0.018345
0.0183347
0.0169345
0.012643
0.014351
0.0130901
0.0141005
0.0159527
0.015629
0.014848
0.0147996
0.0194715
0.0136428
0.0155548
0.0197494
0.0186875
0.0188892
0.0189258
0.019643
0.0188265
0.018473
0.0172331
0.0135162
0.0161758
0.0174671
0.0175895
0.0172345
0.0165492
0.0162779
0.0143076
0.0131997
0.0143447
0.0158061
0.014168
0.0140299
0.0140493
0.0135924
0.0140049
0.0148034
0.0153747
0.0155049
0.0147718
0.0160252
0.0148452
0.0150146
0.0147083
0.0144813
0.0136735
0.0151468
0.0153025
0.0154232
0.0155073
0.0152654
0.0150332
0.0155315
0.013822
0.0158931
0.0141211
0.0152281
0.0148942
0.0160529
0.0150207
0.0147705
0.0142715
0.0140679
0.0157729
0.0170544
0.0184817
0.0200031
0.0189929
0.0192296
0.0194121
0.0186123
0.0141968
0.0227015
0.0191776
0.0200355
0.0206583
0.0205809
0.0200386
0.0202433
0.019372
0.0168539
0.0156615
0.0160398
0.0161963
0.0170787
0.0161686
0.0165523
0.0168696
0.0168522
0.0158218
0.0163167
0.0160094
0.0151725
0.0150192
0.0158357
0.0155653
0.0158524
0.0176498
0.0166442
0.0159757
0.0153101
0.0153398
0.016165
0.0158373
0.0156543
0.0147699
0.0138861
0.0137389
0.0134954
0.014793
0.015512
0.016478
0.0177933
0.0169514
0.0169752
0.0191144
0.0153447
0.0149977
0.0149483
0.0160728
0.0163602
0.0178479
0.0175236
0.018412
0.0186553
0.0295809
0.0169973
0.0168667
0.0166763
0.0172121
0.0174297
0.018954
0.0214538
0.0198842
0.0198602
0.0193524
0.0181671
0.0188584
0.0173001
0.0168128
0.0174745
0.0181776
0.0176293
0.0186403
0.0187123
0.0180082
0.0191056
0.0200601
0.0184177
0.0203802
0.0200906
0.019287
0.0179102
0.0176589
0.0196276
0.0222224
0.0217272
0.0231873
0.0238719
0.0250102
0.0248764
0.0252953
0.0259796
0.0254702
0.0248674
0.0359128
0.0253793
0.0233645
0.0203612
0.0223694
0.022001
0.0216474
0.0205427
0.0222482
0.0216104
0.0217425
0.0212113
0.0216228
0.0204757
0.0216439
0.0215585
0.0212536
0.0211892
0.0213475
0.0211761
0.0196875
0.0216634
0.0214881
0.0218598
0.0217042
0.0210244
0.0202012
0.0217491
0.0218676
0.0212836
0.0203268
0.0216873
0.0212563
0.0187707
0.0188953
0.0199454
0.0201451
0.0215729
0.0220393
0.0209568
0.0203801
0.0205661
0.0203522
0.0195066
0.0192583
0.0194832
0.0206124
0.0238992
0.0235853
0.024036
0.024418
0.0250061
0.0260016
0.0247536
0.0253777
0.0262824
0.0263706
0.0260218
0.0241833
0.0223885
0.022236
0.0222988
0.0216767
0.0225451
0.0226076
0.0231508
0.0255392
0.0244727
0.0221895
0.0197751
0.0212362
0.0177529
0.0172766
0.0228347
0.0243627
0.0162789
0.0149697
0.018981
0.0191666
0.0185407
0.0194152
0.0161822
0.0163991
0.0179044
0.0172489
0.0158196
0.0156884
0.0172402
0.0197781
0.0202648
0.0203799
0.0214156
0.0208104
0.0220964
0.0204162
0.0249218
0.0195071
0.0184426
0.01437
0.0177036
0.0189498
0.0167962
0.0156205
0.0154663
0.0170793
0.0139411
0.0137011
0.0136559
0.0148217
0.0224437
0.0140474
0.0152854
0.0139115
0.0152727
0.0167644
0.0171607
0.0142332
0.0158915
0.0177798
0.0187573
0.019801
0.0242122
0.0189853
0.0183402
0.0149903
0.0165106
0.0161764
0.0163202
0.0162286
0.0161974
0.0156768
0.0156592
0.0165272
0.016298
0.016605
0.0164829
0.0152535
0.0164513
0.0165319
0.0164715
0.0164568
0.0166697
0.0164707
0.0138988
0.0159544
0.0160403
0.0178285
0.0154264
0.0144834
0.0165547
0.0160425
0.0167599
0.0167479
0.0169517
0.0169878
0.0170162
0.0147469
0.0168939
0.0168995
0.0167161
0.0167816
0.0169649
0.0169367
0.0171069
0.0164943
0.0168085
0.0168033
0.0169544
0.0172459


