0.0152335
0.0260197
0.021005
0.0226555
0.01906
0.0223404
0.0209058
0.0213122
0.0217446
0.0206693
0.0195324
0.0203332
0.0183366
0.0219229
0.0193351
0.0221678
0.0200731
0.020033
0.0203486
0.0218231
0.0196008
0.0213676
0.0208352
0.0208688
0.0214741
0.021619
0.0191296
0.019672
0.0197523
0.0210211
0.022088
0.0209773
0.0220264
0.021385
0.0189295
0.0227994
0.0229527
0.0222013
0.021815
0.0214828
0.0222565
0.018425
0.0219087
0.0199124
0.0227965
0.0198101
0.021854
0.0221109
0.0258325
0.0219281
0.0209736
0.0189974
0.0209359
0.0210083
0.0186246
0.0195646
0.0204632
0.0195247
0.0203835
0.0173166
0.0198778
0.019554
0.0211114
0.0197165
0.02035
0.020972
0.0185519
0.0188056
0.018534
0.0215921
0.0194574
0.0192643
0.0208212
0.0228958
0.0185567
0.019479
0.0212118
0.0213704
0.0217625
0.0205646
0.0193857
0.0205794
0.021713
0.01979
0.0185828
0.0204329
0.0189354
0.0193892
0.0197525
0.0186586
0.0215813
0.0211812
0.0189521
0.0196302
0.0191882
0.020556
0.0189873
0.0194298
0.0212028
0.0216472
0.0211465
0.0214015
0.0195175
0.0197314
0.0200272
0.0201878
0.0210424
0.0190973
0.0206536
0.0201582
0.0198441
0.0198396
0.0208556
0.0210134
0.017409
0.0180346
0.0209272
0.0222556
0.022198
0.0195651
0.022759
0.0206399
0.0208527
0.0228172
0.019083
0.0198397
0.0199125
0.0191337
0.0193891
0.0224516
0.0207622
0.0205038
0.0222958
0.0222163
0.0219541
0.0228848
0.0190836
0.0223973
0.0204787
0.0223777
0.024178
0.0211267
0.0216917
0.0205869
0.0214194
0.0221931
0.0207297
0.0204322
0.0213679
0.0206717
0.0229133
0.0208135
0.0201681
0.0213922
0.0218546
0.0203222
0.0219022
0.0229938
0.0225003
0.0240758
0.0247454
0.0226932
0.0237066
0.0217458
0.0249414
0.0212348
0.021468
0.0212649
0.0225827
0.0211531
0.0196314
0.0197937
0.0226003
0.0215372
0.0222016
0.021443
0.0201751
0.0200855
0.022557
0.0234553
0.0229581
0.0217311
0.0203525
0.0215117
0.0223056
0.020733
0.0236495
0.0222324
0.0212847
0.0198856
0.020779
0.0208569
0.0210598
0.0219166
0.0226015
0.0225661
0.0213218
0.0228926
0.0225644
0.0232297
0.0194553
0.0205047
0.0215711
0.0223782
0.0192749
0.0193084
0.0217397
0.0205745
0.020575
0.0212367
0.0239262
0.0243466
0.0254621
0.0235389
0.0252919
0.0252284
0.0251315
0.0226876
0.0240619
0.0232136
0.0211209
0.0196928
0.0207495
0.0246861
0.0208567
0.0220783
0.0228478
0.0236438
0.0230453
0.0225001
0.0240618
0.0239949
0.0212466
0.024674
0.0227093
0.0239968
0.0224201
0.0228078
0.0239413
0.0210512
0.0245935
0.0231133
0.0229795
0.0234351
0.0238442
0.0210775
0.0230214
0.0234594
0.0227182
0.0238626
0.0229828
0.02265
0.0227618
0.0222724
0.0226112
0.0215679
0.0229064
0.0204238
0.0225543
0.0228973
0.0213927
0.021961
0.0210105
0.0206516
0.0195305
0.0222594
0.0219123
0.0217905
0.0220556
0.0193189
0.0216111
0.0192498
0.022532
0.0194483
0.020777
0.0202256
0.0215105
0.0210157
0.018885
0.0195226
0.0189319
0.0207658
0.0214503
0.020046
0.0188605
0.0221363
0.0206576
0.0205603
0.0212179
0.0208318
0.0251766
0.0206861
0.0215571
0.0237995
0.0224974
0.0227029
0.0240331
0.0214734
0.0219023
0.0207185
0.021017
0.0228067
0.0203613
0.0233736
0.0221275
0.0227932
0.0208027
0.0221853
0.0215092
0.0215628
0.0232819
0.0212663
0.021019
0.0211687
0.0221862
0.0200085
0.0218086
0.0205853
0.0216976
0.0215911
0.021564
0.0214426
0.0223302
0.0219894
0.0227972
0.0212976
0.0199144
0.019362
0.0224499
0.0209194
0.0192029
0.0208785
0.0197502
0.0222522
0.0201723
0.0197376
0.0189549
0.0190821
0.0187323
0.0219
0.019171
0.0187659
0.0194768
0.0195382
0.0212294
0.0203351
0.0190797
0.0211874
0.0222597
0.0204924
0.0212525
0.0217188
0.0201733
0.0233473
0.0200593
0.0215251
0.0205828
0.0210792
0.0211607
0.0259228
0.0245851
0.0239439
0.0203995
0.0250664
0.0220123
0.0244741
0.0225656
0.0222943
0.0213564
0.0214859
0.0241357
0.0237778
0.0237339
0.0209396
0.0199885
0.0185138
0.0204124
0.02368
0.0194635
0.0224642
0.0203577
0.0227484
0.0206216
0.0205635
0.0212587
0.0222891
0.0212654
0.0218484
0.0193829
0.0196026
0.0199752
0.020616
0.0200816
0.0219255
0.0193489
0.0220922
0.0215699
0.0181866
0.0216949
0.0208736
0.0189407
0.0198825
0.0202474
0.0202821
0.0211428
0.021673
0.0201857
0.0193272
0.0212997
0.0183374
0.0215636
0.0208064
0.0215148
0.0215975
0.0233482
0.0224694
0.0213938
0.023333
0.0211148
0.0228706
0.0187293
0.0199442
0.0231314
0.0216834
0.0220945
0.0203014
0.0200318
0.0219601
0.020779
0.0211765
0.019517
0.0218674
0.0209207
0.0188433
0.0212978
0.0194145
0.0194097
0.0195501
0.0193992
0.0217927
0.0202286
0.0201711
0.0219176
0.0202648
0.0181881
0.0238199
0.0197194
0.0207155
0.0196702
0.0211258
0.0204561
0.0184914
0.0201374
0.0218357
0.0215549
0.0210289
0.0215756
0.0236976
0.0214383
0.0223383
0.0220405
0.0199325
0.0230252
0.0205017
0.0220814
0.0224979
0.022236
0.019714
0.019157
0.0194806
0.0214847
0.0227227
0.0222391
0.0195767
0.0210895
0.0232889
0.0213316
0.0215096
0.0226335
0.0213774
0.0208301
0.0213419
0.0242136
0.0248259
0.0246918
0.0243009
0.0224615
0.0247198
0.0232804
0.0229302
0.0218512
0.0235734
0.0233642
0.0218945
0.0217417
0.0217619
0.0215064
0.0209442
0.0201159
0.0185668
0.020591
0.0225186
0.0186079
0.0191058
0.019089
0.0196805
0.0214219
0.0203235
0.0221361
0.019357
0.0232356
0.0199483
0.0222912
0.020434
0.0201446
0.0200666
0.0211826
0.0223374
0.0233389
0.0239954
0.0234895
0.0217187
0.0248504
0.0234051
0.0225401
0.0234784
0.0203486
0.0213755
0.0218028
0.0233022
0.023733
0.0208717
0.0210512
0.0204919
0.021908
0.0199398
0.0226853
0.0203933
0.0213996
0.0222675
0.0214401
0.021687
0.0188307
0.0202247
0.0230374
0.0249341
0.0225263
0.0232336
0.0242622
0.0224333
0.0229709
0.0233398
0.022643
0.0213191
0.0221725
0.0203713
0.0244755
0.0215183
0.0221968
0.0238788
0.0214798
0.0204221
0.022748
0.0209858
0.0250452
0.0243572
0.0218814
0.0233225
0.0227857
0.0247431
0.0242009
0.0223356
0.0240854
0.0223037
0.0208291
0.020682
0.0228844
0.0304941
0.0226671
0.0230596
0.0210756
0.0233844
0.0221356
0.0238748
0.0227782
0.0231797
0.0236943
0.0224246
0.0213983
0.0225581
0.0231798
0.0229884
0.0213239
0.0220274
0.024201
0.0199658
0.0215438
0.0223399
0.0202219
0.0225078
0.0239646
0.021926
0.0217785
0.019401
0.020288
0.0201747
0.0211372
0.0237866
0.0246957
0.02154
0.0209668
0.0219256
0.0223221
0.0223033
0.0219528
0.0229154
0.0237962
0.0201301
0.0205541
0.0196612
0.0239367
0.0223794
0.0232981
0.0224101
0.0215763
0.0233225
0.0226327
0.0241523
0.021795
0.0220046
0.0246322
0.023618
0.023804
0.0228352
0.0242961
0.0222078
0.0242691
0.0220998
0.0230106
0.0233873
0.0221276
0.0210848
0.024578
0.0241768
0.021517
0.0220041
0.0231423
0.0210397
0.0212411
0.0235719
0.0226257
0.0220293
0.0246116
0.0219946
0.0212213
0.0245023
0.0239822
0.0234408
0.0208962
0.021044
0.0239943
0.0213547
0.0223933
0.0232953
0.0234086
0.0208212
0.0217094
0.0233237
0.0230385
0.0216702
0.0217066
0.0203359
0.0199336
0.02237
0.0219973
0.024232
0.0230371
0.0216079
0.0251983
0.02485
0.022151
0.0296094
0.0206469
0.021644
0.0215021
0.0206712
0.0217241
0.0215969
0.0234824
0.0214139
0.0213765
0.0196643
0.0225812
0.0233244
0.0219018
0.0215097
0.0209544
0.0213491
0.0247038
0.0210901
0.020897
0.0212183
0.0252981
0.0227214
0.022432
0.0214904
0.0232846
0.0240401
0.0230097
0.0210698
0.0201327
0.0214384
0.0210976
0.02184
0.0247362
0.0213388
0.0204202
0.0244917
0.0210245
0.0256686
0.023113
0.0243174
0.0238381
0.0236471
0.0211602
0.0216077
0.0210405
0.0211413
0.0241636
0.0238117
0.0208914
0.0229107
0.0224894
0.0240169
0.0222505
0.0207227
0.021891
0.023311
0.0198848
0.024318
0.0223725
0.0232741
0.0199092
0.0200865
0.0201872
0.0201818
0.0215482
0.0242469
0.0239218
0.0193301
0.0241291
0.0233771
0.0232255
0.0206482
0.0235762
0.0211286
0.0213813
0.021921
0.0226914
0.022239
0.0211088
0.0235535
0.0197723
0.021935
0.0251847
0.0239169
0.0229532
0.0228695
0.0224007
0.0235964
0.0242381
0.0226212
0.0224624
0.0231705
0.0226211
0.0212951
0.0194187
0.0197131
0.0194537
0.0220135
0.018927
0.018973
0.0222539
0.0204956
0.0241897
0.0240539
0.023292
0.0215402
0.0192711
0.0235901
0.022933
0.0192633
0.021706
0.0213903
0.0217852
0.0217552
0.0207927
0.0221364
0.0208914
0.0198924
0.0215216
0.0213369
0.0237223
0.0234343
0.0237794
0.0236535
0.0251195
0.0236083
0.0244271
0.0234433
0.0225094
0.023598
0.0218629
0.0223001
0.0241453
0.0212379
0.0212725
0.0237382
0.0231929
0.022768
0.0234189
0.0230519
0.022451
0.0201588
0.0235072
0.023687
0.0205602
0.0234578
0.0231912
0.0207529
0.0218481
0.020373
0.0192595
0.0222601
0.0223736
0.0195474
0.0223194
0.0216345
0.0215506
0.0216852
0.0229587
0.0206935
0.0213007
0.020638
0.0219545
0.0212332
0.0214607
0.019586
0.0224479
0.0212295
0.0205311
0.0203698
0.019747
0.019056
0.0233008
0.0202071
0.0215465
0.0222161
0.018861
0.0230883
0.0222458
0.0201784
0.0218644
0.0227347
0.0212797
0.023862
0.0204188
0.0233807
0.0210588
0.0219911
0.0221873
0.0218129
0.024453
0.0228838
0.0218652
0.0213365
0.0201463
0.0211969
0.0195367
0.0198491
0.0193309
0.0197336
0.0214316
0.0204896
0.0226286
0.0195685
0.0210991
0.0197965
0.0201921
0.019769
0.0187986
0.0222653
0.0194736
0.0216291
0.0196489
0.0175127
0.0209076
0.0192354
0.0202549
0.0225748
0.0198944
0.0210732
0.0198471
0.0212397
0.0191757
0.0189223
0.0192711
0.0178081
0.0196296
0.0182555
0.0198754
0.0220005
0.0217139
0.0234602
0.0229133
0.0211462
0.0209169
0.0203323
0.0201188
0.0212638
0.0213098
0.0212886
0.0201266
0.0212663
0.0196489
0.0221148
0.0215922
0.0191419
0.0230201
0.0238281
0.0217644
0.0209498
0.0229801
0.021154
0.0219402
0.0211474
0.0220532
0.0227083
0.0190496
0.0200625
0.0223126
0.0213139
0.0211154
0.021575
0.0192186
0.0190968
0.020656
0.0230757
0.0211306
0.0215997
0.022354
0.0220254
0.0214323
0.0208383
0.023633
0.0214896
0.023236
0.0234783
0.022609
0.0222864
0.0241056
0.0229684
0.0202404
0.0198065
0.0209084
0.024581
0.0205014
0.0209216
0.0234184
0.0229026
0.0219564
0.0197755
0.021174
0.0195164
0.019706
0.0196597
0.0183717
0.0185761
0.0220779
0.0206196
0.0187025
0.0199058
0.0201488
0.020125
0.0223622
0.0223042
0.0206345
0.0207685
0.0223181
0.0199504
0.0194388
0.0188063
0.0184165
0.0203669
0.0195226
0.0193006
0.02059
0.0234385
0.0230926
0.0201893
0.0192381
0.0193452
0.0215375
0.0211806
0.0204532
0.0216305
0.0190395
0.021251
0.0176623
0.0211206
0.0214813
0.0197968
0.0235046
0.0200323
0.0195489
0.0178419
0.0200764
0.0209285
0.020214
0.0219822
0.0223145
0.0205252
0.0217146
0.0219124
0.0216026
0.0189831
0.0203433
0.0207178
0.0201394
0.0213628
0.0194848
0.0194833
0.0210583
0.0215311
0.0201691
0.0204487
0.0203582
0.0198095
0.0222569
0.0203688
0.019316
0.0193481
0.019086
0.0195287
0.0196457
0.0194699
0.0218683
0.0225853
0.0216328
0.0215694
0.0207177
0.0189093
0.018606
0.0192956
0.0193624
0.0223603
0.021695
0.0193496
0.0216327
0.0197579
0.0194029
0.0227895
0.0216035
0.0225021
0.0214187
0.019891
0.0197258
0.0206908
0.0206671
0.0216538
0.0200747
0.020268
0.0195256
0.019739
0.0181172
0.0197799
0.0195473
0.0208362
0.0188392
0.0204838
0.0235315
0.0245304
0.0242741
0.0240351
0.0234429
0.0234366
0.0225218
0.0239366
0.0231278
0.0207694
0.0227632
0.0207176
0.0219304
0.022596
0.0230481
0.0208467
0.0208681
0.0217039
0.0232542
0.0223965
0.0186274
0.0212392
0.0193171
0.0208888
0.0200405
0.0205395
0.0203729
0.0205357
0.0227876
0.0186106
0.0199873
0.0193589
0.0197982
0.0213998
0.0210561
0.0216289
0.0204632
0.0223408
0.0216479
0.0209403
0.0211048
0.0241289
0.0248205
0.0211604
0.0208073
0.020531
0.0201912
0.0240539
0.0226535
0.0204284
0.023823
0.0235708
0.0215627
0.0276101
0.0204343
0.0204126
0.0226072
0.0207915
0.0213105
0.021559
0.0197863
0.0221481
0.0200672
0.0226297
0.0200218
0.0224395
0.0207547
0.0196846
0.0201576
0.0222953
0.0217487
0.0244557
0.0216905
0.0218085
0.0231978
0.0215798
0.0213458
0.0256883
0.0239761
0.0217895
0.0221854
0.0231117
0.0195668
0.0245768
0.0221898
0.0242214
0.0238306
0.0229617
0.0231784
0.0237252
0.0223772
0.0223758
0.0238319
0.0237481
0.0218347
0.023496
0.0222089
0.0240659
0.0236618
0.0241723
0.023692
0.0240453
0.024979
0.0247849
0.0246468
0.0214811
0.0235559
0.0229103
0.0223872
0.0225874
0.0209834
0.0240139
0.0253277
0.0237144
0.0232851
0.0211439
0.0202006
0.0205389
0.0210066
0.0234512
0.0206691
0.0225144
0.0223069
0.0213089
0.0208997
0.0234301
0.0197456
0.0210192
0.0238428
0.0222699
0.0221171
0.0227676
0.0213425
0.0227176
0.0210834
0.0207732
0.0201903
0.0206653
0.0228199
0.0224946
0.0197906
0.01988
0.02246
0.0203647
0.0234465
0.0222569
0.0210195
0.0223899
0.0238879
0.0223479
0.0245683
0.0213186
0.0229599
0.024124
0.0208695
0.0235104
0.0234816
0.020937
0.0204423
0.0220115
0.0219327
0.0225581
0.0232844
0.0204888
0.023284
0.0204226
0.0229048
0.0217196
0.0213943
0.0222276
0.0214975
0.0204924
0.0227047
0.0217918
0.0222867
0.0205348
0.0220059
0.0194391
0.0215119
0.0209861
0.0198262
0.02072
0.0218732
0.0205029
0.0205536
0.0223369
0.0208371
0.0222049
0.0222564
0.023882
0.0217422
0.0232014
0.0213897
0.0216978
0.0215548
0.0199947
0.0225235
0.0206228
0.0223551
0.0192833
0.0218767
0.0217255
0.020504
0.02195
0.0201744
0.019373
0.0201422
0.0214185
0.0217019
0.0189833
0.0199617
0.0192166
0.0216419
0.0207965
0.0221247
0.022299
0.0214058
0.0219444
0.0227757
0.0217656
0.0228287
0.0226578
0.023518
0.0214892
0.0216504
0.0228417
0.020454
0.0241282
0.0208274
0.0287474
0.0207224
0.0227674
0.0206159
0.0198126
0.0201547
0.0202986
0.021511
0.0233709
0.0209106
0.0211955
0.0216724
0.02098
0.0227257
0.0202309
0.0232862
0.0222754
0.022675
0.0206966
0.0216598
0.0207248
0.0207035
0.0200231
0.0203722
0.0197533
0.0217432
0.0212778
0.0216981
0.0216575
0.0213363
0.0184125
0.0212681
0.0194332
0.0207576
0.0228701
0.024777
0.0250092
0.0223941
0.0243323
0.024024
0.023689
0.0227263
0.0211721
0.0207722
0.0232486
0.0219861
0.0199317
0.0220019
0.0238972
0.023115
0.0199531
0.0204608
0.0216053
0.0230859
0.0206307
0.019921
0.0214413
0.0208013
0.0227746
0.0203828
0.0221953
0.0191687
0.0216261
0.0204171
0.0229546
0.0229987
0.021768
0.021416
0.0225602
0.0209303
0.0221617
0.0218571
0.0214148
0.0211947
0.0221028
0.0224837
0.0193964
0.020845
0.0228453
0.0206616
0.0205005
0.0212455
0.0198911
0.0195787
0.0194243
0.0191731
0.0217804
0.0223349
0.026555
0.0221151
0.0241909
0.0238036
0.0206759
0.0206634
0.0228179
0.0222255
0.0227718
0.021614
0.0218913
0.0208745
0.0207501
0.0208135
0.0229038
0.0227343
0.0230247
0.0228524
0.021674
0.0233343
0.0199778
0.0225227
0.023032
0.0223373
0.0216252
0.0222418
0.0218854
0.0227139
0.0205938
0.0208331
0.0195673
0.0200088
0.0208785
0.0209686
0.0206116
0.0225542
0.0204261
0.020247
0.0206182
0.0202823
0.0202192
0.0202488
0.0226664
0.0232881
0.0230371
0.0228536
0.0206797
0.0201521
0.0231884
0.0222051
0.0223768
0.0211006
0.0265102
0.0231916
0.0206637
0.0206622
0.0233584
0.020378
0.023173
0.0223164
0.0228135
0.0209269
0.0206496
0.0208171
0.0204082
0.021372
0.0203018
0.021423
0.0215721
0.0213379
0.0229115
0.0219494
0.0235473
0.0213294
0.0221188
0.0234319
0.0220838
0.0212357
0.0254503
0.0255213
0.0244408
0.0263067
0.0239717
0.0262848
0.0259077
0.0260488
0.0223734
0.0248284
0.0239594
0.0215535
0.0204569
0.0232242
0.0238129
0.0221469
0.022281
0.0242647
0.0233539
0.0215494
0.0222196
0.0225199
0.0215124
0.0226007
0.0239006
0.0247282
0.0236039
0.0244668
0.0245712
0.0217399
0.0214663
0.0218775
0.0210504
0.0208086
0.0239076
0.0220294
0.0224318
0.0250825
0.0217298
0.0223325
0.0216684
0.0218509
0.0217499
0.0217079
0.0231281
0.0234302
0.0222458
0.0219191
0.0233893
0.023652
0.022997
0.0227769
0.0224467
0.0213397
0.020138
0.0237624
0.0226398
0.0230642
0.023386
0.0223221
0.0232401
0.0196958
0.0247267
0.0229752
0.0222945
0.0233883
0.0220868
0.0221471
0.0216109
0.0216664
0.0225459
0.022988
0.0246962
0.02354
0.0231571
0.0239449
0.0244164
0.0223529
0.0241694
0.0243852
0.0229723
0.0211686
0.0249608
0.0231711
0.0208616
0.022869
0.0246563
0.0236952
0.021853
0.0228417
0.0216878
0.0214152
0.0243448
0.0211138
0.02248
0.0209499
0.0236953
0.0237419
0.0227679
0.023693
0.0216808
0.0214726
0.0237602
0.0215977
0.0192361
0.0208799
0.0201596
0.0228904
0.0231028
0.0219913
0.0231642
0.0227921
0.0224693
0.0212738
0.0215553
0.0223607
0.020715
0.0222728
0.0249189
0.0227687
0.0213182
0.0239857
0.0254921
0.0236828
0.0243702
0.0233198
0.0227157
0.0230277
0.0225188
0.0225274
0.0257887
0.0238791
0.0225238
0.0217017
0.0227257
0.0245487
0.0240031
0.0237141
0.024894
0.0223732
0.0233477
0.0232505
0.0235507
0.0235272
0.0209557
0.0222909
0.0237669
0.0241512
0.0208249
0.023865
0.0231225
0.0223362
0.0226505
0.023853
0.02253
0.0207097
0.0228521
0.0230696
0.0246533
0.0243747
0.0237603
0.0230615
0.0227447
0.0204156
0.0229826
0.0232895
0.0218025
0.0254329
0.0216762
0.0239669
0.0216339
0.0227706
0.0229166
0.0230653
0.0203617
0.0220167
0.0206521
0.0199225
0.0204568
0.0224902
0.0204519
0.0226031
0.0243069
0.0199
0.0200123
0.0227776
0.0231633
0.0221946
0.0213225
0.0212163
0.0204055
0.0210411
0.022124
0.0233709
0.0206002
0.0200543
0.0228985
0.0211201
0.0224307
0.020331
0.0222692
0.0209858
0.0247586
0.0227762
0.0247182
0.0226167
0.0241491
0.0233734
0.0223916
0.0249459
0.024107
0.0235433
0.0230673
0.0231954
0.0216675
0.023769
0.0225937
0.0206135
0.0235722
0.0226511
0.0228633
0.0211183
0.0215163
0.0201722
0.0208334
0.0194817
0.0226382
0.022144
0.0220037
0.0253453
0.0220072
0.0227758
0.0229401
0.0237561
0.0235375
0.0243178
0.0307976
0.0202742
0.0237626
0.0216464
0.0213005
0.0234638
0.0225795
0.0209383
0.0210476
0.0213245
0.021336
0.0213377
0.020013
0.0215831
0.0215424
0.0214165
0.0235006
0.0246446
0.0242221
0.0211439
0.0216803
0.0214383
0.0225474
0.0211323
0.0259906
0.0228453
0.0206322
0.020494
0.0209048
0.0209438
0.0218128
0.0211103
0.0200315
0.0224427
0.0220145
0.0201051
0.0191867
0.0193698
0.0212032
0.0213861
0.0198199
0.0211809
0.022213
0.0204941
0.0197181
0.0213646
0.0225108
0.0227973
0.0224277
0.0223783
0.0214797
0.0246778
0.020097
0.027343
0.0221657
0.0211162
0.0205697
0.0202994
0.0219055
0.0213913
0.0223372
0.0220753
0.0219015
0.0197121
0.0201705
0.0204266
0.022924
0.0210402
0.0202656
0.0197758
0.0189929
0.0196205
0.0191249
0.0190781
0.0215206
0.0199913
0.0243271
0.0221112
0.0237723
0.0238289
0.0240473
0.0236142
0.0233213
0.0214892
0.0219669
0.0243969
0.0234828
0.0231587
0.0220095
0.0206607
0.020951
0.0212527
0.0200656
0.0225497
0.0213875
0.0227319
0.0236227
0.0240388
0.0247144
0.0246622
0.0226412
0.0240269
0.0240132
0.0248648
0.0249402
0.0239331
0.0237352
0.0244917
0.0234663
0.0249561
0.0238256
0.0240203
0.0255019
0.0256372
0.025138
0.0247882
0.0247266
0.0232856
0.020158
0.0244109
0.0217699
0.0211714
0.0229925
0.0225085
0.0232024
0.0226196
0.0231991
0.0245488
0.0220987
0.0224248
0.0226373
0.0228072
0.0272208
0.0275986
0.0258494
0.0268857
0.0245216
0.0243113
0.0251656
0.0270017
0.024888
0.0251266
0.0263265
0.0255327
0.0235027
0.0260588
0.0241551
0.0262482
0.026196
0.0230816
0.0258419
0.0226996
0.0227551
0.025115
0.0246928
0.0250204
0.0256057
0.0258436
0.0253432
0.0252925
0.0254301
0.0231523
0.0250623
0.025215
0.0259656
0.0238814
0.0247954
0.0225516
0.023713
0.0256705
0.0252392
0.0237268
0.0227362
0.0238054
0.0224236
0.0248952
0.0343711
0.0224863
0.0235704
0.026912
0.0253279
0.0234113
0.0280698
0.0236372
0.0216556
0.0233868
0.0243862
0.0249458
0.0243101
0.0247071
0.0247927
0.0219624
0.0250403
0.023104
0.0207564
0.0243809
0.0230905
0.0235266
0.0215605
0.0242918
0.0255626
0.0244039
0.0212866
0.0232904
0.023648
0.0225918
0.0215217
0.0247145
0.021039
0.0228872
0.0245405
0.023956
0.0249372
0.0235528
0.0237826
0.025378
0.0272191
0.0255687
0.0254558
0.0272187
0.0267135
0.0258387
0.0268976
0.0264716
0.0249908
0.0258984
0.0265896
0.0243519
0.0274183
0.025858
0.0265616
0.0262302
0.0266624
0.0266251
0.0244746
0.0258026
0.0235863
0.0248478
0.0242845
0.0268639
0.0257016
0.0238343
0.0241887
0.0235872
0.0233966
0.0233202
0.0259637
0.0257786
0.0241708
0.0246229
0.0247303
0.0234625
0.022852
0.0258159
0.0254798
0.0256546
0.0228332
0.0268044
0.0253482
0.0250992
0.0241035
0.025056
0.0280656
0.0242799
0.0235565
0.0248008
0.0248626
0.0257133
0.0240246
0.0242027
0.0237443
0.0247528
0.0244435
0.0216711
0.0239247
0.021255
0.0245208
0.0215434
0.0238071
0.0234046
0.0221981
0.0234742
0.0225382
0.0209922
0.0241595
0.0218984
0.0213044
0.0215676
0.0222635
0.0231063
0.0213234
0.0236115
0.0238316
0.0214763
0.0224955
0.0238405
0.0242641
0.0222628
0.0236884
0.0257383
0.0263241
0.0251859
0.0239582
0.0236013
0.0259122
0.0232907
0.0245074
0.0225615
0.0226056
0.0229674
0.0224258
0.0217447
0.0259047
0.0235583
0.0244417
0.0242055
0.0239689
0.0232437
0.0243922
0.0239756
0.0256573
0.0234866
0.0242863
0.0248387
0.0232464
0.0209277
0.0250184
0.024923
0.0231571
0.0262898
0.0245786
0.0265277
0.0242954
0.0229802
0.023308
0.0247033
0.0259943
0.0262792
0.0257874
0.0221182
0.0245321
0.0237462
0.024413
0.0238616
0.0249402
0.0241696
0.022282
0.0252824
0.0263896
0.0224485
0.0225617
0.022214
0.0245707
0.0239122
0.0225417
0.0228599
0.0220151
0.0247639
0.0228989
0.0253205
0.0224842
0.0220512
0.0255642
0.0238777
0.0228207
0.0235146
0.0212457
0.0226481
0.0215233
0.0232494
0.0224339
0.0229206
0.0208733
0.0219614
0.025144
0.0245453
0.0235079
0.0235472
0.0231805
0.0212348
0.022001
0.0231012
0.0226614
0.0224101
0.0214334
0.0217837
0.0220403
0.0223593
0.0243162
0.0266269
0.0237027
0.0218393
0.0251481
0.0287534
0.0247073
0.0222814
0.0242831
0.0249768
0.0266337
0.0265285
0.0231756
0.0231998
0.025797
0.0259619
0.0254845
0.0239325
0.0268123
0.02666
0.0263836
0.0238728
0.0244275
0.0254619
0.0262364
0.0253375
0.0241711
0.0244636
0.0243313
0.0249574
0.0249211
0.0277579
0.0227307
0.022783
0.0223715
0.0231871
0.0232413
0.0231269
0.0241031
0.025288
0.0258456
0.0237427
0.0264663
0.0248149
0.0247728
0.0257822
0.0243465
0.0233684
0.0264039
0.032404
0.0251988
0.0285064
0.0241472
0.0231244
0.0246677
0.0271243
0.0257664
0.0229467
0.0225869
0.0242285
0.0223485
0.0259718
0.0235611
0.0259288
0.022441
0.0238398
0.0235018
0.0235389
0.02619
0.025484
0.0259524
0.0242017
0.0255813
0.0232336
0.022564
0.024748
0.0267072
0.0257599
0.0256437
0.0256116
0.0229331
0.0245234
0.0260241
0.0252359
0.0292803
0.0254254
0.0263582
0.0273415
0.0269917
0.0263944
0.0255503
0.0254839
0.0271795
0.0245421
0.0268862
0.0267516
0.0262792
0.0252148
0.0254047
0.025384
0.0272031
0.0261584
0.0264631
0.0259495
0.0257912
0.0255465
0.0244964
0.0245518
0.0236944
0.0250099
0.0233054
0.0277988
0.0271883
0.0241679
0.02762
0.0252602
0.0246428
0.0262384
0.0265562
0.0262547
0.0242061
0.0244225
0.0243673
0.0238232
0.0244432
0.0261467
0.0254521
0.0254526
0.0292391
0.0238413
0.0253823
0.0266752
0.0264402
0.0250111
0.0278332
0.0261347
0.0243109
0.0253514
0.0254303
0.0261958
0.0269928
0.0264464
0.0273799
0.0253568
0.0260836
0.0233436
0.0279222
0.0259167
0.0233092
0.0250531
0.0253438
0.026342
0.0274583
0.0251068
0.0276961
0.0227109
0.022473
0.024823
0.0262763
0.0234984
0.0273956
0.0225263
0.0243225
0.0231606
0.0240902
0.0224331
0.0262849
0.0230082
0.0262308
0.0256859
0.0246293
0.0249439
0.0255735
0.0245357
0.0252601
0.0247836
0.0261832
0.025422
0.0257174
0.0250985
0.0250248
0.0264424
0.0258276
0.0245192
0.0268807
0.0256988
0.0279223
0.0235361
0.0251373
0.0297264
0.0265271
0.0266148
0.024632
0.0262352
0.027303
0.0274959
0.0262531
0.025491
0.0243097
0.0242761
0.0262987
0.0270605
0.0265944
0.0270845
0.024779
0.0262344
0.0271236
0.024755
0.0255402
0.0254461
0.0262988
0.0259602
0.027161
0.02258
0.0265383
0.0232275
0.0269325
0.0247845
0.0267423
0.025191
0.0265522
0.0291108
0.0255643
0.025889
0.0244234
0.0269043
0.0279963
0.0263738
0.0254285
0.0282345
0.0249286
0.0271683
0.0272573
0.0257607
0.0262918
0.0261369
0.0242971
0.0251252
0.0248436
0.0253118
0.0258767
0.0264029
0.0258912
0.0273558
0.0275561
0.0272889
0.0246009
0.0267868
0.0252855
0.0261755
0.0272125
0.0259616
0.0269947
0.0250184
0.026522
0.0255338
0.0248078
0.0261436
0.0270187
0.0250145
0.0244953
0.0270171
0.0261995
0.0252629
0.0279185
0.0307165
0.0269504
0.025468
0.0269103
0.0246637
0.0266947
0.0269705
0.0258405
0.0261719
0.0256862
0.0224758
0.0256202
0.0248182
0.0240419
0.0243781
0.024047
0.0248635
0.0238721
0.0239524
0.0228324
0.0222326
0.0259906
0.0248037
0.0254731
0.0253867
0.022183
0.025294
0.0238142
0.0250922
0.024826
0.0241471
0.0253804
0.0221376
0.0270661
0.0262151
0.023368
0.0262066
0.0254802
0.0249178
0.0249777
0.0250702
0.0241838
0.0260624
0.0250185
0.0247859
0.0253075
0.0251026
0.0239815
0.025944
0.0249871
0.026225
0.0259928
0.0257515
0.0241826
0.0232213
0.0247861
0.0225858
0.0244465
0.0236418
0.0248526
0.0226291
0.0255141
0.0229742
0.023427
0.0229965
0.0221222
0.0230592
0.0239364
0.0247165
0.0231355
0.02264
0.0238193
0.0231916
0.0233082
0.0241457
0.0278343
0.0261731
0.0264438
0.0270353
0.0261685
0.0236573
0.0260213
0.0246666
0.0253755
0.0229705
0.0222722
0.0231675
0.0214261
0.022875
0.0232301
0.0259646
0.0245089
0.0264589
0.0272171
0.0243288
0.0248517
0.0260289
0.0269635
0.0241176
0.0338987
0.0232372
0.0262149
0.0235003
0.0259858
0.0242211
0.0252446
0.0219531
0.0263677
0.0248086
0.0236165
0.0249568
0.0214754
0.0254491
0.0221987
0.0222105
0.0240267
0.0220851
0.0249568
0.0237647
0.0239812
0.0228657
0.0242525
0.0240753
0.02323
0.0217363
0.0220584
0.0218702
0.0239122
0.0245904
0.0230378
0.0248773
0.0230333
0.0246889
0.0219891
0.0258328
0.0242611
0.0233494
0.022997
0.0234353
0.0253012
0.0234824
0.0225875
0.0241422
0.0244137
0.0236577
0.0240798
0.024208
0.0228729
0.0217927
0.0240345
0.0269547
0.022383
0.0219265
0.0253072
0.0238776
0.0228908
0.0237626
0.0226089
0.0243001
0.025223
0.0250906
0.0247744
0.0228803
0.0223399
0.0235342
0.0224094
0.0226737
0.0219797
0.0250094
0.0225606
0.0262595
0.0250638
0.0231732
0.0261368
0.0252812
0.0231915
0.025011
0.023848
0.0236317
0.0226896
0.0244108
0.0235687
0.0246118
0.0218178
0.0225731
0.0220941
0.0213893
0.0261266
0.024391
0.022701
0.0252728
0.0229679
0.0240517
0.0230966
0.0237902
0.0242392
0.0226004
0.0237215
0.0245269
0.0239815
0.0259538
0.0223091
0.0242226
0.0215558
0.0215192
0.021171
0.0243308
0.0217535
0.0221481
0.0223194
0.0218529
0.022292
0.0219727
0.0206327
0.022623
0.0264943
0.0208059
0.0218875
0.0218455
0.0239689
0.0209384
0.0224771
0.0224165
0.0234333
0.0226303
0.0236063
0.0218383
0.0223682
0.0226763
0.0199699
0.0232658
0.0235845
0.0205976
0.0228196
0.0224348
0.0193871
0.022812
0.0198511
0.0222163
0.0215536
0.0226987
0.0246355
0.021872
0.0239837
0.0246238
0.0231894
0.0230418
0.0227425
0.0229164
0.0238048
0.0236902
0.0237119
0.0247143
0.0225633
0.0234953
0.0239908
0.0214191
0.0235379
0.025164
0.0252249
0.0247092
0.0214714
0.0228189
0.0226741
0.0235711
0.0244663
0.0241048
0.0214128
0.0247719
0.0261059
0.0250354
0.0226824
0.0220313
0.0218015
0.022238
0.0221431
0.0241529
0.022805
0.0218499
0.0230566
0.0236598
0.0247246
0.0217543
0.0222094
0.0220556
0.0224231
0.0230177
0.0228305
0.0241035
0.0247035
0.0225447
0.0234312
0.024746
0.0222113
0.0262248
0.0251178
0.0249188
0.0260913
0.0236548
0.0238135
0.0240048
0.0255759
0.0236168
0.0231836
0.0239542
0.0301191
0.0236424
0.0249129
0.0229235
0.0261806
0.0229408
0.0255439
0.0253814
0.0228034
0.0256141
0.0246869
0.0264181
0.0231272
0.0241324
0.0232291
0.0215013
0.0251304
0.0255908
0.0239489
0.0219543
0.0235126
0.0236755
0.0246251
0.0273397
0.0232546
0.0228283
0.0252322
0.0230478
0.0232373
0.0216712
0.0210527
0.0229104
0.0247018
0.0239586
0.024505
0.0239256
0.0232356
0.0217106
0.0240166
0.0235748
0.0250353
0.0234341
0.0248613
0.0246118
0.0222964
0.025378
0.0222631
0.0212484
0.0255455
0.0229631
0.0263258
0.0234227
0.0236964
0.0224785
0.0237833
0.0268666
0.024524
0.0236473
0.0242495
0.0261401
0.0264874
0.0228934
0.0235503
0.0246544
0.0269236
0.0268067
0.0254479
0.0244607
0.0244477
0.0259974
0.0262552
0.0245552
0.0249057
0.0246767
0.0274799
0.0269946
0.0252056
0.0265823
0.0272745
0.0269413
0.0268049
0.0251296
0.0267299
0.0252871
0.0259363
0.0273287
0.0249794
0.0277321
0.0275574
0.0257149
0.0262088
0.0274636
0.0264116
0.0276335
0.0240748
0.0280634
0.023751
0.0235551
0.0247346
0.0264217
0.0252354
0.025941
0.0253358
0.0254096
0.0266119
0.0267359
0.0236978
0.0238293
0.0247941
0.0239577
0.0277745
0.0268181
0.0254958
0.0265072
0.0248906
0.0272664
0.0261156
0.0267741
0.0238984
0.0256687
0.0290332
0.0242367
0.0260233
0.0280743
0.0269275
0.0253626
0.0281831
0.0276242
0.0270122
0.0262667
0.0248689
0.0266855
0.0260088
0.0262123
0.0251238
0.0251484
0.0245235
0.0267637
0.0256913
0.0255789
0.0258279
0.0246459
0.0231945
0.0218888
0.02549
0.0293394
0.0227805
0.0199057
0.021122
0.0189512
0.0201526
0.0251647
0.0203952
0.022007
0.021238
0.0239618
0.0227851
0.0212545
0.0202205
0.0202473
0.0232399
0.0203149
0.0209655
0.0194856
0.0201639
0.0193621
0.0200719
0.0227276
0.0218657
0.0201749
0.0203055
0.0171771
0.0190163
0.0202551
0.0194256
0.016733
0.0205229
0.0189994
0.0175941
0.0198398
0.0220153
0.0195934
0.0170523
0.0217289
0.0194413
0.0186552
0.0181614
0.0213824
0.0209451
0.0199824
0.018736
0.0169362
0.0199836
0.0197777
0.0211778
0.0179312
0.016849
0.0187351
0.0212985
0.020263
0.0205909
0.0207445
0.0204343
0.0197116
0.0186843
0.0202589
0.0205133
0.0178557
0.0184055
0.0204514
0.0189549
0.0211696
0.020051
0.019038
0.0196926
0.01809
0.020457
0.0201177
0.0202202
0.0188211
0.0202335
0.0174565
0.0164484
0.0180466
0.0177406
0.0201785
0.0213117
0.0194204
0.0210185
0.0183631
0.0185208
0.0203942
0.020261
0.0188624
0.0206879
0.0202067
0.020347
0.0193823
0.0197229
0.0208513
0.020037
0.0206918
0.0212166


