0.0280483
0.0379369
0.0313616
0.04204
0.0442786
0.0375932
0.0368677
0.040132
0.0373108
0.0431218
0.039951
0.0454503
0.0404857
0.0428339
0.0439196
0.0440662
0.0458445
0.043687
0.042921
0.0423432
0.0401709
0.0401104
0.0432321
0.0422566
0.047657
0.0460092
0.0460171
0.0492089
0.0426911
0.0448897
0.0482591
0.0460528
0.0430403
0.0434847
0.0444772
0.0492638
0.0457843
0.047321
0.0451165
0.0504613
0.0477448
0.0456053
0.0437065
0.042374
0.0533723
0.047309
0.047228
0.0476308
0.0532019
0.0500441
0.0342793
0.030334
0.0480531
0.0336947
0.0954313
0.0258686
0.0255734
0.0258776
0.0221379
0.0237106
0.021744
0.0237658
0.0232047
0.0232501
0.0230629
0.0228692
0.0286152
0.026139
0.0241247
0.0314174
0.0224064
0.0225161
0.0255342
0.0224014
0.0238026
0.0236911
0.0297326
0.0248371
0.0222072
0.0225843
0.0220877
0.0301974
0.0333128
0.0262089
0.026658
0.0253119
0.0277379
0.031112
0.0317633
0.0273781
0.0250568
0.0231699
0.0227302
0.0221525
0.0223397
0.0244254
0.0241593
0.0249584
0.0213023
0.023241
0.03815
0.0343337
0.0341616
0.0358126
0.033772
0.035517
0.0425695
0.0425657
0.047102
0.0472091
0.0492886
0.0474356
0.0453051
0.0444268
0.050578
0.0513587
0.0476222
0.0492429
0.0471251
0.0466391
0.0444524
0.0518028
0.0495391
0.0496668
0.0449717
0.0462908
0.0486449
0.0536874
0.0475367
0.0549665
0.049297
0.0503154
0.0542295
0.0505457
0.0462051
0.0514614
0.049633
0.0520387
0.0500499
0.055958
0.0544574
0.0510722
0.0502799
0.052533
0.0528806
0.0544598
0.0543808
0.0579491
0.0585572
0.0426769
0.037884
0.0398265
0.0411783
0.0412881
0.0493826
0.0490082
0.0476909
0.0469821
0.0476367
0.0515696
0.0459049
0.0410166
0.0482159
0.0497914
0.0471722
0.0412002
0.054342
0.0730046
0.0460088
0.048479
0.0487098
0.0505338
0.0477658
0.0731045
0.0488352
0.0480326
0.0493432
0.0459425
0.051131
0.0444575
0.0487142
0.0416888
0.0446897
0.0456824
0.0411634
0.0380145
0.0428331
0.0416439
0.0421944
0.0386786
0.0477362
0.0477522
0.0452691
0.0411242
0.0471228
0.0471096
0.0427598
0.0397584
0.0494986
0.0420745
0.0394238
0.0360235
0.0361477
0.0357405
0.0431151
0.0380515
0.0483163
0.0460804
0.0490973
0.0417662
0.0425401
0.0504826
0.0490249
0.0491391
0.0445708
0.0409279
0.0392161
0.0394109
0.0426152
0.0442866
0.0470678
0.0503882
0.0500293
0.0518881
0.0417085
0.0445399
0.0436769
0.0479564
0.0395736
0.0417102
0.0455154
0.0456874
0.0456686
0.0439235
0.0437781
0.0505833
0.046315
0.0433746
0.0511766
0.0521235
0.0524138
0.0442684
0.0518642
0.0534388
0.0512855
0.0443577
0.0504787
0.0472996
0.0440474
0.0445617
0.0462647
0.0441487
0.0486031
0.0507612
0.0588317
0.0495107
0.04948
0.0450312
0.048907
0.052775
0.0447476
0.0415608
0.0415749
0.0424086
0.0449197
0.0417054
0.0409558
0.042706
0.0455595
0.0508915
0.049634
0.0445844
0.0487408
0.0528588
0.0461251
0.042
0.0463555
0.0453867
0.0515916
0.0433006
0.0453429
0.0495547
0.0498451
0.0503574
0.0430165
0.0462344
0.0532345
0.0476699
0.0411834
0.0414291
0.0420091
0.0441142
0.0453476
0.0480711
0.0487955
0.0452034
0.0419931
0.0438171
0.0439539
0.0432326
0.0468022
0.0497558
0.0524687
0.043326
0.0528802
0.0530404
0.0503429
0.0508368
0.0519381
0.046596
0.0530623
0.0438363
0.0473418
0.0516661
0.0470696
0.0462968
0.0455222
0.0429107
0.0519453
0.045843
0.0480667
0.0492761
0.0429374
0.0436598
0.0458592
0.0475527
0.0416501
0.0425595
0.046837
0.0435194
0.0471414
0.0413477
0.0430961
0.0452731
0.0478674
0.0733364
0.0463863
0.0474358
0.0496579
0.0429923
0.0479524
0.0591078
0.0431273
0.0412464
0.0415378
0.0420024
0.047361
0.0457293
0.047497
0.0471038
0.0415831
0.0498625
0.0408164
0.040229
0.0430845
0.0460875
0.0440767
0.0472965
0.0433019
0.0465357
0.0446696
0.0475382
0.0471476
0.0480051
0.0407951
0.0478202
0.0464599
0.0468759
0.0456367
0.0506925
0.0535679
0.0463246
0.0436557
0.0473904
0.0432385
0.0442466
0.0463833
0.0492886
0.0428315
0.0497361
0.0556771
0.0468879
0.0451198
0.0469154
0.0439057
0.0407582
0.0461068
0.0460599
0.042454
0.0417968
0.0416678
0.0424138
0.0466654
0.0533345
0.04781
0.0484035
0.0460242
0.0409362
0.0489464
0.0407018
0.0403489
0.0416746
0.0400602
0.0449749
0.0472686
0.0453651
0.0434706
0.0466313
0.0449924
0.0424027
0.044107
0.0458681
0.0475786
0.0398099
0.0423177
0.040775
0.0501683
0.0427422
0.0413015
0.0428079
0.0433142
0.0402561
0.0400642
0.0393146
0.0434899
0.0469368
0.0507701
0.0469563
0.0486483
0.0414921
0.0495681
0.0416275
0.0409991
0.0418281
0.044678
0.0476747
0.0473584
0.0476892
0.0477024
0.0492812
0.0441991
0.044003
0.0461973
0.0383801
0.0382175
0.040873
0.0415662
0.0445408
0.0418596
0.0398143
0.0453958
0.0448834
0.0401844
0.0381963
0.042582
0.0421789
0.0397062
0.0396841
0.0406352
0.0486113
0.0470663
0.049696
0.0487858
0.047689
0.0479755
0.068708
0.0467227
0.0443193
0.0478308
0.0433299
0.044278
0.0413327
0.041536
0.0416752
0.0399484
0.0401415
0.0423699
0.0454505
0.0461618
0.0452569
0.0449153
0.0493411
0.0462577
0.044071
0.0488567
0.0404508
0.0522745
0.0448082
0.0476823
0.0468956
0.0451191
0.0430208
0.0409975
0.0438516
0.0445501
0.044774
0.0452388
0.0531758
0.0494795
0.0513206
0.0490103
0.0437244
0.044307
0.0452895
0.0482893
0.0459983
0.0506048
0.042261
0.0479882
0.0412731
0.0413148
0.0403695
0.044696
0.0427274
0.0482755
0.0419513
0.0444468
0.0439206
0.0492301
0.0458007
0.048811
0.0461025
0.0417714
0.0474456
0.0391691
0.0414396
0.043455
0.041978
0.0428847
0.0473028
0.0456952
0.0469006
0.0416816
0.0484204
0.0407179
0.0395871
0.0390107
0.0410256
0.0448386
0.0470696
0.0472102
0.0432418
0.0431516
0.0427157
0.0411261
0.0444487
0.0361821
0.0371054
0.0392724
0.0383691
0.0328301
0.0316218
0.0368936
0.0362695
0.0338895
0.0360462
0.0331616
0.0384391
0.0360635
0.0386248
0.0299979
0.0380029
0.0334799
0.0319044
0.0283465
0.0293147
0.0344144
0.035469
0.0374209
0.0299412
0.0345351
0.0325922
0.0286294
0.0355207
0.0306972
0.03503
0.0327173
0.0278286
0.0279935
0.0284489
0.0347137
0.0267689
0.0262259
0.0358061
0.0348913
0.0368899
0.0386008
0.0334368
0.0301131
0.0293913
0.0289482
0.0282247
0.033357
0.0411131
0.0313649
0.0355645
0.0275275
0.0280573
0.0278474
0.0279192
0.0274085
0.0274092
0.0300393
0.0308907
0.0332812
0.0280761
0.0334903
0.029569
0.0280447
0.0280904
0.0276661
0.0320208
0.031214
0.0348464
0.0277848
0.0288732
0.0323281
0.0350486
0.0312534
0.0285777
0.029422
0.0287309
0.031797
0.0316805
0.0317821
0.0313624
0.0388995
0.0326196
0.031671
0.0291983
0.0293806
0.03462
0.0326359
0.0322891
0.028624
0.032678
0.0331734
0.0301039
0.0364066
0.0393456
0.0395044
0.0331584
0.0346709
0.0339737
0.032504
0.0306111
0.0334127
0.0334211
0.0354603
0.0368399
0.0281316
0.0271596
0.0280395
0.0264862
0.0258999
0.0282687
0.034361
0.0309766
0.0271739
0.0265506
0.0260848
0.0323215
0.0279543
0.027483
0.0258185
0.0287924
0.0288351
0.030107
0.0278404
0.0294649
0.0267516
0.0318063
0.0324614
0.0347852
0.0297354
0.0323469
0.0336126
0.031398
0.0334993
0.0352227
0.0339849
0.0271833
0.0315503
0.0293703
0.0282666
0.0277935
0.0287969
0.029104
0.0267439
0.0300706
0.0284307
0.0260077
0.0290636
0.0296967
0.0272371
0.0262686
0.0319037
0.0303305
0.0311286
0.0303978
0.0289238
0.0309138
0.0318801
0.0329943
0.0373848
0.0350853
0.0313501
0.0342602
0.0368391
0.031378
0.0336853
0.0273906
0.0256911
0.0361629
0.0347784
0.027098
0.0319002
0.0375818
0.0319381
0.0256107
0.0285354
0.0347708
0.032511
0.0269052
0.0399308
0.0301475
0.0323137
0.0356248
0.0294181
0.0310521
0.0304288
0.0305756
0.0324499
0.0353042
0.0290758
0.0318726
0.0309548
0.0335091
0.0326803
0.0377656
0.0379929
0.0372651
0.0346988
0.0380227
0.0389187
0.0297885
0.0312999
0.0302947
0.0315391
0.0376365
0.0348703
0.0299904
0.0289689
0.0362075
0.0371385
0.0312031
0.0345455
0.030501
0.0257682
0.0299543
0.0290573
0.0418816
0.0274508
0.0299478
0.0306249
0.0269653
0.0286815
0.032792
0.0266892
0.0302893
0.0299625
0.0314269
0.0284974
0.0304807
0.0328866
0.0304059
0.0287721
0.0341454
0.0335624
0.0302962
0.0359049
0.0381694
0.0354942
0.0320776
0.0368462
0.0363273
0.0288599
0.0276437
0.03008
0.029057
0.0289569
0.0307767
0.0320037
0.0266722
0.0316326
0.034327
0.0323033
0.0356008
0.0360093
0.0359506
0.0356683
0.0293253
0.0371387
0.0396501
0.0290572
0.0359417
0.0373593
0.0336178
0.0372892
0.0303551
0.0283331
0.0368476
0.0319223
0.0294395
0.0315351
0.0303094
0.029607
0.0322792
0.0311374
0.0302409
0.0336798
0.0318482
0.0307993
0.0335028
0.0340333
0.0321601
0.0425052
0.0369963
0.0359651
0.0380636
0.0367742
0.0392838
0.0301051
0.0296871
0.0354546
0.0352903
0.0305069
0.028759
0.0298284
0.0331097
0.0361548
0.0333073
0.0402965
0.0414899
0.0364238
0.0403963
0.0424099
0.0423547
0.0351999
0.035039
0.0391557
0.037118
0.0456485
0.0409854
0.0383182
0.0375849
0.0366545
0.0355074
0.0367282
0.0366202
0.0369538
0.0397241
0.0471641
0.0459656
0.0391293
0.0438016
0.0398747
0.0359291
0.0362781
0.036456
0.0362546
0.0368029
0.043014
0.0469887
0.0441614
0.0415962
0.0429084
0.0402434
0.0369488
0.0383228
0.0377255
0.0348713
0.0374231
0.0391422
0.039238
0.0360975
0.0382983
0.0423272
0.0403381
0.0369544
0.0349649
0.034113
0.0346456
0.036402
0.0394006
0.0400267
0.0358944
0.0399909
0.0370583
0.0375818
0.037624
0.04062
0.0414013
0.0365537
0.041233
0.0442974
0.0367948
0.0365253
0.0340579
0.0370559
0.0335917
0.0361622
0.0378231
0.0416542
0.0423342
0.0455736
0.0403947
0.0421664
0.03452
0.0351789
0.03096
0.0321359
0.0317284
0.0340487
0.0367718
0.0354501
0.0370765
0.0319016
0.0350405
0.042166
0.0304509
0.0307657
0.0294951
0.0343551
0.0342327
0.031315
0.0299701
0.0332098
0.0367535
0.0354328
0.0352748
0.0314155
0.033175
0.036606
0.0357641
0.0328537
0.0333151
0.0287207
0.0352621
0.034443
0.0363723
0.0274976
0.0351903
0.0346474
0.0269784
0.0270725
0.0294994
0.0298424
0.0333156
0.0306355
0.0289608
0.0315265
0.0309613
0.036216
0.0334104
0.0382063
0.0312394
0.0295742
0.0355253
0.036144
0.0358868
0.034801
0.0387691
0.0376898
0.0330076
0.0323566
0.0317502
0.0311282
0.0335719
0.0294426
0.0395562
0.0394332
0.0378802
0.0333461
0.034629
0.0347898
0.0381754
0.0364243
0.0330514
0.0321731
0.0336001
0.0327688
0.0319865
0.033889
0.0316968
0.0295538
0.0291128
0.037156
0.0415182
0.0376794
0.0344292
0.034643
0.0371352
0.0345675
0.0337915
0.0337717
0.0397804
0.0347705
0.033291
0.0305696
0.0316174
0.0310708
0.0345872
0.0335594
0.032084
0.0334221
0.0276868
0.0316968
0.0329397
0.0309788
0.0329043
0.0336534
0.030426
0.0340691
0.0364285
0.0330771
0.0331574
0.0286288
0.0368848
0.0366302
0.0306836
0.027797
0.027058
0.039738
0.0393132
0.029035
0.0271731
0.0274523
0.0285527
0.0340506
0.0285695
0.0281528
0.0308128
0.0354718
0.0368256
0.0350049
0.0360111
0.0340279
0.0342478
0.0317478
0.0291046
0.0314156
0.0311513
0.0272557
0.0353551
0.0310595
0.0320732
0.0333241
0.033351
0.0315554
0.0365761
0.0357135
0.0358193
0.0385361
0.0412897
0.0367386
0.0429547
0.037522
0.0297337
0.0328739
0.0340121
0.029383
0.0325132
0.0306415
0.0285014
0.0322697
0.0295336
0.029349
0.0301323
0.0387196
0.0321333
0.0387478
0.0323248
0.0320045
0.0388686
0.0296454
0.0329012
0.0277892
0.0304271
0.0292241
0.0273456
0.0273073
0.0266301
0.0354109
0.0289191
0.0261458
0.0275302
0.0265326
0.0300873
0.030964
0.0270791
0.0278783
0.0265454
0.0300571
0.0339121
0.034023
0.0288183
0.0380521
0.0387699
0.0335374
0.0350773
0.0351124
0.0387666
0.0310155
0.0302367
0.0326093
0.038042
0.0291523
0.0243264
0.0239489
0.0298856
0.0293392
0.0255328
0.0245485
0.0276951
0.0286735
0.0270073
0.0251046
0.0274435
0.0274599
0.030327
0.0276493
0.0302238
0.0338638
0.0272995
0.0316763
0.0298495
0.0366102
0.0363112
0.036412
0.0319638
0.0313572
0.0327945
0.033835
0.029166
0.0276602
0.0299583
0.0340182
0.0281414
0.0318346
0.0319997
0.0318312
0.0302954
0.0298718
0.0337292
0.03304
0.0368342
0.0367123
0.0375535
0.0341285
0.0395193
0.0373225
0.0286608
0.0272961
0.029556
0.0276331
0.027078
0.0265518
0.0336274
0.0292107
0.0264793
0.027758
0.0343234
0.0307371
0.0309566
0.0314837
0.0344551
0.0360436
0.0350505
0.037449
0.0392053
0.0307637
0.0308618
0.0356844
0.0355282
0.03335
0.0297282
0.0291152
0.0311348
0.0290291
0.0304737
0.0318664
0.0306099
0.0274187
0.0376672
0.0340231
0.0331152
0.0334439
0.0323453
0.0324931
0.0267603
0.0279811
0.0284234
0.0289983
0.0288363
0.031307
0.0321313
0.0319276
0.0335887
0.0319799
0.0333175
0.0324846
0.0302114
0.0310178
0.0339418
0.0363815
0.0376604
0.0387613
0.0381131
0.038726
0.0417003
0.0292965
0.0412994
0.0319912
0.0313077
0.0318555
0.0302326
0.0308199
0.0285479
0.0307334
0.0285011
0.0285817
0.0318278
0.03593
0.0311102
0.0345797
0.0345983
0.0334688
0.0287294
0.0346033
0.0270174
0.0275215
0.0323279
0.0353905
0.0311018
0.0338859
0.0353914
0.0390571
0.0341085
0.0352074
0.0376949
0.0308477
0.037339
0.0342442
0.0334698
0.0325322
0.034276
0.0317394
0.030918
0.0345845
0.0345617
0.034685
0.0382872
0.0385005
0.0430987
0.038413
0.0346108
0.0353284
0.0326666
0.031527
0.0326445
0.0327704
0.0330342
0.0401348
0.0437308
0.0392745
0.0407237
0.0423285
0.036792
0.0376333
0.035935
0.0338982
0.0371508
0.0362778
0.0427618
0.035015
0.0343142
0.0358137
0.0369163
0.040365
0.0398582
0.044271
0.047428
0.0370222
0.034783
0.0338207
0.0329099
0.0332367
0.0363388
0.0350051
0.033324
0.0395126
0.0442133
0.0398091
0.0387687
0.0387912
0.0358027
0.0322403
0.0322244
0.0324817
0.0330364
0.0364985
0.0401223
0.0413587
0.0409065
0.0422487
0.0365903
0.0431175
0.0332819
0.0335105
0.0363831
0.0338716
0.0406613
0.0428708
0.0416962
0.0409676
0.0364148
0.0392563
0.0348159
0.0341583
0.0338228
0.0340925
0.0330905
0.0365255
0.0431112
0.0426668
0.0365218
0.040145
0.0338579
0.0417587
0.0344605
0.0331247
0.0333224
0.0351213
0.0384209
0.0379706
0.0360394
0.0361139
0.037404
0.0309366
0.0313996
0.0396769
0.0390421
0.0370113
0.0404522
0.0303791
0.0300687
0.0374714
0.0347677
0.0401014
0.0392955
0.0394068
0.0363353
0.037579
0.0363355
0.0404742
0.0659721
0.0476584
0.0373301
0.0430773
0.0392808
0.0362947
0.0363269
0.0407033
0.0436807
0.0439358
0.0413397
0.0432353
0.0451229
0.042711
0.0431972
0.0464163
0.0465988
0.040073
0.0400165
0.0446241
0.0455445
0.0395151
0.0377578
0.045582
0.039925
0.0435644
0.0357277
0.036489
0.0352217
0.0451096
0.0438545
0.0421998
0.0410413
0.0407187
0.0359492
0.0366335
0.0398507
0.0364814
0.036353
0.038282
0.0398496
0.0383505
0.03692
0.0367596
0.0354657
0.0381347
0.0417585
0.0369489
0.0349165
0.0343429
0.0334743
0.0325077
0.0379504
0.0378621
0.0394674
0.036491
0.0403272
0.0348033
0.0329582
0.0330671
0.0349406
0.0381878
0.0328318
0.0397217
0.0348174
0.0413792
0.0389005
0.0414112
0.0316853
0.0346388
0.0320201
0.0353696
0.032241
0.0349884
0.0368013
0.0432014
0.0401586
0.0402689
0.0328917
0.0324944
0.0320663
0.0332944
0.0331937
0.036585
0.0394074
0.0403076
0.0429883
0.0460588
0.0359223
0.0350687
0.0324698
0.0322451
0.0314879
0.0389522
0.0402801
0.0386343
0.0356764
0.0343986
0.0330395
0.032709
0.0334577
0.0377947
0.0371874
0.0401371
0.0431218
0.0436833
0.0397244
0.0334517
0.0347135
0.0339784
0.0342817
0.039025
0.0429744
0.0406817
0.0389971
0.0429256
0.0368432
0.035336
0.0344453
0.0354661
0.0364096
0.0428203
0.0434888
0.0449313
0.038197
0.0389402
0.0345307
0.0377033
0.0408957
0.0452031
0.0492917
0.0400856
0.040369
0.0412013
0.0369558
0.0379201
0.0422902
0.0411866
0.0438949
0.0411676
0.0447011
0.0367002
0.0363517
0.0366272
0.0410085
0.041972
0.0410774
0.0402102
0.0370429
0.0393218
0.0391429
0.0430391
0.0427185
0.0371048
0.0407735
0.0427923
0.0370114
0.0369281
0.0370765
0.0423755
0.0426918
0.0453857
0.038498
0.0404596
0.0378014
0.0376222
0.0404084
0.0415361
0.0436173
0.0446317
0.0467993
0.0441316
0.04124
0.0402406
0.0376177
0.0416792
0.0424927
0.0412694
0.0387204
0.0406333
0.0410359
0.0431206
0.0401779
0.0495276
0.0424253
0.0383929
0.0405605
0.0365122
0.0381519
0.0379154
0.0444614
0.0494235
0.0466993
0.0388657
0.0367501
0.0374327
0.0376889
0.0405588
0.0428053
0.0461128
0.0468596
0.0403677
0.0394059
0.036791
0.0407203
0.0398034
0.0436942
0.0456841
0.0410022
0.0398079
0.0411337
0.045941
0.0375891
0.0409498
0.0360729
0.0382126
0.0402377
0.0454952
0.0396423
0.0387284
0.035587
0.0393898
0.0423343
0.0409817
0.0422828
0.0423354
0.0462186
0.0416198
0.040756
0.0385497
0.0379331
0.0424681
0.0407999
0.0401647
0.039223
0.0395511
0.0359958
0.0385875
0.0388019
0.0438904
0.0465522
0.0403328
0.0424194
0.0433446
0.0460176
0.0368978
0.037119
0.0395254
0.0434408
0.0442697
0.0452334
0.0406658
0.0382726
0.0386368
0.0372309
0.0393447
0.0399565
0.0435954
0.0446958
0.0426958
0.0521152
0.0403235
0.0365467
0.0392928
0.0393644
0.0394181
0.0395861
0.0400761
0.0401005
0.0432981
0.04491
0.0473428
0.0377947
0.0390973
0.0393641
0.0419239
0.0425374
0.0387284
0.0398791
0.0422672
0.0514845
0.0443864
0.0390506
0.0400749
0.040946
0.0400333
0.0422399
0.0387532
0.0393009
0.0393286
0.036656
0.039591
0.0419648
0.0476663
0.0446516
0.0418434
0.0368625
0.0355412
0.0396497
0.0374919
0.0370529
0.0421274
0.0408994
0.0446517
0.045945
0.0394988
0.0375509
0.0368265
0.0369723
0.0388385
0.0417837
0.0403228
0.0484482
0.0411373
0.0441878
0.0388854
0.0385125
0.0395834
0.0423721
0.0402637
0.0460849
0.0500424
0.0455846
0.0458769
0.0391172
0.0416265
0.038845
0.0396642
0.0427984
0.0438098
0.0433396
0.0432035
0.0432577
0.0381461
0.0397511
0.0377423
0.0406836
0.0480775
0.0475638
0.0388018
0.0365527
0.0357997
0.0387282
0.0445642
0.0392882
0.0461978
0.0469127
0.0363794
0.0352767
0.0381233
0.0355696
0.0422661
0.0423618
0.0415185
0.037983
0.0375151
0.0400026
0.0430961
0.0383074
0.0425486
0.0451272
0.0425599
0.0408764
0.0391562
0.0414498
0.0415661
0.0454072
0.0463463
0.0384759
0.0392042
0.0389332
0.0409882
0.039088
0.0417948
0.049299
0.0466041
0.0422497
0.0450699
0.0377557
0.0364416
0.0372628
0.0402798
0.0416501
0.0423551
0.0426358
0.0469185
0.0471699
0.0514036
0.0484845
0.0446615
0.0390655
0.040201
0.0389206
0.0421826
0.0462927
0.0465976
0.0415629
0.0482825
0.0404627
0.0406196
0.0410235
0.0411465
0.0404674
0.0453351
0.0475952
0.0494551
0.0372261
0.0378755
0.0402631
0.0403971
0.0418223
0.0368166
0.0356725
0.0358534
0.038553
0.0387238
0.0431617
0.0462491
0.0417887
0.0422531
0.0377504
0.0360282
0.0364496
0.0424159
0.043429
0.0485477
0.0412102
0.0407553
0.0410624
0.0394847
0.0478127
0.0438664
0.0405273
0.0398558
0.0418681
0.0427559
0.0451656
0.0486027
0.0468852
0.0410698
0.0389034
0.0429418
0.0406639
0.0409191
0.0421269
0.0480401
0.0459281
0.0391854
0.0410423
0.0364204
0.0434204
0.0396183
0.0431201
0.0374921
0.0392015
0.0390594
0.0419626
0.0425547
0.041409
0.0432328
0.0459732
0.0473632
0.0438024
0.0423147
0.0414835
0.0448547
0.0459254
0.0410861
0.0393997
0.043445
0.0407696
0.0410634
0.0465623
0.044638
0.0482214
0.047323
0.0438258
0.0392152
0.0432807
0.0404644
0.046266
0.0462296
0.0482214
0.050026
0.0462418
0.0439078
0.0432406
0.042513
0.0435555
0.043758
0.0450171
0.0404989
0.0523985
0.0398284
0.0412141
0.0410721
0.0395025
0.0437236
0.0457426
0.0429659
0.0429175
0.0451488
0.0375258
0.0427031
0.0401339
0.041873
0.0450186
0.0428791
0.0451984
0.0421422
0.047934
0.0393709
0.0396333
0.0445096
0.0458903
0.04741
0.0448186
0.0422617
0.0396411
0.0404631
0.0401249
0.042996
0.047803
0.0500925
0.0472444
0.0467369
0.0432515
0.0411462
0.0415019
0.0397346
0.0426365
0.0427204
0.0433546
0.039661
0.0422578
0.0454745
0.0495489
0.0481103
0.0445013
0.0425164
0.0446119
0.0391274
0.0386365
0.0428822
0.0463565
0.0479275
0.0410044
0.0422533
0.0424228
0.0405775
0.0441334
0.0453745
0.0467219
0.04287
0.0389755
0.0474504
0.044327
0.0487838
0.0502345
0.0478529
0.0451436


mean tracking time: 0.0387241
median tracking time: 0.0390506
Q1 tracking time: 0.0334211
Q3 tracking time: 0.0434899