0.0260685
0.0273693
0.0242766
0.0464167
0.0371021
0.0394789
0.0380129
0.037967
0.0371651
0.0453266
0.0422001
0.0429295
0.04455
0.0434784
0.0446188
0.0411112
0.0380975
0.0415966
0.0415679
0.0421448
0.0415787
0.0426242
0.0411157
0.0460569
0.0437153
0.0451332
0.0478876
0.0469611
0.0462657
0.0456202
0.043898
0.0483068
0.0417046
0.0423392
0.0461022
0.0424686
0.0499538
0.0427997
0.0472793
0.0442684
0.0455322
0.0443177
0.047036
0.0480679
0.0511268
0.047889
0.0421442
0.0499411
0.0461721
0.0482586
0.0402414
0.0252313
0.0782673
0.0259448
0.0223674
0.0239168
0.0236231
0.0229401
0.0254449
0.0252885
0.0251249
0.023704
0.0277343
0.0243453
0.0274119
0.0268801
0.0248333
0.0255887
0.024854
0.0296063
0.0279952
0.0257172
0.0246675
0.025872
0.0240325
0.0236224
0.0239513
0.0227691
0.0236537
0.0226277
0.0220376
0.0270007
0.0242409
0.0229963
0.0229099
0.0227667
0.021763
0.0223856
0.0236915
0.0242701
0.0221001
0.0224624
0.0215831
0.0231458
0.0225593
0.0263769
0.0234422
0.0264772
0.0249876
0.0261136
0.0414318
0.0366495
0.0411787
0.0386507
0.0375319
0.036499
0.0403192
0.0433982
0.0433726
0.0456143
0.0458028
0.0438954
0.0496698
0.0440414
0.0427085
0.0447832
0.0542555
0.0472057
0.0536338
0.0482313
0.0445992
0.04884
0.0511749
0.0486689
0.0478745
0.0511446
0.0439602
0.0589957
0.0545175
0.0518618
0.0480922
0.0506978
0.0541051
0.0530481
0.0528904
0.0548029
0.0490017
0.0486503
0.0524598
0.0536839
0.0477866
0.0532917
0.0540494
0.052718
0.0553452
0.0556811
0.080363
0.0574054
0.0545422
0.0541251
0.0390011
0.0384209
0.0435389
0.0415688
0.0445211
0.042017
0.0406766
0.0442308
0.0472585
0.0419505
0.0469609
0.0458431
0.0428902
0.0418954
0.0475375
0.0487392
0.0458409
0.0468996
0.0485818
0.0461864
0.0456702
0.0479917
0.0414587
0.0449146
0.0442579
0.0427738
0.0437334
0.0448551
0.0425616
0.0450868
0.0453871
0.0413042
0.0444686
0.0447511
0.0426205
0.0399937
0.043409
0.0428161
0.0450883
0.0417285
0.0461313
0.0472037
0.0411899
0.0460911
0.0427148
0.0420969
0.0416732
0.044563
0.0440971
0.0408281
0.0352714
0.0365707
0.0363802
0.0386211
0.0364167
0.0368614
0.041628
0.0408107
0.0413299
0.0396406
0.044657
0.0479321
0.0459868
0.0457201
0.0415258
0.0414119
0.0410112
0.0438526
0.0464578
0.0435915
0.0444807
0.0407913
0.0446478
0.0429817
0.043722
0.0436982
0.0464186
0.0462674
0.0490242
0.0431494
0.0469072
0.0455872
0.047874
0.0482708
0.0444573
0.0504996
0.0498595
0.0504413
0.0470434
0.0449574
0.050148
0.0585045
0.0469763
0.0475999
0.0440618
0.0459939
0.0461835
0.0488397
0.0472719
0.0480495
0.0451025
0.0497561
0.0500733
0.0519752
0.0479179
0.0453606
0.0461053
0.0432475
0.0457606
0.0449901
0.0490082
0.0413792
0.0460606
0.0422078
0.0446029
0.0446937
0.0499116
0.0432665
0.0484944
0.043686
0.0438236
0.0488851
0.0469855
0.0459035
0.0434913
0.0424628
0.0459814
0.0453095
0.0465748
0.0424814
0.0440842
0.0495001
0.0467951
0.0479649
0.0466952
0.0517752
0.0487999
0.0496748
0.0450288
0.0498251
0.0451858
0.0451142
0.0441092
0.0558232
0.0458051
0.0455384
0.0425901
0.04641
0.0462563
0.0461498
0.0428549
0.0453159
0.0444507
0.0478801
0.0492492
0.0490301
0.0516745
0.0504728
0.0481661
0.045641
0.0511659
0.0500186
0.0482426
0.0470038
0.0485498
0.0485342
0.0478628
0.0474348
0.0486935
0.0521523
0.0506376
0.0446344
0.0512323
0.0487896
0.0452531
0.0421473
0.0412942
0.0399552
0.0397686
0.0407924
0.0468587
0.0494409
0.0479047
0.0501479
0.043324
0.044706
0.0436176
0.0434835
0.0483578
0.0475784
0.0492402
0.0472023
0.0469151
0.0438342
0.0439742
0.0439107
0.0443536
0.0457731
0.043986
0.0460757
0.0457497
0.0480308
0.0479553
0.0435715
0.0438273
0.0471252
0.0473195
0.0462686
0.0438313
0.0443605
0.0445551
0.0505728
0.0494239
0.047267
0.0492212
0.0419232
0.0486043
0.0447257
0.0520867
0.0438496
0.0463809
0.0477689
0.047956
0.0458042
0.0529305
0.0473452
0.0443192
0.0497136
0.0476204
0.0503245
0.0485647
0.0449097
0.0425108
0.0404278
0.0429893
0.0403059
0.0396221
0.0419357
0.0447426
0.0474158
0.0448456
0.0488272
0.0444794
0.0529408
0.0488165
0.0472734
0.0458802
0.0451259
0.0437054
0.0410801
0.0414114
0.0413579
0.0424256
0.0529282
0.0506039
0.0512724
0.0512991
0.0480295
0.0691305
0.0509106
0.0426601
0.0447772
0.0453684
0.0472047
0.0435765
0.0491267
0.0425053
0.0461012
0.0430527
0.0429211
0.0449274
0.0405165
0.0481519
0.0406774
0.0401737
0.0410064
0.0407648
0.043148
0.0428561
0.0458441
0.048776
0.0449327
0.0477171
0.0486321
0.0453585
0.0492025
0.0425135
0.0485072
0.0428171
0.041442
0.0456592
0.0415717
0.0432807
0.038406
0.0389138
0.0392424
0.0408762
0.0389615
0.0409559
0.0408159
0.041907
0.0417059
0.0421226
0.040911
0.0464641
0.0457522
0.047691
0.0451052
0.0517909
0.050175
0.0467456
0.0490719
0.0442153
0.0462183
0.0443309
0.0439649
0.0419301
0.0430665
0.0456666
0.0684624
0.0419025
0.0423415
0.0454311
0.0460308
0.0467592
0.0453257
0.0454245
0.0466555
0.0441781
0.043605
0.0405128
0.0451851
0.0429315
0.0438628
0.0432335
0.0413556
0.0419662
0.0450673
0.045
0.0478761
0.0448736
0.0438365
0.0505992
0.0464841
0.0494442
0.0458755
0.0468208
0.04319
0.0434748
0.0443866
0.0418707
0.0406032
0.0415579
0.0434777
0.0409099
0.0439382
0.044936
0.0438195
0.0452404
0.0415585
0.0432312
0.0454351
0.0466168
0.0448466
0.0463535
0.042387
0.0399675
0.0451194
0.0430165
0.0427557
0.0486687
0.0425238
0.0437323
0.0481573
0.0449232
0.0499987
0.0425652
0.041558
0.0423453
0.0411035
0.0420449
0.0412086
0.0461589
0.0423944
0.047568
0.0437946
0.0438764
0.0413071
0.0430854
0.039862
0.0436599
0.037654
0.0431713
0.0395042
0.0375363
0.0362095
0.0396626
0.0395916
0.040433
0.0363833
0.0402346
0.0386805
0.0373955
0.0332936
0.0391093
0.0406202
0.0355711
0.0309066
0.0288956
0.0310227
0.0344197
0.0300039
0.0295731
0.031643
0.0333779
0.0313415
0.0272799
0.0341371
0.029715
0.0298125
0.0280677
0.028838
0.0271605
0.028714
0.0299473
0.0343962
0.031076
0.0318013
0.0279626
0.0288674
0.0282078
0.0279567
0.0314334
0.0326273
0.0344589
0.0362013
0.0365115
0.0382707
0.032544
0.0345652
0.0322592
0.0319869
0.0311452
0.0318848
0.0322298
0.032721
0.0407492
0.0359344
0.0324722
0.0289606
0.0280071
0.0282632
0.0279908
0.0273078
0.0281859
0.0355066
0.0309299
0.0329333
0.0321979
0.0299057
0.0292464
0.0296166
0.0277437
0.0316354
0.033966
0.0319468
0.0301239
0.0307875
0.0300958
0.0299755
0.0285818
0.0332494
0.032544
0.0305481
0.028794
0.0280758
0.0284272
0.0329986
0.0308838
0.0337185
0.0288621
0.028333
0.032893
0.0310677
0.0357031
0.0301421
0.0325776
0.035522
0.0343535
0.0383224
0.0311302
0.0292738
0.0278182
0.0280286
0.0253424
0.0277444
0.0318468
0.0319097
0.0314123
0.0258545
0.0261655
0.0269054
0.0274323
0.0275636
0.0272626
0.0307634
0.0333819
0.0289072
0.0286925
0.0272372
0.0268589
0.0302405
0.0279763
0.0278962
0.0265223
0.0313966
0.0314943
0.0298863
0.0275157
0.0267566
0.0275829
0.0309189
0.0310937
0.0338369
0.0333999
0.0330896
0.0311352
0.0312872
0.0317146
0.0318788
0.0325011
0.0332704
0.0342554
0.0350765
0.030782
0.0346526
0.0271795
0.0306486
0.0344772
0.0268071
0.0300097
0.0318007
0.0268934
0.0281865
0.0294911
0.0295311
0.0288912
0.0286748
0.0350467
0.0304138
0.0317734
0.0343373
0.0340876
0.0316479
0.0331041
0.0302539
0.0315139
0.0349177
0.0374289
0.0276332
0.0349971
0.0286964
0.02529
0.0287249
0.0280924
0.0251371
0.0267295
0.0280451
0.0305929
0.0258733
0.0261881
0.0324561
0.0320589
0.0297768
0.0349404
0.0357329
0.0401254
0.0369722
0.0343334
0.0336282
0.0375429
0.0316814
0.0390719
0.0337974
0.0280106
0.038192
0.03371
0.0302854
0.0291486
0.0307309
0.0320715
0.0305925
0.0332656
0.0342699
0.0298055
0.0315098
0.0320778
0.0320007
0.028621
0.0319371
0.0319797
0.0283849
0.0316445
0.0322745
0.032095
0.0316499
0.0328198
0.0309099
0.0324938
0.0299457
0.0312416
0.0330998
0.0363351
0.027513
0.0271393
0.0296144
0.0257304
0.0262967
0.0296052
0.0289025
0.028027
0.0275381
0.028006
0.0284046
0.0303016
0.0312982
0.0308166
0.0338124
0.0339159
0.0342135
0.0294425
0.0314934
0.0343127
0.0344254
0.0361332
0.05889
0.0334873
0.0322062
0.0323694
0.0356382
0.034137
0.0262087
0.0289908
0.0282581
0.0266778
0.0356969
0.0317215
0.0302033
0.0281065
0.0308686
0.0308153
0.027954
0.0279582
0.0315329
0.0307301
0.029146
0.0310974
0.0303838
0.0336993
0.0350249
0.029166
0.0282557
0.0316435
0.034558
0.0333679
0.0343339
0.0315677
0.0356885
0.0338304
0.029328
0.0301136
0.0287177
0.0288992
0.0287009
0.0349502
0.0313599
0.0299967
0.0321302
0.0359221
0.0357738
0.034074
0.0314621
0.0310815
0.0346978
0.0318694
0.0317578
0.0407014
0.0365465
0.0356617
0.0394728
0.0402915
0.0343628
0.0364761
0.0454883
0.0424848
0.0344212
0.0341707
0.0353527
0.0367467
0.0375414
0.0368682
0.0367313
0.0393297
0.0408878
0.0450838
0.0377215
0.0409759
0.0389181
0.0395792
0.0366748
0.036102
0.0373926
0.0365084
0.0413304
0.0406538
0.041297
0.040513
0.038178
0.0383097
0.0383478
0.0399117
0.0362106
0.0371808
0.0449254
0.0423712
0.0369667
0.0405382
0.0368664
0.0364108
0.0362294
0.0369793
0.038821
0.0367302
0.0376618
0.037025
0.0395927
0.0384581
0.0377777
0.0353542
0.03851
0.0396626
0.0421323
0.0373859
0.0375981
0.0441053
0.0351936
0.0371298
0.0366482
0.0355932
0.0366873
0.0371476
0.0364969
0.040701
0.0377682
0.0349431
0.0400272
0.0379801
0.0387816
0.0385394
0.0345877
0.0406208
0.0345755
0.0333131
0.0337657
0.0330026
0.0327657
0.0353281
0.0366222
0.038409
0.0326821
0.0312208
0.0307833
0.0310755
0.0337477
0.0374238
0.0379239
0.0319562
0.034922
0.0326825
0.0307791
0.0381993
0.0282656
0.0338906
0.0308736
0.0300004
0.0322356
0.0328478
0.0353053
0.0359975
0.0346336
0.0345544
0.030352
0.0342505
0.029718
0.0281967
0.0286105
0.0287385
0.0290391
0.0271362
0.028295
0.0287012
0.0313296
0.0307122
0.0281647
0.0302182
0.0303978
0.0355522
0.0395422
0.0383462
0.0333489
0.0332974
0.0325101
0.0670111
0.0368855
0.0327887
0.0357029
0.0332747
0.03371
0.0389564
0.0307942
0.0284199
0.0368857
0.0336286
0.030794
0.029476
0.0290467
0.0377723
0.0358106
0.0359609
0.0334291
0.0350474
0.0316517
0.0343515
0.0315209
0.0315581
0.0374592
0.0335836
0.0306224
0.0338077
0.034761
0.031747
0.0340518
0.0377429
0.0331678
0.0378648
0.0321208
0.0327923
0.0350587
0.0305149
0.0285302
0.0336311
0.0311384
0.0322495
0.0324962
0.0302485
0.0417563
0.0390922
0.0340832
0.0322837
0.0311043
0.0604875
0.0369081
0.0348267
0.0326748
0.0278776
0.0297941
0.029668
0.0308261
0.0272512
0.0298128
0.0266517
0.0289113
0.0287647
0.0288815
0.0302163
0.0282211
0.0274919
0.031386
0.0339033
0.034818
0.0323044
0.0320619
0.0313174
0.0344836
0.0328366
0.034117
0.0286772
0.0269749
0.0285467
0.0266392
0.0283091
0.0308426
0.0303707
0.0314534
0.0297512
0.0301382
0.0355827
0.0332623
0.033391
0.0354577
0.0358173
0.0348099
0.0277673
0.0317851
0.0299091
0.0318172
0.032191
0.0322815
0.0288603
0.0339277
0.0322897
0.0317393
0.0367731
0.0415687
0.033822
0.0385932
0.0365835
0.0330186
0.0379071
0.0356021
0.0304111
0.0362282
0.0328284
0.0304571
0.0353911
0.0312227
0.0314039
0.0333903
0.0356845
0.0353621
0.0354873
0.0385682
0.0293277
0.0292521
0.0322666
0.0296737
0.0285028
0.0312672
0.027867
0.0332598
0.0320454
0.0274236
0.0306633
0.0349114
0.0388074
0.030056
0.0305702
0.0311307
0.0313054
0.0336285
0.0339681
0.025866
0.0268625
0.0314902
0.0284129
0.0283559
0.0354984
0.0334189
0.0355284
0.0369011
0.0421805
0.0369936
0.0365499
0.0305926
0.0275697
0.0267097
0.0281391
0.0308214
0.031559
0.0319984
0.0330562
0.0296477
0.0278446
0.0350834
0.0373261
0.0268479
0.0268493
0.0247221
0.0273727
0.0265282
0.0274798
0.0307814
0.0299009
0.0278755
0.0278286
0.0277052
0.0341341
0.0301733
0.0297243
0.0276694
0.0310728
0.031161
0.0329252
0.0367191
0.0341136
0.0357939
0.0361215
0.0363239
0.0341124
0.0423821
0.03112
0.0310493
0.03563
0.0310523
0.0312089
0.0337145
0.0330405
0.0316291
0.031046
0.0331823
0.034377
0.0313193
0.0307986
0.0319747
0.0347473
0.0342691
0.0300338
0.0263769
0.0295776
0.0293964
0.0269856
0.028709
0.0275941
0.0335621
0.0358131
0.03322
0.0295299
0.033775
0.0316077
0.0274969
0.0272083
0.0336968
0.0311202
0.0287102
0.0278921
0.0325287
0.0324409
0.0325821
0.0320649
0.0341305
0.0348531
0.0329001
0.0563015
0.0314263
0.0320644
0.031622
0.0300595
0.0295593
0.0280888
0.0267696
0.0317524
0.0295622
0.0297295
0.0293849
0.0331851
0.0307688
0.0304415
0.0319222
0.0362409
0.0353743
0.032757
0.0338115
0.0334855
0.036543
0.0359708
0.0315595
0.0383382
0.0314948
0.0295591
0.0331488
0.0323612
0.0319762
0.0328552
0.030642
0.0569225
0.0341807
0.0624507
0.0354654
0.0303834
0.0333036
0.041696
0.0290151
0.0290102
0.0315644
0.0333925
0.0309795
0.0301992
0.030591
0.0317693
0.0325923
0.0318686
0.0329774
0.0329518
0.0417885
0.0344365
0.0320917
0.0319409
0.0331431
0.0318667
0.0326062
0.0330065
0.0362209
0.0341628
0.0354599
0.0392456
0.0424491
0.0458806
0.035909
0.0327668
0.0335793
0.0315496
0.0335774
0.0319481
0.0390058
0.0388831
0.0447228
0.0365703
0.0387531
0.0370509
0.0337823
0.0332572
0.0344337
0.0367668
0.0348861
0.0377409
0.0390237
0.0415276
0.0403242
0.0354526
0.0336982
0.0378166
0.0377127
0.03437
0.0352241
0.0361989
0.0401019
0.0387665
0.0389409
0.0417074
0.0377156
0.0447952
0.0399242
0.0397172
0.0347278
0.0357789
0.0357703
0.0357823
0.0354848
0.0331438
0.0359435
0.0391957
0.0376391
0.0348189
0.0375999
0.0404699
0.040246
0.0340812
0.0337447
0.0340487
0.0340934
0.0367219
0.0368898
0.0351045
0.0411667
0.0402764
0.0413858
0.0372221
0.0399329
0.0408263
0.0370255
0.0334732
0.0359362
0.0346527
0.0345756
0.0395827
0.0412998
0.0408996
0.0395701
0.0388163
0.0364786
0.0370253
0.037465
0.0378109
0.0343924
0.0339213
0.0358596
0.0414075
0.0382815
0.0351106
0.0389921
0.0431925
0.0376324
0.0327134
0.0386
0.0346114
0.0357013
0.0321763
0.0334353
0.0359128
0.035907
0.0337748
0.0376748
0.0321739
0.0317559
0.0316035
0.0332979
0.0326003
0.0386517
0.0415398
0.0353377
0.0365417
0.0367888
0.0342497
0.0329389
0.0374272
0.0359718
0.037176
0.041684
0.0402253
0.0384717
0.0379964
0.041697
0.0403523
0.0429646
0.0431448
0.0427245
0.0452493
0.0408914
0.0423401
0.0400957
0.0393878
0.040132
0.0411652
0.0426382
0.0425325
0.0372233
0.0372883
0.0422898
0.0449516
0.0454769
0.0418044
0.0398987
0.0362403
0.0349742
0.0366485
0.0378725
0.0406503
0.0394805
0.0364179
0.0449243
0.0424072
0.041123
0.0443642
0.0408641
0.0352146
0.0341429
0.0340949
0.0342344
0.0352079
0.0356437
0.0358483
0.0380826
0.0409252
0.0416309
0.0362011
0.0376115
0.032906
0.0331707
0.0332325
0.0325183
0.0316785
0.0357184
0.0404279
0.0388046
0.0421716
0.0384264
0.0323798
0.0310449
0.031879
0.0308889
0.036434
0.0358397
0.0445854
0.0392329
0.0602444
0.034293
0.0316884
0.0355769
0.0314328
0.0328526
0.0369515
0.0376277
0.0386697
0.0407523
0.0353539
0.0357642
0.0346617
0.0356329
0.0368111
0.0309276
0.0385572
0.0386783
0.0381441
0.0392754
0.0397228
0.0355148
0.0421918
0.0313169
0.0325783
0.0335618
0.0336977
0.0336347
0.0359166
0.0340922
0.0365711
0.0387587
0.0345754
0.0329925
0.0347509
0.0366359
0.038364
0.0399547
0.0385247
0.0347523
0.0322878
0.0326763
0.0337916
0.0328557
0.0327455
0.0387761
0.041712
0.0417569
0.0372583
0.0353853
0.0353713
0.0349739
0.0358537
0.0371054
0.0386622
0.0465284
0.0396869
0.0386895
0.0361799
0.0346864
0.0397613
0.0367511
0.0409029
0.047949
0.0428536
0.0393224
0.0381441
0.0388863
0.0377588
0.0382759
0.0391371
0.0393219
0.044661
0.0440559
0.0408521
0.0403655
0.0387099
0.0379978
0.0373758
0.0386463
0.0380553
0.0402622
0.0437514
0.0399384
0.042042
0.0439183
0.0376428
0.0369511
0.0397963
0.042649
0.0420754
0.041366
0.0391993
0.0457612
0.0526552
0.0394922
0.0384153
0.037796
0.0412487
0.0428273
0.0401389
0.0426764
0.0387192
0.0401399
0.0410087
0.0388844
0.038545
0.0393141
0.041956
0.038376
0.0372388
0.0357246
0.0369091
0.0374425
0.0414818
0.0413887
0.0468633
0.0405094
0.0454438
0.039697
0.0394864
0.0379814
0.0379808
0.0410216
0.0431897
0.0463155
0.0469322
0.0442149
0.0371758
0.0392433
0.0396651
0.042595
0.0406737
0.0393622
0.0387799
0.0418497
0.0409691
0.0384952
0.0405633
0.0395496
0.0395645
0.039995
0.0395789
0.0366672
0.0386707
0.0378406
0.0421088
0.0438907
0.0399824
0.0478866
0.0384608
0.0401248
0.0380301
0.0382676
0.0411856
0.0401755
0.041051
0.0403172
0.0414841
0.0467096
0.0394812
0.041054
0.0470365
0.0420811
0.0396269
0.0382655
0.0372891
0.0380187
0.0381668
0.0389875
0.0484438
0.0391402
0.0433479
0.040818
0.0394257
0.0409938
0.0426544
0.0453988
0.0446468
0.0455015
0.0373802
0.0364292
0.0368833
0.0370439
0.039753
0.0403956
0.0454902
0.0416767
0.0436377
0.0414653
0.0361316
0.0370198
0.0372534
0.0390129
0.0382167
0.0386832
0.0438525
0.0423267
0.0421176
0.0420914
0.0378926
0.0380409
0.0375085
0.0394426
0.0382052
0.0391971
0.0402997
0.043933
0.0400559
0.0496124
0.0410904
0.0410807
0.0395221
0.0393657
0.0384851
0.0411839
0.0408183
0.0458781
0.0569846
0.0414581
0.0410896
0.0373851
0.0385665
0.0392911
0.0392757
0.042317
0.0412688
0.0402524
0.0425552
0.0415154
0.0406444
0.0392487
0.0366278
0.0363336
0.0393451
0.0378005
0.0388648
0.0382362
0.0411694
0.0431717
0.0423695
0.0394519
0.042613
0.0468786
0.0391026
0.0397397
0.0390676
0.0378432
0.0427311
0.0413279
0.0437052
0.0426807
0.0417382
0.0427627
0.0394062
0.0368966
0.0381832
0.039293
0.0460155
0.0442617
0.0418914
0.0434789
0.0421782
0.0383836
0.0426541
0.0404701
0.0406115
0.0432991
0.0419279
0.0406053
0.0385405
0.0365978
0.0361692
0.0382344
0.0381843
0.0415932
0.0405193
0.0419549
0.0368271
0.0392883
0.0382741
0.0359543
0.0359533
0.0376683
0.0404286
0.0458571
0.041246
0.0392058
0.0392881
0.0368518
0.0404601
0.042343
0.0406961
0.0395958
0.0390501
0.0456612
0.0418299
0.0416362
0.0439811
0.0429127
0.041148
0.0411745
0.0392809
0.0405484
0.0374929
0.0413141
0.039524
0.0426711
0.0460759
0.055137
0.0403129
0.0473678
0.0382177
0.0454989
0.040296
0.0466832
0.0435124
0.0465614
0.0452698
0.0466107
0.042736
0.0412692
0.0432699
0.042497
0.0453261
0.0457007
0.0398025
0.0428996
0.0409273
0.0429175
0.0497106
0.0437407
0.0404741
0.0404735
0.0362624
0.0373626
0.042908
0.0418261
0.0454989
0.0430857
0.0388284
0.0367474
0.0385838
0.0359276
0.0361057
0.0386743
0.0420409
0.0416413
0.0367863
0.0414889
0.039779
0.0385831
0.0419815
0.0393498
0.0436877
0.0435195
0.0368948
0.0430154
0.0437369
0.0464998
0.0466131
0.0403096
0.0435514
0.0382411
0.0392546
0.0384054
0.0400868
0.0458975
0.048123
0.0421393
0.0490965
0.038538
0.0384505
0.0408654
0.0399561
0.0407906
0.0517985
0.0398878
0.041689
0.0393608
0.0402793
0.039844
0.0404511
0.0401575
0.0402244
0.0366721
0.0375207
0.0403388
0.0450302
0.0500515
0.0481878
0.0396945
0.0407362
0.0410709
0.040523
0.0394002
0.0394345
0.0412322
0.045692
0.0488886
0.050713
0.0419051
0.0413266
0.0405818
0.0426888
0.0445482
0.0449547
0.0445198
0.0490746
0.044733
0.0434635
0.0450698
0.0478974
0.0442453
0.0453201
0.045278
0.0463865
0.0414146
0.0439152
0.047007
0.0555071
0.0445977
0.0418967
0.0447534
0.0432746
0.0427867
0.041951
0.0414494
0.0389377
0.0444219
0.0414028
0.0445161
0.0461304
0.0439914
0.0441595
0.0396578
0.0424465
0.0378489
0.0384581
0.0389407
0.0470905
0.0444206
0.0479426
0.0498464
0.04339
0.0413746
0.039609
0.0424743
0.0391236
0.0402293
0.0480424
0.0442561
0.0426643
0.0478233
0.0390171
0.0408942
0.0414766
0.0408473
0.0419559
0.0466227
0.0438553
0.0437631
0.0410827
0.0439772
0.0422976
0.0428105
0.0435593
0.0503125
0.0432892
0.0428349
0.0386701
0.0406389
0.0446946
0.0432828
0.0519339
0.0425421
0.0418902
0.0394984
0.0407336
0.0421246
0.0409265
0.0433111
0.0450006
0.0465801
0.0425402
0.0444629
0.0448396
0.0430763
0.0434658
0.0435836
0.0475083
0.0423324
0.0467753


mean tracking time: 0.0383872
median tracking time: 0.0386517
Q1 tracking time: 0.0329252
Q3 tracking time: 0.0432699