0.030939
0.0423993
0.025203
0.0329832
0.0260998
0.0246852
0.026605
0.0299956
0.0348234
0.0256728
0.0236319
0.0242981
0.0241105
0.0256045
0.0254642
0.023031
0.0223998
0.023304
0.0221533
0.0219954
0.0239984
0.0269807
0.0246107
0.0266264
0.0235665
0.0248415
0.0275036
0.0276177
0.0273489
0.0277266
0.0282266
0.023305
0.0236317
0.0258053
0.0258516
0.0249772
0.0266425
0.0218017
0.0224058
0.0252652
0.0219525
0.0218199
0.0264822
0.0224466
0.0231463
0.0227816
0.023333
0.0231132
0.022784
0.0277208
0.0238498
0.0289417
0.0243697
0.0254179
0.0223757
0.0293299
0.0284236
0.0229286
0.0234554
0.022378
0.0224028
0.0219824
0.0234433
0.024053
0.0216175
0.0208174
0.0268319
0.0217667
0.0288498
0.0231235
0.0230326
0.0212534
0.0228409
0.0224227
0.0278448
0.0223961
0.0254649
0.0230614
0.0255225
0.0264568
0.0283121
0.0262627
0.0243456
0.0228472
0.0236354
0.0262957
0.0258256
0.0226009
0.022665
0.0210144
0.0271209
0.0235327
0.0284404
0.0258105
0.0272466
0.0227871
0.0314913
0.0227476
0.0241447
0.0313543
0.0235249
0.0243839
0.0269734
0.0278365
0.0257403
0.0223813
0.021957
0.0245388
0.0252115
0.021958
0.0255992
0.0296097
0.0241046
0.0261293
0.0226724
0.0275398
0.0235961
0.023278
0.0283124
0.0225274
0.0286135
0.0272821
0.0231001
0.0217892
0.0213232
0.0217399
0.0224051
0.022304
0.0212873
0.0233399
0.0228781
0.0229135
0.0268771
0.0384318
0.0344183
0.0321825
0.0341396
0.031479
0.0419994
0.0467072
0.0424326
0.0452008
0.0411973
0.0518863
0.0455697
0.0460117
0.0461794
0.0453597
0.0515287
0.0489938
0.0461745
0.0444023
0.0483379
0.0529483
0.0507435
0.0454978
0.0506051
0.0489626
0.0532445
0.0492604
0.0541263
0.0490234
0.0501896
0.0511177
0.0479356
0.0481902
0.0489267
0.0502822
0.0486087
0.0526613
0.0534898
0.055298
0.0497324
0.0501583
0.0479944
0.0499592
0.04885
0.046602
0.0501744
0.0560192
0.0500094
0.0392992
0.044178
0.0430287
0.0406726
0.0509224
0.0489848
0.0432858
0.041571
0.0444555
0.0479407
0.0400873
0.0486694
0.047243
0.041162
0.0455119
0.0416751
0.039312
0.0410182
0.0405115
0.0412322
0.0421506
0.0447526
0.0439911
0.0439848
0.0450137
0.0394036
0.0403794
0.0441371
0.0419775
0.0410443
0.0492677
0.0460264
0.0398198
0.0387486
0.0408345
0.0454872
0.0485853
0.0487653
0.0447794
0.0433345
0.046653
0.0466868
0.0502467
0.0440626
0.0422064
0.0500089
0.0444391
0.045034
0.0413467
0.046951
0.0462143
0.0445348
0.0421008
0.0475896
0.0512658
0.0486338
0.0449832
0.0467767
0.0424484
0.0408412
0.0416005
0.0409219
0.0474175
0.0435754
0.0422782
0.0409203
0.0408503
0.040775
0.0437067
0.040302
0.042342
0.0430914
0.0504953
0.0424731
0.0422581
0.047901
0.0395513
0.0484585
0.0424958
0.0429455
0.0384034
0.0383622
0.0476713
0.0403689
0.0433383
0.0473616
0.043238
0.0410489
0.0438609
0.0421999
0.0424849
0.0421341
0.0401208
0.0399723
0.0429167
0.0429126
0.0435642
0.0397338
0.0400584
0.0470641
0.0509593
0.0512257
0.0459685
0.0453421
0.0486832
0.0420967
0.0462582
0.0450613
0.0403037
0.0504745
0.0500475
0.0420498
0.0397802
0.0424704
0.0434522
0.0478446
0.0431201
0.0446527
0.0419939
0.0505901
0.0402378
0.0525184
0.0395975
0.0477132
0.0421217
0.0411423
0.0373239
0.0398967
0.0435643
0.0408075
0.0404719
0.0457934
0.0494103
0.0481644
0.0414239
0.040199
0.0431
0.0392813
0.0402742
0.0418019
0.0457751
0.0472598
0.0437167
0.0382703
0.0384026
0.0402494
0.0491657
0.0444636
0.0420797
0.0395962
0.0416974
0.0366365
0.0368603
0.0446358
0.0418727
0.0458893
0.0377784
0.045997
0.0413402
0.0415028
0.0417282
0.0390047
0.0451536
0.0436394
0.048498
0.0433006
0.0445343
0.0514611
0.0471888
0.0424538
0.0551992
0.0481549
0.0442613
0.0502932
0.0495744
0.0488825
0.0417066
0.0436309
0.0443296
0.0483151
0.0474296
0.0521696
0.0518406
0.0520483
0.0526538
0.0536457
0.0499808
0.0479915
0.0498661
0.0495578
0.0477779
0.0466073
0.0478397
0.0490805
0.0484206
0.049927
0.0516326
0.0500827
0.0447286
0.0491384
0.050456
0.0497224
0.0469013
0.052811
0.0498814
0.0405124
0.0443255
0.0478126
0.0492528
0.04148
0.0433735
0.0469161
0.0477338
0.0477514
0.0422731
0.0463983
0.049067
0.0542478
0.0450703
0.0424
0.0537884
0.0543595
0.0464988
0.0413146
0.0445325
0.0512922
0.0434588
0.0445278
0.0443102
0.045711
0.0483434
0.0460389
0.0438044
0.0436104
0.0470175
0.0462262
0.0455257
0.0491594
0.0504564
0.0465192
0.0498413
0.0521316
0.0491018
0.0480633
0.0486008
0.0504517
0.0462631
0.0449559
0.0461225
0.0486423
0.0445676
0.0499533
0.0459324
0.0421661
0.0407103
0.041172
0.0440702
0.0420116
0.0483908
0.046712
0.0465927
0.0707662
0.0456565
0.046757
0.0435894
0.0444925
0.047466
0.0445162
0.0480105
0.0445741
0.0483541
0.045139
0.0414766
0.043262
0.0438017
0.0435373
0.0445298
0.0428896
0.0496522
0.0474056
0.0457236
0.0424112
0.0424255
0.0442037
0.0406998
0.0466471
0.0488174
0.0517273
0.0505122
0.0516697
0.0533088
0.0464019
0.044283
0.0427485
0.0443434
0.0419152
0.0401473
0.0516315
0.0462446
0.0457405
0.0436218
0.0411209
0.0436618
0.0402208
0.0441797
0.0481851
0.0425172
0.0422494
0.0417645
0.0431146
0.0428094
0.0421506
0.0414513
0.0412554
0.0434789
0.0517636
0.0491658
0.0474105
0.0483616
0.0458156
0.0435089
0.044413
0.0416338
0.042101
0.0462033
0.0402297
0.0422957
0.0412779
0.0386513
0.0381095
0.0379974
0.0402945
0.037406
0.0403313
0.0390218
0.0418783
0.0381446
0.037162
0.0360063
0.0372939
0.0368393
0.03926
0.0399792
0.0491143
0.0405826
0.0404916
0.0415219
0.0410907
0.0418628
0.0429228
0.0411582
0.0410303
0.0400121
0.0433924
0.0483838
0.0484117
0.0430591
0.0417815
0.0426923
0.0422818
0.0431363
0.0392016
0.0396254
0.0391454
0.0449521
0.0473475
0.048334
0.0398856
0.0442224
0.0467145
0.0506967
0.0434025
0.0403334
0.0468825
0.0429617
0.0440344
0.0422228
0.0498031
0.0426059
0.0448119
0.0483331
0.0427286
0.0476845
0.0464866
0.0427738
0.0427604
0.0438756
0.0419334
0.0505592
0.0455982
0.0725238
0.0441437
0.0418949
0.0421161
0.0434906
0.0369705
0.0449922
0.0403876
0.0410752
0.036389
0.037166
0.0451907
0.0397804
0.037996
0.0357689
0.0382834
0.0384416
0.0399236
0.0363274
0.0366535
0.0373888
0.0372044
0.037874
0.0381211
0.0427429
0.0405517
0.0516099
0.0459004
0.044884
0.0429868
0.0439506
0.0449866
0.0447495
0.043978
0.040324
0.0471056
0.043564
0.0412873
0.0375432
0.0383353
0.0394862
0.0426674
0.0416755
0.0462237
0.0469413
0.0514753
0.0466403
0.0492713
0.0490517
0.0429104
0.0470622
0.0411074
0.0525369
0.0417483
0.0436485
0.0439644
0.0419037
0.04257
0.0461623
0.0449609
0.0499722
0.0489427
0.0478717
0.0533428
0.0489676
0.0536194
0.0493762
0.0419664
0.0422896
0.0428131
0.044561
0.0421511
0.0411286
0.0407565
0.0457578
0.0490829
0.0501425
0.0465387
0.0412305
0.0458025
0.0470021
0.0450059
0.0411226
0.0411199
0.0405554
0.042191
0.041733
0.0398227
0.0403938
0.0396779
0.041318
0.0420017
0.0432106
0.0437633
0.0462732
0.0455415
0.0500174
0.0469565
0.0413558
0.0468473
0.047868
0.042349
0.0426151
0.0438996
0.0461049
0.0495889
0.0501822
0.0441572
0.0397168
0.0397848
0.0393577
0.0390654
0.0406893
0.042345
0.0426952
0.0431344
0.041846
0.0478674
0.0474367
0.0467639
0.0458504
0.0435374
0.0467622
0.0514309
0.0482589
0.0461486
0.0454891
0.0527935
0.0431635
0.0496793
0.0480789
0.0527524
0.0431546
0.0497137
0.0468301
0.0486827
0.0480133
0.0466766
0.0474542
0.0443093
0.0382651
0.0377712
0.0440766
0.0404199
0.0476313
0.0488296
0.0492607
0.0459996
0.0415291
0.044436
0.0482199
0.0452843
0.0415461
0.0410251
0.0430948
0.0434919
0.0393408
0.0395624
0.0399009
0.0460452
0.0485418
0.0532472
0.0451272
0.074171
0.0451737
0.0426292
0.0446373
0.0424733
0.0450831
0.0485429
0.0546881
0.0544502
0.0451082
0.0430636
0.048721
0.0499228
0.0482897
0.044927
0.0736297
0.0445214
0.050999
0.0536955
0.0529203
0.0503249
0.0466472
0.0470961
0.0456053
0.0474692
0.0470042
0.0437518
0.0493431
0.0437787
0.0498414
0.0458144
0.0439355
0.0479989
0.0460813
0.0456988
0.0461543
0.0486125
0.0472277
0.0502931
0.0509173
0.0543139
0.0478518
0.0438885
0.048547
0.0449096
0.0438169
0.0434723
0.0434555
0.0448472
0.0457591
0.0461511
0.0517277
0.0445773
0.0478145
0.043951
0.0478287
0.0457621
0.0469065
0.0460349
0.0512762
0.0439536
0.0461247
0.0422835
0.0382009
0.0420623
0.0399102
0.0473548
0.0394589
0.0389155
0.038362
0.0407314
0.043838
0.0492767
0.0465038
0.0463333
0.0459303
0.0410582
0.0475763
0.0477102
0.0422476
0.0430726
0.0446564
0.046993
0.0489657
0.0459252
0.0412654
0.0417783
0.047421
0.0441621
0.0438015
0.0500802
0.0523663
0.0518475
0.053132
0.0479215
0.0472654
0.0446214
0.0421306
0.0426857
0.0409253
0.0424305
0.0443086
0.0462449
0.0481381
0.0463473
0.0473818
0.0407777
0.0413685
0.0400144
0.0391728
0.0388515
0.0407272
0.0419689
0.0467256
0.0449136
0.0451088
0.0454661
0.0402426
0.0446819
0.0423976
0.0444294
0.0436819
0.0470823
0.0422033
0.048783
0.0482099
0.0422768
0.0420367
0.0430061
0.0419373
0.0438617
0.0454037
0.0449974
0.0485771
0.0431561
0.0476285
0.0532284
0.0466906
0.0488856
0.0462917
0.0455118
0.0426295
0.0476691
0.0513881
0.04655
0.0462097
0.0468738
0.0437097
0.0411007
0.0438208
0.0456465
0.0416466
0.0410804
0.0412769
0.0444353
0.043957
0.041236
0.0394305
0.0385477
0.0421508
0.0436187
0.0422378
0.038481
0.0387924
0.0459518
0.0463607
0.0435061
0.0464882
0.044275
0.0414222
0.0381361
0.0386609
0.0357896
0.0397777
0.0411668
0.0436323
0.0420844
0.0402203
0.0441907
0.0402552
0.0346172
0.0305392
0.0336966
0.0330538
0.0321619
0.0295362
0.0332746
0.0344628
0.0308235
0.0300063
0.0340962
0.029429
0.0289091
0.0298443
0.0273624
0.0266088
0.0273509
0.0295763
0.0299635
0.0322874
0.0274097
0.02919
0.0266151
0.0263835
0.0259481
0.0255373
0.0306246
0.026826
0.0273841
0.0258837
0.0260193
0.0291749
0.0262104
0.0299012
0.0280399
0.0290014
0.0277879
0.0250957
0.0282696
0.0248348
0.0303059
0.0354774
0.0277205
0.0255675
0.0282936
0.0261274
0.0256321
0.0304025
0.026798
0.0267425
0.0363052
0.0314248
0.0283551
0.0258944
0.0266884
0.0277054
0.0300313
0.0258019
0.0307438
0.0296056
0.0324391
0.0296958
0.0300868
0.027359
0.0269512
0.028692
0.026846
0.0270792
0.0264758
0.0261594
0.0327159
0.0297379
0.0296668
0.0284461
0.0276152
0.0280432
0.0290995
0.0302201
0.0297534
0.0322772
0.0302068
0.0293547
0.0286163
0.0274178
0.027554
0.0272558
0.0298297
0.0297576
0.0276934
0.0296175
0.0343226
0.0314515
0.0362304
0.0365529
0.0336529
0.0610814
0.0319454
0.0307229
0.0363389
0.0383937
0.0307689
0.0354717
0.033763
0.0313507
0.0316291
0.0303007
0.0400598
0.0366454
0.0320595
0.0282464
0.0351995
0.0314995
0.0287406
0.0347834
0.0348085
0.0345548
0.0263637
0.028928
0.0253841
0.0336427
0.0258814
0.0251836
0.0295411
0.0332164
0.0290813
0.0273733
0.0280064
0.0311193
0.031874
0.0337791
0.0302902
0.0345965
0.0389084
0.0332882
0.0273334
0.0323751
0.0308038
0.0338046
0.0322838
0.0317206
0.0352302
0.0258911
0.0354535
0.035061
0.0366873
0.0271983
0.0302995
0.0290377
0.0259279
0.0266858
0.0255887
0.0251528
0.028744
0.0293763
0.0281534
0.0264849
0.0263826
0.0257152
0.0257077
0.0296948
0.0296253
0.0346801
0.0301681
0.0314536
0.0273137
0.0259945
0.0284347
0.0320479
0.028648
0.0374763
0.0428106
0.0326664
0.0343985
0.0393359
0.03964
0.0339803
0.0335108
0.0331665
0.0305464
0.0299749
0.0289226
0.0317479
0.0274279
0.0302023
0.0347228
0.0287822
0.0290485
0.0335317
0.0379917
0.0419184
0.034446
0.0338071
0.0343732
0.0386394
0.03391
0.0319186
0.0324594
0.0338046
0.0363912
0.033854
0.0402274
0.0303001
0.0316968
0.0359162
0.0305199
0.0300202
0.031576
0.032793
0.0320697
0.0312946
0.0321153
0.030019
0.0332918
0.0335242
0.0316876
0.0360265
0.0328524
0.0341041
0.0362821
0.0369438
0.0383784
0.0320595
0.0332816
0.0395628
0.0371488
0.0332982
0.0353367
0.030179
0.0382095
0.0366014
0.0274349
0.0280208
0.030014
0.0302777
0.0299731
0.0276605
0.0313743
0.0288066
0.0269166
0.0271252
0.0269836
0.0405917
0.0357248
0.0327675
0.0301336
0.0341526
0.0282939
0.0258722
0.0274052
0.0272596
0.0250714
0.0288555
0.0382299
0.0257493
0.0256502
0.0256523
0.0245373
0.0263054
0.0339742
0.0278872
0.0294364
0.0281443
0.0289756
0.0275033
0.0384012
0.0267688
0.0262052
0.0261867
0.0298776
0.0257043
0.0271851
0.0321217
0.0283285
0.0274872
0.0354532
0.0260844
0.0341248
0.0288479
0.0324255
0.0333171
0.0325461
0.0300741
0.0288063
0.0275007
0.0278092
0.0346513
0.03097
0.0344681
0.0391711
0.0317268
0.0315753
0.0323547
0.0301141
0.0374907
0.0357127
0.0375095
0.0360338
0.0378782
0.0357839
0.0336011
0.0329133
0.0344224
0.0331212
0.0376974
0.0343591
0.0359909
0.0384429
0.0379762
0.0341545
0.0365615
0.032671
0.0344252
0.0329774
0.0350567
0.0596634
0.0434079
0.0422623
0.0400986
0.0406977
0.0407544
0.0341469
0.0365899
0.0369451
0.032373
0.0328494
0.038108
0.0400592
0.0375565
0.0397167
0.0390858
0.0346698
0.0383663
0.0329173
0.0396265
0.036757
0.0356986
0.0344404
0.034132
0.0345873
0.040817
0.0372162
0.0394817
0.0362187
0.0641824
0.0358308
0.0359719
0.041857
0.0355318
0.0363295
0.0329773
0.0375989
0.0415574
0.040625
0.0380681
0.0376923
0.0421853
0.0414696
0.0333201
0.0332106
0.032929
0.0341575
0.0331722
0.0326695
0.0338164
0.0330641
0.0380152
0.0381027
0.0401035
0.0341193
0.0341477
0.0375835
0.0429075
0.0374883
0.0335716
0.0368052
0.0337744
0.0423011
0.0426354
0.0406392
0.0376504
0.0375818
0.0372203
0.0375226
0.0384228
0.0367504
0.0340366
0.0388355
0.0340272
0.0352916
0.0417296
0.0364986
0.0386478
0.0356696
0.032028
0.0355326
0.0364381
0.0415676
0.0357215
0.0406436
0.0322877
0.0366147
0.0323336
0.0380635
0.0319163
0.0367859
0.0353583
0.0343187
0.0371192
0.0379208
0.0378317
0.0315744
0.036414
0.0383234
0.0426618
0.0450452
0.0385368
0.0328097
0.0319988
0.0386591
0.0359243
0.031656
0.0317521
0.0309111
0.036662
0.0325832
0.0324796
0.0319573
0.0316098
0.0335346
0.0335027
0.0317778
0.0306865
0.0326343
0.0335024
0.035465
0.0312985
0.0325962
0.0304519
0.0334643
0.0318084
0.0337879
0.0367126
0.0336691
0.0305753
0.0307177
0.0320606
0.0321693
0.0357629
0.0351601
0.0323535
0.0391558
0.0385499
0.0584143
0.0342896
0.0331423
0.0344217
0.0320997
0.0361473
0.0365818
0.0383743
0.0364685
0.0321386
0.0404479
0.0380503
0.0333094
0.0391623
0.0337576
0.0405511
0.0358179
0.0401921
0.0356907
0.0347796
0.0332132
0.0344418
0.0364833
0.032119
0.0387928
0.0402267
0.0331081
0.0295256
0.0346965
0.0387455
0.0321189
0.0349588
0.0319641
0.0370603
0.0303681
0.0347008
0.0324512
0.0341973
0.0302123
0.0293916
0.0290912
0.0353814
0.0349802
0.0373245
0.0373816
0.0358492
0.0398433
0.0363478
0.0311746
0.0303711
0.0301122
0.0314952
0.0315314
0.0339122
0.0416412
0.0430716
0.0345769
0.0339033
0.0315932
0.0308709
0.0342444
0.0302851
0.0315982
0.0318678
0.0381794
0.040766
0.0353597
0.0339616
0.0379464
0.036255
0.0340285
0.0392689
0.031205
0.0329702
0.0394922
0.0425916
0.0310587
0.0312759
0.0308506
0.0306919
0.0356603
0.0314941
0.034865
0.0408759
0.0360077
0.0451855
0.0370562
0.0315972
0.034334
0.0314791
0.0310298
0.031478
0.0316827
0.0417124
0.0319038
0.0321765
0.0436821
0.0408481
0.0321853
0.0337214
0.0313189
0.0307709
0.0341618
0.0309141
0.0308267
0.0389919
0.0399773
0.0410005
0.0375835
0.0338338
0.0373291
0.033213
0.0314599
0.0325464
0.0407803
0.037912
0.0390278
0.0375895
0.033587
0.0309944
0.0308458
0.0415935
0.0352234
0.0451904
0.032447
0.0338066
0.03681
0.0351292
0.0310714
0.0398142
0.0319973
0.0365836
0.0344252
0.0439433
0.0393569
0.0370977
0.0369935
0.031802
0.0336515
0.0405921
0.0328889
0.0304581
0.0303044
0.0340249
0.0365655
0.0339497
0.0314127
0.036208
0.0374687
0.0400932
0.0368839
0.0397192
0.0346157
0.0395625
0.0436089
0.0384184
0.031533
0.0356182
0.0367095
0.0308244
0.0337763
0.0306446
0.0313014
0.0335396
0.0383201
0.0359137
0.0323438
0.034435
0.0377306
0.038416
0.036854
0.0340416
0.0344233
0.0406863
0.0378966
0.0394644
0.0392059
0.0358999
0.0358111
0.0354373
0.0393723
0.035642
0.0392656
0.0403951
0.0372028
0.03297
0.0321599
0.0319092
0.0325614
0.0395158
0.0368423
0.0310346
0.0327754
0.0438001
0.0320454
0.0317359
0.0313821
0.0364044
0.0322057
0.0304041
0.0342177
0.0380004
0.0425191
0.0416016
0.0347307
0.0391771
0.0370975
0.0335189
0.0329376
0.0374583
0.032527
0.0312257
0.0400388
0.0358651
0.0333508
0.033842
0.032393
0.0354896
0.0366171
0.0406369
0.0324085
0.0334948
0.0389998
0.0412848
0.0352984
0.0357127
0.0340477
0.033466
0.0352871
0.03528
0.0345313
0.0319478
0.0377132
0.0398461
0.0389488
0.0331193
0.0332052
0.0386638
0.0363216
0.0336039
0.0402035
0.0406826
0.0344303
0.0351024
0.0315526
0.0317633
0.03646
0.0430647
0.035112
0.0344257
0.037315
0.037006
0.0299982
0.0302356
0.0325827
0.034287
0.0333983
0.0314122
0.0300274
0.0300487
0.0293336
0.0299153
0.0319503
0.0313119
0.034451
0.0343609
0.0303697
0.030459
0.0305705
0.0291913
0.029866
0.0340132
0.0342517
0.0322397
0.0302974
0.0301408
0.0298732
0.0296611
0.0358361
0.029113
0.035208
0.0408671
0.0382122
0.0341062
0.0341136
0.035144
0.0318473
0.0333879
0.031863
0.0365935
0.035433
0.0370025
0.0310687
0.0289637
0.0291757
0.0308607
0.0353035
0.03597
0.0293414
0.0302939
0.0289351
0.0284461
0.0326929
0.0313597
0.028536
0.0294421
0.0345992
0.0448695
0.0301801
0.0305626
0.0302814
0.0339559
0.0340151
0.0374568
0.0353189
0.0359303
0.0318647
0.0383545
0.0359061
0.0305062
0.0355124
0.0314818
0.03538
0.0303496
0.0295955
0.031952
0.0318028
0.0294062
0.0304953
0.0303313
0.0325334
0.0339687
0.0320433
0.0326519
0.0307926
0.0324193
0.0345375
0.0317662
0.0300848
0.029264
0.0320101
0.0290012
0.02887
0.0318296
0.0321677
0.0344595
0.0329229
0.0336936
0.0349071
0.0304168
0.0301599
0.0383826
0.0332192
0.0392997
0.0377463
0.0312767
0.0302539
0.0305385
0.0299998
0.0310105
0.0285204
0.0290013
0.0289598
0.0317597
0.0307639
0.032543
0.0323238
0.0299053
0.0294148
0.029315
0.0288101
0.0333562
0.0336312
0.0395906
0.0336164
0.0296445
0.0299294
0.0299854
0.0299066
0.0298811
0.0310371
0.0437679
0.035204
0.0300065
0.0299158
0.0311391
0.0351857
0.0326283
0.0303669
0.0307744
0.0308762
0.0307769
0.0358432
0.0353082
0.0373756
0.0343993
0.0370903
0.0386801
0.0327729
0.0339192
0.030433
0.0309567
0.0398804
0.040288
0.0413867
0.0355331
0.0395559
0.0411369
0.0317593
0.0366443
0.0326061
0.0316854
0.039446
0.0430547
0.033484
0.0316155
0.0311096
0.0381108
0.0330648
0.0330994
0.0324623
0.0315061
0.0313985
0.0309671
0.0304255
0.030744
0.0335882
0.0355473
0.0305549
0.0397386
0.0362364
0.0380948
0.0354957
0.0352353
0.0368005
0.03518
0.031118
0.0352356
0.0372611
0.0398773
0.0403821
0.0348852
0.0364765
0.0344582
0.0370905
0.0311577
0.0329949
0.0292299
0.0305087
0.0323043
0.0358595
0.0324969
0.0329453
0.033197
0.0290069
0.033
0.0338677
0.0346514
0.0308746
0.0332792
0.0384692
0.0327603
0.0363863
0.0381773
0.0342966
0.0308388
0.03048
0.0295304
0.0297978
0.0324342
0.033945
0.0293998
0.0299058
0.030456
0.0324483
0.0369981
0.0308129
0.0297486
0.0332841
0.0331266
0.0371705
0.0328921
0.0367728
0.0356767
0.0379672
0.0315879
0.0318915
0.0301159
0.0300414
0.032058
0.0324793
0.0311027
0.0321093
0.0307534
0.0311217
0.0316832
0.0306912
0.0302405
0.0318288
0.0335652
0.0355656
0.0345375
0.0353939
0.0360651
0.0336304
0.0329516
0.0334669
0.0357285
0.0405885
0.0407128
0.0388698
0.0330604
0.0376223
0.0343124
0.0397726
0.0394495
0.0317416
0.0336036
0.0330563
0.0309599
0.03148
0.031559
0.0342212
0.0338209
0.0319391
0.0331066
0.0373724
0.0368981
0.0410309
0.03616
0.0309252
0.0304592
0.03941
0.0303853
0.0298139
0.0299757
0.0415255
0.0330393
0.0305237
0.0314843
0.0307286
0.0337166
0.0340744
0.0302895
0.0333609
0.035317
0.036689
0.0317196
0.0312826
0.0352674
0.0305788
0.0342088
0.0337311
0.0308195
0.0325458
0.0353068
0.042733
0.0394583
0.0381852
0.0393235
0.0360232
0.0365757
0.0341342
0.031189
0.0346745
0.0312131
0.0369191
0.0350575
0.0321468
0.0315826
0.0313937
0.0312486
0.0305299
0.0302713
0.0339233
0.0414813
0.0420972
0.0616607
0.0376977
0.0361333
0.0352955
0.0335874
0.0333514
0.0406629
0.0341818
0.0412363
0.0370746
0.0323027
0.0403153
0.0372515
0.0316886
0.0327443
0.0320282
0.031366
0.0369177
0.0384453
0.0356195
0.0376482
0.0368607
0.0332615
0.0373026
0.0420655
0.0385745
0.0348568
0.0392778
0.0367267
0.0360045
0.0328923
0.0320174
0.0344017
0.0333304
0.0364541
0.035424
0.0338989
0.0345321
0.0365059
0.0408138
0.0379385
0.0330189
0.0343156
0.0317872
0.0323675
0.0327948
0.0320073
0.032297
0.0349473
0.0361751
0.0342304
0.0347689
0.0327868
0.0357939
0.0349394
0.0336257
0.0364054
0.039195
0.0378231
0.042656
0.0390619
0.0337945
0.0345058
0.0320667
0.0350666
0.0316872
0.0311285
0.0408699
0.0331271
0.032964
0.0328504
0.0326074
0.033291
0.0393781
0.0341933
0.0391154
0.0338218
0.0401097
0.0435226
0.0327488
0.0353273
0.0333461
0.0359863
0.0333783
0.0367171
0.0372119
0.03664
0.0390672
0.0401961
0.0324755
0.0330765
0.0317788
0.0320597
0.0346416
0.0370477
0.038527
0.0368225
0.0365277
0.0390764
0.0461234
0.0438398
0.0318742
0.0321216
0.0322411
0.0349429
0.0338885
0.0355504
0.0378311
0.036038
0.0406054
0.0381459
0.0346438
0.0330999
0.0322849
0.0323329
0.0321953
0.0354029
0.0353154
0.0372772
0.038539
0.0411977
0.0350789
0.0445286
0.032743
0.0403516
0.0341521
0.0316455
0.0351371
0.0358808
0.0349606
0.0401626
0.0356421
0.036891
0.036138
0.0339518
0.0336986
0.0383876
0.0315629
0.0340051
0.0344468
0.0329906
0.0322478
0.031903
0.0319869
0.032947
0.0318973
0.0379516
0.0361947
0.0406998
0.0410129
0.0336636
0.0323392
0.0315319
0.0320541
0.0312206
0.0317761
0.0323416
0.0335959
0.0441731
0.0425485
0.0410075
0.0384974
0.0386422
0.0331767
0.0395073
0.0348508
0.0332333
0.0352248
0.0332443
0.0327254
0.032036
0.033574
0.033733
0.0347963
0.0389902
0.0386587
0.0352947
0.0344789
0.0380805
0.0393041
0.0394954
0.0354258
0.0318658
0.0321849
0.0319432
0.0310613
0.0385471
0.037545
0.034092
0.0336169
0.0373243
0.0382229
0.0338407
0.0370046
0.0437702
0.0374822
0.0335979
0.0325795
0.0320164
0.0349886
0.0329293
0.0377961
0.0347443
0.0351425
0.0376813
0.0342183
0.0344422
0.0617624
0.0438731
0.036323
0.0403079
0.0397339
0.0338873
0.0331577
0.0368171
0.0403012
0.0377314
0.0346009
0.0312553
0.0304464
0.0325597
0.0334986
0.0352871
0.0335502
0.0338591
0.0383823
0.0419977
0.0414209
0.0390185
0.0390485
0.0307528
0.0311427
0.0311148
0.0327335
0.0325177
0.032608
0.0333388
0.0360341
0.0350883
0.0346281
0.0390447
0.0423183
0.0421384
0.0354929
0.0365384
0.0295165
0.0432672
0.0361235
0.0350352
0.0344787
0.031486
0.0309691
0.0337917
0.0339573
0.0382626
0.0388277
0.0373849
0.0347719
0.034449
0.0331626
0.0367477
0.0397458
0.0352742
0.0298361
0.0286825
0.0289851
0.0282314
0.0332938
0.0314059
0.0288096
0.0320114
0.0323723
0.0335973
0.0349226
0.0362887
0.0358594
0.0290717
0.0266237
0.0305993
0.0277047
0.0293948
0.0293259
0.0353913
0.0309412
0.0337875
0.0312953
0.0243937
0.0241908
0.0249177
0.0297304
0.0266254
0.0288187
0.0265733
0.0283664
0.0272035
0.0294963
0.0270205
0.0298559
0.0285145
0.0303903
0.0326645
0.0303653
0.0344199
0.0321442
0.0342847
0.0367232
0.0314417
0.0417997
0.0314293
0.0277039
0.0294792
0.0294084
0.0311241
0.0305014
0.0283108
0.0309718
0.0324983
0.0277912
0.0270503
0.0273383
0.0310704
0.0332952
0.0326977
0.0329841
0.0266295
0.0269761
0.0258722
0.026653
0.0311704
0.0276868
0.0257008
0.0246208
0.0276098
0.026166
0.0270897
0.027106
0.0266856
0.0250702
0.0261388
0.0282845
0.0281767
0.0312569
0.0332316
0.0335122
0.029935
0.0607938
0.033724
0.029392
0.0344324
0.0266042
0.0268039
0.0252327
0.0286815
0.0265078
0.0269435
0.028395
0.0267679
0.0283593
0.0284097
0.0355317
0.0323916
0.0305833
0.0250621
0.025387
0.0260453
0.0260399
0.0298139
0.0267395
0.0235227
0.0268885
0.0306686
0.0248185
0.0289214
0.026408
0.0314116
0.0350011
0.0245124
0.0289285
0.0277941
0.0277719
0.0227339
0.021356
0.0231029
0.0206099
0.0233176
0.0215099
0.0225193
0.0224834
0.0238173
0.0225747
0.0228775
0.0287223
0.031203
0.0210375
0.0202225
0.0218044
0.019964
0.0231409
0.0183877
0.0226092
0.0198975
0.0189826
0.0219611
0.0189232
0.0196103
0.0204267
0.0233792
0.0248822
0.0222389
0.023688
0.0315631
0.0215072
0.0188903
0.0197433
0.0190307
0.0187919
0.0170736
0.0191274
0.0222029
0.0198225
0.0211956
0.0211668
0.0198855
0.021677
0.0198743
0.019668
0.0217559
0.0198119
0.0225638
0.0198719
0.020481
0.0236726
0.0199699
0.0229824
0.0196426
0.0232486
0.0206804
0.0230097
0.0203812
0.0244257
0.0271683
0.0234447
0.0243242
0.0274774
0.0255874
0.0274979
0.0244706
0.0220493
0.0243452
0.027929
0.0265597
0.0264309
0.0233925
0.0278816
0.0277078
0.0278049
0.0263269
0.025666
0.0211714
0.0258475
0.0214874
0.0252818
0.0240589
0.0263087
0.0287882
0.0269275
0.0241759
0.0267345
0.0247531
0.0247839
0.0242302
0.0239106
0.0228869
0.0252864
0.0242602
0.0245968
0.0233383
0.0240884
0.0250576
0.024824
0.0256816
0.0388753
0.0320774
0.027562
0.0257131
0.026804
0.0262706
0.026196
0.0313814
0.0255254
0.0281698
0.0257311
0.0311593
0.0295693
0.0282307
0.0285869
0.0299134
0.0281348
0.031572
0.0311789
0.0284459
0.0276806
0.0308403
0.0309077
0.0359118
0.0317603
0.0310965
0.0312959
0.033733
0.031092
0.033297
0.0326274
0.0329518
0.0307197
0.0271184
0.0275282
0.0268721
0.0277319
0.0379541
0.03106
0.0322805
0.0290556
0.0285546
0.0310557
0.0280744
0.0279552
0.0288388
0.0293972
0.0282801
0.0313913
0.0335269
0.034721
0.0323711
0.0332021
0.0364683
0.0338607
0.0339742
0.0313506
0.0323129
0.0356564
0.0346575
0.0396699
0.0301998
0.0337758
0.0335175
0.029776
0.0302179
0.0300832
0.0294226
0.0342097
0.0322512
0.0344615
0.0320556
0.0335644
0.0322756
0.0314048
0.0325916
0.031374
0.0329112
0.0344485
0.0356199
0.0400309
0.0423894
0.0387056
0.03494
0.0358392
0.0323707
0.0321059
0.0325778
0.0349166
0.0340609
0.033717
0.034898
0.0376795
0.0326803
0.0319686
0.0309139
0.031481
0.0314917
0.0307843
0.0323211
0.0340316
0.0329163
0.0326267
0.0337195
0.0332432
0.0342828
0.0334735
0.0370252
0.0325139
0.0381268
0.03631
0.032331
0.0339089
0.03207
0.031762
0.0316022
0.0314859
0.0331413
0.0349126
0.0347909
0.0406611
0.0412388
0.0324805
0.0339924
0.0427682
0.0312057
0.0316019
0.031986
0.031162
0.0337417
0.0346689
0.0363161
0.0371143
0.0340409
0.0345854
0.0346199
0.0347484
0.0353339
0.0395368
0.0358174
0.0358535
0.0356965
0.0327862
0.0317174
0.0333932
0.0324353
0.0329768
0.0327751
0.0345534
0.0359019
0.0401055
0.0372959
0.0349804
0.0335761
0.0341148
0.0362874
0.031593
0.0328673
0.0333286
0.0364597
0.0363665
0.0328916
0.0357284
0.0348581
0.0364001
0.035359
0.0326895
0.0354462
0.035886
0.0345974
0.033869
0.0358235
0.0329541
0.0324
0.034084
0.0325537
0.0347099
0.0335815
0.0626821
0.0391077
0.0406429
0.0351784
0.0348262
0.0344367
0.034806
0.0341645
0.0309126
0.0329493
0.0347135
0.0377457
0.0330431
0.0368317
0.0325186
0.0342965
0.0356508
0.0319678
0.0328032
0.0350508
0.0347077
0.0383236
0.0366462
0.0413491
0.0401685
0.0353046
0.0351831
0.0323671
0.0325021
0.0322535
0.0315645
0.034443
0.0356628
0.0337948
0.0327055
0.0334824
0.0343829
0.0347793
0.0357635
0.0393922
0.0387577
0.0437485
0.0365524
0.0352536
0.0351756
0.0323519
0.0315495
0.0326568
0.0329577
0.0328098
0.0329689
0.0373212
0.0351211
0.033544
0.036278
0.0341189
0.0347003
0.0347463
0.0338526
0.0389043
0.040078
0.0393604
0.0358422
0.0349157
0.0382247
0.0315468
0.0331051
0.0358505
0.0318507
0.031517
0.0351478
0.0376459
0.037163
0.0395294
0.0371503
0.0378799
0.0353301
0.0411079
0.0340183
0.0326018
0.0377238
0.0384506
0.0326439
0.0346078
0.0343293
0.0381745
0.0353634
0.0373238
0.0360494
0.0353121
0.0375525
0.0395987
0.0364699
0.0380186
0.0356971
0.0336734
0.0340832
0.0356196
0.0332532
0.032622
0.0327475
0.0335618
0.0404781
0.0378895
0.0431108
0.0411895
0.0353483
0.0378763
0.0399072
0.035395
0.0343469
0.0348096
0.0428002
0.0467604
0.0366717
0.0336574
0.0327119
0.032361
0.0319478
0.0322772
0.0336475
0.0375376
0.0340035
0.0374705
0.0337498
0.0360115
0.034688
0.0397156
0.0384847
0.03512
0.037542
0.0336276
0.0423234
0.0375247
0.0354689
0.0338461
0.0331357
0.0319938
0.0322064
0.0326121
0.0365968
0.0383874
0.039123
0.0352719
0.0355276
0.0354366
0.037926
0.0340731
0.0316262
0.0310437
0.0312082
0.0335709
0.0378261
0.0346896
0.0334221
0.0324123
0.0331897
0.0317026
0.0322289
0.0373432
0.0377219
0.0376463
0.0355828
0.034466
0.0370151
0.0363431
0.0367848
0.0332358
0.0335965
0.0331853
0.035458
0.035394
0.0337529
0.0330759
0.0342445
0.0382703
0.037228
0.0334429
0.0331183
0.0356574
0.0362157
0.0380506
0.0387709
0.0368242
0.0342189
0.0341122
0.0335383
0.0374046
0.0357406
0.0378812
0.0424083
0.0383318
0.0334745
0.0344435
0.032822
0.0339419
0.033083
0.0323087
0.0334306
0.0378566
0.0375021
0.0376127
0.0380862
0.0385035
0.0448837
0.0316691
0.031803
0.0371232
0.0362111
0.034025
0.0342754
0.0328517
0.0396394
0.035261
0.0363572
0.0347803
0.0355022
0.0372609
0.0371332
0.0378957
0.0333422
0.0340108
0.0329634
0.0327872
0.0333829
0.0393326
0.0350356
0.035152
0.0422427
0.0442413
0.0375134
0.0332562
0.033689
0.0323354
0.0341085
0.0323019
0.034854
0.037603
0.0358171
0.0368914
0.0356759
0.0345582
0.0341978
0.0326652
0.0325287
0.0317003
0.0353074
0.0351691
0.0346444
0.0373849
0.0398597
0.035231
0.0335459
0.0327246
0.0325286
0.0345264
0.0325727
0.0356951
0.0363427
0.0376918
0.041834
0.0426351
0.0396399
0.0371319
0.042287
0.0355465
0.0347266
0.0343023
0.0379027
0.037539
0.0413109
0.0335349
0.0328491
0.0329991
0.0348536
0.0346578
0.0333389
0.035134
0.0336594
0.0382324
0.0391667
0.037406
0.0402479
0.0396469
0.0409488
0.0349856
0.03598
0.034257
0.032152
0.0325321
0.0399874
0.0376952
0.037707
0.0346907
0.0357997
0.0361515
0.0349901
0.0367143
0.0365669
0.0365358
0.0419186
0.041372
0.0433217
0.0362417
0.0355614
0.0339133
0.032077
0.0346
0.0340213
0.0416723
0.0389455
0.0385578
0.0370747
0.0335228
0.033991
0.0332572
0.0359379
0.0344778
0.0342387
0.0372861
0.0404516
0.0386896
0.0344836
0.0407549
0.0322319
0.0337683
0.0315346
0.0346543
0.0376666
0.0393481
0.0374193
0.0371405
0.0380922
0.0369158
0.0364778
0.0339144
0.0333185
0.0342416
0.0397972
0.0354965
0.0360712
0.0355998
0.034769
0.0334694
0.0355111
0.0614434
0.038336
0.0656038
0.0424475
0.0387453
0.0403872
0.0366597
0.034637
0.0349648
0.0340641
0.0340125
0.0319832
0.0348704
0.0354934
0.0410389
0.0355058
0.0346331
0.0332112
0.0349401
0.037258
0.0412176
0.0360513
0.0320925
0.0349035
0.0356699
0.0318332
0.0319503
0.0320299
0.0322779
0.0402029
0.0379756
0.0387724
0.0369413
0.036375
0.0331157
0.0355582
0.0326778
0.0325202
0.0323011
0.0346602
0.0386647
0.0364275
0.0346158
0.0353278
0.0377831
0.0338915
0.0327854
0.036464
0.0307585
0.0349261
0.036463
0.035383
0.0332064
0.0342479
0.0338166
0.034842
0.0355495
0.0354829
0.0350145
0.0371845
0.036687
0.0359341
0.0332705
0.0321001
0.0319411
0.0356956
0.0385758
0.0351036
0.0338089
0.0372326
0.0425222
0.03844
0.0348426
0.0327579
0.0358741
0.033045
0.0336126
0.0355287
0.0391658
0.0387224
0.0376768
0.0378798
0.0349534
0.0343117
0.0338096
0.0317309
0.034214
0.0316393
0.0367363
0.0367546
0.0386897
0.034659
0.039558
0.0338698
0.041204
0.0343127
0.0332689
0.0316189
0.0386299
0.0355421
0.034299
0.0351632
0.0353608
0.0361223
0.034282
0.0360078
0.0343916
0.0355096
0.0371829
0.0369005
0.0367031
0.0351676
0.0336974
0.0338717
0.0365205
0.036888
0.0359976
0.0373408
0.0487709
0.0487496
0.0368148
0.0358344
0.0376626
0.0344506
0.0333336
0.0369554
0.0362648
0.0382635
0.0435986
0.043702
0.0388461
0.0337673
0.0333695
0.0352422
0.0350663
0.0337511
0.0365091
0.0390968
0.037753
0.0367086
0.0365174
0.0383399
0.0403382
0.0361274
0.0379821
0.0377775
0.0323786
0.0390492
0.0412766
0.0360546
0.0380619
0.0392788
0.041277
0.0380692
0.0356517
0.0376767
0.0342143
0.03714
0.0383234
0.0359097
0.0387586
0.0383958
0.0360959
0.0361724
0.0392012
0.0386376
0.0354383
0.0376489
0.0423483
0.0350713
0.0346606
0.0344221
0.037984
0.0377169
0.0365287
0.0360493
0.0377498
0.0363217
0.0375506
0.0365589
0.0351839
0.0347154
0.0356157
0.0345752
0.0339525
0.036615
0.0352892
0.0423697
0.0451044
0.0421747
0.0335576
0.0327508
0.033215
0.0343549
0.0330001
0.0360777
0.0349808
0.0395243
0.0457197
0.0368635
0.0344534
0.0320724
0.0313106
0.0321486
0.0342758
0.0379197
0.0364442
0.0372696
0.0307212
0.0315952
0.0301028
0.0333184
0.0329939
0.0314706
0.0337042
0.0338801
0.0352729
0.0351262
0.0304813
0.0311017
0.0354391
0.0319994
0.0307036
0.0324223
0.0309193
0.0328764
0.0356951
0.0359838
0.0324248
0.0398998
0.0322375
0.0312927
0.0329594
0.0334126
0.0331166
0.0345521
0.0327734
0.0325693
0.0325401
0.035505
0.0340336
0.0362718
0.0344828
0.0375103
0.0354433
0.0373702
0.0336469
0.0332954
0.0316242
0.0347183
0.0343476
0.0355538
0.0392641
0.0393675
0.0395377
0.0359544
0.0364626
0.0329256
0.0339941
0.0325297
0.0325014
0.0330738
0.0347034
0.038707
0.0396839
0.0358374
0.0377194
0.0377762
0.0399246
0.0371403
0.0336548
0.0347255
0.0340783
0.0360782
0.0388589
0.0381671
0.0377091
0.0390454
0.0402708
0.0349708
0.0342318
0.0335274
0.034128
0.0358146
0.0374152
0.0394845
0.0368817
0.0378473
0.036794
0.038443
0.0363638
0.0339098
0.0349185
0.0362623
0.0383717
0.0350991
0.0355802
0.0366422
0.0404287
0.0388788
0.0406284
0.0381838
0.036913
0.0344473
0.0439926
0.0362399
0.0359356
0.0360411
0.0378954
0.0377559
0.0362443
0.0367003
0.0368338
0.0370153
0.0432174
0.0431019
0.038507
0.0367316
0.0360429
0.0354359
0.0351669
0.0363225
0.0374746
0.0371558
0.0445264
0.0468836
0.037744
0.0368702
0.0369562
0.0356974
0.0349293
0.0349341
0.0371696
0.0393742
0.0405902
0.043206
0.0404258
0.0427748
0.0356792
0.038782
0.0361358
0.0368568
0.0376217
0.0353849
0.0354668
0.0372081
0.0387001
0.0409549
0.0377152
0.0384208
0.0403197
0.0337381
0.0376172
0.0370134
0.0342529
0.046848
0.0414366
0.0400241
0.0419201
0.0359103
0.0362972
0.0337922
0.0361389
0.0339974
0.0338166
0.0463999
0.0401431
0.0394126
0.0381255
0.0355413
0.0362715
0.0331041
0.0341874
0.0334637
0.0350023
0.0412967
0.0391159
0.0393482
0.036302
0.0386076
0.0382936
0.0363633
0.041096
0.039472
0.035903
0.0352008
0.0355826
0.0362349
0.0350028
0.0368629
0.0373888
0.0361769
0.0357968
0.0396523
0.0383975
0.0397862
0.0393169
0.0365774
0.0353501
0.0372104
0.0350347
0.0355696
0.0359644
0.03815
0.0362971
0.0382865
0.0529967
0.0352631
0.0362103
0.0352837
0.0346849
0.0364241
0.0362459
0.037793
0.0364923
0.0388547
0.0423108
0.0470257
0.0390211
0.03574
0.0357384
0.0352818
0.0347537
0.0350119
0.0360343
0.0369488
0.0426769
0.0452752
0.0397825
0.0349999
0.0347086
0.034426
0.0341872
0.0363542
0.0387654
0.0367462
0.0386031
0.0399856
0.0371914
0.0363596
0.0355032
0.036489
0.0378421
0.0370291
0.0379332
0.0387829
0.0395958
0.0378049
0.0353432
0.0350374
0.0346653
0.0367257
0.0360535
0.0362541
0.0364985
0.0410316
0.0415392
0.0406881
0.0359582
0.0357323
0.0367577
0.0382531
0.035928
0.0363462
0.0406998
0.039976
0.0380685
0.0345325
0.0342157
0.0360145
0.0340381
0.0349135
0.0385071
0.0350848
0.0389848
0.0417117
0.0383732
0.0391324
0.0376857
0.0348408
0.0337338
0.0339044
0.0338076
0.0373084
0.0367639
0.0399542
0.0348791
0.0348293
0.0416671
0.0338263
0.0343167
0.0348022
0.0332128
0.0355307
0.0379685
0.040906
0.0380489
0.0357129
0.0368154
0.0358723
0.0377122
0.0338706
0.033902
0.0344384
0.0360817
0.0359324
0.0389161
0.038037
0.0417762
0.0394754
0.0404512
0.0352215
0.0342184
0.0341782
0.034066
0.0365672
0.0371505
0.0381306
0.0389269
0.0362815
0.0377362
0.03954
0.0386017
0.0415462
0.0369681
0.0429868
0.0404127
0.0391102
0.0363552
0.0379139
0.0356075
0.0356884
0.035197
0.036258
0.0380369
0.0432653
0.0399849
0.0383773
0.0361543
0.0346308
0.0351703
0.0361093
0.0383777
0.0398039
0.0473276
0.0441294
0.0458658
0.0507076
0.0377047
0.0363111
0.0355119
0.035904
0.0366599
0.036663
0.0393193
0.045561
0.042847
0.0373332
0.0346903
0.035388
0.0384829
0.0370735
0.0357976
0.0373525
0.0407619
0.0403102
0.0396896
0.0402576
0.0347298
0.0356624
0.0338795
0.0359922
0.0409698
0.0391923
0.038315
0.0406544
0.0430873
0.0377685
0.040929
0.0342287
0.0346853
0.0364637
0.0391962
0.0362258
0.0427023
0.0365809
0.0376864
0.0340511
0.0339727
0.0332554
0.0360948
0.0384043
0.0384981
0.042068
0.0359226
0.037823
0.0357954
0.0363786
0.0339202
0.0330195
0.0359584
0.0389087
0.0388871
0.0432741
0.0370013
0.0358438
0.0341487
0.035156
0.0372261
0.0383561
0.0394995
0.0383896
0.0430764
0.0362547
0.0369964
0.0368115
0.0385629
0.039211
0.0379681
0.0632614
0.0402465
0.0383181
0.0442292
0.0396243
0.036044
0.0392138
0.0378146
0.0386794
0.0404639
0.0410066
0.0407656
0.049659
0.0375046
0.0373346
0.0355153
0.0363485
0.0388941
0.0390768
0.0410139
0.0381312
0.0371084
0.0426562
0.0385007
0.0403591
0.036299
0.0361369
0.0378974
0.0394356
0.0371319
0.0399279
0.0364039
0.0413848
0.0374261
0.0347805
0.0360615
0.0360127
0.0379233
0.0407692
0.0400574
0.0545596
0.035933
0.0347858
0.0340716
0.0367556
0.0352524
0.0357589
0.0385102
0.0460543
0.038813
0.0328223
0.0332265
0.0375019
0.0343791
0.0339156
0.0350593
0.0376426
0.0365889
0.0482675
0.0373644
0.0322268
0.0329804
0.0351681
0.0421613
0.0333832
0.0370067
0.0370501
0.0357772
0.0414186
0.0389455
0.0353237
0.0375012
0.0350333
0.0364202
0.0374554
0.0386684
0.0365206
0.0363035
0.0420222
0.0383358
0.0352168
0.0341609
0.0344778
0.0330191
0.0355421
0.0361816
0.0372618
0.0370738
0.0374117
0.0366761
0.0390511
0.0346453
0.0345134
0.0368562
0.0361689
0.0362186
0.0395789
0.0414053
0.0391979
0.0344818
0.036024
0.0339257
0.0333692
0.0333217
0.0353489
0.037653
0.0362025
0.0439216
0.0388778
0.0357293
0.0338491
0.0335766
0.0326808
0.0343227
0.0360128
0.0351541
0.0363232
0.0370873
0.0428691
0.0429817
0.0341897
0.0332668
0.0328048
0.0325587
0.0324211
0.0355073
0.0359584
0.0364573
0.0411961
0.0396013
0.0371539
0.0343909
0.0323409
0.0332433
0.0331969
0.0345543
0.039323
0.0368534
0.0358631
0.0363251
0.0335693
0.034404
0.0336334
0.0355186
0.0621253
0.0371123
0.0351054
0.0359192
0.0412378
0.037086
0.0365616
0.032657
0.0326862
0.0366037
0.0345091
0.037844
0.0370437
0.0348977
0.0370264
0.0367049
0.0349795
0.0330176
0.0326839
0.0357044
0.0359531
0.0339554
0.0412728
0.0341398
0.0362646
0.034182
0.0338839
0.0333807
0.0366551
0.0348356
0.035858
0.0348807
0.0330078
0.0422035
0.0335695
0.0341831
0.0349249
0.0357643
0.035161
0.0391008
0.0407434
0.0350449
0.0360208
0.0323659
0.0352382
0.0357835
0.0353359
0.0359257
0.0348583
0.0376798
0.0328663
0.0335496
0.0348439
0.038693
0.0377222
0.0363677
0.034321
0.0350623
0.0326177
0.0361682
0.0355527
0.0394497
0.0417592
0.0393632
0.0410368
0.0381918
0.0376276
0.0347666
0.0343897
0.0344789
0.0381504
0.0425851
0.0383977
0.0371743
0.0414343
0.0387594
0.0342434
0.0399342
0.0372423
0.0369673
0.0407177
0.0431781
0.04286
0.0384945
0.0389068
0.0364303
0.0357599
0.0371668
0.0379427
0.0374886
0.0372972
0.0431757
0.0409769
0.0381561
0.0372153
0.0364449
0.0366517
0.0356972
0.0374254
0.0409263
0.03681
0.0402927
0.0455571
0.0413741
0.0389292
0.0392232
0.038308
0.0395193
0.04335
0.0410048
0.0362561
0.0362394
0.039747
0.0444785
0.0420769
0.0383306
0.0382147
0.0393707
0.0374456
0.0360674
0.0374539
0.0385751
0.0431451
0.0504297
0.0405344
0.0369365
0.0372257
0.0382332
0.0401464
0.0642974
0.0399966
0.0426317
0.0417818
0.0413561
0.0401146
0.0381254
0.0382411
0.0376294
0.0399453
0.0373098
0.0391381
0.0349329
0.0374106
0.0379927
0.0429895
0.0419126
0.0376554
0.0362254
0.0355398
0.039341
0.0372723
0.0363624
0.0432515
0.0437021
0.0383822
0.0394006
0.0341086
0.0347151
0.0353942
0.0431938
0.0401221
0.0431
0.0359427
0.04064
0.0409546
0.0348967
0.0391118
0.0429043
0.0425216
0.036945
0.0362665
0.0380527
0.0361226
0.035692
0.0396702
0.0408622
0.0416172
0.0352257
0.0343419
0.034154
0.034648
0.0354207
0.0362511
0.0350606
0.0367214
0.0331434
0.0314591
0.0308834
0.0336998
0.0356751
0.0377765
0.0340968
0.0332577
0.0318211
0.0329966
0.0317707
0.0335122
0.036639
0.0378958
0.0323217
0.0314811
0.0314281
0.0316808
0.0291245
0.0295161
0.0308557
0.034042
0.0344604
0.0316009
0.0283364
0.0286551
0.0333546
0.0342172
0.032478
0.035943
0.0379674
0.0349265
0.0423686
0.0417443
0.0317743
0.0357259
0.0340095
0.0306612
0.0315622
0.0377323
0.0314608
0.0318732
0.0278016
0.0321644
0.0292992
0.0325179
0.0304423
0.0358635
0.0323484
0.0314649
0.0303278
0.0296949
0.0319694
0.0291765
0.0287197
0.03071
0.0295899
0.0339914
0.031296
0.0301804
0.0332902
0.0296877
0.0298804
0.0314675
0.0272624
0.0288045
0.0313613
0.0331018
0.0316699
0.0290693
0.0273955
0.0287937
0.0304336
0.0307642
0.0297856
0.0314436
0.0299305
0.0296542
0.0300006
0.030188
0.0335985
0.0282822
0.0418499
0.0306327
0.0302061
0.0304911
0.0282505
0.032271
0.033
0.0320939
0.0330075
0.0291999
0.0280339
0.0273976
0.0303757
0.0352358
0.0359789
0.0355072
0.0359859
0.0294061
0.0286683
0.0315078
0.0319121
0.0315031
0.0327957
0.0327464
0.0302981
0.0298156
0.0312461
0.0312157
0.0321433
0.030012
0.0295198
0.031638
0.0370155
0.032822
0.0297449
0.0287908
0.0302738
0.0299304
0.0316563
0.036271
0.0340259
0.032021
0.0316641
0.0312639
0.0281192
0.0323005
0.0379096
0.0336749
0.0315841
0.0282658
0.0278472
0.0309183
0.0336664
0.0340255
0.0317422
0.0290983
0.0295844
0.0309302
0.0297848
0.0273959
0.0310642
0.033195
0.0336364
0.0363987
0.0304401
0.0309532
0.0275627
0.026644
0.0290361
0.0277527
0.0284719
0.0354153
0.0254973
0.0309205
0.0294436
0.0278063
0.0296141
0.0296612
0.0316211
0.0290453
0.0279001
0.0284954
0.0329002
0.0281156
0.0259956
0.0290311
0.0327578
0.0320138
0.0280625
0.0255681
0.0244739
0.0260826
0.0312217
0.0314482
0.0305184
0.0297933
0.0283017
0.0267525
0.0258612
0.0291215
0.0332041
0.0298462
0.0321547
0.0362472
0.0274996
0.0272753
0.0270901
0.0266999
0.0296726
0.031415
0.0295183
0.029988
0.0264147
0.0258194
0.0290995
0.0316299
0.0305487
0.0342027
0.0394635
0.0269435
0.0257324
0.0259032
0.025305
0.0263301
0.0286335
0.029221
0.0328058
0.0309321
0.0402284
0.0311727
0.0299233
0.0269268
0.0268123
0.0324146
0.0293542
0.0315834
0.0323155
0.0318881
0.0286183
0.0272978
0.0299868
0.0285753
0.0284195
0.0310494
0.0348425
0.0349315
0.0291356
0.0282788
0.0289993
0.0342519
0.0305007
0.0323513
0.0346898
0.034243
0.0316051
0.0291967
0.0292888
0.0344755
0.0391063
0.0355638
0.0345727
0.0325658
0.0328612
0.0328426
0.0375701
0.0393885
0.0424204
0.0377621
0.0332143
0.0315764
0.033234
0.0360585
0.0340794
0.0325151
0.0391905
0.029046
0.0355675
0.0335839
0.0361488
0.0328455
0.0371824
0.0338667
0.0338861
0.0294237
0.0293415
0.0328906
0.0376221
0.0340669
0.0349886
0.0324994
0.0316459
0.0307515
0.0334083
0.0312175
0.0346782
0.035923
0.0366501
0.0326864
0.031085
0.0313028
0.0326498
0.0371438
0.0399614
0.0419088
0.0366136
0.0336171
0.0333402
0.0333019
0.0359488
0.0413498
0.0446674
0.0386508
0.0470786
0.0416923
0.0375113
0.0404773
0.0423162
0.0390691
0.0438865
0.0473781
0.0429353
0.0410448
0.0358164
0.0380351
0.0392125
0.0405283
0.0384717
0.0337334
0.0393393
0.0371319
0.0376475
0.0371755
0.0379276
0.0394756
0.0373713
0.0319984
0.0340749
0.0324015
0.038494
0.0366816
0.0360665
0.0331456
0.0310872
0.0301355
0.0341572
0.0321002
0.039173
0.0349431
0.0348806
0.0305327
0.0333975
0.0301852
0.0301422
0.0326653
0.0377575
0.0332517
0.0300909
0.0296368
0.0313388
0.0348685
0.0346539
0.0351331
0.0367965
0.0344039
0.0422845
0.0361186
0.0333426
0.0311299
0.0346712
0.0375918
0.036035
0.0372471
0.0401112
0.0357945
0.0362352
0.034493
0.0345178
0.0376415
0.0357349
0.0360444
0.035227
0.0337148
0.0325287
0.0308815
0.0310659
0.0345894
0.036227
0.0393999
0.0336089
0.0343304
0.0348084
0.0331595
0.0336502
0.034971
0.0354409
0.0380356
0.0436997
0.0428141
0.0338416
0.0334807
0.0345027
0.0375856
0.0372165
0.0368177
0.037222
0.0339801
0.0430352
0.0356728
0.0375159
0.0401724
0.0384089
0.0327919
0.033764
0.0362103
0.0333918
0.0349731
0.0413977
0.0424565
0.040885
0.0361729
0.0342435
0.0339091
0.0369167
0.0415236
0.0419816
0.0364249
0.0335139
0.035234
0.0354757
0.0439607
0.0402119
0.0403637
0.0390582
0.0351949
0.0376217
0.0393585
0.0391811
0.0434798
0.0419506
0.0515253
0.037906
0.037997
0.0382144
0.0396398
0.0399596
0.0407502
0.0398707
0.0441685
0.0390751
0.040028
0.0388956
0.0404871
0.0432213
0.0428021
0.0396552
0.0382742
0.0384598
0.0392861
0.0415738
0.0385962
0.0382888
0.0427346
0.0373754
0.0407334
0.0365686
0.0388458
0.0431021
0.0413363
0.0383316
0.0387963
0.0337916
0.0356621
0.0454866
0.0400355
0.0353286
0.0342254
0.03547
0.0357282
0.0334646
0.0358935
0.0350526
0.0357233
0.0365011
0.0381382
0.0349222
0.036749
0.0333998
0.0378077
0.0424672
0.0370496
0.0362057
0.0369462
0.0388603
0.0426038
0.0443659
0.0407547
0.0408095
0.0383703
0.0381106
0.0376086
0.0382116
0.0467083
0.0451553
0.0414054
0.0418344
0.0380389
0.0369907
0.0373295
0.0384135
0.0408331
0.0419263
0.0378019
0.0403795
0.0441126
0.0455334
0.0443375
0.0373144
0.0345954
0.0350316
0.0359148
0.0383975
0.041189
0.0406559
0.0412706
0.0381883
0.0394685
0.0361635
0.0395334
0.0392311
0.0402943
0.0383059
0.0357405
0.0353816
0.044081
0.0434354
0.0465558
0.0393977
0.0357185
0.0369921
0.0428117
0.0438681
0.0419883
0.0405781
0.0388986
0.0414067
0.04049
0.0406249
0.0428703
0.0432205
0.039328
0.0398319
0.0443352
0.0443379
0.0414232
0.0445197
0.0393364
0.0372579
0.0370206
0.0369538
0.0399384
0.0420797
0.0476367
0.0436712
0.0385129
0.0375692
0.0376024
0.0390157
0.0399253
0.0482211
0.0433832
0.0394205
0.0371813
0.042404
0.0425731
0.0411508
0.0434698
0.0397516
0.0384988
0.0428347
0.0412166
0.0418952
0.0368149
0.0406114
0.0408235
0.0382388
0.0414315
0.0445312
0.0395154
0.0430242
0.0376014
0.0361785
0.034578
0.0372451
0.0415899
0.0382306
0.0388311
0.0392924
0.0398875
0.0359673
0.0380388
0.0381368
0.0395578
0.0340098
0.0345018
0.0373724
0.0386023
0.0413785
0.0449626
0.043221
0.0374626
0.0376194
0.0373696
0.0400281
0.0403728
0.0431693
0.0417595
0.0423732
0.0398463
0.0424793
0.0461789
0.0474661
0.043482
0.0377367
0.0368314
0.0365525
0.0429297
0.0388392
0.0420061
0.0368781
0.0376527
0.0354671
0.0375902
0.0460838
0.0378272
0.0368948
0.0346297
0.034598
0.0368368
0.042712
0.0396264
0.0373416
0.0355626
0.0360589
0.0361565
0.0385883
0.0443499
0.0418187
0.0379543
0.0418785
0.0420906
0.0428714
0.0466385
0.0411066
0.038263
0.0407409
0.0367823
0.0372311
0.038981
0.036868
0.0384691
0.0392063
0.0403377
0.0400876
0.0398405
0.040112
0.0386341
0.0375465
0.0370102
0.0403634
0.0473551
0.0425362
0.043077
0.0383905
0.0407468
0.0432831
0.0413757
0.0410342
0.0371504
0.0376949
0.0402824
0.0443169
0.0468756
0.0478738
0.0437107
0.0400378
0.0395738
0.0417416
0.0373298
0.0372178
0.0366585
0.0372445
0.0396815
0.0389977
0.0351526
0.0348849
0.0335326
0.0391507
0.0390625
0.039126
0.0360774
0.0362252
0.0382683
0.0369167
0.0416185
0.0403235
0.0353881
0.0371769
0.0412004
0.0387412
0.0377413
0.0385948
0.0401725
0.0396054
0.0372559
0.0367184
0.040809
0.0436575
0.045059
0.0424592
0.0418099
0.0409885
0.0387625
0.0400433
0.0427358
0.0421511
0.0391
0.0349363
0.038162
0.0412635
0.0391702
0.0407149
0.0421503
0.0374331
0.038335
0.0435417
0.0460887
0.0445735
0.0433464
0.036716
0.0358724
0.0478244
0.0431343
0.0440345
0.0402807
0.0386043
0.0400197
0.0414915
0.0450265
0.0434763
0.0444645
0.0442486
0.0403819
0.0445869
0.0424843
0.041191
0.040398
0.046089
0.0400695
0.0409066
0.039417
0.0419427
0.0427514
0.0416075
0.0396714
0.0373769
0.0366153
0.0381005
0.0436473
0.0459038
0.042105
0.0389219
0.0381471
0.0403848
0.041736
0.0396515
0.0424369
0.0405439
0.0466615
0.0416548
0.0446619
0.0443873
0.0442729
0.043755
0.0421853
0.0474263
0.0431957
0.0725743
0.0421132
0.0433766
0.040172
0.0400749
0.0396336
0.0402056
0.0445744
0.0447142
0.0440296
0.0434718
0.0431053
0.0455142
0.0476328
0.0434561
0.0413352
0.0393136
0.0412315
0.0419687
0.0415459
0.0448257
0.0441708
0.0437643
0.0472488
0.0401163
0.0397762
0.0466632
0.0432333
0.0426369
0.0408542
0.0456225
0.0407421
0.0456407
0.0464571
0.0422483
0.0417882
0.0405492
0.0395605
0.0407393
0.0424008
0.0496403
0.0429569
0.0413835
0.0415787
0.0432644
0.0445045
0.0419515
0.0439239
0.0413965
0.0378425
0.0389698
0.0450315
0.0432113
0.0498158
0.0429996
0.0421689
0.0389123
0.0383076
0.0422395
0.0445333
0.0473614
0.0481573
0.044007
0.0425988
0.0422496
0.0425233
0.0431716
0.044284
0.0456239
0.0453258
0.041308
0.0419101
0.0424151
0.0441001
0.0479266
0.0400311
0.0395377
0.0425843
0.0436412
0.0429793
0.0454172
0.0461166
0.041363
0.0430301
0.0469553
0.0488437
0.0445996
0.0405547
0.039443
0.0412956
0.0430455
0.0446237
0.0444646
0.0434746
0.0407299
0.0422436
0.0464052
0.0452903
0.0438533
0.0458665
0.0416021
0.0396735
0.0458767
0.0493636
0.0469459
0.0459842
0.0410231
0.0429647
0.0432159
0.0447204
0.0448743
0.0401418
0.044923
0.0405186
0.0421407
0.0511805
0.0434298
0.0426159
0.0417394
0.0424321
0.0406342
0.042766
0.0437419
0.0441828
0.0464423
0.0416513
0.0456868
0.0439962
0.0488918
0.0431302
0.0377108
0.0429094
0.0434252
0.0489084
0.0482136
0.0421357
0.0402261
0.0389743
0.0417317
0.0429897
0.0411625
0.044206
0.0444545
0.0438409
0.0462518
0.050971
0.0449982
0.040648
0.0410871
0.0404236
0.0432287
0.0482062
0.0512145
0.0596501
0.0470437
0.0414178
0.0409766
0.0423181
0.0426036
0.0505788
0.0440598
0.0472773
0.0427698
0.0467837
0.0462036
0.0518714
0.0476056
0.0430424
0.0420861
0.0414111
0.0441812
0.0446798
0.0436107
0.0443922
0.0484118
0.0450932
0.0428313
0.0445539
0.0460154
0.0459041
0.0426935
0.0435656
0.0538449
0.0520107
0.0456976
0.0483481
0.0428344
0.0409297
0.046897
0.0483779
0.0431925
0.0402287
0.0401619
0.0434472
0.0460713
0.0476054
0.0501436
0.0428608
0.0429389
0.0446917
0.0463562
0.0436805
0.0461195
0.0399831
0.0430099
0.0426495
0.0445648
0.0462433
0.0412339
0.0402705
0.0432111
0.0435314
0.0489249
0.0434409
0.0445668
0.0436419
0.0487283
0.0484324
0.0460687
0.041914
0.0414894
0.0462268
0.0461281
0.0465905
0.0425709
0.0428333
0.0433374
0.0491295
0.0514482
0.0444403
0.0421547
0.0442313
0.0411053
0.0461885
0.0450487
0.0533858
0.0432885
0.0448717
0.0436421
0.0463889
0.0459637
0.0423355
0.0430845
0.041475
0.0425551


mean tracking time: 0.0367581
median tracking time: 0.0362561
Q1 tracking time: 0.032671
Q3 tracking time: 0.0408412