0.0119364
0.014162
0.0133841
0.0150725
0.012111
0.0124109
0.0125619
0.0121897
0.0122205
0.0128131
0.015047
0.0137596
0.0126987
0.0155797
0.0158761
0.0131534
0.0121917
0.0154441
0.0137312
0.0138611
0.0155551
0.0155312
0.0144305
0.0150025
0.0157773
0.0164914
0.0150612
0.0156458
0.0148117
0.0136813
0.0149824
0.0129197
0.0140301
0.0152929
0.0144224
0.0124931
0.0143627
0.0127924
0.0137985
0.0146956
0.0146563
0.0131793
0.0156572
0.0129355
0.0155575
0.0162649
0.0152031
0.0133032
0.0156952
0.014331
0.0129497
0.0113037
0.0154398
0.0163047
0.0122656
0.0137678
0.0123158
0.0124104
0.0123406
0.0123647
0.0151684
0.0134146
0.0158638
0.0159597
0.0119106
0.0123067
0.0131478
0.0150334
0.0135297
0.0145415
0.0151755
0.0151423
0.0148625
0.0131735
0.0119808
0.0145138
0.0148496
0.0152222
0.0155473
0.0139875
0.0140268
0.0154206
0.0148736
0.014327
0.0129773
0.0131723
0.014334
0.0151154
0.0147546
0.0151971
0.0143211
0.0172149
0.0217334
0.0159732
0.0151166
0.014702
0.0142203
0.0140385
0.0154565
0.0142544
0.015939
0.015077
0.0156232
0.0205093
0.0172793
0.0176352
0.0178931
0.0182001
0.0156568
0.0233914
0.0155675
0.016263
0.0136759
0.0156617
0.015205
0.0155421
0.0167655
0.0161866
0.0259338
0.0226512
0.020743
0.0224329
0.0204035
0.0224773
0.0236498
0.0223952
0.0229968
0.0218802
0.022559
0.0229744
0.0227781
0.0220968
0.0230977
0.0220777
0.0226886
0.022209
0.022954
0.0223789
0.0215513
0.0223001
0.0236743
0.0216067
0.0237658
0.021335
0.0211036
0.0228463
0.0231253
0.0254275
0.0235673
0.0233942
0.0208473
0.0215868
0.0209992
0.0233091
0.0247616
0.0217592
0.023229
0.0232564
0.0232184
0.0203402
0.0211923
0.0212617
0.0210013
0.0210023
0.019464
0.0201946
0.0227681
0.0189705
0.0227114
0.0221356
0.0224534
0.0200115
0.0244505
0.0194876
0.0194797
0.0191934
0.019063
0.0220919
0.0228198
0.0193271
0.020023
0.0191814
0.0205483
0.0234281
0.0227004
0.0203263
0.024133
0.0238871
0.0218446
0.0221016
0.0203034
0.0221186
0.0221286
0.0219299
0.022342
0.0233799
0.0213049
0.0241416
0.0213708
0.0232179
0.02072
0.022014
0.0212822
0.0229338
0.0235499
0.0213018
0.0233663
0.0268062
0.0213477
0.0232159
0.0237416
0.0217525
0.0249046
0.0291882
0.0252107
0.0267334
0.0212037
0.023459
0.025226
0.0228022
0.0219471
0.0228855
0.0211317
0.0219115
0.0232635
0.0241146
0.0233086
0.0224507
0.0219764
0.0221275
0.0218942
0.0226397
0.0211076
0.0249287
0.0238414
0.0213645
0.0200688
0.0213669
0.0250554
0.0235567
0.0234603
0.0212217
0.0211622
0.0230815
0.0219534
0.0202823
0.0228639
0.0238124
0.0216824
0.0194757
0.0257622
0.0196142
0.0246445
0.0226157
0.0184601
0.0199583
0.0248794
0.0183038
0.0223992
0.0237834
0.0198835
0.0182997
0.0214142
0.0228001
0.0201591
0.018454
0.0216087
0.0217986
0.0238365
0.01779
0.0229161
0.0211728
0.0180764
0.0200147
0.0234742
0.0189049
0.0231842
0.0205377
0.019069
0.0216731
0.0217292
0.023123
0.0197812
0.0248693
0.0246238
0.0235193
0.0248849
0.0204726
0.0217705
0.02532
0.0228447
0.0239146
0.0222673
0.0245119
0.0194445
0.0234651
0.0235585
0.0254144
0.0226897
0.0239998
0.0235237
0.0239103
0.0203758
0.0242998
0.0223512
0.025623
0.0206856
0.0258157
0.0231458
0.0226636
0.0266721
0.020169
0.021773
0.0237824
0.0224774
0.0224705
0.0234799
0.0233965
0.0222345
0.0255248
0.0243304
0.0217918
0.0207264
0.0226103
0.025063
0.0225207
0.0202925
0.0272781
0.0241333
0.0236082
0.022608
0.0250451
0.0250461
0.0244616
0.02329
0.0227515
0.0232389
0.0245984
0.0223922
0.0226005
0.0212251
0.0220186
0.0220704
0.0210077
0.021705
0.0242766
0.02476
0.0233084
0.0208342
0.0195762
0.0217844
0.0246304
0.0190496
0.0207691
0.0247133
0.0224469
0.0235445
0.0235343
0.0222558
0.0230066
0.0235882
0.0206545
0.0200753
0.0214066
0.0224826
0.021988
0.0228369
0.0221252
0.0210945
0.0195518
0.0214672
0.0209486
0.0216455
0.0215333
0.023787
0.0260042
0.0220254
0.0251338
0.0246717
0.0247527
0.0250591
0.022914
0.0255749
0.025525
0.0238107
0.0228336
0.0242333
0.0258722
0.0258556
0.0263478
0.0254868
0.0245624
0.0255165
0.0239817
0.0241277
0.0226238
0.0215332
0.023529
0.0232512
0.0225109
0.0223586
0.0200995
0.0240042
0.0249787
0.0249816
0.022897
0.0228602
0.0263239
0.0209098
0.0223027
0.0258792
0.0243886
0.0234284
0.0211054
0.0237991
0.0273093
0.0213904
0.0255853
0.0262807
0.0248224
0.0237103
0.0258038
0.0253288
0.0213229
0.0222176
0.0244493
0.0254105
0.019876
0.0241038
0.023349
0.0244471
0.0221551
0.022099
0.0248358
0.0197618
0.0208373
0.0218449
0.0217012
0.0225414
0.022383
0.0249003
0.0228208
0.0233187
0.023401
0.0228264
0.0227738
0.0210157
0.0204584
0.0236687
0.0235322
0.0235073
0.0224833
0.025451
0.0205738
0.022233
0.0238122
0.0214319
0.022919
0.0240291
0.0205966
0.0220381
0.0218586
0.0226246
0.0258819
0.0254654
0.0256944
0.0224723
0.021651
0.0246397
0.0236082
0.0250759
0.0230766
0.0267849
0.0252312
0.0217382
0.0240444
0.0241774
0.0220855
0.021026
0.0231939
0.0220021
0.0204221
0.0245989
0.0221584
0.0221537
0.022568
0.0250298
0.0218346
0.0236391
0.0240417
0.0230176
0.020874
0.0227908
0.0231723
0.0198432
0.0236186
0.0232524
0.0230461
0.0200649
0.0226209
0.020945
0.0251258
0.02142
0.0227308
0.024302
0.0264489
0.0245082
0.0240664
0.0221226
0.022383
0.0210262
0.0236386
0.0243003
0.02034
0.0223716
0.0232665
0.0251161
0.0203677
0.0245432
0.0244509
0.0213236
0.0250956
0.0228871
0.0242964
0.0233548
0.0227992
0.0241851
0.025213
0.0231419
0.0233965
0.0218103
0.0225175
0.0239191
0.022313
0.021527
0.0222234
0.0267889
0.0224382
0.0233672
0.0276357
0.0229868
0.0242621
0.0268915
0.0252832
0.0272634
0.0231029
0.0244737
0.0275722
0.0274454
0.0248852
0.0251993
0.0283292
0.025672
0.0237133
0.0233897
0.025509
0.0227336
0.023453
0.0235008
0.0265887
0.0236354
0.0236971
0.0258906
0.0251096
0.0253016
0.0236266
0.0257788
0.0234949
0.0241295
0.0248083
0.023709
0.0221725
0.0218897
0.0236718
0.0271427
0.0211801
0.0218005
0.0220406
0.0245425
0.0223026
0.0250709
0.0228302
0.0226636
0.0225179
0.0222673
0.0232712
0.0275902
0.02506
0.0226761
0.0236575
0.023376
0.0218434
0.0240053
0.0234688
0.0246117
0.0220094
0.023015
0.0222731
0.0204707
0.0226135
0.0232859
0.0244538
0.0207047
0.0206812
0.0202311
0.0212814
0.021332
0.0202025
0.0218251
0.018313
0.0199296
0.0231947
0.0208206
0.0194802
0.019184
0.0188742
0.0198497
0.0209553
0.019594
0.0185695
0.0204803
0.020516
0.0204214
0.0235941
0.0219417
0.0232155
0.021678
0.0232755
0.0218592
0.0208011
0.02453
0.021504
0.0248465
0.0229485
0.0219166
0.0190468
0.0209187
0.021705
0.023395
0.0239763
0.0204513
0.0204753
0.020089
0.0216587
0.0239896
0.0238775
0.0241184
0.0244434
0.0213518
0.0234861
0.0247879
0.0247955
0.0257197
0.0257077
0.0259839
0.0253751
0.0246343
0.0239498
0.0229064
0.0228757
0.0225076
0.0230789
0.0251294
0.0229297
0.022624
0.0233477
0.022129
0.0245553
0.0235461
0.0215013
0.0240441
0.0258943
0.0242048
0.0247689
0.0244751
0.0228648
0.0254688
0.0219979
0.0225735
0.0251778
0.0236837
0.0225479
0.022738
0.0211215
0.0230445
0.0252018
0.0269549
0.0209621
0.0217356
0.0251677
0.0225066
0.0223782
0.0221643
0.022027
0.0249147
0.0221517
0.020281
0.0213871
0.0223473
0.0226135
0.0236677
0.0243906
0.0211302
0.0249864
0.0222791
0.0237018
0.0240307
0.025072
0.0242382
0.0223547
0.0243059
0.0224039
0.0253749
0.0262285
0.0256892
0.0229957
0.0242015
0.0253441
0.0248292
0.0223955
0.0253058
0.0258108
0.0258102
0.0242246
0.0261926
0.0230293
0.022827
0.0240947
0.0237596
0.0241423
0.0254815
0.0268553
0.0266679
0.0247078
0.0274773
0.0260643
0.026705
0.02599
0.0244733
0.0259005
0.0258953
0.0244382
0.0251407
0.0258918
0.0264599
0.0264106
0.025453
0.0237972
0.0232426
0.0259858
0.0235411
0.0224726
0.0264643
0.0228905
0.0258535
0.0241224
0.0233861
0.0251058
0.0224233
0.0213174
0.0219556
0.023643
0.0238316
0.0242812
0.0217626
0.0247493
0.02187
0.025534
0.0229525
0.0232855
0.0252979
0.0237969
0.0248284
0.0229883
0.0212915
0.0225565
0.0224447
0.0226768
0.0224467
0.025027
0.0236962
0.0223228
0.0225581
0.0235946
0.0246217
0.023047
0.0252863
0.0235989
0.0259886
0.0234935
0.0255658
0.0244845
0.0269345
0.0222779
0.0237202
0.0224784
0.0225731
0.0202027
0.0236184
0.0265221
0.0264499
0.0202408
0.0268093
0.0222539
0.023482
0.0225227
0.0218874
0.0199369
0.0230466
0.0216917
0.0193058
0.0220099
0.0219346
0.0234548
0.0232347
0.0222064
0.0237997
0.022458
0.0226113
0.0214092
0.0246375
0.0259444
0.0246829
0.0239779
0.0223354
0.0245515
0.023834
0.0237603
0.0250042
0.023277
0.025915
0.0261106
0.0236335
0.0210114
0.0222412
0.0228734
0.0203983
0.0256356
0.0225127
0.0197752
0.021132
0.0213558
0.0212848
0.021128
0.0242543
0.0227435
0.0218518
0.0217813
0.0193691
0.0234134
0.0235211
0.0235628
0.0223899
0.0224173
0.0229495
0.0209885
0.0203994
0.0212642
0.0230028
0.0225888
0.0202675
0.0246598
0.0211009
0.0193321
0.0203043
0.0200389
0.0208077
0.0226612
0.0207865
0.0210919
0.0205131
0.0230826
0.0205012
0.0204069
0.0248667
0.0234371
0.0216741
0.0230595
0.0257592
0.0250769
0.0263092
0.0224572
0.0216558
0.0230784
0.0225924
0.0210079
0.0237727
0.0228565
0.0200297
0.0245096
0.0223625
0.0202833
0.0228679
0.0220513
0.0230477
0.0237156
0.0256559
0.023606
0.0231245
0.0207967
0.0248314
0.0250188
0.0222473
0.0229258
0.0208559
0.0242141
0.0236301
0.0272523
0.0234237
0.0241193
0.0227229
0.0224802
0.0206088
0.0221202
0.0229269
0.0222954
0.0195809
0.0261105
0.023205
0.0195759
0.0229284
0.0229438
0.0223888
0.0237125
0.0237155
0.0213333
0.0202052
0.0235617
0.0239011
0.0200136
0.0202074
0.0188119
0.0170803
0.0244472
0.0184433
0.0211447
0.0210466
0.0260739
0.0207699
0.0251343
0.0222415
0.0229707
0.0232227
0.0218393
0.0243028
0.02259
0.02718
0.0224259
0.02609
0.0244763
0.024834
0.021507
0.0236385
0.0241498
0.0227107
0.0259056
0.0266643
0.0251246
0.0223333
0.0286527
0.0256383
0.0229652
0.0258
0.0300619
0.0248241
0.0221099
0.0266371
0.0257591
0.0264598
0.0255771
0.0251885
0.0226307
0.0241353
0.0250013
0.0221325
0.02406
0.0232146
0.0228563
0.0277602
0.0241611
0.0236492
0.0244609
0.0247184
0.0243653
0.0221214
0.0232317
0.0240978
0.0230639
0.0352094
0.0259036
0.0246741
0.0219688
0.0237532
0.0260233
0.0239079
0.022447
0.023537
0.0238245
0.0231173
0.0254717
0.0264439
0.0221592
0.0208334
0.0229884
0.0241435
0.0205005
0.0244348
0.0227793
0.02273
0.0257936
0.0218624
0.019844
0.0261428
0.0251187
0.0208311
0.0247323
0.0214132
0.0236971
0.0214044
0.0234033
0.0209118
0.020807
0.0276015
0.0206655
0.0228935
0.0233295
0.0221039
0.0234813
0.0209295
0.0252572
0.0222622
0.020871
0.0207858
0.0218785
0.023682
0.0230622
0.0210082
0.0199607
0.0188569
0.0303769
0.0207943
0.0200062
0.0216228
0.0213097
0.0190777
0.0234169
0.0233459
0.0193869
0.0207322
0.0196968
0.0217914
0.0231899
0.0210872
0.0292977
0.0237783
0.0215053
0.0235516
0.0240834
0.0217632
0.0222067
0.0248082
0.0221543
0.020939
0.0260625
0.0242041
0.0243183
0.022196
0.0222216
0.0215135
0.0248377
0.0221983
0.0224515
0.025651
0.0220473
0.023577
0.0211698
0.0248404
0.0249096
0.0247992
0.0243894
0.022164
0.0222535
0.0256845
0.0248931
0.0232095
0.0269101
0.0239199
0.0221667
0.0211617
0.0258515
0.0335862
0.0263388
0.0221927
0.0241392
0.0223118
0.02282
0.0242835
0.0218789
0.0206242
0.0212946
0.0205154
0.0276497
0.0210987
0.0256929
0.0253847
0.0223842
0.0230246
0.0221107
0.026099
0.0205259
0.0221357
0.0200859
0.0216861
0.019185
0.0245321
0.0193649
0.02328
0.0220101
0.0221298
0.0203751
0.0235538
0.021516
0.0251948
0.0235906
0.0200473
0.020167
0.0248732
0.0230271
0.0210523
0.023007
0.0235034
0.0255301
0.0260546
0.0234216
0.0224827
0.026628
0.0252243
0.0244799
0.0243465
0.0220874
0.0254725
0.0266855
0.0251556
0.0236511
0.022056
0.0231547
0.0244421
0.0241549
0.0266584
0.0252842
0.0267131
0.0253307
0.0263604
0.0244009
0.0221982
0.0230219
0.0238623
0.0251051
0.0254107
0.0224372
0.0201178
0.0213714
0.0198231
0.0243237
0.0217702
0.0228449
0.0224778
0.0218659
0.0201347
0.0261146
0.0225392
0.0239028
0.0251013
0.0218353
0.0231271
0.0226662
0.0217149
0.0225811
0.0227998
0.0233413
0.0230921
0.0233062
0.0245753
0.0233323
0.025341
0.0228815
0.0197699
0.0221788
0.020575
0.0227167
0.0229629
0.025564
0.0332116
0.0240676
0.0213655
0.0200773
0.0233923
0.0198958
0.0219298
0.021348
0.022269
0.0189599
0.02357
0.0221972
0.0216778
0.0210071
0.0243232
0.0239584
0.0218879
0.0217478
0.0225282
0.0249016
0.0234027
0.026504
0.0226604
0.0236559
0.0244967
0.0267058
0.0223754
0.0269439
0.0250569
0.0242145
0.0254579
0.0277794
0.0239645
0.0213979
0.0231519
0.0293067
0.0219239
0.0233168
0.0241
0.0273936
0.0261721
0.0240025
0.0239928
0.0215717
0.0232296
0.0252225
0.0237791
0.0238519
0.025438
0.0237324
0.0218987
0.0277809
0.0260025
0.0262308
0.0243156
0.024422
0.0260688
0.0276244
0.0262802
0.0269794
0.0224367
0.0266019
0.0273416
0.0251778
0.02757
0.0249385
0.0273404
0.0275405
0.0281303
0.0251051
0.0254236
0.0274831
0.0259545
0.0268424
0.0248115
0.0280797
0.0260055
0.0254893
0.0277715
0.0254603
0.022569
0.0237069
0.0249175
0.0274164
0.0244175
0.0255788
0.0251232
0.0232333
0.027623
0.0234582
0.0264208
0.0246366
0.0244189
0.0236288
0.0253081
0.024791
0.0231363
0.0244355
0.0285063
0.0245664
0.0272273
0.0242784
0.0267409
0.0252644
0.0239949
0.0263292
0.0258113
0.0276748
0.0235285
0.0259411
0.0251933
0.0240457
0.0266086
0.0256285
0.0256997
0.0263208
0.0273463
0.0239457
0.0271859
0.0279692
0.0264674
0.0223327
0.0263003
0.0255589
0.0254627
0.0272415
0.0228072
0.0261143
0.0254199
0.0264117
0.0258422
0.0274999
0.0228738
0.024719
0.0260376
0.0250143
0.0224755
0.0246811
0.0246493
0.0243339
0.0276991
0.0270697
0.027081
0.0263936
0.0239126
0.0266177
0.0263446
0.0257792
0.0240027
0.0260362
0.0280476
0.0242009
0.0374481
0.0231687
0.0266235
0.0261899
0.0234256
0.0249529
0.0248857
0.022926
0.0237523
0.0255802
0.0233528
0.0286548
0.0255414
0.0252991
0.0274011
0.0242332
0.0221824
0.0246501
0.0241697
0.0236126
0.0275479
0.0252173
0.0279764
0.0222975
0.0245878
0.026047
0.0256203
0.0240675
0.0216409
0.0233582
0.0235434
0.0243961
0.0224027
0.023308
0.0232509
0.023563
0.0207658
0.0263968
0.0266524
0.021329
0.0261262
0.0227745
0.0205463
0.0246059
0.0238137
0.0198084
0.0222513
0.0246705
0.0240927
0.025744
0.0250473
0.029748
0.025958
0.0318514
0.0267711
0.0252824
0.0258369
0.0256891
0.0286951
0.0286337
0.0254957
0.0253213
0.0281302
0.0273658
0.0297235
0.0234295
0.0259021
0.0282379
0.0279414
0.026744
0.0250187
0.0253666
0.026921
0.0255612
0.0247076
0.0224789
0.0264774
0.0245181
0.0244669
0.0221916
0.0274108
0.0249864
0.0276166
0.0248006
0.0221226
0.0267286
0.0239298
0.0241717
0.0220461
0.0277997
0.0243564
0.0247498
0.0233053
0.0245947
0.0246157
0.027445
0.0250571
0.0248457
0.0244022
0.0238708
0.0255305
0.0246924
0.0240152
0.0259942
0.0274787
0.0256331
0.0248152
0.0258031
0.0265005
0.0268364
0.0262933
0.0239648
0.0267797
0.0248417
0.0288797
0.025225
0.0260771
0.0298651
0.0243927
0.0273294
0.0256102
0.0278943
0.0245821
0.0258405
0.028677
0.023748
0.0265533
0.0259184
0.0252771
0.0248085
0.0249334
0.0249386
0.0226388
0.0228146
0.0241705
0.0238457
0.0263648
0.0246819
0.0222516
0.0226158
0.0240872
0.0289586
0.0255998
0.0235061
0.0227014
0.0240558
0.0227252
0.0225535
0.0218154
0.0231969
0.0255502
0.0263538
0.0305312
0.0235893
0.0235477
0.0245472
0.0276008
0.0247527
0.0221364
0.0254391
0.0230234
0.020733
0.0230457
0.02307
0.0264742
0.0231827
0.0233949
0.023197
0.0250379
0.023389
0.0244579
0.0245783
0.026641
0.0254527
0.025797
0.0256518
0.0226884
0.0227956
0.0207295
0.0219654
0.0231945
0.0240612
0.0221461
0.0235859
0.0242548
0.0241757
0.0268614
0.0221165
0.0259793
0.0258242
0.0239376
0.022242
0.023999
0.0262982
0.0328801
0.0236704
0.0272804
0.0272548
0.0260118
0.0274287
0.0289448
0.0283491
0.0248557
0.0279498
0.0263141
0.0246677
0.0253045
0.0288471
0.0254688
0.0257544
0.0257649
0.0249775
0.0238299
0.0250373
0.0254312
0.0282738
0.0257675
0.0288992
0.0228031
0.0258368
0.0252855
0.025422
0.0247822
0.0267983
0.0253334
0.0239573
0.0245894
0.0285009
0.0260587
0.0264278
0.0265281
0.0256797
0.0247465
0.0263011
0.0291418
0.0263962
0.0254137
0.028248
0.0255299
0.0313462
0.0301088
0.025627
0.0275536
0.0313659
0.0277827
0.0268962
0.0264274
0.0319104
0.0280869
0.026037
0.0291683
0.0265185
0.0313163
0.0289529
0.027501
0.0268101
0.029193
0.0232988
0.0244078
0.027385
0.0230593
0.0279444
0.0246237
0.0227156
0.0267153
0.0268584
0.0257828
0.0248395
0.0242798
0.0242021
0.0220002
0.025343
0.0254061
0.0275881
0.0235714
0.0247082
0.0227289
0.0266459
0.0278732
0.0265299
0.0237764
0.0250302
0.0257083
0.0239267
0.0252942
0.0228997
0.0243419
0.0292965
0.023396
0.0242915
0.024927
0.0266585
0.0243606
0.0228079
0.0245678
0.026804
0.0255548
0.0250403
0.0275224
0.0223262
0.0255986
0.0236028
0.0291703
0.0233656
0.0239827
0.0219709
0.0202946
0.0262404
0.0250366
0.0251438
0.0260868
0.0216678
0.0197689
0.0220538
0.0209492
0.0218124
0.0237139
0.0242243
0.0225121
0.0212712
0.0214444
0.0265634
0.0227776
0.0193184
0.0204313
0.0192075
0.0186122
0.020679
0.0205563
0.0213988
0.0231168
0.0186699
0.0204721
0.0202373
0.0194289
0.0195274
0.0205362
0.0211733
0.0203646
0.0235285
0.0228832
0.0218929
0.0176457
0.0212605
0.0187788
0.0220942
0.0193318
0.0196214
0.0193995
0.0183508
0.0195702
0.0195999
0.0200358
0.0209241
0.0282484
0.0204703
0.0187472
0.0193835
0.0196823
0.0208096
0.0226127
0.0222476
0.0196025
0.0210713
0.0198204
0.02116


