0.0128997
0.0140312
0.0117232
0.0138017
0.0150978
0.0144611
0.0157066
0.012532
0.0125592
0.0159278
0.0146374
0.0155442
0.0149676
0.0161606
0.0122622
0.0127158
0.0145758
0.0141145
0.0153908
0.0129158
0.0143777
0.0125771
0.0135273
0.014895
0.0128529
0.0158106
0.0123413
0.0143504
0.0125444
0.0131776
0.0146006
0.0123487
0.0132555
0.0144397
0.0126529
0.0146354
0.0158041
0.0124102
0.01561
0.0124168
0.0150061
0.015355
0.0158226
0.0123281
0.0146227
0.0150869
0.0159361
0.0141288
0.0159987
0.0120775
0.0153686
0.0127416
0.0126651
0.0162315
0.0153545
0.0142798
0.0155397
0.017447
0.0154458
0.0126821
0.0147555
0.0128838
0.0159584
0.0136355
0.012305
0.0135305
0.01274
0.0125795
0.0138096
0.01321
0.0123252
0.0151286
0.0124535
0.0129547
0.0140777
0.0160472
0.0152661
0.0127561
0.0157524
0.0158096
0.0136985
0.0134648
0.0126515
0.0144512
0.0124236
0.013029
0.0148116
0.0162068
0.0130442
0.0155748
0.0155096
0.0179594
0.0259415
0.0138592
0.0138271
0.0169128
0.0146524
0.0127196
0.0170234
0.0170368
0.0166719
0.0151424
0.0162001
0.0214041
0.0176109
0.0170676
0.0198214
0.0186503
0.0161476
0.0312393
0.0148711
0.0144235
0.014889
0.0149062
0.0166948
0.0157938
0.0164617
0.0164794
0.0249915
0.0204725
0.022775
0.0228543
0.0214098
0.0237571
0.024629
0.0255368
0.0223996
0.0231575
0.0226146
0.0212043
0.0250324
0.022142
0.0239071
0.0234966
0.0222816
0.0254466
0.0219702
0.0204392
0.0210132
0.0211647
0.0244824
0.0236643
0.0233829
0.0244094
0.0230272
0.0249543
0.0213668
0.0244032
0.023828
0.021072
0.0239407
0.0213823
0.0230187
0.0227565
0.0233695
0.0247655
0.022732
0.022888
0.0206879
0.0239927
0.0222326
0.0223364
0.023772
0.0241685
0.0187829
0.0197225
0.0232087
0.0208138
0.0237879
0.022559
0.0233489
0.0197936
0.0228292
0.0212853
0.0229187
0.0218068
0.0274056
0.0212833
0.0214233
0.0226673
0.0209313
0.0195494
0.0210154
0.0217179
0.0209558
0.0226854
0.0239415
0.0234869
0.0219673
0.0254209
0.0213097
0.0233598
0.0230338
0.024807
0.020998
0.0269601
0.0252057
0.0234808
0.0204623
0.024953
0.0240906
0.0237489
0.0215625
0.0238118
0.0240149
0.0207595
0.0255429
0.0216523
0.0207161
0.0231079
0.0276921
0.0228422
0.027036
0.0235157
0.0237724
0.0218229
0.0276102
0.0264011
0.0256721
0.0228693
0.0213725
0.0226524
0.0227347
0.0219211
0.0241628
0.0228299
0.023189
0.0235419
0.0247177
0.0250818
0.0232051
0.0216923
0.0243943
0.022763
0.0219188
0.0223466
0.0226063
0.0214026
0.023951
0.022472
0.0233417
0.0219628
0.0217673
0.0232641
0.023515
0.0231404
0.0236015
0.025545
0.0215594
0.0246903
0.023757
0.0196459
0.0244433
0.0235797
0.0216685
0.0198838
0.0223903
0.020897
0.0230055
0.0212437
0.0234355
0.0214182
0.0189732
0.0228677
0.0239463
0.0209121
0.0246995
0.0229733
0.0213968
0.0224336
0.0199992
0.0191261
0.0210664
0.021706
0.0200295
0.0220809
0.0259752
0.0234212
0.0211807
0.0219401
0.0253328
0.0212457
0.0216031
0.0229573
0.0240512
0.0234732
0.0232611
0.0224686
0.0339373
0.0248644
0.0249224
0.0270154
0.0217166
0.0231402
0.0221496
0.0229498
0.0225891
0.0254687
0.0239733
0.0319164
0.0252969
0.0219568
0.0240307
0.0212396
0.0256587
0.0222897
0.0235291
0.0221546
0.0220622
0.0236116
0.0212061
0.0236847
0.0231165
0.0238313
0.0226832
0.0246764
0.0242226
0.0222583
0.0217339
0.0260519
0.0240502
0.0236548
0.0239554
0.0228073
0.0274709
0.0203924
0.0226507
0.0248453
0.0232964
0.0230421
0.0230711
0.0219792
0.0251773
0.024555
0.0271165
0.0205724
0.0220092
0.0228498
0.0243286
0.0238585
0.022184
0.0253617
0.0253666
0.023823
0.0210686
0.0224368
0.0224254
0.0221207
0.0210194
0.0224644
0.0199305
0.0213395
0.022538
0.0222293
0.0223721
0.0203174
0.0242678
0.0210812
0.0214937
0.0212568
0.0235638
0.0206221
0.0212562
0.0234827
0.0214121
0.0250538
0.0230457
0.021548
0.022913
0.0213651
0.0228417
0.0219245
0.0213259
0.0247713
0.0241373
0.0244776
0.0221856
0.02196
0.0211161
0.0226574
0.0257496
0.023141
0.0241229
0.0256065
0.025295
0.0253391
0.0241052
0.0248446
0.0252234
0.0232208
0.0238204
0.0242493
0.0252514
0.0260587
0.0253484
0.0222964
0.0244258
0.0254845
0.0212504
0.0258954
0.0260081
0.0251094
0.0239608
0.0207692
0.0226553
0.0237412
0.0220375
0.0236639
0.0216183
0.0269326
0.0236897
0.022042
0.022684
0.0262105
0.0243986
0.0215394
0.023511
0.0238257
0.0217199
0.0238766
0.0251449
0.0235574
0.0247233
0.0256402
0.0223388
0.0244186
0.0213923
0.0216112
0.0208096
0.020796
0.0209873
0.0246089
0.022189
0.0252135
0.0242174
0.0246077
0.0215502
0.0218933
0.0208753
0.0237849
0.0235847
0.0229411
0.0222203
0.0220885
0.0235709
0.0252111
0.0237773
0.0215842
0.0213986
0.0219962
0.0238181
0.0213533
0.0243028
0.0229463
0.0207565
0.0244977
0.0221798
0.0208414
0.0265172
0.0230925
0.022651
0.0254467
0.0251213
0.0221673
0.0227705
0.0241955
0.0255248
0.0240141
0.0241664
0.0238606
0.0225922
0.0245178
0.0240885
0.0214244
0.0227629
0.0240069
0.0220357
0.0242839
0.0209518
0.0221922
0.0232612
0.020097
0.0266659
0.0319335
0.0260596
0.026973
0.0255164
0.0259526
0.0245438
0.0271043
0.0263765
0.0256922
0.0239159
0.0269479
0.025524
0.0282631
0.0290671
0.0246213
0.0271615
0.0232197
0.0274419
0.0260803
0.0272332
0.0269905
0.025941
0.0283338
0.0262798
0.0282708
0.0264288
0.0250247
0.0285007
0.0281172
0.0248965
0.0255963
0.0256305
0.0234833
0.0261282
0.0254474
0.0231741
0.0287946
0.0300944
0.025623
0.0247826
0.0262397
0.0251395
0.0281558
0.02592
0.0263488
0.0238272
0.0249862
0.0258484
0.0240454
0.025022
0.0251483
0.0244332
0.0255867
0.0280136
0.0258466
0.0292022
0.0254738
0.0266931
0.0286731
0.0285738
0.0254006
0.0268014
0.0264296
0.0331461
0.029351
0.0296204
0.0261338
0.0286261
0.0285488
0.0300818
0.0256935
0.0277026
0.027479
0.0293576
0.0300755
0.0269937
0.0295978
0.0288762
0.0284095
0.0296152
0.025339
0.0286452
0.0283924
0.0268102
0.0246583
0.0272856
0.0285944
0.0258139
0.0245666
0.0258533
0.0234632
0.0252192
0.0258581
0.023773
0.0238552
0.0246865
0.0283983
0.0273708
0.0248016
0.0262495
0.0256742
0.0254506
0.0250375
0.0248398
0.0224199
0.0284808
0.0262701
0.0252791
0.0268192
0.024631
0.0209784
0.0223604
0.0231876
0.0226131
0.0218622
0.0219513
0.0213252
0.0227504
0.0218129
0.0193143
0.0212076
0.0215287
0.0251482
0.0196061
0.0215652
0.0218961
0.0191741
0.0217041
0.0218124
0.0180322
0.020182
0.0194623
0.0187761
0.0206048
0.0234914
0.0213162
0.0189428
0.0232104
0.0209299
0.0242114
0.023077
0.0206634
0.024563
0.0204358
0.0219095
0.0204101
0.0219441
0.020899
0.0248681
0.0215072
0.0210732
0.0214929
0.0233658
0.0214899
0.0228339
0.0207698
0.0226618
0.0271318
0.0222306
0.0246835
0.0231814
0.0251265
0.0260578
0.026077
0.02304
0.0217968
0.0236962
0.0292431
0.0241349
0.0228951
0.02314
0.0262136
0.0259453
0.0243629
0.0227866
0.0219886
0.0260715
0.0260402
0.0224854
0.0253074
0.0264652
0.0231713
0.0238696
0.0227157
0.0228468
0.0217745
0.0215158
0.0227227
0.0259213
0.0251616
0.0254672
0.0257929
0.0265908
0.0214982
0.0225341
0.0208507
0.0247297
0.0221158
0.0222222
0.022544
0.0205508
0.0271587
0.0271479
0.0235579
0.0264912
0.0239773
0.0244827
0.0230798
0.0225728
0.0213953
0.0233867
0.023208
0.022441
0.0235292
0.0236299
0.0225115
0.023334
0.022908
0.0252142
0.023925
0.0234566
0.0213468
0.0224283
0.0256539
0.0252232
0.0220611
0.0217897
0.0234904
0.0252196
0.0226714
0.0261417
0.0253991
0.0239911
0.026289
0.0221405
0.0243989
0.0226515
0.0278214
0.0276958
0.0220825
0.0248555
0.0263106
0.0265116
0.0247761
0.0261449
0.025945
0.026864
0.0259294
0.0270086
0.0246989
0.0236934
0.0253826
0.0257099
0.0260422
0.0248417
0.0246168
0.0248897
0.0238949
0.0282519
0.0279114
0.0269103
0.0253716
0.02761
0.0233556
0.0311117
0.028417
0.0247818
0.0255096
0.0290341
0.0237889
0.0270096
0.028738
0.02727
0.0276572
0.0248685
0.0256411
0.0273495
0.0264676
0.0297338
0.0225933
0.0267092
0.024316
0.0258536
0.0251689
0.0251318
0.0271919
0.026574
0.0267047
0.0248914
0.0253196
0.0254272
0.0262315
0.0230974
0.024828
0.0287957
0.0240014
0.0257004
0.0254326
0.0304038
0.0231961
0.0250193
0.0254863
0.0273628
0.0262524
0.0244587
0.0248976
0.028167
0.0252744
0.0252963
0.0245244
0.0262421
0.0272459
0.0254501
0.0275231
0.0277574
0.0238797
0.0271197
0.0271976
0.022563
0.0254712
0.0276509
0.0232323
0.0279401
0.0244072
0.0228423
0.0228037
0.0320659
0.0258751
0.0241699
0.0223587
0.0243595
0.0263738
0.0244034
0.0236069
0.0243404
0.0273441
0.0257396
0.0238489
0.0260131
0.0253108
0.031591
0.027696
0.0244912
0.0254149
0.0269497
0.0292076
0.0246429
0.0268219
0.0261031
0.0258013
0.0276178
0.0240089
0.0266734
0.0244587
0.0257314
0.021905
0.0243329
0.0245268
0.0235807
0.022377
0.0243201
0.0251045
0.0245316
0.0258482
0.0268611
0.0238093
0.02358
0.0230447
0.0226873
0.0252895
0.025852
0.0238843
0.0244662
0.023339
0.02221
0.0243285
0.0247336
0.0236708
0.023515
0.0216298
0.0209358
0.0256798
0.0232253
0.0216682
0.0205171
0.0227656
0.0219425
0.0209268
0.0238195
0.0227213
0.0225325
0.021812
0.0224918
0.0214139
0.0192139
0.0210203
0.0213837
0.0215438
0.0198512
0.0250152
0.0248314
0.0256777
0.025273
0.0245625
0.0232905
0.0236576
0.0254433
0.0235684
0.0242036
0.0246147
0.0250284
0.0256547
0.0228668
0.0251479
0.0244402
0.0285073
0.031118
0.0269007
0.0248395
0.0277717
0.0266867
0.0278674
0.0273361
0.0258255
0.0270539
0.0254867
0.0219975
0.0231355
0.0243785
0.0273274
0.023149
0.0232592
0.0272597
0.0249944
0.0236944
0.0254676
0.023899
0.0263068
0.0236202
0.0227636
0.0250109
0.0249323
0.0223581
0.0215499
0.0235974
0.0239414
0.0217838
0.0204778
0.0201104
0.01939
0.0187716
0.0180665
0.0212058
0.0212135
0.023944
0.0239244
0.0261727
0.0225425
0.0243874
0.0254665
0.026058
0.0252623
0.0275554
0.0265558
0.02503
0.0240595
0.027747
0.0252599
0.0302813
0.024824
0.0239366
0.0266479
0.0266741
0.0263502
0.0292395
0.0276386
0.02484
0.0279146
0.0270351
0.0292643
0.0257499
0.0254061
0.0291716
0.0265919
0.0264515
0.0295422
0.024179
0.028569
0.0264459
0.0294674
0.02492
0.0293173
0.0271605
0.0288778
0.0246813
0.0239771
0.025798
0.0242232
0.0232099
0.0255415
0.0264352
0.0270573
0.0273187
0.0273252
0.0244396
0.0255717
0.0278911
0.0233968
0.0283147
0.0253977
0.0281472
0.0293656
0.0259522
0.0261391
0.0257609
0.0238201
0.0250922
0.0233239
0.0234415
0.0241276
0.0258879
0.0236406
0.0243375
0.0245672
0.0242102
0.0242925
0.0250058
0.0251186
0.0250371
0.0285755
0.022095
0.0224615
0.025776
0.0258553
0.022625
0.0237468
0.0220834
0.0243862
0.0229944
0.022536
0.0247711
0.021386
0.0255611
0.022721
0.0244047
0.0233575
0.0228969
0.0220794
0.0234198
0.0217236
0.0228556
0.0218169
0.0238915
0.0237479
0.022535
0.0202779
0.022268
0.022346
0.0201508
0.0217754
0.0234773
0.0207414
0.0263688
0.0257134
0.0202245
0.0225977
0.0236368
0.0217432
0.0222812
0.026924
0.0227235
0.0252354
0.0271516
0.0221536
0.0268321
0.0275973
0.0218112
0.0240824
0.0246574
0.0229178
0.0257301
0.0255436
0.02557
0.026176
0.0295519
0.0254728
0.0216931
0.0246083
0.0280243
0.024815
0.0226453
0.0244515
0.0239856
0.0249341
0.0221803
0.0264016
0.0251954
0.0263091
0.0278178
0.0265314
0.0246691
0.0242744
0.0269425
0.0253567
0.0226972
0.02373
0.0264458
0.0223862
0.0238845
0.0236439
0.0252039
0.0220435
0.0239404
0.024061
0.0219384
0.0226146
0.023596
0.0220712
0.0240804
0.0249163
0.0254475
0.0258367
0.0234376
0.0209366
0.0265393
0.0257703
0.0217768
0.0235147
0.0221031
0.0223484
0.0222499
0.0199263
0.0224908
0.0227373
0.0209833
0.0229213
0.0238798
0.0211839
0.0235101
0.0266973
0.0264647
0.02303
0.0210542
0.0236401
0.0268783
0.0239802
0.0263248
0.0243929
0.0263265
0.0255942
0.0230796
0.0247654
0.0257955
0.0234917
0.0265728
0.0240731
0.0240423
0.0245059
0.0232246
0.0250286
0.0271022
0.022593
0.0268625
0.0239192
0.0222467
0.0255093
0.0266162
0.028825
0.0234476
0.0241913
0.0231812
0.0259839
0.0257681
0.0263569
0.0235754
0.0235952
0.0238561
0.0236219
0.0246135
0.0236493
0.0238517
0.0225389
0.0210552
0.0230503
0.0256991
0.0224107
0.0230111
0.0249042
0.0258861
0.022892
0.0240162
0.0238804
0.0246354
0.0247932
0.0244346
0.0264741
0.0324495
0.024285
0.0235849
0.0214682
0.0250618
0.0245011
0.0254381
0.0223685
0.024139
0.0245546
0.0273739
0.0270069
0.0228818
0.0206572
0.0250859
0.025829
0.0239579
0.0248173
0.0232903
0.0228606
0.0206201
0.0250705
0.0217655
0.0248966
0.0255476
0.0218797
0.0261327
0.0245602
0.0233299
0.0247703
0.0234305
0.0221763
0.0267423
0.0226891
0.0259556
0.0258425
0.028058
0.0231878
0.0275522
0.0252867
0.0256157
0.0249257
0.0246677
0.0230485
0.0248087
0.024135
0.0237289
0.0243698
0.0235987
0.0261862
0.024221
0.0265432
0.0237758
0.0254175
0.0276186
0.0288986
0.0265921
0.0274449
0.0267482
0.025943
0.0258544
0.0257837
0.0296184
0.0267388
0.0260528
0.0261127
0.0252939
0.0249844
0.0277463
0.0280188
0.025674
0.0246095
0.0262783
0.024068
0.0265475
0.0277729
0.0280061
0.0262614
0.0277722
0.0270633
0.0290773
0.0236124
0.0265426
0.0237793
0.0251836
0.0244403
0.0260512
0.0287141
0.028446
0.0286429
0.0287274
0.0328473
0.0262154
0.0244329
0.0272453
0.0354014
0.0284245
0.0286284
0.0322174
0.0286894
0.0284735
0.0322868
0.0259018
0.0285567
0.0279898
0.030778
0.0299055
0.0296191
0.0273903
0.028496
0.0281418
0.0267483
0.0320414
0.0337529
0.0307589
0.0278791
0.0318409
0.0387401
0.0340826
0.0338386
0.0293012
0.0336085
0.0362992
0.0326282
0.0301366
0.0321822
0.0243056
0.0294746
0.0259359
0.0303322
0.0306857
0.0243167
0.0268897
0.0278906
0.0277131
0.0262168
0.0367676
0.0429699
0.0440527
0.0451718
0.03164
0.0474765
0.0373582
0.0378093
0.0304376
0.0319415
0.0336395
0.0417573
0.036424
0.0304983
0.0291232
0.0298402
0.0305242
0.029085
0.0416277
0.0302552
0.028198
0.0408371
0.0351163
0.0346597
0.0317108
0.0315691
0.0283831
0.0327422
0.0311173
0.0340933
0.0343464
0.0291133
0.0294202
0.027374
0.0311405
0.0311768
0.0301916
0.0273885
0.0308955
0.0348309
0.0316373
0.0331819
0.0344046
0.02833
0.0283596
0.0323659
0.0333549
0.0315336
0.0294212
0.0358077
0.0319526
0.0323593
0.0317422
0.0289596
0.0287918
0.0300109
0.0417993
0.0327896
0.0304886
0.0297614
0.0343898
0.0320249
0.028643
0.029507
0.0290322
0.0283942
0.025973
0.0298199
0.0285108
0.0290837
0.0306845
0.0310183
0.029616
0.0288014
0.0330078
0.0313698
0.0344416
0.0285104
0.0319199
0.0298317
0.0408341
0.0325257
0.0305907
0.0317677
0.0311717
0.0290036
0.0266432
0.0305722
0.0329891
0.0343343
0.0343948
0.0415328
0.0314521
0.0434704
0.0336565
0.0312
0.034011
0.0326752
0.0316751
0.0375176
0.031089
0.0302715
0.033034
0.0290462
0.0317688
0.031666
0.0350009
0.0284277
0.0305859
0.0327585
0.0294357
0.0342802
0.0290612
0.0390381
0.0294047
0.029033
0.0352674
0.0333174
0.0311142
0.0302277
0.0319462
0.033033
0.0355976
0.0338157
0.0323445
0.0304665
0.0313118
0.031117
0.036696
0.0361412
0.0318355
0.0347538
0.0303981
0.0282722
0.0351447
0.0386339
0.0412145
0.0382179
0.0387777
0.0426736
0.0394964
0.0401774
0.0378061
0.036409
0.0343408
0.0342981
0.0350157
0.0333147
0.0402191
0.0378422
0.0366374
0.033479
0.0341817
0.0315546
0.0360802
0.0375728
0.0319463
0.0317363
0.029803
0.0346653
0.0322924
0.0311448
0.0391797
0.0319554
0.0325545
0.027458
0.031134
0.0302103
0.0287064
0.0334853
0.0296995
0.029133
0.0310738
0.0321903
0.0296237
0.0298121
0.027967
0.0284233
0.0330574
0.0390181
0.0308302
0.030727
0.0292322
0.0284449
0.0259603
0.0278516
0.0283417
0.029153
0.0326971
0.0307064
0.0300414
0.0309668
0.0315244
0.0327251
0.0310566
0.0293377
0.0329906
0.0313238
0.0327593
0.0300583
0.0310913
0.0332045
0.0363957
0.0298635
0.0300343
0.0325595
0.0327039
0.0309534
0.0321285
0.0296901
0.036093
0.0392475
0.0359831
0.0412358
0.0401623
0.0344666
0.0354815
0.0337517
0.0318035
0.0362971
0.0336236
0.0350152
0.0319434
0.0349466
0.033774
0.043934
0.0384246
0.0387439
0.0403615
0.0328079
0.0311915
0.032818
0.034217
0.0346512
0.0308932
0.034998
0.035141
0.0327789
0.033096
0.0352776
0.0307672
0.0353904
0.0333627
0.0324021
0.0314641
0.0307972
0.0363908
0.0322583
0.0370721
0.0371168
0.0298841
0.0300597
0.0315634
0.0333704
0.0384503
0.0328923
0.0321781
0.0325659
0.0321393
0.0337012
0.0355071
0.0342882
0.0331369
0.0308112
0.0322968
0.0323338
0.0381109
0.0364735
0.0387865
0.0352966
0.0361589
0.0364521
0.0349247
0.0367553
0.0357368
0.0356685
0.0372138
0.0366593
0.0323662
0.0363147
0.0404094
0.0354302
0.0331837
0.0328862
0.0380838
0.0342062
0.0344502
0.0374506
0.0338144
0.0303805
0.0321509
0.03201
0.0350025
0.0357213
0.0350908
0.0310898
0.0370238
0.0330366
0.0338656
0.034914
0.0344887
0.0424542
0.0354291
0.0348208
0.0356532
0.0322816
0.0317194
0.0293251
0.0317366
0.032358
0.0307754
0.0322982
0.0295095
0.0344116
0.034444
0.0311386
0.0306069
0.0377993
0.0379461
0.032798
0.0310743
0.0313557
0.0313871
0.0293345
0.0303787
0.0307973
0.0308801
0.0309878
0.025689
0.0286652
0.0290031
0.0268599
0.026923
0.029162
0.0298452
0.0261425
0.0334916
0.0274347
0.028217
0.026985
0.0270078
0.0271548
0.0274756
0.0270523
0.0254983
0.0300114
0.0296256
0.0262754
0.0256639
0.0305745
0.0219093
0.0248086
0.0250359
0.0237267
0.0235649
0.0250097
0.0258835
0.0233192
0.026223
0.0206365
0.0245682
0.022248
0.0220717
0.024957
0.0281221
0.0219305
0.0217076
0.021787
0.0233657
0.0243398
0.0244878
0.0236524
0.0213122
0.0227835
0.0246895
0.0236383
0.023627
0.0238015
0.0219924
0.0206065
0.0206559
0.0217361
0.0240299
0.0204965
0.022548
0.0249916
0.0203089
0.0206168
0.0231268
0.0228202
0.0239026
0.0235205
0.0241145
0.0246759
0.0247175
0.0231069
0.0217334
0.0238652
0.026877
0.0238285
0.0228302
0.0211527
0.0237642
0.0225206
0.0317499
0.0217466
0.0220519
0.0219008
0.0220687
0.0230735
0.0226564
0.0233165
0.023236
0.0242153
0.0217383
0.0203568
0.0241517
0.0252343
0.0219964
0.0223445
0.020596
0.0218257
0.0249815
0.0234557
0.0233693
0.0205702
0.0234285
0.028264
0.0230455
0.0210121
0.0226147
0.0224955
0.0239715
0.0242804
0.0264913
0.01936
0.0226013
0.0234428
0.0223576
0.0224784
0.0223996
0.0226856
0.0204271
0.0241796
0.0251644
0.0254977
0.0241493
0.0235773
0.0213185
0.0233327
0.0255849
0.0228938
0.0209748
0.0241494
0.0225509
0.0220035
0.0256575
0.0221127
0.0233456
0.0206462
0.024745
0.0228351
0.0220687
0.0241979
0.0206933
0.020704
0.020103
0.0241344
0.023606
0.0237054
0.019654
0.0204706
0.022846
0.0227249
0.0258536
0.0244175
0.0241358
0.0237332
0.0229914
0.0225259
0.0242157
0.0253939
0.0250464
0.0244777
0.0260668
0.0237715
0.023943
0.0221534
0.0242394
0.0251584
0.0246769
0.0267394
0.0253578
0.0248254
0.0233396
0.0238194
0.0248088
0.024954
0.0256751
0.025624
0.0236713
0.0237033
0.023893
0.0238894
0.0226745
0.0240421
0.026259
0.0233065
0.0242537
0.023601
0.024606
0.0252165
0.0268086
0.0250445
0.0271409
0.0253497
0.0238893
0.0282026
0.0262558
0.0248372
0.0253136
0.0245003
0.0279669
0.026553
0.025052
0.023865
0.0248249
0.0261595
0.0263512
0.0261067
0.0273035
0.0281201
0.027742
0.0293394
0.023866
0.0261138
0.0249528
0.0249487
0.0260478
0.028327
0.0277257
0.03106
0.0261433
0.0231532
0.0285635
0.0262951
0.027366
0.0279753
0.0285816
0.0259271
0.0272633
0.0262118
0.0263712
0.0244919
0.0291929
0.0264591
0.0275767
0.0287137
0.0286115
0.0282333
0.0264498
0.0254465
0.0241696
0.0245289
0.0252377
0.0258124
0.0263709
0.0296259
0.0275578
0.0265873
0.0268077
0.0253898
0.0241823
0.0273105
0.027076
0.0273615
0.0283724
0.026058
0.0275941
0.0260055
0.0251228
0.0254608
0.0244658
0.0294347
0.0272722
0.0238427
0.0256012
0.0251309
0.0274898
0.0289028
0.0283358
0.0275423
0.0245258
0.0262925
0.0270441
0.0275708
0.0284553
0.0280612
0.0254726
0.0266664
0.0263405
0.0272605
0.0245266
0.0288119
0.0288323
0.026487
0.0300236
0.0280817
0.0275973
0.0282585
0.0273885
0.0267834
0.0257933
0.0286257
0.0278628
0.0388281
0.0299957
0.0281392
0.0301121
0.0312551
0.0275739
0.0277246
0.0252561
0.0282069
0.0293042
0.0300903
0.028778
0.030234
0.0291028
0.0282709
0.0279615
0.0288088
0.0255617
0.0273776
0.0266842
0.0281909
0.0286587
0.0276769
0.0280261
0.0292626
0.0266153
0.0281575
0.0253412
0.0269148
0.0304617
0.0280422
0.0266158
0.0277706
0.0244744
0.0264627
0.0271673
0.027363
0.028103
0.0282232
0.0291848
0.0274495
0.0289644
0.029875
0.0245591
0.0288615
0.026092
0.0255715
0.0261088
0.0280713
0.0291829
0.0284688
0.0260046
0.0268021
0.0237358
0.0275992
0.0264102
0.0286714
0.0279855
0.0266771
0.0275049
0.0246832
0.026607
0.0255835
0.0263393
0.0260524
0.0252876
0.0263939
0.0267837
0.0245528
0.0232959
0.0243126
0.0238894
0.0268998
0.0250789
0.0241973
0.0278869
0.0284246
0.0258222
0.0242836
0.0227049
0.0237928
0.0242329
0.0246096
0.0243891
0.0246353
0.0262355
0.0256864
0.0250349
0.0228482
0.023866
0.0268186
0.0232758
0.0255666
0.0225563
0.0242493
0.0277926
0.028179
0.0263454
0.0263842
0.0274515
0.0277835
0.0277787
0.0282877
0.0259939
0.0244962
0.028071
0.0274645
0.0247765
0.0242394
0.0250613
0.0246603
0.0229089
0.0255692
0.0244739
0.0223222
0.0253445
0.026125
0.0271759
0.0240185
0.0236391
0.0228745
0.0292946
0.0249935
0.0249607
0.0238884
0.0249474
0.0227461
0.0242396
0.0216783
0.0257676
0.0245237
0.0244065
0.0215977
0.0239355
0.027041
0.0217583
0.0252951
0.0229129
0.0263825
0.0232347
0.0259289
0.023768
0.0239248
0.0237771
0.0211994
0.0214051
0.0213551
0.0219705
0.020973
0.0224025
0.0259623
0.0296707
0.0224419
0.0218634
0.0224119
0.0237489
0.0223784
0.0232291
0.0227226
0.0208856
0.0227859
0.0227289
0.0211082
0.0239741
0.0224332
0.0208363
0.022491
0.0223533
0.0205568
0.0245134
0.0245548
0.0219845
0.0234147
0.0233887
0.0250796
0.0217953
0.0288703
0.0277929
0.0225752
0.026926
0.0240175
0.0243444
0.0228699
0.0242793
0.024873
0.0223992
0.0264598
0.025335
0.0267806
0.0259352
0.0259218
0.0233556
0.0238889
0.0229665
0.0236457
0.0266221
0.0250212
0.0263448
0.0247297
0.0231365
0.0242582
0.0242954
0.0227349
0.0232645
0.0275366
0.0223389
0.0263741
0.0265257
0.0250473
0.0242843
0.0257744
0.0255956
0.0242624
0.0253684
0.0231139
0.0240753
0.0274081
0.0272293
0.0262499
0.0261135
0.0235793
0.0248425
0.0234231
0.0252802
0.0240952
0.0251402
0.0239947
0.0246316
0.0253429
0.026594
0.0253227
0.0287668
0.0229865
0.0247605
0.0255292
0.0268254
0.0230287
0.0276
0.023845
0.0246531
0.0243356
0.0287182
0.0249598
0.0259715
0.0243351
0.0250803
0.0249219
0.0266056
0.023939
0.0276855
0.0276576
0.0291262
0.0266765
0.0268266
0.0267621
0.0257886
0.0242439
0.0289538
0.0270414
0.0247149
0.0298839
0.0281433
0.0262373
0.0289566
0.0249487
0.0265856
0.0293734
0.0272956
0.0272728
0.0257403
0.0302973
0.025675
0.0259095
0.0304565
0.0304552
0.0283403
0.0266713
0.0238512
0.0255282
0.0235384
0.0254621
0.0261162
0.0238754
0.0277552
0.0283124
0.0270856
0.0270225
0.0269803
0.0312423
0.0237306
0.0277208
0.0295346
0.0298355
0.0313279
0.0253923
0.0300782
0.0290548
0.029055
0.0270554
0.0284103
0.0291833
0.0272441
0.03052
0.0318658
0.0289133
0.0263604
0.0263321
0.0285354
0.0304847
0.0289762
0.0275612
0.0283233
0.0259809
0.0275051
0.0245764
0.0296623
0.0282354
0.029139
0.0296498
0.0276739
0.027245
0.0268074
0.0262425
0.0283088
0.0246637
0.0295234
0.0286679
0.027752
0.029716
0.0299413
0.0274138
0.0270321
0.0285638
0.0285727
0.0249798
0.0291371
0.0266612
0.0265315
0.0280191
0.027494
0.0264659
0.0297691
0.0248787
0.0275598
0.0242233
0.0246608
0.0278041
0.0282335
0.0282343
0.0292616
0.029524
0.0282106
0.0254727
0.0289941
0.0256451
0.0273685
0.0281583
0.0282531
0.0292551
0.0289971
0.0300424
0.0275998
0.0267043
0.0273212
0.0254491
0.0305478
0.0270351
0.0294859
0.0281783
0.0306775
0.0298785
0.0290945
0.0298745
0.0320747
0.028951
0.0267166
0.0291997
0.0303869
0.0295319
0.0288901
0.0280387
0.0297663
0.0295023
0.0298642
0.0264263
0.0292835
0.0287173
0.0291749
0.0303938
0.0288885
0.0290459
0.0273718
0.0285396
0.0309414
0.0275976
0.0291926
0.0274008
0.0260811
0.0279302
0.0303903
0.02928
0.0285686
0.0254857
0.0287414
0.0322494
0.0295553
0.0277743
0.0296254
0.0281077
0.0298009
0.0293498
0.0314204
0.0301027
0.0303252
0.0309316
0.0295173
0.0295672
0.030036
0.0296849
0.0302608
0.0272737
0.0280901
0.0305124
0.0266014
0.0284556
0.0284141
0.0297253
0.0268449
0.0294876
0.0289001
0.0257315
0.0275434
0.026618
0.0259158
0.028433
0.0279454
0.0294525
0.0278377
0.0300713
0.0289406
0.0268158
0.0278035
0.0258971
0.0279314
0.0259144
0.0296842
0.0280149
0.0247174
0.0300629
0.0269769
0.0278031
0.0275676
0.0277329
0.0270616
0.0272126
0.0237983
0.028651
0.024932
0.0263257
0.02347
0.0260297
0.0258219
0.0254995
0.026226
0.0251519
0.023774
0.028478
0.0253757
0.0260035
0.0279265
0.0240494
0.0248067
0.0255002
0.0268935
0.0250269
0.0245824
0.0281723
0.0251983
0.0254035
0.0310263
0.0294366
0.0263101
0.0260883
0.0241938
0.02686
0.0284916
0.0261581
0.025955
0.0254044
0.0239306
0.0280927
0.0272444
0.0280687
0.0282484
0.0276443
0.0251734
0.028002
0.0284746
0.0239498
0.0270824
0.0266739
0.0246271
0.02669
0.0249315
0.0285715
0.0245768
0.0271465
0.0295657
0.0261877
0.03134
0.0274541
0.0257439
0.0284151
0.0245161
0.0278351
0.0247676
0.0242719
0.0248791
0.0279629
0.0304706
0.0258611
0.0268148
0.0234896
0.0248401
0.0250338
0.0266304
0.0255527
0.0256573
0.0269397
0.0262942
0.0266254
0.0263337
0.0249471
0.0265442
0.0282949
0.0240524
0.0243226
0.0265051
0.0276204
0.0273413
0.0258481
0.026469
0.02517
0.0240843
0.0244428
0.0232785
0.0244578
0.0260781
0.0267245
0.0264555
0.0242193
0.0264363
0.0263596
0.0248048
0.0240019
0.0225739
0.0242498
0.0249078
0.0234059
0.0260831
0.0261327
0.0320009
0.0259782
0.0297714
0.0230696
0.0229469
0.0233718
0.0258949
0.024773
0.0242127
0.0276497
0.0268874
0.0245931
0.0237451
0.0248823
0.027012
0.0270685
0.02675
0.0241596
0.0263296
0.0245053
0.023937
0.0262569
0.0257116
0.0237375
0.0241513
0.0275119
0.0251297
0.0247466
0.0266273
0.0259318
0.0255259
0.0263379
0.0262664
0.0241502
0.027845
0.028144
0.0257605
0.0233728
0.0254288
0.0232248
0.023344
0.0243291
0.0249449
0.026331
0.0269134
0.0253618
0.0245912
0.0248599
0.0283417
0.0272258
0.0235971
0.0242652
0.0243576
0.0286847
0.0254089
0.0241977
0.0240928
0.0233905
0.0250773
0.0254299
0.023341
0.022946
0.0237884
0.0253142
0.0230881
0.024459
0.0266468
0.0249328
0.0238141
0.024416
0.0235768
0.0242954
0.0239719
0.0239344
0.0230694
0.0226024
0.0265024
0.0239301
0.0252705
0.0233337
0.0230431
0.0249281
0.0218757
0.0243292
0.0264639
0.0270078
0.020753
0.0225979
0.0224499
0.024485
0.0226616
0.0228381
0.0211541
0.025337
0.0255472
0.0254459
0.0224169
0.0230109
0.0207038
0.0230407
0.0236215
0.0254298
0.0251049
0.0231428
0.0232463
0.0215127
0.0235873
0.0237712
0.0241702
0.0258664
0.0241723
0.0249618
0.0208273
0.0236181
0.0234705
0.0222002
0.0239574
0.021692
0.0227927
0.0237999
0.0254198
0.022825
0.0232257
0.0216962
0.0255213
0.0253004
0.0246831
0.0226461
0.0272064
0.0219401
0.0238495
0.0240351
0.0274017
0.0250063
0.02199
0.0244985
0.023965
0.0228839
0.0307993
0.0288446
0.02635
0.0284317
0.0260987
0.0253426
0.0285284
0.0271696
0.0261668
0.0250006
0.0258163
0.0260572
0.0267622
0.025563
0.023243
0.0234337
0.0239323
0.0273681
0.0269538
0.0277468
0.0238431
0.0299743
0.0265064
0.0278452
0.0275234
0.0230712
0.0269807
0.0248994
0.0263026
0.0236895
0.0250597
0.0261748
0.0243235
0.0248533
0.025458
0.0270093
0.0260066
0.0238245
0.0246393
0.032257
0.0231765
0.0279739
0.024709
0.0250616
0.0233769
0.025605
0.0253902
0.0259149
0.0235495
0.025678
0.0258275
0.0239383
0.0260073
0.0258854
0.0263506
0.0238344
0.0245238
0.0226006
0.0262752
0.0243375
0.0242056
0.0274529
0.023833
0.0238914
0.0276271
0.0237791
0.0208503
0.0265877
0.0220267
0.0243291
0.0279793
0.0247632
0.0227982
0.0251985
0.0247693
0.0249859
0.0238773
0.0244227
0.0271931
0.0256934
0.0261724
0.0264826
0.0251788
0.0237105
0.0253041
0.0243458
0.0240596
0.0272918
0.0230712
0.0252241
0.0254961
0.0263786
0.0343772
0.0272326
0.0251785
0.0232245
0.0265117
0.0247657
0.0244936
0.0266095
0.0272603
0.0258974
0.0291448
0.0241384
0.023857
0.0237465
0.0264128
0.0255436
0.0265667
0.0258662
0.0270933
0.0274038
0.0266073
0.0243975
0.0259634
0.0254771
0.025656
0.0268216
0.0291128
0.0279085
0.0254453
0.0267292
0.0266621
0.0264556
0.0272409
0.0241793
0.0278918
0.0318706
0.0287866
0.0279816
0.0272571
0.0267934
0.0292306
0.0263591
0.0272812
0.0246753
0.0304674
0.0280586
0.0273246
0.0251001
0.0265576
0.0267725
0.0275003
0.028886
0.0290282
0.0307933
0.0330101
0.0281437
0.0271959
0.0248758
0.0270821
0.0271447
0.0282564
0.0269197
0.0288207
0.0275787
0.0245465
0.0257744
0.0260957
0.0267131
0.0278693
0.0256399
0.0258364
0.0233885
0.0255852
0.0272685
0.0259311
0.0251085
0.0258284
0.0279375
0.0281242
0.0254052
0.0247612
0.0238258
0.0240415
0.0252564
0.0255465
0.0287501
0.0244989
0.023584
0.0239562
0.0237807
0.0220687
0.0261532
0.0230355
0.0212621
0.0220229
0.0218932
0.0230796
0.02245
0.0240201
0.0196587
0.0237223
0.0224328
0.0195313
0.0214606
0.0210635
0.0191878
0.0214245
0.0205542
0.0230803
0.0215974
0.0210655
0.0220913
0.0225209
0.0196396
0.0200588
0.020263
0.0189085
0.0201372
0.0188258
0.0197657
0.0195242
0.0181617
0.0184909
0.0199591
0.0182648
0.0178864
0.0233893
0.021618
0.0233118
0.0190465
0.0207288
0.0204492
0.0216095
0.018393
0.0181675
0.0196269
0.01908
0.0186903
0.0228637
0.0187382
0.0175255
0.0240127
0.0194237
0.022403
0.0204608
0.0220563
0.0202997
0.0190214
0.0175894
0.0191422
0.0197783
0.0232917
0.0201066
0.0195019
0.0204889
0.0217909
0.0217343
0.0198622
0.0176881
0.0226734
0.0190418
0.0180977
0.019168
0.0188027
0.0200715
0.0221718
0.0199666
0.0197158
0.022249
0.0220263
0.019421
0.0215941
0.021587
0.0211716
0.0211516
0.0214639
0.0204466
0.0183127
0.0223338
0.021302
0.0205772
0.019555
0.0201027
0.0218614
0.0188303
0.0198245
0.0171904
0.0205583
0.0217595
0.0219052
0.0217925


