0.0167701
0.0425444
0.0422592
0.0438272
0.0411802
0.041417
0.0412691
0.0413478
0.0416389
0.0416324
0.0412348
0.0413204
0.042099
0.0414746
0.0411912
0.0411069
0.0419028
0.0412937
0.0397892
0.0410597
0.0406984
0.0408995
0.0406734
0.0408416
0.0404819
0.0413433
0.0403016
0.0403639
0.0430182
0.0411051
0.040841
0.0405708
0.0407303
0.0403392
0.0412432
0.0403436
0.0416946
0.0412552
0.0414595
0.039507
0.0412441
0.0410045
0.0399901
0.0414918
0.0407684
0.0417629
0.0406401
0.0402767
0.0432519
0.0409196
0.0407054
0.0412498
0.0405989
0.041583
0.040621
0.0404798
0.0404908
0.0412257
0.040304
0.0410913
0.0401077
0.0406386
0.0403933
0.0405762
0.0406542
0.0405992
0.0406027
0.0405961
0.0408039
0.040096
0.0413951
0.0408706
0.0405707
0.0413668
0.0397159
0.0413086
0.0397683
0.0410337
0.0411847
0.0403673
0.0399601
0.0403314
0.040509
0.0398172
0.0402269
0.0400231
0.0400289
0.0406582
0.0397704
0.0723993
0.0123403
0.00996086
0.00939098
0.00956695
0.00908981
0.0102409
0.00989753
0.00843334
0.00860104
0.00839034
0.00837456
0.00907166
0.0083967
0.00866508
0.0113837
0.0122688
0.0107503
0.00923084
0.0104612
0.0090376
0.010543
0.00916633
0.0108205
0.00947261
0.0112285
0.0104154
0.0106658
0.0107495
0.0127876
0.012925
0.015207
0.0126822
0.0124113
0.0115084
0.0115963
0.0112424
0.0117506
0.011465
0.0132903
0.0132022
0.0120525
0.0122308
0.0121381
0.0127447
0.0124602
0.0118356
0.0166368
0.0123124
0.0162225
0.0132755
0.0155468
0.0129449
0.0133782
0.0127591
0.0128644
0.0138324
0.0163657
0.0170582
0.0143692
0.012177
0.0119623
0.012611
0.0157105
0.0154179
0.0132043
0.0114459
0.0122408
0.0113969
0.0129743
0.012661
0.0110232
0.0119536
0.0113822
0.0167382
0.0156354
0.0120094
0.0111228
0.0120649
0.01087
0.0112822
0.0119837
0.0112824
0.0162882
0.0160514
0.0113704
0.0159994
0.0161599
0.0113355
0.0120267
0.0129198
0.0115294
0.0118407
0.0118404
0.011361
0.0155283
0.0162344
0.0161166
0.0122105
0.0108093
0.0120519
0.0145136
0.0133353
0.0114375
0.0123572
0.0126061
0.0117628
0.0167394
0.0165532
0.0139099
0.0138527
0.0124277
0.012104
0.0121152
0.0118443
0.0113781
0.0122684
0.0116231
0.0117553
0.0159313
0.0167242
0.015962
0.013186
0.0128422
0.0112957
0.0118825
0.0118116
0.0123753
0.0153155
0.0129516
0.011975
0.011087
0.0121507
0.0116114
0.0109897
0.0122688
0.0155138
0.0153729
0.0119099
0.0122649
0.0126704
0.0158789
0.0157666
0.0130855
0.0119254
0.0114234
0.0130097
0.0157224
0.0111033
0.0118346
0.011906
0.0117975
0.0128386
0.0120756
0.0134768
0.0165498
0.0125312
0.0138441
0.0134518
0.0117714
0.0129484
0.0118744
0.016235
0.0121148
0.0159724
0.0118452
0.0122172
0.0113526
0.01158
0.0112875
0.0158371
0.011984
0.0118135
0.011302
0.0115612
0.0108334
0.0159795
0.0132012
0.0117842
0.0114003
0.0125113
0.0103907
0.0115345
0.0113738
0.0124738
0.0155791
0.0155844
0.0132153
0.0126871
0.0120153
0.0130883
0.0166212
0.0160514
0.0116956
0.0142976
0.0141348
0.0123227
0.0124266
0.0142795
0.016962
0.0172671
0.0143394
0.0169268
0.0174333
0.0158064
0.0172964
0.01765
0.0136025
0.0145411
0.012534
0.0144405
0.0129975
0.0149505
0.0172848
0.0181886
0.0182995
0.013769
0.0165898
0.0180719
0.0175315
0.0166536
0.0176822
0.0209064
0.0124815
0.0163431
0.0173822
0.0169734
0.0139837
0.0133852
0.0136069
0.0131107
0.0143914
0.0161606
0.0149578
0.0130947
0.0135945
0.0126453
0.0140979
0.0129016
0.0147014
0.0149319
0.0149029
0.0147158
0.0142866
0.0164675
0.0175855
0.0166898
0.013515
0.0128382
0.013466
0.0140995
0.0144631
0.0140993
0.0166933
0.0176533
0.0149024
0.0131256
0.0138827
0.0130337
0.0145963
0.016776
0.0166365
0.0152692
0.0159969
0.0162416
0.0143177
0.0116066
0.0117826
0.0106428
0.0152598
0.0143396
0.014943
0.0113915
0.0117432
0.0116487
0.0112575
0.00973138
0.0112904
0.0117953
0.0104321
0.00990439
0.0120729
0.0104769
0.0103851
0.0126854
0.0125035
0.0112845
0.0115046
0.0142258
0.0132901
0.0135833
0.0113156
0.0133641
0.013439
0.0142868
0.0121094
0.0124887
0.0118886
0.0150955
0.0142808
0.0122417
0.0132756
0.0144768
0.0130547
0.0145097
0.0145768
0.0140608
0.014438
0.0137676
0.0116285
0.0138877
0.0132142
0.011985
0.0115881
0.0124789
0.0132836
0.0125503
0.0127813
0.0104538
0.0152093
0.0106048
0.0120999
0.0153634
0.0111018
0.0133797
0.0122142
0.0162336
0.0122396
0.0133281
0.0138035
0.0118671
0.0116636
0.0134381
0.0125325
0.0160133
0.011505
0.0171474
0.0161228
0.0137517
0.0132327
0.0117909
0.0136287
0.0123849
0.0143734
0.0136287
0.0169753
0.016817
0.013992
0.0141319
0.0118192
0.0129769
0.0120811
0.0128632
0.0125292
0.0134363
0.0118151
0.0129003
0.0118961
0.0133675
0.0131826
0.012404
0.0144578
0.012629
0.0140449
0.0132955
0.0145038
0.0133736
0.0147508
0.0142882
0.0137887
0.0128918
0.0129812
0.0138255
0.0143588
0.0136157
0.0184379
0.0122039
0.0126658
0.014416
0.0146314
0.0142506
0.0138773
0.0129747
0.0176453
0.0183395
0.018284
0.0184912
0.0163975
0.0136057
0.011308
0.0123963
0.0119244
0.0121263
0.0117201
0.012495
0.0127436
0.0110068
0.0129351
0.0154452
0.0167662
0.0164201
0.0162498
0.015801
0.0142829
0.0142596
0.0124325
0.0120394
0.0135208
0.0137802
0.0135414
0.012704
0.0137978
0.0144904
0.0148475
0.0133893
0.0138795
0.0136536
0.0131133
0.0130891
0.0144413
0.0153916
0.0127065
0.0137257
0.0140202
0.0138746
0.0123336
0.0123685
0.0144361
0.0137282
0.0128793
0.0124928
0.0140802
0.0141002
0.0150524
0.0130168
0.0174428
0.0187814
0.0193108
0.0175765
0.0149068
0.0134668
0.0150665
0.0155236
0.0138101
0.0131267
0.0125129
0.0141761
0.0147109
0.0138166
0.0133885
0.0161962
0.0152718
0.0158749
0.0187849
0.0142688
0.0132877
0.0148361
0.0146203
0.0146317
0.0149341
0.0139629
0.0129222
0.0135838
0.0159693
0.0172424
0.017704
0.0177349
0.0169065
0.0175482
0.0146554
0.0140677
0.0150344
0.0134194
0.0138183
0.0141799
0.0136903
0.013907
0.0126558
0.014515
0.0145232
0.0141732
0.0123064
0.0130089
0.0135715
0.0130176
0.0109879
0.0119453
0.0116342
0.0125766
0.0116162
0.0104882
0.0114858
0.011889
0.0112857
0.0124181
0.0117699
0.01298
0.0119595
0.0112737
0.0162321
0.0159301
0.0152098
0.0161018
0.0132202
0.0123961
0.0159977
0.0125117
0.0123356
0.0109647
0.0132172
0.0110887
0.0140352
0.0159628
0.0132543
0.0111938
0.0130495
0.0153424
0.0124642
0.01097
0.0127944
0.0109212
0.0122687
0.0157523
0.0107285
0.0106295
0.012572
0.0110045
0.0123712
0.0154404
0.0133
0.0134396
0.0130427
0.0127496
0.0125183
0.0125515
0.0133854
0.0137931
0.0137033
0.0121438
0.0112509
0.0172987
0.0119119
0.0155226
0.0122688
0.0134007
0.0136373
0.0165389
0.0130576
0.0136056
0.0124852
0.0139695
0.0168877
0.0165244
0.0143129
0.012978
0.0146354
0.0171234
0.0182975
0.0179091
0.0157777
0.0167006
0.0150521
0.0144674
0.013687
0.0151028
0.0151246
0.015541
0.0139447
0.0151295
0.0164869
0.014982
0.0133824
0.0141226
0.0142163
0.0128657
0.0150325
0.0129671
0.0129777
0.0130207
0.0139412
0.012822
0.013702
0.0149112
0.0151568
0.0145693
0.0126773
0.0122621
0.0130487
0.0155126
0.0147994
0.0163923
0.0144341
0.0128985
0.0119551
0.0129143
0.0122476
0.0169424
0.017063
0.0119839
0.0163139
0.0142799
0.0133415
0.0115375
0.0120049
0.0119676
0.0115079
0.0117283
0.0113282
0.0116809
0.011571
0.0138434
0.0124335
0.0121184
0.0112311
0.0130309
0.0134665
0.0157283
0.0162493
0.0131608
0.0137622
0.0137864
0.0116784
0.0126604
0.0121596
0.0163717
0.0129101
0.0122143
0.0126532
0.0136672
0.012537
0.0132528
0.0140676
0.0127403
0.0131085
0.0148141
0.0133551
0.0132516
0.0146668
0.0156092
0.014124
0.0158213
0.0173108
0.0189412
0.0192843
0.0177779
0.0147242
0.013093
0.0153617
0.0169182
0.0149005
0.0145949
0.0141706
0.0134777
0.0154641
0.0164484
0.0153318
0.0154326
0.0141281
0.0163822
0.0179313
0.0180994
0.0196948
0.0173003
0.0145573
0.0153469
0.0159509
0.0138917
0.0139761
0.0151117
0.0154669
0.0154672
0.0135994
0.0150459
0.0173563
0.0150643
0.0148525
0.0152786
0.014672
0.0142305
0.0139946
0.014145
0.0146575
0.0149744
0.0147265
0.0145901
0.0148395
0.017618
0.0192382
0.0188392
0.0188198
0.018551
0.0160499
0.01549
0.0173149
0.0190054
0.0167903
0.0150503
0.0146675
0.0137023
0.015676
0.0150809
0.0151131
0.0133672
0.0147913
0.0157214
0.0150098
0.0146672
0.01357
0.0150656
0.0157874
0.0142841
0.0170883
0.0191111
0.0187034
0.0183417
0.0177648
0.01311
0.0131717
0.0136998
0.0141487
0.0138953
0.0123941
0.0143107
0.013474
0.0139026
0.0137634
0.0146384
0.0136923
0.0138345
0.0140362
0.0123823
0.0139275
0.016175
0.0176344
0.0177629
0.0177392
0.0169421
0.0126346
0.0139831
0.0123887
0.0140049
0.0138948
0.0130262
0.0127077
0.0109256
0.0115599
0.0127728
0.0121357
0.0114065
0.0103205
0.0106388
0.0112766
0.0103054
0.0115617
0.0106216
0.0107038
0.00914275
0.0103492
0.0107229
0.0108902
0.0111291
0.0107773
0.00962723
0.0119461
0.011804
0.00977962
0.0114109
0.0113998
0.00985346
0.0104553
0.0126218
0.0111815
0.0130888
0.0111436
0.0112985
0.0107253
0.0105777
0.0116976
0.0108293
0.0128044
0.0108704
0.0139483
0.0154328
0.0152404
0.0144298
0.0126769
0.0133993
0.0153309
0.0143412
0.0134856
0.0145667
0.0145684
0.0139316
0.013984
0.0128103
0.0134619
0.0138808
0.0137221
0.0140937
0.0132968
0.013217
0.0128568
0.0126917
0.0125491
0.0178099
0.0135446
0.0150895
0.0128159
0.014073
0.0144009
0.014187
0.013816
0.0140783
0.0133221
0.0143098
0.0163998
0.0176081
0.0190274
0.0197191
0.0193953
0.0189137
0.0181687
0.0135461
0.0129636
0.0175852
0.0143932
0.0149252
0.0167171
0.0132465
0.015372
0.0180765
0.0181503
0.0142163
0.0145327
0.0132254
0.0131985
0.0160412
0.0168705
0.0169972
0.0163702
0.0153216
0.0112293
0.0128
0.0139249
0.0115791
0.0108345
0.011872
0.0106169
0.0123522
0.0119911
0.0121178
0.0122637
0.0124491
0.0122043
0.0122593
0.013973
0.014103
0.0133566
0.0127639
0.0151774
0.0130568
0.0150215
0.0147746
0.0151532
0.0153844
0.0138367
0.0181739
0.020309
0.0190412
0.0171536
0.0149501
0.0135191
0.0132785
0.0134819
0.0148251
0.0147837
0.0135516
0.0152267
0.0161485
0.0151532
0.0147543
0.0176196
0.0140831
0.0136514
0.0134368
0.0186004
0.0153523
0.0188761
0.0133531
0.0134114
0.014621
0.0142226
0.0129693
0.0120492
0.0162688
0.0173751
0.018171
0.0165978
0.0120021
0.0158827
0.0158569
0.0122999
0.0121072
0.0124328
0.0115711
0.01218
0.0161874
0.0167874
0.016419
0.0138783
0.011161
0.0122383
0.0110346
0.0123674
0.0128907
0.0120576
0.0131952
0.0130282
0.0133786
0.0123006
0.0119795
0.0119036
0.012767
0.012429
0.0126852
0.0117133
0.0163934
0.0168813
0.0167276
0.0127335
0.0140894
0.0123337
0.0132283
0.0128883
0.012649
0.0116079
0.0122593
0.0128952
0.0130356
0.0119138
0.0132595
0.0161322
0.0141997
0.0133148
0.0118195
0.0120233
0.0134305
0.0130321
0.012402
0.0118511
0.0128947
0.0127037
0.0117242
0.0134135
0.0113356
0.0124131
0.012226
0.0124589
0.0132165
0.0156892
0.0167982
0.0169176
0.0164562
0.0111906
0.0115796
0.0125657
0.0171599
0.0117952
0.0133223
0.0140088
0.0136027
0.0140657
0.0145163
0.0144166
0.0144924
0.0141011
0.01466
0.0160951
0.018157
0.0179634
0.0179738
0.014348
0.0123803
0.0175069
0.0153399
0.0133943
0.0130634
0.0150327
0.0128822
0.0147725
0.0142435
0.0142182
0.0138837
0.0148644
0.0176681
0.0188294
0.0189341
0.0185178
0.023815
0.0158447
0.0168805
0.0176798
0.0171786
0.0168755
0.0159868
0.0129215
0.0107605
0.0114924
0.0109159
0.0105323
0.00986343
0.0138014
0.0129543
0.0129682
0.0132607
0.0144173
0.0129102
0.0129529
0.0130129
0.0126902
0.012933
0.0129553
0.0130492
0.0134023
0.0126187
0.0248513
0.025695
0.0175556
0.012138
0.011945
0.012688
0.0124381
0.0129207
0.0136157
0.0122731
0.0129712
0.0130336
0.012566
0.0124374
0.012435
0.012563
0.0119786
0.0121091
0.0119179
0.0120495
0.01228
0.0121449
0.0102006
0.0119548
0.01141
0.0104208
0.0121428
0.0110715
0.0130037
0.0128312
0.0115841
0.0135568
0.0138313
0.012739
0.0137451
0.0127734
0.0135833
0.0127406
0.0137939
0.0137789
0.0135593
0.0127928
0.0130193
0.0128929
0.0124808
0.012386
0.0120617
0.0119738
0.0120932
0.0121222
0.0117356
0.0156309
0.0161808
0.015926
0.0113405
0.01297
0.0122166
0.0120321
0.0122427
0.0125123
0.0115169
0.0121569
0.01127
0.0113387
0.0122232
0.0119355
0.0112235
0.00996566
0.0115293
0.0126035
0.0108439
0.0119441
0.0113966
0.0125573
0.0112102
0.0116315
0.0108744
0.011869
0.0115348
0.0102945
0.0123551
0.01248
0.0107599
0.0120607
0.0114233
0.010645
0.0104469
0.0113738
0.011398
0.0109695
0.0155402
0.0167617
0.0171476
0.015367
0.0162446
0.0139711
0.0149985
0.0127517
0.0123706
0.0165113
0.0180582
0.0184843
0.0171857
0.0137092
0.0120064
0.0138303
0.0129029
0.0132409
0.0125075
0.0120342
0.0115994
0.0129046
0.0130664
0.012812
0.0123981
0.0120352
0.0138112
0.0135656
0.0137846
0.0131855
0.0139844
0.0153326
0.0156183
0.0151613
0.015465
0.0159073
0.0155672
0.0152693
0.0151433
0.0153573
0.0148991
0.0157283
0.0158333
0.0160104
0.015801
0.0157659
0.0156372
0.0154305
0.0147098
0.0153479
0.0156737
0.0169281
0.0185749
0.0194622
0.0188586
0.0186054
0.0164206
0.0154803
0.0158274
0.0151199
0.0156837
0.0161913
0.0152051
0.0160823
0.0160231
0.0157115
0.0157422
0.015221
0.0151986
0.0135872
0.0150024
0.0148466
0.0156125
0.0149021
0.0137814
0.0158126
0.0135229
0.0144922
0.0141204
0.014058
0.0140189
0.0190464
0.0125252
0.0120286
0.0144951
0.014032
0.0142008
0.0145269
0.0134884
0.0129611
0.0139401
0.0144657
0.0140357
0.0138786
0.0139772
0.0134382
0.0126602
0.0142484
0.0117308
0.0133732
0.012925
0.0130091
0.0146193
0.0120996
0.0132055
0.0139974
0.0138896
0.0123923
0.0127062
0.0147402
0.0141541
0.0147013
0.0148219
0.0144762
0.0145086
0.014615
0.0146609
0.0152959
0.0149789
0.0132548
0.0147645
0.0158184
0.0147819
0.0147253
0.0152483
0.0149668
0.0144481
0.0139222
0.0142903
0.0135523
0.0148776
0.0155046
0.0156766
0.0154449
0.0149462
0.0147281
0.0143787
0.016111
0.0168157
0.016247
0.0166303
0.0150179
0.0146542
0.0135851
0.0142304
0.0151284
0.0144586
0.0144821
0.0142278
0.013603
0.0156623
0.0133058
0.0127034
0.0121331
0.0144665
0.0135365
0.0137023
0.0190339
0.0129638
0.0144591
0.0164609
0.0179308
0.018269
0.0177478
0.0175564
0.0168628
0.0164503
0.0175892
0.0179081
0.0177326
0.0174763
0.0137012
0.0135502
0.0140884
0.0141919
0.0148576
0.0146967
0.0132193
0.0149271
0.0145053
0.0153002
0.0168816
0.0184997
0.0193767
0.0192451
0.0186998
0.0187672
0.0178983
0.0160013
0.0141544
0.0146965
0.0155731
0.01551
0.0157845
0.0152276
0.0145727
0.0175525
0.0172613
0.0154494
0.0174286
0.0170452
0.0173176
0.0174894
0.0166807
0.0174666
0.0171802
0.0139701
0.0166525
0.0154694
0.0156398
0.0164309
0.0153804
0.0150724
0.0143431
0.018092
0.0194719
0.0207432
0.0200942
0.0197872
0.0198346
0.0185081
0.0179822
0.0198888
0.0203603
0.0205857
0.0206022
0.0210663
0.0198531
0.0194672
0.017606
0.01804
0.0181198
0.0180402
0.0169042
0.014918
0.0163489
0.0171652
0.0170974
0.0158987
0.0161211
0.01613
0.0146989
0.016696
0.0141726
0.0170427
0.0178551
0.0171478
0.0176482
0.0167303
0.0168638
0.0179113
0.015503
0.0156611
0.0164075
0.0160075
0.0168016
0.0171081
0.0173369
0.0170862
0.0156712
0.0151046
0.0170803
0.0181204
0.0157189
0.0163979
0.0173126
0.020952
0.0171981
0.0177836
0.0171379
0.0168039
0.0154601
0.01554
0.0156436
0.0149688
0.0152031
0.0156303
0.0153579
0.0134876
0.0154074
0.0193147
0.0179689
0.0202604
0.0178484
0.016282
0.0153183
0.0202671
0.0139946
0.0121741
0.0134334
0.0136098
0.0141165
0.0141443
0.0141174
0.0144956
0.0147236
0.0150395
0.0155593
0.0149906
0.01467
0.0150289
0.0149055
0.015086
0.0141908
0.0128202
0.0149914
0.0130784
0.0150591
0.0181578
0.0153436
0.0190095
0.0144669
0.0152114
0.016326
0.0162653
0.0139851
0.0178845
0.0157778
0.0156278
0.0155065
0.0192353
0.0139521
0.0160316
0.0141588
0.0149461
0.016595
0.0165184
0.0157102
0.0227661
0.0136952
0.0150038
0.0173069
0.019108
0.0172221
0.0186912
0.0155625
0.0159344
0.0142332
0.0136602
0.0156678
0.0161592
0.017625
0.0167237
0.0165057
0.0168161
0.0162989
0.0162432
0.0150106
0.0175709
0.0176641
0.0171975
0.0176956
0.0152351
0.0163122
0.0172427
0.0177999
0.0167969
0.0169564
0.0222645
0.0146396
0.0143503
0.018824
0.0194923
0.0202214
0.0199577
0.0212242
0.0208196
0.0201454
0.0196601
0.0160048
0.0175307
0.0187188
0.0182933
0.0189347
0.0173703
0.0183579
0.0181154
0.0178929
0.0158591
0.0170432
0.0169469
0.0179387
0.0172962
0.0173787
0.016936
0.017549
0.0166022
0.0174698
0.0162402
0.0154849
0.0157266
0.0165139
0.0162689
0.0165208
0.0157816
0.0155445
0.0155356
0.0217774
0.0150481
0.014368
0.0175265
0.0163914
0.0154713
0.0193273
0.0203675
0.0152917
0.0146739
0.0142876
0.014728
0.0159833
0.0158528
0.0135908
0.0149514
0.0162025
0.0167726
0.0167868
0.0156522
0.0162689
0.0166835
0.0148252
0.0194421
0.0140957
0.0153752
0.0151572
0.0164119
0.0170779
0.0161675
0.0159511
0.0163138
0.0167487
0.0154361
0.0159256
0.0145629
0.0165283
0.0182222
0.019447
0.0193412
0.0195909
0.0194314
0.0196857
0.0201829
0.0207043
0.020037
0.0190133
0.0189499
0.019049
0.0194633
0.0196086
0.0187127
0.0181985
0.0140868
0.017571
0.01931
0.0203867
0.0215368
0.0195008
0.019649
0.0196385
0.0193319
0.0168647
0.016621
0.0153503
0.0184471
0.0154858
0.014465
0.0145286
0.0164273
0.0151784
0.0144168
0.0213445
0.0133926
0.0129877
0.0139027
0.015297
0.0149426
0.0169077
0.0144237
0.0163874
0.0142563
0.0166716
0.0179483
0.0172752
0.0160005
0.0158859
0.0158996
0.0184718
0.0175241
0.0184464
0.0227617
0.0167236
0.0164285
0.0183379
0.0175859
0.0167216
0.0192484
0.018375
0.0192952
0.0187119
0.0174978
0.0185615
0.0189274
0.0184556
0.0195688
0.0189188
0.0186043
0.018811


