0.0110028
0.0204095
0.0189561
0.0193969
0.0191069
0.0190945
0.0189034
0.0188823
0.0189294
0.0188709
0.0263072
0.0196657
0.0192829
0.0190751
0.0189569
0.0190771
0.0194232
0.0197949
0.0195236
0.0192551
0.0374103
0.0137814
0.0115247
0.0107112
0.0103938
0.0106072
0.0100319
0.0109139
0.0107456
0.0104159
0.0101322
0.0114055
0.0115816
0.0115484
0.0105267
0.0118365
0.0120317
0.0114272
0.0109409
0.0114291
0.011709
0.0116181
0.0117358
0.0117419
0.0111311
0.0113864
0.0106099
0.0115498
0.0112791
0.0118849
0.0119802
0.00969931
0.0118534
0.0127473
0.0124294
0.0118025
0.011641
0.0122585
0.0123707
0.0117273
0.0117965
0.0134704
0.00956447
0.0101417
0.0113653
0.00969083
0.00930044
0.0112809
0.00961416
0.0119926
0.0120658
0.0127326
0.0133016
0.0148874
0.0178887
0.0142913
0.0158637
0.0150769
0.0167409
0.0158959
0.0170019
0.0172672
0.0172529
0.0203225
0.0217428
0.0166359
0.0176141
0.0175454
0.0160136
0.0212428
0.0217431
0.0164082
0.020999
0.0215721
0.0165206
0.0207777
0.0211038
0.0160612
0.0178456
0.0172833
0.0157967
0.0211765
0.02142
0.0199006
0.0212918
0.0202975
0.0212808
0.021286
0.0168502
0.0184397
0.0215149
0.0177724
0.0195215
0.0201425
0.0187048
0.0173771
0.0216268
0.0264259
0.0170032
0.0218162
0.0221
0.0169402
0.0212246
0.0216745
0.0170354
0.0175662
0.0182605
0.0161659
0.0199517
0.0205002
0.0159493
0.017012
0.0155049
0.0174178
0.0194817
0.0188297
0.0199682
0.0189295
0.0223386
0.0207774
0.0171362
0.0202636
0.0192033
0.0202113
0.0192113
0.0172751
0.0172263
0.0169639
0.020509
0.0208511
0.0165105
0.0170607
0.0165886
0.0166452
0.0206151
0.019541
0.0204232
0.0160753
0.0207253
0.0183535
0.0152364
0.0167599
0.0165748
0.0169486
0.0162871
0.0156127
0.0167765
0.0167994
0.0179667
0.0205031
0.0214245
0.0207401
0.0215413
0.0213425
0.0212678
0.0177169
0.0170019
0.0203686
0.016115
0.0212796
0.0207219
0.0189672
0.0190807
0.0178181
0.0183977
0.0173771
0.0330375
0.0222533
0.0175781
0.0190446
0.018387
0.0179851
0.0214838
0.0209979
0.0185432
0.0216549
0.0185501
0.0168521
0.0203921
0.0179455
0.0179152
0.0179373
0.0182328
0.0181625
0.0219776
0.0213663
0.0197192
0.0216829
0.0225727
0.0176759
0.0198561
0.019903
0.0194711
0.0227623
0.0228921
0.0172876
0.0221568
0.0232257
0.0176547
0.0196614
0.0198194
0.0190486
0.0229133
0.0233506
0.0180112
0.0227261
0.0233004
0.0178524
0.0220279
0.0222073
0.0190082
0.0212904
0.0224771
0.0168154
0.0180988
0.0170723
0.0172131
0.0261102
0.0175187
0.0158475
0.0162024
0.0150078
0.0200528
0.0203755
0.0155686
0.0168691
0.0159284
0.0172215
0.0174193
0.0205975
0.0212428
0.0163275
0.0216708
0.0221822
0.0173439
0.0177637
0.0191849
0.0180338
0.0197866
0.0194803
0.0212065
0.0229098
0.0180847
0.0213106
0.0204453
0.0186357
0.0185939
0.0230536
0.0177677
0.0191066
0.0199852
0.0181168
0.0249199
0.0200578
0.017697
0.0186093
0.0213261
0.0181439
0.0188929
0.019643
0.017675
0.0225819
0.0237796
0.0176027
0.0215388
0.0204493
0.0183264
0.0183483
0.019434
0.0184253
0.0178928
0.0192307
0.0176935
0.0192175
0.0194019
0.0177179
0.0177757
0.0185268
0.0163172
0.0174359
0.0196092
0.0195496
0.0151068
0.0155524
0.016761
0.0154097
0.0198312
0.0209027
0.0155232
0.0204874
0.0215016
0.0202142
0.0199705
0.021574
0.0201361
0.0185539
0.0194907
0.018995
0.0193374
0.017848
0.0177175
0.0162265
0.0210659
0.0217648
0.0190608
0.0174349
0.0187354
0.0160812
0.0220868
0.0229074
0.0174114
0.0219663
0.0241146
0.0221661
0.0204206
0.0226912
0.0240122
0.0240974
0.0202798
0.0180733
0.0198841
0.0197023
0.0179725
0.0183414
0.0196437
0.0178379
0.0185125
0.019513
0.0172396
0.0208741
0.0209685
0.0185647
0.0166982
0.0180163
0.019838
0.0181349
0.0176911
0.0189997
0.0177635
0.0172668
0.0192181
0.019395
0.0157478
0.0191827
0.0191671
0.0180263
0.0189799
0.0199316
0.0192653
0.0170437
0.0181352
0.0190964
0.0193302
0.0199267
0.0195954
0.0216604
0.028188
0.0219625
0.0208761
0.0210502
0.0209258
0.0174513
0.0198062
0.0210454
0.0165158
0.0154002
0.0162364
0.0146733
0.0152261
0.0167904
0.0149289
0.017492
0.0180315
0.0200707
0.0212961
0.0149469
0.0162021
0.0205636
0.0149833
0.0151723
0.0167426
0.0146481
0.015648
0.0181044
0.0163378
0.0165361
0.0210617
0.0170224
0.0166342
0.0207695
0.0156491
0.0191758
0.017546
0.0153849
0.0165782
0.0179711
0.0166737
0.0184916
0.0188304
0.0181654
0.0159058
0.0174537
0.0165461
0.0178098
0.0169366
0.0198518
0.0179449
0.0168844
0.0175865
0.0164325
0.0174324
0.0192564
0.0167903
0.0187006
0.0190062
0.0185357
0.0164991
0.017483
0.0155915
0.0168644
0.0173035
0.0154738
0.0165073
0.0169638
0.0154955
0.0208183
0.0213868
0.0186656
0.0186255
0.0155774
0.0169921
0.0152046
0.0160693
0.0174225
0.0164694
0.0185592
0.0191108
0.0205324
0.0191015
0.0193284
0.0187912
0.020201
0.0216634
0.0195907
0.0204488
0.0231262
0.0209344
0.0210773
0.0222788
0.0204394
0.0178238
0.0170488
0.0178067
0.0163253
0.018223
0.0162441
0.0184283
0.0195764
0.0172351
0.0149808
0.0160084
0.014743
0.0149282
0.0161506
0.0156239
0.0166486
0.0175335
0.0175911
0.0182616
0.0185911
0.019006
0.0168674
0.0187519
0.0171925
0.0184939
0.0207047
0.0278332
0.0218422
0.0183278
0.0208538
0.0216663
0.0211963
0.0156521
0.0159747
0.0206785
0.0150721
0.0172967
0.0192692
0.0201346
0.0190604
0.0158222
0.0194179
0.0155702
0.0162893
0.0179368
0.0188751
0.0178544
0.0164985
0.0190541
0.0201307
0.01773
0.0178201
0.0164033
0.0140811
0.0166469
0.0160214
0.0136305
0.0152662
0.017326
0.0183874
0.0170337
0.014707
0.013803
0.0172157
0.0128407
0.0140402
0.0140216
0.0121463
0.0135133
0.0136764
0.0125074
0.013874
0.0143235
0.012841
0.0141246
0.0140716
0.012413
0.0133474
0.0130727
0.0117324
0.0134072
0.0167258
0.0164465
0.0145816
0.0146107
0.0145302
0.0102158
0.0156567
0.0152656
0.0103239
0.0142533
0.0138348
0.0092952
0.0096751
0.00876651
0.010257
0.0137
0.0128755
0.0104702
0.0106698
0.0137937
0.013567
0.01062
0.0102183
0.0102085
0.00904881
0.0150124
0.0140147
0.0107152
0.0121305
0.0108552
0.0106338
0.0108142
0.0110962
0.0112999
0.0153582
0.0142809
0.0126735
0.015356
0.0145829
0.0124714
0.0114109
0.0107478
0.0116135
0.0110274
0.0110604
0.0113717
0.015162
0.0165426
0.0125345
0.0143656
0.0136224
0.0128467
0.0163036
0.0148447
0.0130749
0.0155136
0.0140872
0.0166299
0.0152842
0.0160615
0.0149901
0.0159169
0.0145022
0.0155835
0.0141282
0.0158389
0.0123589
0.0118088
0.0108712
0.0163856
0.0112122
0.0121406
0.0111161
0.0127371
0.0113223
0.0132078
0.0116183
0.0169374
0.0125608
0.0129446
0.0113676
0.0123348
0.0109583
0.0130441
0.0109966
0.0119984
0.0103191
0.0110689
0.00961267
0.0153531
0.00965716
0.0147715
0.00975202
0.0142092
0.0112022
0.0102404
0.0099256
0.0144865
0.0111259
0.0139199
0.00967267
0.0151381
0.0121586
0.0147776
0.0104954
0.0142298
0.011568
0.0149464
0.0109108
0.0107438
0.0121225
0.0112269
0.0102215
0.011969
0.0100096
0.0160257
0.0112954
0.0155858
0.0111734
0.0124267
0.011103
0.0124889
0.0114419
0.0126464
0.0112169
0.0124501
0.011005
0.0161743
0.0115367
0.015358
0.0121108
0.0114175
0.0108552
0.011508
0.0101838
0.0151467
0.00998265
0.0107204
0.00912784
0.0102668
0.00898309
0.0138917
0.00926646
0.0128728
0.00926462
0.0096104
0.0116609
0.0121654
0.0153168
0.0103197
0.0121718
0.0113037
0.0162867
0.0115816
0.0108818
0.0101468
0.0143856
0.00923955
0.0140955
0.00966576
0.0124841
0.010707
0.0090016
0.0102585
0.0106718
0.01383
0.00941812
0.0127208
0.0138872
0.00867477
0.0151026
0.0109257
0.0158692
0.0109639
0.0121299
0.0108256
0.0126256
0.011021
0.0165479
0.0115378
0.0163414
0.0114146
0.0147181
0.0109252
0.0169286
0.0106924
0.0131698
0.0114672
0.0172644
0.0114564
0.0124766
0.0112126
0.0165707
0.0112326
0.0132472
0.0120012
0.0122013
0.011413
0.0126832
0.0162982
0.0143121
0.0128906
0.0113024
0.0120927
0.0103003
0.0114935
0.00919858
0.010154
0.00886697
0.0126648
0.0100822
0.0146013
0.0102114
0.0120216
0.0104872
0.0162705
0.0115175
0.0152517
0.0107517
0.0160891
0.0114477
0.0123049
0.0110625
0.0127821
0.0111867
0.0140708
0.0103894
0.0160159
0.0102734
0.0147128
0.0103954
0.0148555
0.0109661
0.010891
0.0111572
0.0153923
0.0113898
0.0152599
0.00982025
0.0107354
0.0098528
0.0149842
0.0105236
0.0115066
0.0101843
0.0159419
0.011224
0.0124102
0.0108263
0.0121801
0.0104822
0.0156745
0.0110614
0.0128227
0.0113298
0.0126723
0.0111988
0.0161435
0.0110187
0.0149341
0.0157738
0.0125662
0.0167536
0.0112411
0.017173
0.0140589
0.0143963
0.0159487
0.0140507
0.0169168
0.0124075
0.0133631
0.0120794
0.017467
0.014573
0.0165199
0.0133565
0.0130077
0.0111428
0.0134235
0.0111394
0.0131589
0.0110767
0.0170356
0.0113722
0.0128918
0.0114723
0.0132972
0.0114327
0.0131672
0.0126176
0.0141407
0.0184728
0.0152711
0.0188137
0.0177735
0.0187847
0.0188983
0.0143648
0.0198555
0.0188345
0.0172489
0.0167837
0.0170021
0.0168856
0.017124
0.016953
0.0170047
0.0165995
0.0189574
0.0160111
0.020662
0.0196842
0.018606
0.0161126
0.0180311
0.0171569
0.0167073
0.0182506
0.0160499
0.0168365
0.0169455
0.0156788
0.0201244
0.0209685
0.0177854
0.0169889
0.0163241
0.0163377
0.0153324
0.020184
0.0203056
0.0154597
0.0214222
0.0208192
0.0196144
0.0178919
0.0172505
0.0162716
0.017144
0.0154155
0.016947
0.0172527
0.015799
0.0217025
0.021252
0.0160737
0.0206714
0.0221122
0.0161545
0.0161335
0.0168242
0.0155869
0.0209014
0.0213067
0.0172309
0.0204936
0.0210514
0.0151502
0.0202534
0.0205249
0.0151767
0.0158875
0.0169997
0.0144595
0.0198832
0.0199255
0.0152402
0.0163261
0.0183923
0.0144186
0.0148464
0.0158905
0.0141626
0.0156289
0.0191823
0.0195484
0.0152407
0.0152652
0.0151944
0.0139551
0.0150551
0.0148494
0.0133845
0.0187552
0.0187075
0.0172215
0.0142814
0.013068
0.0128595
0.0111472
0.012546
0.0167672
0.0120928
0.0149275
0.014033
0.0107803
0.0110244
0.0113965
0.0114228
0.014614
0.010239
0.0144693
0.0100781
0.014746
0.0141157
0.0108214
0.0107128
0.00969419
0.0109955
0.0113644
0.0118852
0.0158433
0.017995
0.0130702
0.0133258
0.0151896
0.0124345
0.0163425
0.016331
0.0127026
0.0123705
0.0122425
0.012037
0.0120076
0.0122573
0.0113962
0.0160286
0.0159378
0.0132835
0.0169651
0.0159286
0.0110352
0.015499
0.0158314
0.0122312
0.0118022
0.0142027
0.0122744
0.0159744
0.0157271
0.0122321
0.0124797
0.011349
0.0122028
0.0121779
0.0113361
0.0138936
0.0121132
0.0134009
0.0165481
0.0157558
0.0172121
0.0160001
0.0132305
0.0131394
0.0145808
0.0161179
0.0115629
0.0169167
0.0130016
0.0174497
0.0125323
0.0171002
0.0120454
0.0164387
0.0143658
0.0161726
0.0121862
0.0156631
0.0114272
0.0154563
0.0136851
0.0118492
0.0101886
0.0152844
0.0105589
0.0125012
0.0106683
0.0122709
0.0144707
0.0164963
0.0116398
0.0130507
0.0148335
0.0126571
0.0113644
0.0132296
0.0107657
0.0112184
0.00978069
0.0147379
0.0102423
0.0110795
0.0129385
0.0158686
0.0120163
0.0163601
0.0110647
0.0162296
0.0120149
0.0157769
0.0128636
0.0117499
0.0105065
0.0121752
0.0112679
0.0126607
0.0158919
0.0116737
0.014542
0.0111313
0.0125267
0.0157003
0.0116274
0.0153928
0.0126682
0.0122683
0.0108359
0.0120787
0.0133876
0.0122156
0.0109743
0.0156776
0.0103594
0.0118671
0.0110128
0.015882
0.013802
0.0129535
0.0118385
0.0118892
0.0106076
0.0122583
0.010812
0.0124552
0.0109488
0.0128228
0.0104064
0.0118594
0.0100878
0.0112276
0.00981475
0.0152899
0.00927713
0.0143057
0.00906342
0.0144009
0.00928753
0.0147538
0.0103911
0.0119636
0.0108885
0.0121434
0.0111294
0.0162428
0.0124748
0.0126519
0.0110732
0.0124077
0.0104042
0.0157144
0.00987521
0.0111094
0.00896781
0.0101592
0.010295
0.0129618
0.00966392
0.00833737
0.00848168
0.00980106
0.0100522
0.0115407
0.0104171
0.0127266
0.0105908
0.0133507
0.00960836
0.0104913
0.0117163
0.0114887
0.0129074
0.0107118
0.0163565
0.0153509
0.01262
0.0119104
0.0164315
0.0152065
0.0168496
0.0134206
0.0162501
0.0120205
0.0124483
0.0109298
0.0158351
0.0109882
0.0135869
0.0113065
0.0127571
0.012048
0.0133383
0.0115742
0.0123725
0.0111855
0.0171972
0.0121363
0.015876
0.0110453
0.016314
0.0108309
0.0145638
0.00925411
0.0140531
0.00990241
0.0105179
0.00941733
0.0146781
0.00949844
0.0155725
0.0109786
0.0150086
0.0093797
0.0154381
0.0112218
0.0164901
0.0111267
0.0160073
0.011251
0.0124029
0.0109481
0.0122554
0.0133502
0.0162129
0.0111938
0.0110722
0.00926367
0.0145053
0.0095539
0.0150201
0.00911355
0.0139243
0.00823793
0.0139653
0.00852546
0.00867042
0.0094602
0.0120927
0.00961748
0.00997891
0.00820495
0.0110101
0.0108906
0.0107437
0.0100882
0.012288
0.0106644
0.0125872
0.0110061
0.0167331
0.0125878
0.0146801
0.0117622
0.0134133
0.0120174
0.01786
0.0136498
0.0236156
0.0124938
0.0167948
0.0124576
0.0133553
0.0119098
0.0134673
0.0118417
0.0129432
0.0116701
0.0179555
0.0136294
0.0170321
0.0130249
0.017265
0.0148927
0.0176484
0.0162006
0.0175024
0.0174004
0.0130651
0.0178168
0.0157451
0.0157858
0.0151831
0.0135233
0.0155399
0.015045
0.0189534
0.0178982
0.015626
0.0187321
0.0178304
0.0158849
0.0174975
0.0143923
0.0166194
0.0145625
0.0144654
0.0159047
0.0184125
0.0182083
0.0159872
0.0148244
0.0153623
0.0142009
0.0190238
0.0181282
0.0190424
0.0187302
0.01641
0.0165586
0.0193395
0.0189385
0.0171978
0.0170331
0.0166476
0.0196685
0.0183189
0.0194091
0.0201134
0.0169885
0.0196814
0.0191235
0.0173963
0.0161806
0.0169036
0.0171416
0.0154642
0.0164553
0.0151815
0.0198723
0.0201277
0.0159549
0.0171321
0.0182324
0.0154601
0.0163738
0.017223
0.0153195
0.0162637
0.0166949
0.015093
0.0194765
0.0203865
0.0159442
0.0160792
0.0170058
0.0155492
0.0198371
0.0200396
0.0155877
0.0168455
0.0168314
0.0155014
0.0205549
0.0208548
0.0157972
0.0156974
0.0169218
0.0153109
0.0206253
0.0209293
0.016887
0.016133
0.0171087
0.0152915
0.0157941
0.0161719
0.0146984
0.0190405
0.0176752
0.0144822
0.0144387
0.0147667
0.0134712
0.0182268
0.0178488
0.0125391
0.0174973
0.0143663
0.0129306
0.0182193
0.0173602
0.013371
0.0140008
0.0141917
0.0131211
0.0138416
0.0143247
0.0124186
0.0141778
0.0132939
0.0114856
0.0125789
0.012547
0.0113763
0.0140505
0.0130247
0.0125561
0.0142072
0.0202069
0.0176827
0.0128562
0.0178616
0.0175699
0.013111
0.0180262
0.0137837
0.0144241
0.0181565
0.0182509
0.01304
0.0150163
0.0144925
0.0149442
0.0137985
0.0149724
0.0155505
0.0144481
0.018399
0.0193348
0.0138162
0.015624
0.0182501
0.0139484
0.0186427
0.0189295
0.0139781
0.0187057
0.0194183
0.0134257
0.0145175
0.0149871
0.0133116
0.0189514
0.0194049
0.0170441
0.0183911
0.0185612
0.014359
0.0145037
0.0148323
0.0141922
0.0142533
0.0148933
0.0133077
0.0143655
0.0147261
0.0134338
0.0157395
0.0183743
0.0189047
0.0168052
0.0129917
0.0137572
0.0140873
0.0152271
0.0142294
0.0136945
0.0123374
0.0134115
0.013535
0.0121609
0.0132093
0.0135668
0.0122333
0.0136707
0.0135156
0.0119953
0.017887
0.0167164
0.0143535
0.0139114
0.0142301
0.0125799
0.0173953
0.017785
0.0127449
0.0174237
0.017052
0.0148341
0.0128649
0.013563
0.0123977
0.0174711
0.0174973
0.0130794
0.0134547
0.013947
0.0120121
0.0174064
0.0171161
0.0119373
0.0133897
0.0137924
0.0125488
0.0183064
0.0174439
0.0118275
0.0126345
0.0125595
0.0110002
0.0126824
0.0130139
0.0117966
0.0171874
0.0169214
0.0139618
0.0153421
0.0182788
0.0185783
0.0141971
0.014247
0.0143583
0.0123671
0.0172296
0.0173721
0.0115986
0.0129517
0.0152582
0.0129991
0.0135893
0.0129174
0.014367
0.0175512
0.0179478
0.0136343
0.0150532
0.016402
0.0141524
0.01419
0.0151852
0.0135815
0.0139904
0.0146847
0.013233
0.0181373
0.0187428
0.0147144
0.0150321
0.0183124
0.0137263
0.0186818
0.0187404
0.0140115
0.0139407
0.0148248
0.0128335
0.0178162
0.0179506
0.0152146
0.0140723
0.0172341
0.0129804
0.0146032
0.014844
0.0136223
0.0144686
0.0155089
0.0142708
0.0182733
0.0195907
0.0180303
0.0182123
0.0193229
0.0176711
0.0147203
0.0155497
0.0140992
0.0142748
0.0150731
0.0136118
0.014158
0.0151905
0.0140948
0.0142195
0.015201
0.0143115
0.0145186
0.0143955
0.0131755
0.0183534
0.0186305
0.0166511
0.0154805
0.0136277
0.0170433
0.0129666
0.0172287
0.0179999
0.0154194
0.0138749
0.0174281
0.0132911
0.0139072
0.0156115
0.0137862
0.018728
0.0194218
0.015213
0.0179102
0.0187106
0.0171853
0.0180532
0.01876
0.0144397
0.0142628
0.0153171
0.01508
0.013346
0.0170305
0.018104
0.0167014
0.0147727
0.0139168
0.0144287
0.0136947
0.0137439
0.0146695
0.0132716
0.0133534
0.014255
0.0124989
0.0167614
0.0182051
0.0162932
0.0144285
0.0174269
0.0196646
0.0150145
0.0186463
0.0193763
0.0164053
0.0180414
0.0189647
0.0140833
0.0152008
0.0133565
0.0123037
0.0166945
0.0178855
0.016669
0.0179095
0.0186413
0.0139682
0.0169819
0.0184724
0.0134887
0.0134739
0.0140432
0.0127849
0.0127807
0.0139693
0.0124454
0.0132501
0.0144423
0.0132489
0.014811
0.0142951
0.013611
0.0129859
0.0134753
0.0124199
0.0124582
0.0130498
0.0112895
0.0159955
0.0166013
0.0125205
0.0163542
0.0175348
0.0132589
0.0143103
0.013839
0.0146017
0.0128186
0.0139249
0.0124214
0.0130702
0.0145423
0.0127165
0.0132184
0.0139448
0.0130786
0.013443
0.0150156
0.0137215
0.0140368
0.0148587
0.0132759
0.0143861
0.0146031
0.012541
0.0146401
0.0134374
0.0122178
0.0130344
0.0138825
0.0124912
0.0147188
0.0135903
0.0141756
0.0124505
0.0131325
0.0136239
0.0123857
0.0138473
0.0131709
0.0126513
0.0143397
0.0140802
0.0133033
0.0130284
0.0140556
0.0135435
0.0137165
0.0174006
0.0190929
0.0187523
0.0164972
0.0178365
0.0186599
0.0138986
0.0175756
0.018588
0.0142538
0.0171618
0.018625
0.0144315
0.0142906
0.0137418
0.0121022
0.0170027
0.017241
0.0158559
0.0173294
0.0181144
0.0134716
0.0130809
0.0140552
0.0131003
0.0131648
0.0136262
0.0122956
0.0176107
0.0176313
0.0154474
0.0134174
0.0142343
0.0133276
0.0135114
0.0138865
0.0131327
0.0132237
0.0141193
0.0137526
0.0149085
0.0132198
0.0144232
0.0122951
0.0133566
0.013903
0.0134507
0.0137422
0.0139944
0.0130065
0.0168996
0.0179868
0.013307
0.0176161
0.0185228
0.0140699
0.0168936
0.0182004
0.0166701
0.0135148
0.0150164
0.0134077
0.0161767
0.0181716
0.0190172
0.0171996
0.0167627
0.0153787
0.013372
0.0138068
0.0148766
0.0134203
0.0152353
0.0165808
0.01408
0.0151508
0.0163647
0.0150768
0.0152522
0.0164883
0.0152931
0.0170427
0.0211107
0.0207226
0.0187634
0.0198951
0.020256
0.0183102
0.0187658
0.0196965
0.018424
0.014651
0.0139285
0.0151807
0.0131202
0.0142147
0.0137531
0.0149036
0.0130952
0.0141693
0.0141087
0.0128654
0.0139526
0.0144537
0.0124088
0.012859
0.0136994
0.0120793
0.0126045
0.0133562
0.0128853
0.0125258
0.0136198
0.0121382
0.0170146
0.0180105
0.0156541
0.0157074
0.0180208
0.0190631
0.0148679
0.017842
0.0188272
0.0157902
0.0183049
0.0194675
0.0146638
0.0181397
0.0194327
0.0177579
0.0177408
0.0194975
0.0180217
0.0162864
0.0142688
0.015109
0.0139192
0.0159803
0.0142204
0.0156698
0.0140693
0.0162604
0.0161897
0.0139123
0.0149471
0.0178754
0.0149678
0.0166871
0.0150251
0.0157775
0.0143842
0.016783
0.0184259
0.0195515
0.0185927
0.0153269
0.0189749
0.0197885
0.0183692
0.0166609
0.0144916
0.0166209
0.015128
0.0153711
0.0183733
0.0200622
0.0180663
0.0167474
0.0153903
0.0169863
0.0146014
0.017039
0.0187462
0.0205393
0.0183883
0.0186396
0.0198046
0.0181241
0.0161336
0.0184979
0.0196659
0.0176783
0.0169683
0.0152711
0.0158044
0.0152422
0.0175684
0.0187763
0.0168918
0.0175373
0.0181255
0.0162467
0.0144205
0.0166234
0.0182345
0.014777
0.0153774
0.015984
0.0169723
0.0125937
0.0161836
0.0134139
0.0144201
0.0128904
0.0156035
0.0174654
0.0187196
0.0178133
0.0159327
0.0174118
0.0187066
0.017229
0.0151665
0.0134915
0.0246188
0.013126
0.0150936
0.0155581
0.01489
0.0152463
0.013206
0.0160675
0.0183676
0.0187971
0.017307
0.0145099
0.0185229
0.0192087
0.0172537
0.0162339
0.0179332
0.0189675
0.0170247
0.0140405
0.0165881
0.0184603
0.0150439
0.0149807
0.0178292
0.0189989
0.0185864
0.0142651
0.0144108
0.0188323
0.0146988
0.0141113
0.0177766
0.0190258
0.0172851
0.0144441
0.0155809


