0.0115513
0.0206069
0.0190423
0.0192792
0.0193524
0.0172299
0.0190713
0.0189478
0.0191376
0.0190292
0.0193208
0.0194977
0.0192108
0.0193632
0.01846
0.0195209
0.0197755
0.0197156
0.0197601
0.0196214
0.0357062
0.0211826
0.014302
0.0141676
0.0137256
0.0139924
0.0135884
0.0130798
0.0140278
0.0142138
0.0129624
0.0153201
0.0135184
0.015443
0.0158088
0.0150388
0.0140944
0.0152884
0.0136651
0.0165849
0.0162066
0.0131011
0.0172332
0.0139486
0.0174147
0.013242
0.0151562
0.0166059
0.013486
0.016724
0.0141914
0.0164736
0.0172246
0.0149195
0.0156692
0.0159854
0.016284
0.0149832
0.0167362
0.0162096
0.0145642
0.0169118
0.0139356
0.0165901
0.0150025
0.0146041
0.0147956
0.0150008
0.0168898
0.0156072
0.0191906
0.0190815
0.0169095
0.0180903
0.0201752
0.0165121
0.0176895
0.0167446
0.0168294
0.0167996
0.0165061
0.0169072
0.0147182
0.0158279
0.0152041
0.0149243
0.0161029
0.0199443
0.0159534
0.0168324
0.022541
0.018243
0.020946
0.0201938
0.0192827
0.0176142
0.0185897
0.0228632
0.0206872
0.019763
0.0172849
0.0211309
0.0227247
0.0206107
0.0202799
0.0193558
0.0221044
0.0221193
0.0203764
0.021201
0.0236639
0.0185141
0.0220261
0.023111
0.0197402
0.0195537
0.0199617
0.0193097
0.0233764
0.0188453
0.0223238
0.0206132
0.0182516
0.0188408
0.0187606
0.0176997
0.0223212
0.0176134
0.0190838
0.0185433
0.0180753
0.017319
0.0211925
0.0182946
0.0203371
0.017049
0.0185605
0.0178134
0.01866
0.0168447
0.0165181
0.0190822
0.0183915
0.0200579
0.0189921
0.0185789
0.0186363
0.0209266
0.0165869
0.017676
0.018155
0.016608
0.018235
0.0168833
0.0162688
0.0186595
0.0210379
0.0172227
0.0170094
0.0162505
0.018296
0.0171394
0.0204942
0.015778
0.0174387
0.0172565
0.0171316
0.0152557
0.0193791
0.0187134
0.0185175
0.0187508
0.0173564
0.0182204
0.0192193
0.0191115
0.0192531
0.0185728
0.017174
0.0182949
0.0179749
0.0222475
0.0245757
0.0183014
0.0225791
0.0218054
0.0225108
0.0207543
0.019752
0.0220703
0.0233411
0.019601
0.0194935
0.0173726
0.0172117
0.0177881
0.0174679
0.0219798
0.0223258
0.0172942
0.0222823
0.0219529
0.0206743
0.0178942
0.0181281
0.0198615
0.0193679
0.0228252
0.0215861
0.0194219
0.0204733
0.0218952
0.0199283
0.0201317
0.0192656
0.0190212
0.0240954
0.0247686
0.0207428
0.0182964
0.0198057
0.0205877
0.0191513
0.0226518
0.023742
0.0181746
0.0222432
0.0238548
0.0170722
0.0186889
0.0186478
0.0200728
0.0163855
0.0189074
0.0188993
0.0218627
0.0212979
0.0169106
0.0210605
0.0212753
0.0172764
0.0246596
0.0230032
0.0177123
0.0163247
0.0176158
0.0183485
0.0191775
0.019037
0.0186434
0.0234591
0.020933
0.0200033
0.0196952
0.0223767
0.019694
0.017138
0.0178498
0.0202823
0.0227629
0.0232019
0.0183218
0.0201881
0.020718
0.0202008
0.0204178
0.0207963
0.0192706
0.0202266
0.0227583
0.0189674
0.0242698
0.024165
0.0198533
0.0222446
0.0213602
0.0201193
0.0209491
0.020888
0.0220003
0.0200535
0.0222949
0.0212204
0.0186768
0.0210449
0.0181073
0.0217544
0.0223523
0.0227711
0.0239406
0.0209538
0.0238293
0.0248554
0.024786
0.0217605
0.0204665
0.0192122
0.0223835
0.022332
0.0150996
0.018156
0.0178375
0.0157658
0.0177747
0.016177
0.0181543
0.0179678
0.0183448
0.0186794
0.0193698
0.0190253
0.0161239
0.0172018
0.0185232
0.0193168
0.0190915
0.0197877
0.0204088
0.0204267
0.0199558
0.0157618
0.0164958
0.0180178
0.0180211
0.0175352
0.0195525
0.0211088
0.0191509
0.0208393
0.020674
0.0193933
0.0198613
0.0209926
0.0204961
0.018516
0.0210225
0.0191593
0.0222776
0.0230131
0.025758
0.0211864
0.0242993
0.0244182
0.0198367
0.018764
0.0185283
0.0200781
0.0224987
0.0234128
0.0200103
0.0218321
0.0226034
0.0187519
0.0195005
0.0205453
0.0190678
0.0205178
0.0180728
0.017097
0.0171967
0.0198498
0.0196571
0.0156849
0.0196163
0.0181916
0.0205711
0.0199299
0.0200631
0.0214261
0.0216993
0.0207946
0.0200909
0.021756
0.0205872
0.020844
0.0214801
0.0178031
0.0204387
0.019261
0.0220671
0.0245308
0.0194106
0.0203094
0.0191305
0.0177473
0.019364
0.0204734
0.0227939
0.0195846
0.0201258
0.0185065
0.0199504
0.0195276
0.0208754
0.0190307
0.0189539
0.0180953
0.0221084
0.021499
0.0165477
0.0166175
0.0194586
0.0178617
0.0191198
0.0238608
0.0244429
0.0185848
0.021205
0.0235927
0.0198505
0.0181633
0.0190332
0.0188252
0.0202373
0.0189392
0.0201076
0.0212737
0.0205
0.021295
0.0203861
0.0221897
0.022699
0.0182803
0.0225036
0.0221702
0.0180012
0.017286
0.0188753
0.0188464
0.019872
0.0209051
0.0197118
0.0225311
0.01906
0.0205846
0.0182926
0.0209076
0.022062
0.0178018
0.0209355
0.0224157
0.0173323
0.0181324
0.0180865
0.0188258
0.0174243
0.0195148
0.0167575
0.017521
0.018313
0.020602
0.0175007
0.0190729
0.0192277
0.0201681
0.0202295
0.0206475
0.0189396
0.020347
0.0205746
0.0187706
0.0189729
0.0211487
0.0207452
0.0199954
0.0211115
0.0214643
0.0205675
0.019203
0.0187022
0.0188293
0.0230902
0.0225873
0.0189779
0.0185037
0.018945
0.0195
0.0189733
0.0186051
0.017807
0.0197131
0.0208775
0.0168436
0.0180267
0.0183848
0.0193565
0.0179829
0.0201679
0.0203322
0.0197458
0.0216338
0.0212893
0.0188784
0.0210987
0.0206007
0.0209873
0.0211547
0.0198993
0.0196116
0.0201761
0.0193048
0.0179846
0.0203905
0.0190127
0.0194579
0.0190244
0.0175167
0.019494
0.0179969
0.0215141
0.023857
0.0182578
0.0199779
0.0210395
0.0202468
0.0185571
0.0165683
0.0174853
0.0187327
0.0188951
0.0193322
0.0197124
0.0205112
0.0147414
0.016192
0.0191921
0.0168406
0.0204159
0.019287
0.0200897
0.0217434
0.0167699
0.0148886
0.0151676
0.0152809
0.0192854
0.0198382
0.0166696
0.0183119
0.0188978
0.0155449
0.0149311
0.0153982
0.0150984
0.0192632
0.0199572
0.014042
0.0156411
0.0143112
0.0136351
0.0163234
0.0174197
0.0126263
0.0152365
0.0140263
0.0134813
0.0162126
0.0167035
0.0117571
0.0153299
0.0119115
0.0143441
0.0104435
0.00948777
0.0113995
0.013934
0.0108942
0.0107864
0.0118123
0.0115108
0.0119746
0.0144433
0.0125385
0.0121409
0.0111543
0.0116907
0.0107613
0.0121647
0.0125937
0.01262
0.0130253
0.0153577
0.0107071
0.0106481
0.0129025
0.0111655
0.0110752
0.0130124
0.0136478
0.012772
0.0157456
0.0112415
0.0110856
0.0152404
0.013159
0.0134199
0.0133136
0.0112733
0.0136752
0.0161449
0.0138258
0.0124123
0.0149298
0.0153836
0.0166623
0.0143717
0.0170086
0.0151988
0.0155977
0.0120895
0.0139896
0.0173033
0.0150214
0.0172205
0.0123766
0.0156241
0.0147641
0.0162859
0.0139226
0.0160636
0.0139118
0.0146659
0.013578
0.0156162
0.0148533
0.0139427
0.0130415
0.0139774
0.0132674
0.0150194
0.0135596
0.0121426
0.0133532
0.0138181
0.0133876
0.0125654
0.0129326
0.0114494
0.0111683
0.0101434
0.0146338
0.0113961
0.0112224
0.0101008
0.00947963
0.0109233
0.0110374
0.0105636
0.0099404
0.0110923
0.00988989
0.0101747
0.0112197
0.0115412
0.0100021
0.0100133
0.0108097
0.0116508
0.0144265
0.011948
0.0123199
0.0107035
0.0110289
0.0112251
0.011485
0.0117028
0.0128639
0.0113505
0.0119872
0.0143158
0.0126401
0.0143215
0.0122513
0.012612
0.0125267
0.013323
0.0162194
0.0137357
0.0155808
0.0160963
0.0130046
0.0148475
0.0121009
0.0111458
0.0138636
0.0120599
0.0103294
0.0115686
0.0129545
0.0115771
0.00975064
0.0112113
0.0124285
0.00948231
0.0105571
0.00964933
0.00993521
0.0135614
0.0115513
0.0109718
0.0137647
0.0118754
0.0109986
0.0129722
0.0124906
0.0095228
0.0119627
0.0107178
0.0115618
0.00922338
0.0106084
0.00920169
0.00947183
0.0111311
0.00961168
0.00996878
0.00998765
0.010933
0.0133414
0.0119932
0.0105057
0.0121364
0.0148333
0.0126396
0.0110905
0.0151326
0.0128231
0.0122623
0.012747
0.0101908
0.0129176
0.01198
0.0129828
0.0119656
0.012964
0.0160241
0.0121078
0.0130904
0.0138246
0.0126066
0.0123321
0.0169119
0.013276
0.0168869
0.0133509
0.0127969
0.0133169
0.0170439
0.0118898
0.0137063
0.0164121
0.0138255
0.0137197
0.0127619
0.0116846
0.0112249
0.0117516
0.0105616
0.0104747
0.0114292
0.0141197
0.0117268
0.0150248
0.0132921
0.0129681
0.0111912
0.0121397
0.0132008
0.0154392
0.0130985
0.0127213
0.0142197
0.016746
0.0120958
0.0162141
0.0137144
0.012127
0.0127835
0.0123738
0.0111557
0.0122706
0.0105748
0.0122244
0.0124339
0.0118567
0.00999749
0.0116491
0.010284
0.0118834
0.0104632
0.0126116
0.0135889
0.0119334
0.0106532
0.0121901
0.0112561
0.0130509
0.0157536
0.0135534
0.0153633
0.0142528
0.0122988
0.012564
0.0177902
0.01283
0.0134431
0.013486
0.0130355
0.0131548
0.017237
0.0149189
0.0130745
0.0132776
0.0134381
0.0143127
0.0132621
0.013389
0.0188272
0.0133432
0.0138402
0.0138284
0.0147482
0.014936
0.018065
0.0144937
0.0143466
0.0135668
0.0136664
0.0130402
0.0135178
0.0128168
0.013383
0.0132089
0.0141235
0.0125365
0.0127179
0.0142146
0.0137859
0.0132788
0.0132403
0.0126584
0.0126555
0.0148158
0.0156479
0.015228
0.0192154
0.0184839
0.016026
0.0177271
0.0173447
0.0163087
0.0159355
0.0162988
0.0164356
0.0165593
0.0168623
0.016293
0.0172143
0.017982
0.016936
0.0167031
0.0174641
0.0171909
0.0163774
0.0181643
0.0176681
0.0178095
0.0162594
0.0170174
0.0186008
0.0184754
0.0190107
0.0186097
0.018683
0.0189045
0.0189146
0.0188354
0.0185891
0.0181965
0.0191578
0.0186726
0.018952
0.0167718
0.0177185
0.0182731
0.0172081
0.0176135
0.0180137
0.0182842
0.0178731
0.0189009
0.0174679
0.0186194
0.0175161
0.018179
0.016425
0.0179187
0.0175784
0.018122
0.0187799
0.0180909
0.0171037
0.0167504
0.0169317
0.0174831
0.0162526
0.0184224
0.0167525
0.0188152
0.0180005
0.0186449
0.0159578
0.0168785
0.0161834
0.0186353
0.0176141
0.0177644
0.0172063
0.0192179
0.0200725
0.017633
0.0204819
0.0214755
0.0177479
0.0209928
0.0227056
0.0168141
0.0170585
0.0162308
0.015542
0.0175172
0.0153376
0.0162654
0.017112
0.0200284
0.0168916
0.0168065
0.0157146
0.0150483
0.0145188
0.0141276
0.0147336
0.0126291
0.0170692
0.0116576
0.0151226
0.0110882
0.014561
0.0109075
0.0147895
0.0119286
0.0147954
0.0123459
0.0144113
0.0128092
0.0136947
0.0118277
0.011915
0.0124481
0.0121381
0.0131849
0.0127879
0.013725
0.0173981
0.0141975
0.0151114
0.0134596
0.0138071
0.0137469
0.0133611
0.0145769
0.0136399
0.0184897
0.0157397
0.0144003
0.0136023
0.0141132
0.0133711
0.0134387
0.0140549
0.0136414
0.01416
0.0135825
0.0132867
0.0134245
0.0131921
0.0145377
0.0131095
0.0118871
0.0168991
0.0136034
0.0135201
0.0132417
0.0134038
0.0128958
0.0125004
0.0171152
0.0168755
0.0180151
0.0172848
0.0134055
0.0167866
0.0163702
0.0121199
0.0161893
0.0126548
0.0169637
0.0163969
0.0167052
0.0166488
0.0123393
0.0121074
0.0115319
0.0132567
0.0117151
0.013566
0.0118457
0.0118514
0.0120021
0.0108528
0.0123482
0.0108706
0.0120284
0.0137548
0.0125471
0.0113856
0.0130805
0.0109819
0.0125017
0.0123415
0.0130022
0.0141404
0.0137838
0.0135731
0.0142736
0.014227
0.013368
0.0140776
0.013134
0.0125702
0.0108811
0.0115125
0.0117725
0.0107401
0.0118487
0.0110437
0.0126193
0.0116839
0.0118076
0.0161325
0.0131869
0.0131426
0.0128326
0.0155873
0.0111567
0.0123515
0.013053
0.0113281
0.0114715
0.0122275
0.0124508
0.013009
0.0128242
0.0130033
0.0119208
0.0125011
0.0121736
0.0124838
0.0130073
0.0117398
0.0112016
0.0119303
0.0120523
0.01262
0.0133665
0.0112385
0.0115053
0.0117456
0.0113288
0.0124309
0.013439
0.01159
0.0134281
0.0114621
0.0131857
0.0122655
0.0142224
0.0122313
0.0135316
0.0112937
0.0124938
0.0106716
0.0114983
0.0114686
0.00988433
0.0115775
0.0107638
0.0110002
0.011794
0.0139852
0.0112385
0.0127069
0.0140667
0.014314
0.0131322
0.0125731
0.0134959
0.012268
0.0134689
0.0115598
0.0133413
0.0148462
0.0129815
0.00989841
0.010366
0.00960704
0.00987614
0.0120723
0.0101292
0.00982037
0.0083115
0.0097823
0.00903893
0.0141734
0.0110991
0.0135627
0.0113275
0.0139786
0.0106476
0.0123892
0.0121244
0.0143119
0.0125542
0.0162371
0.0148593
0.0170064
0.0146121
0.0121397
0.012687
0.0125902
0.0130971
0.0134826
0.0165714
0.0123819
0.0164936
0.0140204
0.0118738
0.0123569
0.0166561
0.0127908
0.0164107
0.0128178
0.0174803
0.0135588
0.0129751
0.0146639
0.0123392
0.0134979
0.0140051
0.012341
0.0123648
0.0119889
0.0126175
0.0103491
0.014539
0.0121277
0.0139347
0.0125501
0.0108006
0.0132645
0.0142985
0.0122226
0.0111797
0.0125663
0.0153599
0.0125704
0.013192
0.0115772
0.0123972
0.0163122
0.0129448
0.0129669
0.0123603
0.0162062
0.0132948
0.0123691
0.0126443
0.0139953
0.0121821
0.0109011
0.0121486
0.0111597
0.0124679
0.0104936
0.011352
0.00946382
0.00922713
0.0100056
0.0105242
0.00863938
0.0108108
0.00911589
0.0100798
0.0111028
0.0124681
0.0120473
0.010875
0.0135455
0.0159805
0.0137307
0.0128712
0.0159189
0.0140741
0.0128019
0.0141336
0.0168031
0.0147707
0.0155558
0.0147228
0.0145252
0.0145244
0.0128427
0.017552
0.013928
0.0160646
0.0135033
0.0137552
0.0140945
0.0157732
0.0155601
0.0181609
0.0140027
0.0156665
0.0146252
0.0144913
0.0147313
0.0158732
0.0147637
0.0180122
0.0166255
0.0153882
0.0163863
0.0179135
0.0168462
0.0184191
0.0174238
0.0183601
0.0192539
0.0189834
0.018177
0.0193415
0.0171972
0.018069
0.0174537
0.0173937
0.0178483
0.0169798
0.0189735
0.0186232
0.0182598
0.0181126
0.0181405
0.0161999
0.0169641
0.0173507
0.0179611
0.0181793
0.0180614
0.01746
0.0188331
0.0190094
0.0171977
0.0186174
0.0168954
0.0212063
0.0218938
0.0164558
0.0172599
0.0181417
0.01703
0.0166531
0.0174925
0.0179877
0.0185421
0.0181322
0.0177144
0.016286
0.0175431
0.0185151
0.0188608
0.0180413
0.0189882
0.0163165
0.0224618
0.0222493
0.0183032
0.0179894
0.0181244
0.0181639
0.0164147
0.0171664
0.0171771
0.0164476
0.0214833
0.0231857
0.0210176
0.0192144
0.0193847
0.0178524
0.0169078
0.0215182
0.0228589
0.0213909
0.0173944
0.0174173
0.0182829
0.018766
0.0175378
0.0163619
0.0200318
0.0200952
0.017405
0.0163593
0.0180159
0.0172265
0.0176156
0.0199932
0.0212532
0.0199619
0.0202937
0.0200061
0.019888
0.0141593
0.0142495
0.0146222
0.0135827
0.0134262
0.0169708
0.017792
0.0169078
0.013865
0.0164997
0.015439
0.0148827
0.0166897
0.0160008
0.0150935
0.0147946
0.015003
0.0150313
0.0135425
0.0126494
0.0145483
0.0138923
0.0136041
0.0182817
0.0151829
0.0172056
0.0170848
0.0160119
0.0155073
0.0160514
0.0175915
0.0158148
0.0153112
0.016389
0.0172553
0.0172657
0.0162271
0.0189302
0.0202289
0.0164541
0.018137
0.0207373
0.0171724
0.0173492
0.0172931
0.0168541
0.0159944
0.0167667
0.0184324
0.0204435
0.017121
0.0158978
0.0167658
0.0153664
0.0163033
0.016856
0.0165894
0.0193018
0.0208423
0.0163683
0.0198452
0.0211985
0.0171995
0.0167246
0.0170011
0.0164038
0.0162086
0.0168529
0.0165859
0.0152466
0.0170842
0.0172317
0.0156126
0.0178207
0.0153288
0.0205994
0.0210698
0.0157939
0.0169437
0.0179184
0.0164266
0.014495
0.0172435
0.0159037
0.0183403
0.0156262
0.0167346
0.015637
0.0164669
0.0152446
0.0163973
0.0160135
0.0150208
0.0158338
0.0154334
0.0146245
0.0142137
0.0148938
0.0143167
0.0145427
0.0155372
0.0162957
0.0157226
0.0160547
0.0149592
0.0143261
0.0164462
0.0152686
0.0161103
0.0187189
0.0188657
0.0161015
0.0160457
0.0146851
0.0171404
0.0190308
0.0152396
0.0182935
0.0183778
0.0175586
0.0179042
0.0193834
0.0161336
0.0185493
0.0200225
0.018104
0.0151328
0.01386
0.0136821
0.0129028
0.0120259
0.0135494
0.0161421
0.019386
0.0146847
0.0169565
0.0161646
0.0169298
0.0160656
0.0162531
0.0158386
0.0160237
0.0148862
0.0137231
0.0185339
0.0149583
0.0179326
0.014811
0.0155235
0.0154332
0.0146606
0.014004
0.0180756
0.019187
0.0191792
0.0151532
0.017302
0.0174927
0.0165748
0.017748
0.0167431
0.0156379
0.0203694
0.0181497
0.0177361
0.0160108
0.017306
0.0192146
0.0182715
0.0166915
0.0160685
0.0198599
0.0187863
0.0154854
0.0202986
0.0221224
0.0211959
0.0151733
0.0195403
0.020655
0.0203865
0.0163181
0.0172553
0.0180337
0.0181638
0.0172662
0.0161214
0.0177955
0.0186321
0.0157804
0.0183428
0.0172412
0.0212606
0.0201467
0.0209646
0.0182151
0.0170036
0.0165385
0.0185905
0.0179775
0.0160188
0.0178202
0.0180902
0.0164951
0.0179171
0.0168914
0.0178098
0.0195634
0.0163383
0.0194179
0.016588
0.016452
0.0171187
0.0162394
0.0152612
0.0166002
0.0147724
0.0166533
0.0155547
0.0173797
0.0170955
0.0164114
0.0182839
0.0171429
0.0164323
0.0180527
0.0167203
0.0172557
0.0168466
0.0156417
0.0168644
0.0257748
0.0171741
0.0167803
0.0185689
0.0172338
0.0161721
0.0155675
0.0175023
0.0152347
0.0156242
0.0188527
0.018227
0.0164662
0.0187257
0.0176559
0.0183708
0.0169916
0.0188206
0.0155777
0.0171888
0.0147146
0.016914
0.0196789
0.0209022
0.0249162
0.0203545
0.0228727
0.0308027
0.0206154
0.020092
0.0258268
0.01888
0.016529
0.0140264
0.0145889
0.0168311
0.0175408
0.0143217
0.0150289
0.0167709
0.0168086
0.0202332
0.0172585
0.0148065
0.0220293
0.0252137
0.0171729
0.0164718
0.018631
0.0174722
0.0220402
0.0213442
0.0249319
0.0191017
0.0180539
0.0290468
0.0246552
0.0191752
0.0183487
0.0248106
0.028474
0.0194823
0.0213767
0.0165487
0.0171857
0.0169367
0.0187244
0.0307062
0.0201819
0.0213525
0.0244441
0.0158464
0.0173547
0.0199567
0.02429
0.0255272
0.0195472
0.0145196
0.0162068
0.0244713
0.0257201
0.0270912
0.0170372
0.0163097
0.0176231
0.0199534
0.0188204
0.0156832
0.0171582
0.0203965
0.0164949
0.0155898
0.0173768
0.0184316
0.0158598
0.016544
0.0179319
0.0209561
0.0205292
0.015256
0.015254
0.0181267
0.0194001
0.0152598
0.014753
0.0245962
0.017417
0.0154179
0.0149381
0.0147414
0.0157611
0.0154559
0.0195966
0.0174775
0.0188361
0.0178167
0.0171341
0.0184524
0.0146592
0.0159494
0.0168021
0.0151183
0.0146325
0.014651
0.0145358
0.0145343
0.013676
0.0143617
0.0131478
0.0146432
0.0176578
0.0144177
0.0152813
0.0139565
0.0154512
0.0200366
0.0149692
0.013793
0.0135447
0.0141835
0.0142986
0.0148545
0.0171363
0.018094
0.0179374
0.0230684
0.016053
0.0132274
0.0146087
0.015181
0.0163145
0.0151969
0.0152759
0.0172389
0.0186568
0.0170629
0.0147362
0.0162293
0.0154797
0.0188067
0.0247414
0.0213501
0.0151565
0.0173881
0.0154476
0.0145976
0.0176788
0.0171108
0.0162264
0.0170513
0.0160251
0.0197997
0.0179928
0.0199626
0.0223024
0.0179228
0.0167993
0.0162901
0.0165099
0.0145561
0.0153937
0.0166776
0.0173447
0.0163859
0.0151867
0.0177543
0.0223154
0.0168696
0.0168069
0.0173579
0.015797
0.0174274
0.0203675
0.0216451
0.0165774
0.0162064
0.0184069
0.0171319
0.0157039
0.0174013
0.0194462
0.021662
0.0192493
0.0176717
0.0161594
0.014384
0.014939
0.0146198
0.0138957
0.0136951
0.0135311
0.0152255
0.0156742
0.0141853
0.0227067
0.0193305
0.0146187
0.0138203
0.0140355
0.0147897
0.0156949
0.0160911
0.0165026
0.0145954
0.0133487
0.0156573
0.0159718
0.0134709
0.0142764
0.0150955
0.0157855
0.0158169
0.0172733
0.0155053
0.0170908
0.0161849
0.0149351
0.0181312
0.0172056
0.0153073
0.0163723
0.016158
0.0181256
0.0209172
0.0192168
0.0221238
0.0231674
0.0192091
0.0167756
0.0193996
0.0184752
0.0174154
0.0155354
0.0163555
0.016346
0.0182394
0.0180824
0.0169444
0.0188231
0.0173337
0.0173118
0.0170277
0.0167701
0.0176846
0.0167948
0.0178226
0.0186017
0.0177716
0.016729
0.0192059
0.0216737
0.0168475
0.0185031
0.0177127
0.0184326
0.016376
0.017872
0.0184734
0.0167567
0.0180771
0.0179967
0.0176178
0.0185003
0.0164706
0.0183272
0.0190906
0.0189864
0.0199315
0.0221182
0.0207698
0.0244409
0.0178021
0.016872
0.0180336
0.0179639
0.0185715
0.0155983
0.0156927
0.0182891
0.0163012
0.0213273
0.0155994
0.0155697
0.0166828
0.015761
0.0152081
0.0146834
0.0158849
0.0163038
0.0148385
0.0165798
0.0147858
0.0163125
0.0157349
0.0150942
0.0151226
0.0160388
0.0158319
0.0156641
0.0156815
0.0147119
0.0161086
0.0207315
0.0142865
0.0151995
0.0157846
0.016298
0.0145584
0.0171212
0.0147839
0.0175684
0.0162405
0.0152052
0.0184151
0.0171481
0.0157565
0.0174747
0.017092
0.0178365
0.0183148
0.0174554
0.0168102
0.0144775
0.0167176
0.0166229
0.0156501
0.0160284
0.016375
0.0151488
0.0163809
0.0169121
0.0147123
0.0153007
0.0174951
0.0160613
0.0149891
0.0159361
0.0161873
0.0154445
0.0143201
0.0164324
0.0160699
0.0171107
0.0166803


