0.0168201
0.015195
0.0160544
0.0318081
0.0260942
0.0297963
0.0297645
0.0288397
0.0348344
0.0308078
0.031642
0.0346177
0.0305973
0.0320256
0.0343312
0.0317499
0.0328711
0.0344382
0.0332908
0.0309508
0.0320057
0.0318804
0.0331145
0.0357445
0.035157
0.031985
0.0343512
0.0342667
0.0343615
0.0332679
0.0322454
0.0329122
0.0323941
0.0336664
0.0318022
0.033501
0.0326632
0.0335246
0.0365306
0.0363031
0.0350564
0.0338915
0.0364478
0.0349651
0.032771
0.0322028
0.0353384
0.0371082
0.0345547
0.0370606
0.0230597
0.0227279
0.0228024
0.0235948
0.023027
0.0259538
0.0238722
0.0247573
0.0140669
0.0278368
0.0151189
0.014443
0.014733
0.0147155
0.0150682
0.0150932
0.0287984
0.0239092
0.0262316
0.0291501
0.0284429
0.0291836
0.0310229
0.0330612
0.0324808
0.028888
0.031944
0.0301803
0.0297442
0.0311578
0.0307962
0.0304941
0.0302664
0.0323708
0.032466
0.030465
0.0327601
0.032527
0.0320055
0.0299817
0.0328686
0.0348439
0.0329865
0.0318209
0.0332863
0.0352791
0.0319929
0.0345509
0.0349679
0.0319491
0.0352135
0.0331701
0.0353467
0.0374639
0.0349792
0.0375893
0.0336419
0.0341945
0.0377282
0.0326681
0.0367165
0.0360672
0.0329097
0.033902
0.0227877
0.0228131
0.0230961
0.0242164
0.0244129
0.0255687
0.025102
0.0273261
0.0263728
0.0277878
0.0291416
0.0286786
0.0274551
0.0321753
0.0296508
0.0282297
0.0292743
0.0263341
0.0278947
0.0290564
0.0284472
0.0291126
0.0323919
0.02956
0.0290584
0.0300032
0.0275827
0.0293906
0.0295921
0.0315067
0.0287569
0.0294469
0.0308114
0.0295675
0.0306495
0.0326307
0.0284761
0.0304226
0.0307097
0.0304032
0.0291367
0.0331946
0.0324328
0.0331109
0.0314242
0.0314308
0.0331965
0.0284535
0.0310069
0.0296224
0.0290008
0.0296178
0.0311299
0.0293433
0.0321541
0.0343654
0.0323388
0.0331418
0.028429
0.0300449
0.0301193
0.0307682
0.0310237
0.0324919
0.0333042
0.0312046
0.0321185
0.0316612
0.0332596
0.0316483
0.0299062
0.0312067
0.0318215
0.0297981
0.0341123
0.0328294
0.0298613
0.0345545
0.0317766
0.0297017
0.0312305
0.0319882
0.0301614
0.0304511
0.0312073
0.0310858
0.0321082
0.0288929
0.0313318
0.0319701
0.0313704
0.0305681
0.0303362
0.0341436
0.0305009
0.0318105
0.0337395
0.0335371
0.0312285
0.0330801
0.0317928
0.0317428
0.0330057
0.0310218
0.0315348
0.0326216
0.0311296
0.0322629
0.0350343
0.0357598
0.0306291
0.0325555
0.0316567
0.0298293
0.0307216
0.0350934
0.0298266
0.0310197
0.0315324
0.030427
0.0287095
0.0299557
0.0306719
0.0284228
0.029648
0.0305869
0.0282575
0.031008
0.0308024
0.02819
0.0322122
0.0322702
0.0280018
0.0309779
0.0321847
0.0283189
0.0304283
0.0308749
0.028731
0.0304575
0.0313678
0.0326541
0.0313796
0.0316273
0.0321698
0.0301499
0.0345383
0.0326871
0.0322925
0.037378
0.0383954
0.036821
0.0347953
0.0356955
0.0358898
0.0339544
0.0316527
0.032414
0.0414515
0.038694
0.0348438
0.0364187
0.040376
0.035378
0.0344645
0.0330935
0.0337794
0.032213
0.0405018
0.0377972
0.0366702
0.0415465
0.0383058
0.0424076
0.0411027
0.0420078
0.0332741
0.0335189
0.0374663
0.0354302
0.0263032
0.0321765
0.0297563
0.0274351
0.0279748
0.0269685
0.0241903
0.0256332
0.0258977
0.0255111
0.0261976
0.0265928
0.0239964
0.0272307
0.0326841
0.0275224
0.0311452
0.0319523
0.030515
0.0317601
0.031386
0.0325376
0.0345128
0.0316435
0.0380185
0.0317801
0.0273871
0.0296455
0.0291958
0.0274624
0.0291549
0.029959
0.0277414
0.0285317
0.0303444
0.030846
0.0291187
0.0321624
0.0336377
0.0296701
0.0312245
0.0344166
0.0319713
0.0301135
0.0312663
0.0299692
0.0283656
0.0297927
0.0303213
0.0290994
0.0346855
0.0320628
0.028808
0.030877
0.030536
0.0291453
0.02905
0.0298273
0.0270649
0.0303785
0.0307434
0.0330142
0.0339684
0.0345323
0.0345534
0.0339247
0.0363811
0.0378146
0.0337232
0.0315465
0.031116
0.028713
0.0305817
0.0315099
0.0317222
0.0331394
0.0323239
0.030022
0.030296
0.0304048
0.028096
0.0269557
0.0273017
0.028136
0.0289185
0.0291587
0.0332046
0.0352362
0.033209
0.036069
0.0320584
0.0309548
0.0305581
0.0317256
0.0294684
0.0296315
0.027536
0.028691
0.0285036
0.0299328
0.0299983
0.0299412
0.0300783
0.0292174
0.0307516
0.0320245
0.0305156
0.0304604
0.0305655
0.029895
0.0315758
0.0305804
0.0305397
0.0306052
0.0311391
0.0319032
0.0325054
0.0317032
0.0319634
0.0333241
0.0346317
0.0307116
0.0307927
0.033928
0.0333321
0.0318381
0.0304893
0.0314446
0.030139
0.0312045
0.0322464
0.0327633
0.0316505
0.0332703
0.0317778
0.0307913
0.0305388
0.0298775
0.0296066
0.029293
0.0313763
0.0369092
0.0318071
0.0340417
0.0306216
0.0313485
0.0292897
0.0301104
0.0303636
0.0310641
0.0295472
0.028236
0.0287606
0.0294993
0.0300154
0.0314163
0.0304113
0.0303276
0.029923
0.029246
0.0278715
0.0271213
0.0273582
0.0275016
0.0260185
0.0258824
0.0266045
0.0296932
0.0311654
0.0293271
0.0308594
0.0314015
0.0306626
0.0311174
0.0314498
0.0331241
0.0316883
0.0322127
0.0330143
0.0302643
0.0336733
0.030634
0.0309259
0.0308203
0.0300384
0.0298517
0.0299976
0.029901
0.0338003
0.0317227
0.0300178
0.0287685
0.0309155
0.030954
0.0323889
0.0328417
0.0313709
0.0325495
0.0319733
0.0312142
0.0298314
0.0291887
0.0289205
0.0290906
0.029075
0.0323671
0.0312033
0.0307335
0.0306811
0.03121
0.0303764
0.0318393
0.0321131
0.0293734
0.0296301
0.03152
0.0322644
0.0293411
0.0320172
0.03264
0.0316821
0.0287854
0.0320009
0.0354631
0.0294074
0.0300261
0.0279011
0.0298646
0.0289867
0.0268489
0.0290006
0.0311568
0.0270354
0.0271492
0.0277
0.0276233
0.0259968
0.0259346
0.0258829
0.0259719
0.0232566
0.0244619
0.0247168
0.0241372
0.0222656
0.0241105
0.0234933
0.0196493
0.0205459
0.0228938
0.0194717
0.023345
0.0206847
0.0202822
0.0199866
0.0225347
0.0220276
0.0198334
0.0214348
0.0206675
0.0211474
0.0205988
0.0218422
0.0244325
0.0228535
0.0203474
0.0211158
0.0224764
0.0211048
0.0206121
0.0208908
0.0219928
0.0219201
0.0193027
0.0216987
0.0216901
0.0217377
0.0249771
0.0224106
0.0206231
0.0229719
0.0204879
0.0235016
0.0239143
0.0237485
0.0231606
0.0257278
0.0252603
0.0221242
0.0235212
0.0244359
0.0235057
0.022536
0.0233635
0.0238459
0.0254921
0.0222751
0.0229773
0.0225465
0.0222847
0.0228898
0.023603
0.0218982
0.0231096
0.0230483
0.0247819
0.0226254
0.0233688
0.0207716
0.0222816
0.0258626
0.0237753
0.0214668
0.0233334
0.0241291
0.0233184
0.0214228
0.0226237
0.0255956
0.0243027
0.022918
0.0221246
0.0233768
0.0225849
0.0219795
0.0218778
0.0213884
0.0220867
0.023035
0.0214646
0.0202751
0.0209223
0.0212843
0.0215615
0.0216659
0.0216167
0.0206714
0.0207068
0.01977
0.0243727
0.021427
0.0241844
0.0251405
0.0237907
0.0235139
0.0229426
0.0224667
0.0242529
0.0240062
0.0219619
0.0226771
0.0225502
0.0219611
0.0250337
0.0220739
0.0238541
0.0233554
0.023716
0.0234145
0.0268969
0.0229497
0.0238606
0.0238666
0.0234716
0.023773
0.0237055
0.0245623
0.023555
0.0235127
0.0236235
0.0245721
0.0247651
0.0241681
0.0257361
0.0232549
0.0234203
0.0234735
0.0232255
0.0249969
0.0236197
0.0221788
0.022522
0.0245362
0.0223491
0.0215315
0.0213862
0.0226284
0.0219907
0.0206253
0.0224334
0.0200407
0.0213591
0.0201509
0.0196005
0.0214832
0.0212978
0.0210063
0.019641
0.021302
0.0209044
0.023359
0.0232726
0.0215475
0.0226891
0.0233477
0.0230554
0.0227246
0.026818
0.0264359
0.024685
0.0244793
0.0244103
0.0261481
0.0242642
0.0277189
0.0229138
0.0230378
0.0233454
0.0240705
0.0251129
0.0238773
0.025434
0.0266652
0.027021
0.0271302
0.0274566
0.0247884
0.0274789
0.0301034
0.027019
0.0281712
0.0279016
0.0255076
0.0275982
0.0280148
0.0252375
0.0264529
0.0268964
0.0282014
0.0254451
0.0272686
0.0278007
0.02607
0.0277649
0.0304047
0.0267491
0.0288677
0.0292837
0.0284041
0.026264
0.0284304
0.0305734
0.0277229
0.0260681
0.0272644
0.0308565
0.0269639
0.0276998
0.0278814
0.0265965
0.0286125
0.0282493
0.0250438
0.0306329
0.0329052
0.0271769
0.0274405
0.0284851
0.0280792
0.0252695
0.027065
0.0276968
0.0242482
0.0255826
0.0252339
0.0280867
0.0286086
0.0234663
0.0244711
0.0254259
0.0273291
0.0255115
0.0253785
0.0270866
0.0267199
0.0253311
0.0252513
0.0262544
0.0277738
0.0259626
0.0240775
0.0254212
0.0258902
0.0299035
0.0279202
0.0273637
0.03019
0.0298371
0.0262887
0.0281689
0.030011
0.0312647
0.0302125
0.0284459
0.0284422
0.0315203
0.0278948
0.0295043
0.031752
0.0282958
0.0283006
0.0280143
0.0310758
0.0271621
0.029371
0.0330295
0.0289892
0.0296209
0.0302481
0.0322923
0.0306191
0.0291634
0.0293757
0.0301597
0.0287582
0.0299218
0.0303558
0.0302434
0.029646
0.028379
0.0323545
0.0332066
0.0330787
0.028352
0.029038
0.0292975
0.030149
0.0316384
0.0309202
0.0313574
0.0330841
0.0308042
0.0303687
0.031146
0.0318094
0.0306275
0.0314826
0.0317209
0.030441
0.0303621
0.030626
0.0310839
0.0305546
0.0282262
0.0299542
0.0297516
0.0276995
0.0267104
0.0267829
0.0258522
0.0245853
0.0252262
0.0273746
0.0222784
0.024044
0.0243108
0.0227162
0.0233065
0.0237865
0.0254661
0.0222463
0.0249783
0.0238239
0.0213086
0.0225178
0.0246641
0.025692
0.0240139
0.0252265
0.0267801
0.0235224
0.0251083
0.0267989
0.0252592
0.0246961
0.0253204
0.0278021
0.0252137
0.0277867
0.0277552
0.0266507
0.0283387
0.0255364
0.0251606
0.0258878
0.0242778
0.026923
0.0270962
0.0246882
0.022318
0.0239626
0.024905
0.0250865
0.0238577
0.0248667
0.0257213
0.0248505
0.0229336
0.0262062
0.0263481
0.0250452
0.02784
0.0303809
0.0270844
0.0293947
0.0294766
0.0270066
0.0315382
0.0295666
0.0291746
0.0307494
0.0304572
0.0290682
0.028727
0.0288303
0.0282553
0.0304938
0.0315789
0.0316279
0.0297844
0.0343535
0.0292435
0.0280174
0.0289342
0.0286271
0.0274031
0.0288261
0.0290744
0.0278297
0.0290871
0.0283075
0.0274212
0.0275043
0.0279047
0.0291307
0.0280258
0.0298521
0.0293121
0.0277906
0.0281355
0.0302811
0.0296013
0.0305925
0.0294075
0.0308727
0.0281146
0.0310018
0.0305256
0.0275043
0.0286881
0.0288339
0.0264719
0.0286798
0.0314812
0.0268774
0.029004
0.0280674
0.0267959
0.0285161
0.0287847
0.0254087
0.0270628
0.0281063
0.0288881
0.0244893
0.0257682
0.02544
0.0253295
0.0263103
0.0270738
0.0264078
0.0259428
0.0270538
0.0301986
0.0235943
0.024301
0.0235772
0.0233882
0.024451
0.0245619
0.0228395
0.0230077
0.0238566
0.0268783
0.0276872
0.0248025
0.0263947
0.0288851
0.0238334
0.0254679
0.0257187
0.0257881
0.0233169
0.026523
0.0253277
0.0229987
0.0254191
0.0273464
0.0257225
0.027406
0.0284198
0.0274853
0.0276619
0.0285868
0.025006
0.0271308
0.0273988
0.0281228
0.025571
0.0279392
0.0294854
0.0265856
0.0266136
0.0265012
0.0264432
0.0255608
0.0252819
0.0321458
0.0286472
0.02458
0.0247302
0.0274129
0.0246817
0.0234303
0.0227634
0.022631
0.0229958
0.0212414
0.024366
0.0222169
0.0205554
0.0242516
0.0257515
0.0239955
0.0253099
0.0249521
0.0237629
0.025873
0.0300218
0.0281664
0.0278192
0.0281539
0.0273123
0.0280459
0.0328966
0.027529
0.0283994
0.0287082
0.0267649
0.0289716
0.0309632
0.0280086
0.0292106
0.0299995
0.0294974
0.0260246
0.0267651
0.0271378
0.0303398
0.0289143
0.0283983
0.0306973
0.0327942
0.0277972
0.0281616
0.0288263
0.0302066
0.0270509
0.0281056
0.0294407
0.0270245
0.027536
0.0300973
0.029579
0.0285905
0.0254013
0.0285376
0.0266117
0.0289373
0.0300034
0.0273209
0.029351
0.0334483
0.0346831
0.0308739
0.032343
0.0332204
0.0314771
0.035695
0.0364177
0.0353675
0.0282313
0.0309712
0.0303177
0.0344154
0.0281991
0.0337136
0.0310768
0.0299835
0.0309538
0.0295881
0.0338814
0.0322473
0.0293436
0.0302963
0.0283832
0.0289668
0.0317538
0.0333277
0.0291833
0.0482014
0.0326329
0.0390584
0.0396822
0.0350284
0.0359157
0.0412614
0.0371258
0.0355581
0.0366667
0.0310787
0.0304832
0.0313472
0.0314595
0.0304132
0.0292724
0.0306675
0.0309901
0.0339978
0.0331661
0.0290415
0.0310781
0.0305361
0.0285195
0.0294511
0.0280461
0.0299762
0.0304591
0.0292996
0.0289411
0.0298854
0.0327048
0.031319
0.0296012
0.0315126
0.0315096
0.0308411
0.0279472
0.031563
0.0347658
0.0301426
0.0326426
0.0311905
0.0262658
0.0286218
0.0315786
0.0297297
0.0272702
0.0291733
0.0312109
0.0291354
0.0288351
0.0328861
0.0325746
0.0306878
0.0281779
0.0296318
0.0278184
0.0272488
0.0259367
0.0294038
0.0307877
0.0264945
0.0279526
0.0286593
0.0309794
0.0251205
0.0288613
0.0298392
0.0305645
0.0294284
0.031208
0.0302856
0.0358626
0.0301729
0.0294567
0.0322955
0.0348765
0.0334876
0.0285564
0.0302404
0.0305009
0.0289034
0.027582
0.0300855
0.0317948
0.0320402
0.0282938
0.0347561
0.0313388
0.0361341
0.0322728
0.0308862
0.0332185
0.0317386
0.029937
0.0342422
0.0345549
0.0358759
0.0337774
0.0329226
0.0311816
0.0292696
0.0316585
0.0333617
0.0310236
0.0279453
0.0316582
0.0316093
0.0301202
0.0286478
0.0297197
0.0320088
0.0324971
0.0303355
0.0300515
0.0346685
0.0364573
0.0320063
0.0307805
0.0310518
0.0322942
0.0305921
0.0327891
0.0336315
0.0342071
0.030256
0.0319149
0.0308881
0.0313979
0.0333022
0.0376464
0.0451662
0.0383216
0.0327373
0.0349603
0.0389358
0.034611
0.03769
0.0356021
0.0406549
0.0383578
0.0342437
0.0364559
0.0373371
0.0352953
0.0345018
0.0357792
0.037005
0.036823
0.0394635
0.042032
0.0388124
0.0343024
0.0311526
0.032367
0.0324099
0.0337078
0.0307093
0.0331231
0.032805
0.0348161
0.0324211
0.0303876
0.0295284
0.0316976
0.0317253
0.0329764
0.0317726
0.0291159
0.0300337
0.031349
0.0305867
0.0286117
0.0293065
0.0293034
0.029509
0.0277898
0.0286921
0.0299489
0.0299173
0.0301382
0.0297915
0.0319912
0.0321995
0.0341782
0.0301409
0.0307066
0.0308679
0.0303475
0.0319104
0.0307133
0.0303868
0.0331265
0.0332716
0.0287667
0.0285034
0.0297813
0.0372839
0.0325251
0.0301373
0.0331137
0.0307648
0.0280957
0.0342039
0.0268177
0.0287709
0.029068
0.0311096
0.0267237
0.026945
0.0280625
0.0272612
0.0280072
0.0262843
0.0242907
0.0245626
0.0281655
0.0290779
0.0289519
0.0271868
0.0285005
0.0250891
0.0264441
0.0267506
0.0254582
0.0233438
0.0258073
0.0274634
0.0298345
0.0270417
0.0251519
0.0254676
0.0236963
0.0257771
0.0284986
0.0265256
0.0310291
0.0269623
0.0261174
0.0245138
0.0256464
0.0276634
0.0263359
0.0249528
0.0246192
0.0257116
0.027402
0.0251573
0.0238961
0.0244707
0.0231364
0.0225789
0.0222809
0.0235389
0.022512
0.0222611
0.0223076
0.0236406
0.0221936
0.022532
0.0225704
0.0227726
0.0294887
0.0216487
0.0229173
0.0273205
0.0267426
0.0280128
0.0225274
0.0228989
0.0241971
0.0278721
0.026543
0.0230439
0.0234245
0.0228575
0.0256357
0.0256823
0.0241941
0.0222025
0.0232819
0.023982
0.0248125
0.0259523
0.0230369
0.0246611
0.0275228
0.0261335
0.0230325
0.0239369
0.0274884
0.0301519
0.0245321
0.0260397
0.0254263
0.0272423
0.0230024
0.0238736
0.0277104
0.0256638
0.0240839
0.0274658
0.0271117
0.0245653
0.0271419
0.0258954
0.0260708
0.024743
0.0268753
0.0272931
0.0245895
0.0260391
0.0266969
0.0289976
0.0244364
0.0255604
0.0269787
0.0245109
0.0290033
0.0271056
0.0247658
0.0257007
0.025227
0.0255546
0.0264774
0.0255496
0.0253609
0.0255574
0.0278536
0.027549
0.0263739
0.0271086
0.0270053
0.0275237
0.0276437
0.0269647
0.0268762
0.0268057
0.0273018
0.0280499
0.0255421
0.027241
0.0263546
0.0279296
0.0270208
0.0274502
0.0278501
0.0285641
0.0290981
0.0277889
0.0257019
0.0283326
0.0264048
0.0286861
0.0260561
0.0278364
0.0289154
0.0258517
0.0261769
0.0269159
0.0275588
0.0272936
0.0278105
0.0265097
0.0259276
0.0265336
0.026071
0.0260078
0.0258507
0.0303699
0.0253239
0.0279118
0.0270589
0.0278629
0.0286205
0.0265982
0.0260873
0.0259926
0.0255522
0.0248604
0.0250649
0.0232213
0.0270989
0.0247593
0.0224457
0.0250943
0.0272401
0.0210823
0.0219484
0.0236851
0.0247947
0.0214443
0.0230849
0.0217581
0.0220634
0.0205698
0.0244556
0.0238351
0.0201063
0.0225614
0.0219197
0.0212536
0.0213571
0.0212337
0.020848
0.0206509
0.0210597
0.0212294
0.0222616
0.0206596
0.0230618
0.0224818
0.0236927
0.0235974
0.023386
0.0251103
0.0260995
0.0233935
0.027123
0.0304035
0.0272879
0.0275705
0.0274544
0.0256535
0.0281116
0.0273973
0.0271437
0.0345557
0.0300255
0.0276827
0.02932
0.0306308
0.0315374
0.0295618
0.0287867
0.026777
0.0284025
0.0284033
0.0270626
0.0280486
0.0302765
0.0260754
0.0300318
0.0275438
0.0257261
0.0268144
0.0266916
0.0272231
0.0280093
0.0266854
0.0259145
0.02792
0.0292994
0.0275409
0.0295339
0.0300987
0.0267987
0.0280247
0.0321576
0.0267499
0.0299219
0.0283281
0.0253092
0.0272162
0.0289818
0.0246994
0.0272973
0.0272461
0.0256421
0.0266508
0.0269108
0.0256199
0.0296019
0.0267589
0.0258712
0.023439
0.0263803
0.0292992
0.0242121
0.0261811
0.0271659
0.0241301
0.0266151
0.0289879
0.0274827
0.0297893
0.0283711
0.0278365
0.0249846
0.0283928
0.0259174
0.0249551
0.0270834
0.0260158
0.0250454
0.0265321
0.0271893
0.0250619
0.0287646
0.0289626
0.026487
0.0265894
0.0293165
0.0269167
0.024975
0.0244033
0.0245387
0.0257015
0.0243426
0.0257458
0.0259647
0.0278189
0.0240928
0.0269919
0.0275676
0.025934
0.0254416
0.0256062
0.0258511
0.0251173
0.0283444
0.0276047
0.0276922
0.029186
0.0269792
0.0288827
0.0258329
0.0242369
0.0245371
0.0288181
0.0266227
0.0241689
0.0241868
0.0235355
0.0242738
0.0218754
0.0232854
0.0240736
0.0255313
0.0253354
0.0230569
0.0257239
0.0248673
0.0240033
0.0248983
0.0257106
0.0265719
0.023501
0.0266196
0.0239775
0.0245571
0.0269623
0.0240968
0.0251794
0.0261199
0.0266363
0.0285472
0.0302219
0.0290782
0.0296054
0.0305377
0.0299642
0.0313132
0.0320908
0.0303923
0.0315014
0.0317634
0.0322768
0.0290481
0.0299375
0.0307341
0.0326145
0.0304613
0.0305549
0.0306776
0.0296924
0.0318003
0.0293654
0.0296288
0.0291596
0.0302092
0.0317119
0.0295133
0.0283592
0.0297635
0.0295638
0.0312302
0.0280369
0.0297136
0.0324141
0.0297569
0.0313612
0.0353614
0.0325273
0.0325514
0.0324068
0.0380092
0.0324656
0.0320371
0.0324156
0.036004
0.0372151
0.033848
0.0336635
0.0348512
0.0350865
0.0363132
0.0347892
0.0346868
0.0314927
0.0302542
0.0316993
0.0340353
0.033236
0.0275856
0.0293248
0.0281215
0.0288285
0.0305172
0.0308255
0.0299237
0.0272332
0.0287137
0.0315166
0.0302835
0.0324805
0.033374
0.0302167
0.0294307
0.0292119
0.0273667
0.0280587
0.0307908
0.0259446
0.0277632
0.0290226
0.0250162
0.0253132
0.0260436
0.0262994
0.0242282
0.0270546
0.0256946
0.0251136
0.024298
0.0220692
0.0220295
0.027388
0.0219235
0.0222291
0.0226617
0.0230219
0.0199244
0.0209827
0.021893
0.0230031
0.0208777
0.0211768
0.0236292
0.0211689
0.0227754
0.0230732
0.0217866
0.0269274
0.0295733
0.0236839
0.0266453
0.0264297
0.0242835
0.0238939
0.0276269
0.0252523
0.027105
0.0245774
0.025821
0.0267537
0.0259047
0.0250237
0.0270796
0.0262508
0.0265091
0.0266007
0.0267386
0.0254312
0.0273679
0.0291842
0.0271134
0.033512
0.0330442
0.0308604
0.0289409
0.0304195
0.0295761
0.0271408
0.0301623
0.0314122
0.0296045
0.0309974
0.0257598
0.0281353
0.0315444
0.0318715
0.027825
0.0340459
0.03004
0.041851
0.0325588
0.0349214
0.0322081
0.0304815
0.0268103
0.0290089
0.0293837
0.0264965
0.0273242
0.0312073
0.0325879
0.0302877
0.0248895
0.0257011
0.0289494
0.0278502
0.0276673
0.0252003
0.0264497
0.0297724
0.0311364
0.0306141
0.031745
0.0263537
0.0265664
0.0276813
0.0284146
0.0261149
0.0286142
0.0300128
0.0283974
0.0272286
0.0279446
0.0239042
0.0260027
0.0264921
0.0274279
0.0245327
0.0266471
0.0259213
0.0233902
0.0242328
0.0248507
0.0255615
0.0253547
0.024607
0.0273478
0.0294818
0.0252994
0.026431
0.0256306
0.0241606
0.0246236
0.0249575
0.0244639
0.0241522
0.0281992
0.0264448
0.0237646
0.024619
0.0277925
0.0290446
0.0236479
0.0256955
0.0269837
0.0277992
0.0249296
0.0296224
0.0277332
0.028385
0.0266053
0.0270379
0.0306643
0.0265096
0.0270758
0.025787
0.0278568
0.0285064
0.0254567
0.0268848
0.0253896
0.0246201
0.0293015
0.0268978
0.0268891
0.0288497
0.0312294
0.0270656
0.0244647
0.025505
0.0256184
0.0240221
0.0267111
0.0268954
0.0244047
0.0282011
0.0303361
0.0239184
0.0262908
0.0243304
0.0250785
0.0226599
0.0266686
0.0251128
0.0236341
0.0260483
0.0264625
0.0240312
0.0250142
0.0268354
0.0225402
0.0254389
0.0260616
0.0288077
0.0257866
0.0247124
0.0223517
0.0242401
0.0268925
0.0215217
0.0225658
0.0251078
0.0228765
0.0221652
0.0216103
0.0212301
0.0213879
0.0251206
0.0213562
0.023701
0.0247881
0.0229782
0.0242305
0.026754
0.0263868
0.0234193
0.0240893
0.0309854
0.0233035
0.0246994
0.0251542
0.0238272
0.027049
0.0273808
0.0241132
0.0266359
0.0264007
0.0242302
0.0255238
0.026342
0.0236709
0.0262244
0.0243445
0.0235529
0.024713
0.0241798
0.0225524
0.0252083
0.0246502
0.0230259
0.0243773
0.0250187
0.0213689
0.021884
0.0240891
0.0243432
0.0218149
0.0236084
0.0234518
0.0238391
0.0270017
0.0242137
0.0234196
0.0225196
0.0224204
0.0257864
0.0246719
0.0230957
0.0260487
0.0234501
0.0246194
0.0280321
0.0280703
0.0242505
0.0277243
0.0296261
0.0279517
0.0310913
0.0301423
0.0258931
0.0306175
0.028482
0.0286219
0.0299739
0.0296397
0.0318465
0.0310989
0.0324531
0.0294903
0.0296046
0.030455
0.0280274
0.0297589
0.0321312
0.0277447
0.0299413
0.0287901
0.0310561
0.0290532
0.0277467
0.0294261
0.0300979
0.0270783
0.0285552
0.0289278
0.0267278
0.0282432
0.028972
0.0288846
0.028733
0.0282864
0.0273176
0.0286537
0.0260757
0.0268532
0.0260072
0.0247746
0.026373
0.0267919
0.0285922
0.0308712
0.0302227
0.0307596
0.0299853
0.0287189
0.0325998
0.0316476
0.0306283
0.0320788
0.0310545
0.0294086
0.0298995
0.0328828
0.0275577
0.0292232
0.0325234
0.0281138
0.0329111
0.0329888
0.0305106
0.0273861
0.0296204
0.0300629
0.0299418
0.0289224
0.0288194
0.0297694
0.0312822
0.0280172
0.0300704
0.034952
0.032366
0.0300976
0.0304861
0.0305874
0.0298109
0.0308291
0.0284618
0.0297766
0.029078
0.0274393
0.0277421
0.0291657
0.0294533
0.0283523
0.029303
0.0287864
0.0296894
0.0319518
0.0295544
0.0321014
0.0324816
0.0301011
0.0344296
0.0337497
0.0334041
0.0322732
0.0327567
0.0326141
0.0321574
0.0307119
0.0338824
0.0348864
0.0335347
0.0308162
0.0327766
0.0325841
0.0354999
0.030372
0.0308583
0.033432
0.0307401
0.0353539
0.0352685
0.0317989
0.0302558
0.0331982
0.0330835
0.034381
0.0314098
0.0321391
0.0320421
0.029173
0.0297078
0.0309847
0.027983
0.0274953
0.0281758
0.0284123
0.0301874
0.0268285
0.0297926
0.0268314
0.0251758
0.024455
0.0262065
0.0287556
0.0240973
0.0250091
0.0266133
0.0258311
0.0253702
0.0296243
0.0282321
0.0283349
0.0276583
0.0283826
0.0319132
0.0266479
0.0260467
0.0292586
0.0283107
0.0267657
0.02501
0.0274021
0.0301462
0.0307549
0.0293198
0.0269763
0.0293499
0.0311603
0.0310172
0.0261496
0.0282784
0.0299888
0.0268487
0.0260741
0.0295261
0.0274878
0.0256477
0.0242561
0.0271614
0.0301298
0.0313139
0.0244235
0.0272604
0.0268922
0.027133
0.0247286
0.0256114
0.0313266
0.0278511
0.0280265
0.0243142
0.0283137
0.0289861
0.0241959
0.0245897
0.0267375
0.0289131
0.0295579
0.0253861
0.0294085
0.0254137
0.0234916
0.0229608
0.0234676
0.0253325
0.0255743
0.0248947
0.0243481
0.0247873
0.0279817
0.0250334
0.0274087
0.0281145
0.0251921
0.0257083
0.0261091
0.0260475
0.0252665
0.0263525
0.0271527
0.0279993
0.0298711
0.0270805
0.026985
0.0281033
0.027921
0.0277514
0.0290157
0.0291299
0.0279315
0.028944
0.0284982
0.0285058
0.0295858
0.0300394
0.0284901
0.0262186
0.0311951
0.0295196
0.0274984
0.0255788
0.0292599
0.0287154
0.0265483
0.030617
0.0298282
0.0281523
0.0281848
0.02706
0.0274453
0.0269917
0.027996
0.0276805
0.0271265
0.0284549
0.0283875
0.0254421
0.0290979
0.0285472
0.0237655
0.0256229
0.0282129
0.024786
0.0249641
0.0253151
0.0251469
0.0233736
0.0251733
0.0265922
0.0252367
0.0242739
0.0262464
0.0259076
0.0250167
0.0274449
0.0275369
0.0280634
0.028831
0.0309484
0.0280865
0.0289844
0.030626
0.0279513
0.0291162
0.0287919
0.0265705
0.0283603
0.0284096
0.0258837
0.0282985
0.0294759
0.0255396
0.0272457
0.0282189
0.0271394
0.0287241
0.0291561
0.0274542
0.0293341
0.0301225
0.0287341
0.0295747
0.0306476
0.0275098
0.0301147
0.0323012
0.0275701
0.0263109
0.0276919
0.0298833
0.0274112
0.0296882
0.0326897
0.0277426
0.0271389
0.0294704
0.0291549
0.0283555
0.0271326
0.0282582
0.0284487
0.0258529
0.0254451
0.0277381
0.0286063
0.0288774
0.0269371
0.025767
0.0267964
0.0275808
0.0261164
0.025831
0.0270126
0.0289063
0.0270648
0.0258192
0.0283108
0.0296541
0.0290008
0.0293854
0.0301773
0.0303225
0.0280268
0.0285403
0.0285177
0.0295551
0.0288357
0.0275155
0.0295319
0.0302472
0.0283671
0.0270262
0.0319513
0.0298055
0.0271023
0.0275384
0.0314902
0.0290256
0.0285625
0.0260678
0.0294212
0.0305259
0.029512
0.0270366
0.0314833
0.0297064
0.0273393
0.0262625
0.0287997
0.0321256
0.027331
0.0285082
0.0298315
0.0288696
0.0264027
0.0300231
0.0296802
0.0287035
0.0280981
0.0297714
0.0326001
0.0335444
0.0295615
0.0328562
0.0311491
0.0307448
0.028732
0.0276658
0.029444
0.030305
0.0301753
0.0285875
0.0298765
0.0343429
0.0317998
0.0287035
0.030403
0.0326242
0.0328631
0.0284023
0.0306231
0.0318952
0.0312425
0.0299853
0.030797
0.0320439
0.0314539
0.0307288
0.0311273
0.0335394
0.0325548
0.0318509
0.0312539
0.0341106
0.0335216
0.0341743
0.034898
0.0337251
0.0334945
0.0347254
0.0336726
0.0327402
0.0331465
0.0346929
0.0310847
0.0315614
0.0320566
0.0318085
0.03204
0.029629
0.0299557
0.0300967
0.0289823
0.0290324
0.0280906
0.0302656
0.0329955
0.0301624
0.0284491
0.0298673
0.0313828
0.0310584
0.0328898
0.0291682
0.0288992
0.0307398
0.0317316
0.0332764
0.0317519
0.0294896
0.0291656
0.0294908
0.0298363
0.0282253
0.0274768
0.0292296
0.0310845
0.029872
0.0278608
0.0311492
0.0316765
0.027862
0.0276329
0.0276375
0.0270096
0.0280377
0.0278972
0.0256777
0.026255
0.0272598
0.026989
0.0240011
0.0272937
0.0244103
0.0248509
0.025162
0.0266136
0.0253278
0.0266159
0.0269517
0.0281295
0.0273204
0.0276537
0.0246317
0.0248932
0.0250977
0.0289958
0.0300204
0.0260205
0.0250063
0.026025
0.0267792
0.025519
0.0261098
0.0295335
0.0277091
0.0302636
0.0270795
0.031963
0.0316969
0.0324604
0.0268851
0.0259693
0.0272501
0.0278459
0.0279365
0.0262274
0.0252915
0.0269439
0.0271723
0.0275814
0.0262052
0.024784
0.0286891
0.0285367
0.0292683
0.0285623
0.026958
0.0248902
0.0283346
0.02592
0.024598
0.0255128
0.0270898
0.0293956
0.0291544
0.0262767
0.0266877
0.0318905
0.0293898
0.0287589
0.0278864
0.0297558
0.0294256
0.0273439
0.0274467
0.0304621
0.0328865
0.031185
0.030448
0.0270438
0.0270653
0.0298836
0.033541
0.029715
0.0269959
0.0297199
0.0293393
0.0287942
0.0268171
0.0291284
0.0303293
0.0277495
0.0250256
0.0259597
0.0294409
0.0268405
0.0270843
0.0226743
0.0245219
0.0291912
0.026871
0.0261337
0.0270461
0.024751
0.0281696
0.0292518
0.0308551
0.0265144
0.025328
0.025459
0.0262802
0.0278182
0.0247723
0.0254391
0.0243457
0.0275827
0.0269068
0.0253545
0.0238693
0.0239844
0.0239315
0.0236119
0.0238696
0.0213064
0.0245397
0.024853
0.0226201
0.0243962
0.0248451
0.026059
0.0260239
0.0284794
0.0264786
0.0259702
0.0251019
0.0264145
0.0267337
0.0253207
0.0254683
0.0275623
0.02631
0.0238859
0.0258094
0.0260802
0.0261736
0.0264727
0.0263916
0.0240681
0.0284145
0.0253118
0.0247091
0.0251203
0.0259649
0.0266323
0.0248949
0.0270074
0.0278513
0.0257714
0.0307511
0.027849
0.0268806
0.0289587
0.0296372
0.0280868
0.0277814
0.0298974
0.028558
0.0267042
0.029076
0.0292972
0.0278458
0.0298565
0.0307606
0.0277141
0.0298387
0.0299538
0.0271403
0.0286369
0.0288246
0.0265406
0.0293618
0.0292714
0.0261785
0.0282852
0.0291483
0.026325
0.0283858
0.0286864
0.0281583
0.0306096
0.0280919
0.026472
0.0270841
0.0282146
0.0235534
0.0258451
0.0261644
0.0246172
0.0252316
0.0267254
0.0242521
0.0273435
0.0274696
0.0225264
0.0267543
0.0269525
0.0270846
0.0243773
0.0250443
0.0259921
0.0269278
0.0247503
0.025089
0.0255739
0.0289543
0.0278119
0.027374
0.0252039
0.0313301
0.0283711
0.029688
0.0285141
0.0327746
0.0300909
0.0277591
0.0272723
0.0256964
0.0279158
0.0283191
0.0259394
0.0262913
0.0291984
0.0284369
0.0268483
0.0300009
0.0319356
0.028416
0.0295337
0.0304018
0.0296767
0.0274809
0.0293125
0.0290424
0.0287615
0.0254419
0.0280712
0.0278532
0.026021
0.0293719
0.0313295
0.0277125
0.0312118
0.0305385
0.0315762
0.0300269
0.0294017
0.0284513
0.0321591
0.0314432
0.0291813
0.028064
0.0285182
0.0289775
0.0290188
0.0275884
0.0301276
0.0293658
0.0313498
0.0272944
0.0287715
0.0303691
0.0313186
0.0291324
0.0274905
0.0296416
0.0302782
0.029536
0.0280387
0.0288947
0.0280772
0.0285338
0.0314085
0.0278566
0.0305609
0.0326524
0.0297814
0.0289515
0.031722
0.0302152
0.0286166
0.0297478
0.0314581
0.0287597
0.0333509
0.0300055
0.0281979
0.0286239
0.0286449
0.0285226
0.0286991
0.0263732
0.0336902
0.0294219
0.0292049
0.0272305
0.0284602
0.0287267
0.0263037
0.0234428
0.025772
0.0244452
0.0255867
0.0242822
0.0231484
0.0249313
0.027239
0.0265713
0.0240508
0.0249414
0.0269006
0.0262927
0.0255869
0.0314519
0.0281916
0.0302838
0.0279029
0.0277464
0.0280134
0.0270578
0.0263445
0.0273539
0.029664
0.0282006
0.0303523
0.0290126
0.0256535
0.027924
0.0282194
0.0312913
0.0260474
0.0279683
0.0289025
0.0270913
0.0257853
0.027884
0.028624
0.0298253
0.031642
0.0301628
0.0295934
0.0290468
0.0296795
0.0316466
0.0323281
0.0289863
0.0300926
0.0307009
0.0295877
0.0278369
0.0280555
0.0291094
0.0296827
0.02891
0.0280539
0.0298729
0.0310539
0.0297455
0.0285206
0.0296251
0.0300557
0.0300703
0.0308765
0.029905
0.0300201
0.0292282
0.0290446
0.0305087
0.0320968
0.0293986
0.0281292
0.0306511
0.0313456
0.0291886
0.0284146
0.0323808
0.0304543
0.028899
0.031272
0.0325255
0.0320876
0.029449
0.0304832
0.0307324
0.0307745
0.0323339
0.0318127
0.0297744
0.0302558
0.0298475
0.0308702
0.0336418
0.0327367
0.0299037
0.0320724
0.0340548
0.031023
0.0312631
0.0313874
0.0322314
0.0307457
0.0331932
0.0308761
0.0294673
0.0292494
0.0298122
0.0303
0.03131
0.0309706
0.0274087
0.0260496
0.0292903
0.0290564
0.0283325
0.0278099
0.0273364
0.0280244
0.0284704
0.0273414
0.0254204
0.0273326
0.0302666
0.0271479
0.0263908
0.0279594
0.0329555
0.0290042
0.0284504
0.0292024
0.0333352
0.0297577
0.0263496
0.0301057
0.0310863
0.0303583
0.0278097
0.0273497
0.0293601
0.0256859
0.0239497
0.0271866
0.0257617
0.0242784
0.0247556
0.0243944
0.0263881
0.027457
0.0287342
0.0286371
0.0267467
0.0285867
0.0288804
0.0295805
0.0276544
0.0269973
0.0252222
0.0295049
0.0270368
0.0273775
0.025529
0.0288764
0.0297356
0.0278597
0.028056
0.027103
0.0271851
0.0288305
0.0287391
0.0291159
0.0266465
0.0269466
0.0274826
0.0273306
0.0287037
0.0305549
0.0289461
0.0279798
0.025498
0.0264612
0.0283796
0.0310467
0.0315206
0.0275682
0.0261418
0.0259671
0.0255807
0.0269318
0.0257744
0.0257329
0.0244144
0.027291
0.0273185
0.0275085
0.024983
0.0250628
0.0258177
0.0253737
0.0258778
0.025766
0.0266149
0.0268593
0.0274243
0.0274328
0.0261029
0.0269163
0.0290288
0.0270944
0.0287775
0.0289171
0.0291518
0.0289309
0.0294041
0.0293138
0.0292327
0.0296085
0.0291237
0.0290509
0.0283624
0.0313875
0.0344007
0.0324966
0.0299944
0.0297968
0.0298491
0.027887
0.0292747
0.0306523
0.0316065
0.0334867
0.031661
0.028631
0.0296906
0.0302328
0.0306413
0.0303076
0.0302739
0.0324722
0.0292709
0.0288972
0.0299876
0.0305061
0.0280395
0.0272362
0.0288855
0.0312527
0.0300117
0.0289264
0.0283557
0.028557
0.030041
0.0283784
0.0299097
0.0288817
0.0304873
0.0319852
0.0298837
0.0308344
0.02782
0.02768
0.0305938
0.0284558
0.0279392
0.0275931
0.028688
0.027735
0.0271899
0.0280233
0.0272266
0.0300187
0.0272291
0.0292181
0.030239
0.0275419
0.0283868
0.028279
0.0293404
0.0288796
0.0279706
0.029986
0.0276476
0.0299928
0.0291563
0.0277168
0.0319372
0.0336266
0.0293391
0.0289998
0.0294645
0.0290741
0.0296008
0.0290728
0.028998
0.0289798
0.0294669
0.0290732
0.0296059
0.0292955
0.0290962
0.0272087
0.0304904
0.0282301
0.0274421
0.0287371
0.0283842
0.0286549
0.026641
0.0275685
0.0302328
0.0311918
0.0273777
0.0305384
0.0290812
0.0264373
0.0280646
0.0277788
0.0288055
0.0291561
0.0302274
0.0271328
0.0316154
0.0282781
0.026303
0.0269455
0.0279156
0.029223
0.0292065
0.0296602
0.0284003
0.0260144
0.0268485
0.027991
0.0283494
0.0285822
0.025501
0.0283941
0.0293205
0.0275993
0.0295549
0.0309201
0.0298006
0.0300395
0.0266891
0.0278911
0.0291073
0.027976
0.0276379
0.0262117
0.0264516
0.0286369
0.0274987
0.024559
0.0235366
0.0242615
0.0257118
0.0224638
0.0247766
0.0254156
0.0243182
0.024724
0.0241091
0.0255455
0.0261372
0.0215636
0.021178
0.0223556
0.024081
0.0213681
0.0224352
0.0227041
0.0229786
0.0254339
0.0223797
0.0233623
0.0233852
0.0225053
0.023309
0.0240587
0.0245595
0.0239808
0.0247264
0.0263851
0.0236986
0.0247287
0.0272637
0.0277878
0.0229235
0.0245935
0.0244369
0.0245658
0.0256569
0.0239223
0.0269383
0.0265072
0.029458
0.0261032
0.028303
0.0283456
0.0280328
0.0299827
0.030304
0.0282412
0.0293278
0.0274454
0.0297741
0.0318192
0.0318002
0.0300761
0.0312203
0.028185
0.0296951
0.0302879
0.0305523
0.0336022
0.0305235
0.0294081
0.0297004
0.0282842
0.0267219
0.028477
0.0292939
0.0287063
0.028749
0.028529
0.0289488
0.0271713
0.0268073
0.0285413
0.0283059
0.0260023
0.0273706
0.0289236
0.0261013
0.0269032
0.0272291
0.0259334
0.0255012
0.0278742
0.0287922
0.0247649
0.0257335
0.025376
0.0242429
0.0245264
0.0267234
0.0278131
0.0261027
0.0253218
0.0250634
0.0251569
0.0292868
0.0258365
0.0298538
0.0281234
0.0271527
0.029103
0.0309297
0.0304212
0.029996
0.0299057
0.0283411
0.0290595
0.0300159
0.0280584
0.0295374
0.029116
0.0299008
0.0283798
0.0273068
0.0289673
0.0304295
0.0310288
0.0280936
0.0299999
0.0287708
0.029498
0.0301278
0.0304352
0.0292208
0.0310799
0.0343096
0.0311654
0.0293187
0.0311247
0.0315172
0.0317263
0.0305163
0.032822
0.029628
0.030086
0.0328102
0.0299316
0.0283227
0.0281206
0.0279696
0.0285872
0.0287594
0.0268311
0.0278002
0.0288872
0.0291252
0.0262424
0.0256048
0.0283934
0.0291707
0.0281752
0.0278258
0.0318664
0.0303168
0.0271436
0.0259821
0.0284407
0.0294425
0.0297713
0.025538
0.0280785
0.02736
0.028933
0.0303071
0.02834
0.0287105
0.028475
0.0292885
0.0284778
0.032372
0.0308919
0.0329715
0.0307483
0.0335837
0.0343453
0.0316861
0.0295589
0.0291488
0.0289803
0.0300237
0.03158
0.030555
0.0299352
0.0291134
0.0283986
0.0287865
0.0295795
0.0288153
0.0294775
0.0291871
0.0321919
0.0292245
0.0271724
0.0275681
0.0295229
0.02992
0.0297456
0.0285098
0.0278337
0.0299226
0.0310706
0.0307167
0.0296615
0.0300361
0.031515
0.0349934
0.0313766
0.0312905
0.0290384
0.0301846
0.0322895
0.0271864
0.0305523
0.0321172
0.0310522
0.0273392
0.0304228
0.0319335
0.0301658
0.0264541
0.0273324
0.0291059
0.0310459
0.0304305
0.0279027
0.0300382
0.0289
0.0297066
0.0311413
0.0298814
0.0326906
0.0322346
0.0297187
0.0310713
0.0305158
0.031089
0.0306552
0.0276364
0.0309042
0.0296388
0.0310207
0.031277
0.0321932
0.0305574
0.029637
0.0289625
0.0276327
0.0269519
0.0291282
0.0315791
0.030054
0.0295699
0.0283873
0.0280121
0.0313421
0.0314241
0.0308134
0.0266579
0.02793
0.0285226
0.030188
0.0273088
0.0271457
0.0255159
0.0280889
0.0274919
0.0275264
0.0256541
0.0263004
0.0278539
0.0279877
0.0272603
0.0264038
0.0266137
0.0261067
0.0265454
0.029988
0.0269486
0.0274508
0.0259649
0.0284945
0.029419
0.0288746
0.0267976
0.0301896
0.0300247
0.02947
0.0277835
0.0270501
0.0292894
0.0288778
0.0301539
0.0258935
0.0288491
0.0276067
0.0311065
0.0253104
0.0241276
0.0283671
0.0271904
0.0250909
0.023393
0.0244897
0.0284175
0.0283727
0.0276015
0.0229131
0.0258537
0.0236787
0.0267147
0.0265513
0.0263498
0.0242701
0.0269186
0.0271983
0.025232
0.0250822
0.0254823
0.0257004
0.0281676
0.0291717
0.0266111
0.0287863
0.028658
0.0289559
0.0294844
0.028245
0.0272304
0.0281808
0.0271852
0.0249019
0.0262474
0.0260253
0.0292665
0.0243756
0.0252714
0.0260786
0.0259071
0.0304179
0.033103
0.0264322
0.0316754
0.0306131
0.0269348
0.028034
0.0339916
0.0255071
0.0264116
0.0264572
0.0239345
0.0242163
0.0227265
0.0251342
0.025542
0.0240142
0.0228403
0.0214857
0.0224373
0.0234217
0.023149
0.0219909
0.0220317
0.0219082
0.0229452
0.0231676
0.0228608
0.0221086
0.0217983
0.0210304
0.0210124
0.0213268
0.0217024
0.0260883
0.0209354
0.0226124
0.0231408
0.0234217
0.0213509
0.022876
0.0243046
0.0272687
0.0240427
0.0229684
0.0222195
0.0230495
0.0269225
0.0228327
0.027312
0.0257682
0.0239608
0.0263684
0.0260016
0.0251076
0.0268045
0.0261379
0.024585
0.0248245
0.02467
0.0275773
0.0264242
0.0265271
0.0241901
0.0260713
0.0256633
0.0240546
0.0241923
0.0249681
0.0294316
0.0253111
0.0273491
0.0283561
0.0240992
0.0253997
0.0255949
0.0252812
0.0252155
0.0245168
0.0249976
0.027505
0.0247041
0.027853
0.0291828
0.0262146
0.0271394
0.0312515
0.0257248
0.027001
0.0306233
0.0266241
0.0262223
0.0278729
0.0271754
0.0266558
0.0264874
0.0264041
0.0273699
0.0254319
0.0284041
0.0286088
0.0274562
0.0261504
0.0252805
0.0259313
0.028582
0.0279093
0.0309277
0.0275519
0.0260256
0.0251867
0.0275138
0.028373
0.0289036
0.025235
0.026389
0.0256363
0.0288917
0.0262732
0.0267522
0.0278387
0.0313536
0.0286692
0.0300306
0.0265826
0.0242258
0.0252637
0.0255682
0.026008
0.0262914
0.0264724
0.0247547
0.0250568
0.0249736
0.0264697
0.0250954
0.0251898
0.0261415
0.0246382
0.0263094
0.0272289
0.0276141
0.0266892
0.0274369
0.0262973
0.027516
0.0290078
0.0276786
0.0282567
0.0274504
0.0268854
0.0247155
0.0258585
0.0266047
0.0251129
0.0229169
0.0253957
0.0251981
0.0237644
0.0239995
0.022788
0.0245245
0.0243353
0.0238394
0.024323
0.0237813
0.0274522
0.025202
0.0255019
0.0245477
0.024476
0.0244969
0.0227342
0.0233369
0.0254296
0.0238935
0.0215391
0.0240958
0.0232268
0.0263386
0.0214578
0.0235088
0.0220296
0.0221959
0.0212462
0.0220414
0.0244608
0.0256503
0.0231535
0.0214482
0.0217748
0.0220392
0.0214303
0.0203655
0.0210401
0.0206956
0.0224903
0.0211002
0.0250598
0.0248306
0.0247767
0.0227179
0.0235376
0.0257253
0.0290815
0.024299
0.023547
0.0248236
0.0241705
0.0246013
0.0270552
0.0243917
0.0231093
0.0208901
0.0223014
0.0233514
0.0222656
0.0226415
0.0246515
0.0244726
0.0245872
0.0237672
0.0245553
0.0262745
0.0242507
0.0243745
0.0273735
0.0259228
0.0252394
0.0256024
0.0254944
0.024487
0.024488
0.0266034
0.0270105
0.0265923
0.0279693
0.0261856
0.0270589
0.031184
0.0275602
0.0269283
0.0243194
0.0272542
0.0275035
0.0261464
0.0241982
0.0251685
0.0253937
0.0253164
0.0220887
0.022584
0.0238816
0.0238384
0.0249312
0.0238959
0.0226631
0.0219858
0.0230312
0.0232349
0.0225767
0.0224745
0.0221946
0.0219097
0.0232738
0.0240789
0.0234785
0.021706
0.0217413
0.0217177
0.0218491
0.021741
0.0301446
0.0245435
0.0229091
0.0229297
0.0227385
0.023752
0.0241762
0.0231507
0.023613
0.0258354
0.0268017
0.024252
0.0264826
0.0259497
0.0249424
0.0258252
0.0254287
0.024602
0.0295049
0.0281399
0.0258832
0.028907
0.0305013
0.0260851
0.0283939
0.0282125
0.0271969
0.0264455
0.0288472
0.0260145
0.02542
0.0261347
0.0265464
0.0250288
0.0255602
0.0243091
0.0245608
0.0247839
0.0259456
0.0241653
0.0270297
0.0263676
0.0260014
0.0250198
0.026603
0.0264965
0.0263244
0.0245178
0.0274305
0.0268381
0.027703
0.0258612
0.0290905
0.0299514
0.0270624
0.0266613
0.0312718
0.0320942
0.0302243
0.0267116
0.0291621
0.0284839
0.0296511
0.0267724
0.0292882
0.0299277
0.0293959
0.0263764
0.0273868
0.0277549
0.0287095
0.0271067
0.0259888
0.0296077
0.0309067
0.0289357
0.0275927
0.0285347
0.0290616
0.0289946
0.0283322
0.028993
0.0277257
0.0328452
0.0302975
0.0287666
0.0270524
0.0298178
0.0296992
0.0301279
0.0318885
0.0347724
0.0321467
0.0306889
0.0297881
0.0302161
0.0305139
0.028726
0.0289012
0.0341282
0.0338356
0.0312311
0.0286705
0.02936
0.0288606
0.0284096
0.0308518
0.0297673
0.0294971
0.0304124
0.0281173
0.0279277
0.0299546
0.0287904
0.029104
0.0275596
0.0266949
0.0267261
0.0269513
0.0274496
0.0282696
0.0296445
0.0264182
0.0275469
0.0281077
0.0355312
0.0256357
0.027298
0.0281127
0.0283241
0.0277616
0.0273714
0.0272759
0.0271553
0.0287156
0.0300867
0.0265408
0.0257283
0.0277827
0.0280217
0.0262427
0.0247174
0.0271369
0.0275231
0.0252736
0.0247344
0.0264882
0.0279433
0.0247184
0.0244275
0.0287124
0.0269133
0.0282643
0.023325
0.0256008
0.0257517
0.0280548
0.0257347
0.0270459
0.0275157
0.0308651
0.0329231
0.0295099
0.0248156
0.0255119
0.024671
0.0262664
0.0271679
0.0249339
0.0251295
0.0252129
0.0266466
0.025272
0.0238735
0.0258183
0.0266106
0.0250651
0.0256674
0.0263445
0.0276757
0.0267345
0.0257883
0.0264315
0.0265702
0.0283508
0.0296405
0.0313327
0.0267577
0.0270383
0.0280585
0.0277605
0.0266852
0.0256551
0.0296145
0.0274109
0.0274918
0.0266449
0.0260885
0.0277102
0.0273683
0.0263011
0.0257084
0.0273953
0.0254484
0.029531
0.0298779
0.0326659
0.027474
0.0287831
0.0295683
0.0278376
0.028151
0.0297841
0.0273746
0.0298045
0.0317529
0.0287202
0.0279244
0.0300091
0.0315824
0.0300731
0.0276319
0.0292667
0.0309182
0.0288507
0.0269415
0.0296811
0.0305398
0.0296985
0.02808
0.0318555
0.0294126
0.0291031
0.0282764
0.0292143
0.029829
0.0310218
0.0311854
0.0282374
0.0308742
0.0307222
0.0313236
0.0303882
0.0282542
0.0328525
0.0351416
0.0350018
0.0307633
0.0323917
0.0336084
0.0319307
0.0301475
0.0295953
0.0312896
0.031068
0.0314697
0.0280038
0.027442
0.0288553
0.0318539
0.0299205
0.0297306
0.0307205
0.0282453
0.0279692
0.0311396
0.0296213
0.0288616
0.0269487
0.0267675
0.027649
0.03036
0.028831
0.026756
0.0291123
0.0293079
0.028353
0.0262608
0.0274791
0.029037
0.0301127
0.0306228
0.0296947
0.0289306
0.0302501
0.0281525
0.0301796
0.0297159
0.0288676
0.0295512
0.0282732
0.0279915
0.0293542
0.0303049
0.0297209
0.0282526
0.0274677
0.0271374
0.0288508
0.0307635
0.031843
0.0302489
0.0277605
0.0290924
0.0283542
0.0282175
0.0254147
0.0258328
0.0275345
0.0286115
0.0258334
0.0240125
0.0255493
0.0264703
0.0261479
0.0261877
0.0268405
0.0296203
0.0298839
0.0288195
0.0268356
0.0286559
0.0282641
0.0311058
0.0250301
0.0290111
0.029861
0.0281127
0.0260086
0.0288248
0.0290123
0.027896
0.0270097
0.0294529
0.0290518
0.0286438
0.0271109
0.028495
0.0273895
0.029049
0.0294662
0.0284028
0.0267171
0.0284291
0.0274283
0.0301355
0.0313461
0.0286364
0.0290559
0.029613
0.0302306
0.0310206
0.0330939
0.0282648
0.0287994
0.0284218
0.0294245
0.0278472
0.0271879
0.0291875
0.0327912
0.0307047
0.0268851
0.02749
0.026873
0.0277725
0.0298467
0.0260991
0.0265351
0.0267557
0.0275308
0.0274078
0.0281378
0.0292798
0.0290432
0.0290542
0.0255738
0.0260816
0.0321038
0.0302013
0.0297547
0.0275674
0.0313174
0.030752
0.0308267
0.0293115
0.0327594
0.0335178
0.0312338
0.0311934
0.0332787
0.0353392
0.0354856
0.0308408
0.0332686
0.0342858
0.0327856
0.0307787
0.0310547
0.034128
0.0328766
0.0329818
0.033457
0.0329878
0.031911
0.0333649
0.0330508
0.034099
0.0314442
0.0319129
0.0336817
0.0335998
0.0354808
0.0351199
0.0327504
0.0346663
0.0345951
0.0360426
0.0330789
0.0323296
0.0335122
0.0344856
0.0341429
0.0315336
0.03462
0.0346232
0.036549
0.0327964
0.0306034
0.031279
0.0312495
0.0314017
0.0323714
0.0287974
0.0313016
0.0316441
0.0307965
0.0304505
0.0309945
0.0313829
0.0328048
0.0350574
0.0333692
0.0368747
0.0341736
0.0299778
0.0340954
0.0326504
0.032035
0.0321263
0.0290813
0.0311821
0.0341628
0.030903
0.0282634
0.0303396
0.0318328
0.0295616
0.029682
0.0303636
0.0299326
0.0295455
0.0280237
0.0288977
0.029709
0.0292314
0.0283328
0.0300829
0.0285053
0.0292302
0.0261754
0.0268117
0.0264466
0.0291242
0.0249049
0.0261033
0.0268337
0.0277186
0.0228317
0.0255452
0.026006
0.0244006
0.0216668
0.0240326
0.0238763
0.0201206
0.0190237
0.0194204
0.021758
0.0190955
0.0191951
0.021855
0.0226925
0.022423
0.0221012
0.024873
0.0272281
0.0233556
0.026279
0.0267013
0.0269516
0.0282811
0.031958
0.0313656
0.0299604
0.0311983
0.0323894
0.0335719
0.0348853
0.0332957
0.034453
0.0348069
0.0351592
0.0351568
0.0354015
0.0354397
0.0342305
0.0329959
0.032298
0.0348925
0.0366527
0.0338591
0.032482
0.033507
0.0340899
0.0356423
0.0352065
0.0340368
0.0346321
0.0343284
0.0366963
0.0353941
0.0336371
0.0343936
0.0363925
0.0380028
0.0339978
0.0355575
0.0346629
0.0345108
0.0336141
0.0365983
0.0344085
0.0356528
0.0310847
0.0317408
0.0323182
0.0328093
0.0271635
0.0286321
0.0291732
0.0254584
0.0250141
0.0267146
0.0271153
0.0264798
0.0259617
0.0265554
0.0277816
0.0253238
0.0240365
0.023276
0.0244335
0.0252804
0.0258852
0.0255145
0.0240737
0.0234904
0.0254746
0.0254997
0.0278455
0.0251733
0.0265678
0.0275108
0.02972
0.0268353
0.0245501
0.0277685
0.0272195
0.0276665
0.02686
0.0254793
0.0280898
0.0286229
0.029843
0.0275576
0.0266085
0.0283827
0.0321643
0.0289248
0.0288762
0.0296581
0.0328632
0.0357614
0.0351676
0.0315775
0.0358558
0.0364456
0.0328689
0.0321028
0.0308421
0.0313913
0.0324188
0.0286285
0.028925
0.0292735
0.0294661
0.0272826
0.0261458
0.0273666
0.027912
0.0272211
0.0273741
0.02808
0.0277742
0.0276009
0.0263882
0.0282391
0.0289044
0.0287195
0.0281316
0.0279981
0.0273963
0.0296178
0.0213019
0.0215021
0.0248696
0.0269327
0.0240559
0.0230928
0.0274385
0.0262647
0.0256117
0.0237198
0.0266746
0.027409
0.0267383
0.025133
0.02706
0.0288549
0.0298198
0.0310797
0.0312868
0.0328012
0.0305437
0.033316
0.0348167
0.0337423
0.035634
0.0333501
0.0314332
0.0324124
0.0333091
0.0342569
0.0344217
0.0358287
0.0335125
0.0319239
0.0319064
0.0317154
0.034404
0.0298957
0.032213
0.0327355
0.0333396
0.0309216
0.0303329
0.0302411
0.0292055
0.0324688
0.0301066
0.0275778
0.0295686
0.0290004
0.02799
0.0284959
0.0261334
0.0250833
0.025647
0.0255893
0.0246389
0.0213402
0.0257632
0.0273227
0.0244634
0.0240947
0.0228923
0.0280916
0.0247721
0.0258604
0.0229043
0.0224364
0.0240545
0.0237532
0.0235993
0.0218308
0.0222523
0.02338
0.0290872
0.027351
0.0247954
0.0265415
0.0274798
0.0273493
0.024963
0.0252947
0.028843
0.0309379
0.0328539
0.0286997
0.0322745
0.030798
0.0331164
0.0311939
0.0275041
0.0303987
0.0299478
0.0304578
0.0296209
0.0301836
0.0320758
0.0309757
0.0303215
0.0295177
0.0276904
0.0283915
0.0298717
0.0320746
0.0300468
0.0317661
0.0275705
0.0269106
0.0279296
0.0288504
0.027138
0.0289625
0.0278225
0.0288009
0.0269705
0.0284206
0.0289924
0.0279976
0.0264972
0.0262079
0.0281999
0.0275071
0.0287747
0.0285419
0.0316401
0.0301504
0.0295694
0.0271306
0.0279191
0.0274713
0.0264284
0.0275767
0.0286129
0.028341
0.0294568
0.0275633
0.026337
0.0281562
0.0272783
0.0263001
0.0256023
0.0291045
0.0287383
0.0278029
0.0265181
0.0270223
0.0269453
0.0286449
0.0285183
0.030399
0.0267063
0.0258147
0.0290346
0.0300917
0.02932
0.026493
0.02939
0.0278161
0.0281855
0.0273182
0.0300904
0.0285774
0.0305428
0.0280247
0.0261883
0.0259861
0.0283501
0.0276034
0.0275399
0.0256337
0.0260899
0.0271648
0.0300189
0.0275282
0.0248875
0.0242494
0.0273392
0.0300861
0.0266525
0.0232149
0.0245333
0.0244833
0.0262393
0.0259144
0.0261426
0.0236624
0.025447
0.0263773
0.0252121
0.0288428
0.0244725
0.0248355
0.0262064
0.0246233
0.0250599
0.0267899
0.0284045
0.0244274
0.0262639
0.0270138
0.0257902
0.0243784
0.0305522
0.0323147
0.0274287
0.0271139
0.0313201
0.0322664
0.0337495
0.0268931
0.027168
0.0291478
0.0303634
0.030154
0.0288301
0.0294148
0.0298905
0.0310152
0.0267758
0.0291111
0.0314681
0.0285298
0.0298886
0.0274722
0.0242903
0.0309652
0.0277305
0.0270299
0.0256488
0.0270035
0.0284668
0.0280682
0.0269176
0.0258373
0.0276017
0.0277682
0.0272153
0.0306929
0.0257078
0.0320445
0.0314906
0.0315564
0.0324143
0.0282197
0.0311142
0.0295332
0.0282384
0.0272772
0.0273029
0.0297942
0.028337
0.0296429
0.0277352
0.0277419
0.0292933
0.0297571
0.0285494
0.0283774
0.0287038
0.0276453
0.0297941
0.0295542
0.0326334
0.0332822
0.0289126
0.0297323
0.029822
0.0328497
0.0320288
0.0315843
0.0290845
0.0337423
0.0361653
0.0337915
0.0306246
0.0325322
0.0362984
0.0350919
0.0331332
0.0326038
0.0353562
0.0349331
0.0353543
0.0328819
0.0374553
0.035999
0.0345131
0.0340855
0.033851
0.0332552
0.0319121
0.0321694
0.0306064
0.0290656
0.0310273
0.03018
0.0305197
0.0285295
0.0300023
0.0305242
0.029645
0.0304168
0.0281798
0.0278944
0.0289813
0.0311377
0.0296224
0.0298255
0.028875
0.0299274
0.0297409
0.0288723
0.0263241
0.0291343
0.0293455
0.0290668
0.0277978
0.0266482
0.0292471
0.0275348
0.0299553
0.0256671
0.0266018
0.0276188
0.026892
0.0268526
0.0240831
0.0259699
0.025272
0.026732
0.0252969
0.023511
0.0251466
0.0268657
0.0278642
0.0261171
0.0264154
0.0258955
0.0253822
0.0272911
0.0267048
0.0267289
0.0234347
0.0229337
0.025456
0.0253739
0.0254069
0.0261791
0.0262815
0.0259369
0.0241907
0.0237996
0.0261024
0.0272658
0.028474
0.0243924
0.027209
0.027015
0.0267868
0.0246033
0.0250889
0.0285077
0.0276808
0.0268058
0.0236882
0.026945
0.0273214
0.0250514
0.0232157
0.0249999
0.025392
0.0243533
0.0234791
0.0258969
0.0247978
0.0255756
0.0237579
0.0265846
0.0241833
0.0265938
0.0237185
0.0251451
0.0242869
0.0230709
0.0242773
0.0228402
0.0257122
0.0277361
0.0269211
0.023917
0.0225275
0.0217132
0.0250104
0.0235014
0.0223394
0.0221423
0.0210589
0.0217641
0.0214644
0.02128
0.0187439
0.020547
0.0218421
0.0215391
0.0214253
0.019921
0.0208314
0.022069
0.0204605
0.0199337
0.0200321
0.0229324
0.0213833
0.0212041
0.0196621
0.0208572
0.0211551
0.0227521
0.0230063
0.0212165
0.0227445
0.0236185
0.0242603
0.0222377
0.0228682
0.0234676
0.0237004
0.0221702
0.0231808
0.0237884
0.0228829
0.0220232
0.0244944
0.024738
0.0223922
0.0229093
0.0239726
0.0241204
0.0227358
0.0227797
0.0243105
0.0247002
0.0253126
0.0243668
0.0242452
0.02839
0.0286224
0.0254352
0.0242458
0.0290179
0.026039
0.024888
0.0232338
0.0272432
0.0264023
0.0249943
0.0237952
0.0289279
0.0247985
0.0241991
0.0230397
0.025662
0.0259928
0.0292746
0.023601
0.029733
0.028673
0.0237708
0.023144
0.024688
0.0241623
0.025934
0.027249
0.025045
0.0228546
0.0242476
0.0243359
0.0233253
0.0240804
0.0232222
0.0258192
0.02123
0.0222882
0.022643
0.0221957
0.0210486
0.0223717
0.0215071
0.0228974
0.0226754
0.0226895
0.0232025
0.0233014
0.0255264
0.0237243
0.0227605
0.0229082
0.0222213
0.0215445
0.025026
0.0252301
0.0240031
0.0239387
0.0229776
0.0235101
0.0242943
0.0240375
0.022529
0.0217098
0.0251616
0.0249428
0.0234505
0.0233783
0.0238257
0.0235706
0.0237118
0.0258448
0.0254688
0.0252391
0.0229261
0.0253489
0.0243271
0.0255258
0.0244644
0.0242606
0.0245411
0.0242658
0.0263839
0.0258512
0.0275882
0.024285
0.0241661
0.0244718
0.0247866
0.0243717
0.0239811
0.0242211
0.0216929
0.024537
0.0226311
0.023983
0.0232025
0.0219633
0.0225503
0.0248189
0.0249527
0.0229879
0.0232646
0.0261357
0.0240328
0.0220125
0.0224329
0.0227434
0.0218054
0.0238786
0.024111
0.0227688
0.0236126
0.0229561
0.0229847
0.0224139
0.0224335
0.0221956
0.0232332
0.0239819
0.0265128
0.0226086
0.0222202
0.0214847
0.0247089
0.0213886
0.0201533
0.0214222
0.0210736
0.020928
0.0224676
0.0218698
0.0202585
0.0212162
0.0210907
0.0203581
0.021665
0.0244085
0.0223786
0.0222181
0.0215615
0.0209574
0.0207063
0.020355
0.0221109
0.0221291
0.0243822
0.0230874
0.0197841
0.0204772
0.0206912
0.0208234
0.0199933
0.0202292
0.021256
0.0210062
0.0211101
0.0201684
0.0206532
0.0209013
0.0198954
0.0212715
0.0214052
0.020705
0.0210908
0.0210223
0.0210044
0.0208309
0.0204488
0.021243
0.0225181
0.0228745
0.0262202
0.0221012
0.0219986
0.0232677
0.0270817
0.0226729
0.0222719
0.0227966
0.0241565
0.0241234
0.022672
0.0229996
0.022673
0.0252421
0.0246397
0.0250934
0.0228227
0.0236588
0.0260906
0.0256772
0.0249062
0.0242358
0.0240151
0.0260012
0.0259719
0.0253618
0.0245643
0.0281121
0.0271103
0.0243893
0.0239101
0.025015
0.0255748
0.0260805
0.023778
0.025899
0.0270918
0.0254957
0.02361
0.0246619
0.0242072
0.0264911
0.025833
0.0241974
0.0245814
0.0254375
0.0257477
0.0247878
0.0236373
0.0228859
0.0259233
0.0252632
0.0229534
0.0215248
0.023221
0.0228359
0.02114
0.0221381
0.0223222
0.024305
0.0225731
0.0206266
0.0247866
0.0246647
0.0215116
0.0229826
0.024533
0.0229142
0.0209825
0.0222324
0.0245473
0.0243354
0.0224795
0.0231371
0.0226539
0.0246567
0.0248708
0.0245412
0.0246831
0.0243789
0.0224287
0.0253846
0.026407
0.026162
0.0244222
0.0243449
0.0233454
0.0240578
0.0247832
0.0232479
0.0285345
0.0268628
0.0254258
0.025259
0.0235853
0.0235371
0.024366
0.0215723
0.0224714
0.0248921
0.0239556
0.020417
0.0224336
0.0212032
0.0258307
0.0223618
0.0204212
0.0217508
0.0247067
0.0229717
0.0206121
0.0221286
0.0232973
0.0212848
0.0225154
0.0244057
0.0202517
0.0211588
0.0204588
0.0221505
0.0248553
0.0233569
0.0214757
0.0231644
0.0252225
0.0245253
0.0221482
0.0236037
0.0237235
0.0249977
0.0256453
0.0229242
0.0244309
0.0256217
0.0267146
0.0241427
0.0262718
0.0288175
0.024868
0.0239397
0.0243019
0.0250872
0.0264212
0.0239507
0.0244961
0.0253234
0.0240948
0.0225261
0.0233415
0.0236725
0.0248059
0.0245644
0.0245307
0.0252217
0.0252844
0.0249304
0.0298864
0.0261943
0.024429
0.0279721
0.027601
0.0275497
0.0297794
0.0286297
0.0339829
0.0272056
0.0285471
0.0280332
0.0268508
0.028734
0.0283951
0.0263888
0.029529
0.0289527
0.0267843
0.028382
0.0284836
0.0271086
0.0285723
0.0314439
0.0275762
0.0294878
0.0290481
0.0279038
0.0287576
0.0298153
0.0276682
0.0298083
0.0294473
0.0274642
0.0301915
0.0282871
0.028568
0.02748
0.0261695
0.0299616
0.02863
0.0288601
0.0276867
0.0288638
0.0314237
0.0255073
0.0273692
0.028926
0.0261241
0.0293928
0.0286806
0.0284827
0.0298059
0.0271919
0.025801
0.0259237
0.0252806
0.0241171
0.0265891
0.0256041
0.0242524
0.0265602
0.0245946
0.0239904
0.0214851
0.0235754
0.0263411
0.0225589
0.0238089
0.0249604
0.0255769
0.0230717
0.0207155
0.0241534
0.023669
0.0227603
0.0273787
0.0277437
0.0276266
0.0253452
0.0262916
0.0272329
0.0281599
0.0272739
0.0261904
0.0287199
0.0299102
0.0291743
0.029289
0.0291879
0.0302572
0.0293975
0.0287671
0.0280293
0.0285584
0.0301685
0.0309491
0.0317033
0.0380504
0.038528
0.0375296
0.0375377
0.0378068
0.0347353
0.0362814
0.0365612
0.034095
0.0339351
0.0331686
0.0737039
0.0345284
0.0362263
0.0354109
0.0359242
0.033606
0.0317199
0.0346789
0.0359776
0.0362038
0.0342722
0.0321508
0.0319571
0.0326511
0.0371345
0.0357796
0.0369974
0.0352214
0.0336393
0.034708
0.0353715
0.0356692
0.0335439
0.0328691
0.0344017
0.0345824
0.0357691
0.0356902
0.0338069
0.0347857
0.0361239
0.0388788
0.0399452
0.0322388
0.0343115
0.033595
0.0353979
0.0348733
0.0323598
0.0356471
0.0368422
0.0351624
0.0342504
0.0375318
0.0358529
0.0353043
0.036567
0.0353846
0.0342946
0.0341997
0.0393606
0.0352053
0.0361133
0.0369452
0.0347756
0.0351958
0.0379117
0.0366525
0.0399917
0.0390704
0.0407091
0.0367735
0.0412516
0.0385519
0.0387882
0.0380159
0.0404445
0.0358666
0.0383973
0.0381199
0.0399873
0.0381036
0.034847
0.0360502
0.0375323
0.0379455
0.0392563
0.0372768
0.0415807
0.0376901
0.0361564
0.0406998
0.0374061
0.0386644
0.0379477
0.0428137
0.0353704
0.0336379
0.0338477
0.0331713
0.0354026
0.0388899
0.035286
0.0374383
0.0348234
0.0332975
0.0335016
0.0350788
0.0355705
0.0358866
0.036938
0.0370247
0.0355773
0.0351325
0.0340602
0.0378103
0.0372448
0.0363613
0.0418051
0.0341267
0.0329832
0.0350934
0.0354715
0.038512
0.0370005
0.0418352
0.0333585
0.0337419
0.0370111
0.032734
0.0374509
0.0367408
0.0378233
0.0317043
0.0341755
0.0331924
0.0371806
0.0349929
0.0316569
0.0309576
0.0326234
0.0347625
0.0357378
0.0343271
0.0368255
0.0355054
0.031758
0.0314911
0.034568
0.0346524
0.0347384
0.0332987
0.0302982
0.030889
0.0349182
0.0322231
0.0325325
0.0323064
0.0299642
0.0286832
0.0323054
0.0335566
0.0354218
0.0345198
0.0305196
0.030932
0.031302
0.0305831
0.0315854
0.0313809
0.0319106
0.031599
0.0293866
0.0290126
0.0299437
0.030905
0.031228
0.029224
0.0297949
0.0296496
0.0328775
0.0316669
0.0301756
0.0301853
0.0292957
0.0306577
0.0302879
0.0306462
0.0358366
0.029853
0.0288595
0.0329503
0.0326622
0.0316458
0.0306845
0.0292017
0.0282751
0.0299756
0.0297683
0.0308155
0.0297401
0.0304913
0.0395074
0.0281511
0.0329294
0.0311304
0.0300704
0.0301452
0.030127
0.031263
0.0282998
0.0322093
0.0285473
0.0269102
0.0272455
0.0265425
0.0280374
0.0288695
0.0294996
0.0304324
0.0280384
0.0260932
0.0270503
0.0277285
0.029856
0.0287863
0.0264076
0.0249507
0.0271575
0.0271932
0.0270375
0.0289247
0.0253394
0.0261729
0.0282981
0.0269937
0.0253298
0.0266424
0.0276618
0.0267229
0.0232969
0.0247715
0.0303139
0.028725
0.0294575
0.0284649
0.0300749
0.0299035
0.0288971
0.0271461
0.0295276
0.0290686
0.0292843
0.0291151
0.0318294
0.0300213
0.0325058
0.030026
0.0351312
0.0302437
0.0313246
0.0308069
0.0295549
0.0313307
0.0343328
0.034426
0.0347168
0.0346909
0.0337911
0.031615
0.0302567
0.0319482
0.0322567
0.0312037
0.0363626
0.027673
0.0301599
0.0296589
0.0297629
0.0305226
0.0274259
0.0276583
0.0272161
0.0299184
0.0298998
0.0266069
0.0264192
0.0273011
0.0269309
0.0246285
0.024771
0.0272169
0.0262959
0.0251604
0.0260957
0.0258551
0.0257277
0.0251781
0.0249734
0.0234175
0.0245903
0.0229415
0.0263622
0.0238691
0.0264521
0.0216948
0.0252339
0.0250706
0.0254635
0.0249658
0.0249266
0.0251228
0.0252663
0.028244
0.0259413
0.0251038
0.0301226
0.030921
0.0276498
0.0267291
0.027612
0.0287221
0.0295148
0.0279152
0.0258728
0.0281859
0.0272113
0.028675
0.0252901
0.0266684
0.026817
0.0268874
0.0263851
0.0272756
0.0286181
0.0282797
0.0271418
0.0260677
0.0266327
0.0270879
0.0263333
0.0277223
0.0272323
0.0302836
0.0279857
0.0264549
0.0281485
0.0283936
0.0293366
0.0286978
0.0279988
0.0288396
0.0297751
0.0304822
0.0309957
0.0327792
0.0306265
0.031564
0.0311063
0.0312825
0.0301369
0.0283881
0.0290798
0.0254272
0.0260277
0.0262285
0.0249729
0.0265039
0.0267572
0.0271807
0.0268541
0.0280574
0.0265762
0.0266317
0.0257448
0.0266151
0.0258818
0.0242797
0.0248228
0.029842
0.0297395
0.0305942
0.030183
0.0288661
0.028262
0.0293176
0.0252762
0.0273643
0.02652
0.0275995
0.0250011
0.0268657
0.0277147
0.0285684
0.0288454
0.0256561
0.026992
0.0274289
0.0292263
0.0280872
0.0282743
0.026552
0.0277481
0.0281287
0.0292376
0.0291482
0.0284179
0.030496
0.0296308
0.0282429
0.0294043
0.0266264
0.0274057
0.0306347
0.0310774
0.0273186
0.0280764
0.0282376
0.0284101
0.0291817
0.03115
0.0291254
0.0294437
0.0308405
0.0305162
0.0282151
0.0289942
0.0296244
0.0296866
0.0322232
0.0296906
0.0308882
0.0299776
0.0303684
0.0294359
0.0278595
0.0278375
0.0282136
0.0289328
0.0282304
0.0289523
0.0293779
0.0308817
0.0294109
0.0305599
0.0313283
0.0342765
0.0287478
0.029462
0.0300993
0.0299298
0.029776
0.0306391
0.0300311
0.0299685
0.0303685
0.0300832
0.0290164
0.0322176
0.0294371
0.029111
0.0296462
0.0309241
0.0295548
0.0296936
0.0292104
0.0307816
0.0295563
0.0317055
0.0292406
0.0299631
0.0305618
0.0313271
0.0303064
0.0301782
0.0300059
0.0307529
0.030423
0.0290819
0.0297468
0.0317236
0.0300173
0.030898
0.0292847
0.0291133
0.0301907
0.0317806
0.0308693
0.0310306
0.0301068
0.0289882
0.0289429
0.0281845
0.0283184
0.0280251
0.0282104
0.0301442
0.0288963
0.0290582
0.0263267
0.0267747
0.0274424
0.0272507
0.0278554
0.0255818
0.0282639
0.0282039
0.0292008
0.0295932
0.028947
0.0277528
0.0280523
0.0261033
0.0267599
0.0270113
0.0260108
0.0270987
0.0296295
0.0339901
0.034878
0.0314906
0.0325644
0.0376042
0.0342634
0.0356006
0.0354629
0.0355762
0.0369049
0.036102
0.0327601
0.0316434
0.0332597
0.032996
0.0336709
0.0306988
0.0275572
0.0263571
0.0260116
0.0255152
0.0267165
0.0229857
0.0260162
0.0268669
0.0277586
0.0282929
0.0283903
0.0280109
0.0300883
0.0272166
0.029215
0.0300025
0.0306995
0.0278152
0.0282662
0.0294911
0.0305118
0.0307874
0.0309256
0.0300778
0.0293759
0.031054
0.0289825
0.0283363
0.0271042
0.028421
0.0290419
0.0297627
0.0301045
0.03119
0.0311199
0.030682
0.0310241
0.032014
0.0314242
0.0315965
0.0289409
0.029939
0.0336457
0.0311366
0.0288468
0.028694
0.0297929
0.0299148
0.0298888
0.0303619
0.026764
0.0278636
0.029251
0.0280783
0.0273258
0.0289859
0.0264121
0.0282054
0.0273581
0.0282907
0.0309136
0.0287969
0.0263367
0.0260545
0.0263061
0.0275837
0.0279199
0.0283181
0.0273832
0.0289001
0.0284952
0.0288161
0.0314449
0.0295169
0.0298813
0.0299616
0.0308059
0.027793
0.0299133
0.0318746
0.0293439
0.0281688
0.0303197
0.030829
0.0313149
0.0317426
0.0304507
0.0318944
0.0306338
0.0302545
0.0276499
0.030103
0.0286023
0.029611
0.0309297
0.0308196
0.0285629
0.0278289
0.0278245
0.0281664
0.0283571
0.0284712
0.0286986
0.0283588
0.0297206
0.0306009
0.0320878
0.028427
0.0282784
0.0292075
0.0309378
0.0304627
0.0294382
0.0276785
0.0296693
0.0298227
0.0305174
0.0330022
0.0298735
0.0294955
0.0301418
0.0317153
0.0310458
0.0312626
0.0311592
0.0311574
0.0313686
0.031719
0.0305568
0.0303798
0.0302522
0.0304789
0.0316713
0.0296478
0.0297832
0.0298311
0.0295017
0.0301578
0.0303633
0.0284897
0.0285679
0.0289061
0.0294697
0.0285341
0.0289456
0.0296195
0.0293523
0.0303776
0.0330926
0.0295639
0.0295905
0.0296963
0.0306806
0.0298117
0.0301404
0.0299865
0.0307372
0.0325455
0.0309909
0.0290453
0.0303257
0.0303851
0.0305023
0.0305614
0.0299248
0.0297629
0.0305773
0.0329564
0.0306134
0.0347887
0.0311341
0.0299054
0.0306081
0.0333754
0.0305913
0.0303461
0.0316616
0.0305161
0.0301177
0.0310642
0.0304941
0.0287163
0.0299739
0.0301811
0.0300752
0.0302471
0.0302129
0.0302086
0.0304943
0.0312489
0.030326
0.0299804
0.0305423
0.0301204
0.0303061
0.0312004
0.0314832
0.0299578
0.0305064
0.0322865
0.0290311
0.0296708
0.0297733
0.0303655
0.0308963
0.0300785
0.0306175
0.0305543
0.0318755
0.0313316
0.0295418
0.0290409
0.0309628
0.0300482
0.0309819
0.0302566
0.0306895
0.0353702
0.0336261
0.0310216
0.0302146


