0.0122467
0.0171379
0.0169498
0.017547
0.0171564
0.0174729
0.0172186
0.0191297
0.0169263
0.0169761
0.0168149
0.0170909
0.0202319
0.0211885
0.0210971
0.0205027
0.0208648
0.0210607
0.0205932
0.0207116
0.0207311
0.0123612
0.0125043
0.0212287
0.020778
0.022408
0.020907
0.0207823
0.0206171
0.0207348
0.0204585
0.0167309
0.0166426
0.0171785
0.0165401
0.0167287
0.0168002
0.0169083
0.0168922
0.016363
0.0168919
0.0177737
0.016394
0.0084478
0.00885638
0.0173594
0.0208193
0.0188334
0.0195131
0.0192468
0.0197621
0.0191278
0.019873
0.0192111
0.0195921
0.0190892
0.0172814
0.0176213
0.017134
0.01694
0.0173787
0.0174593
0.0171639
0.0171405
0.0168617
0.00839115
0.00850668
0.0173263
0.0176062
0.0177842
0.0185943
0.0182005
0.0176441
0.0180704
0.0179037
0.0184064
0.0173673
0.0177724
0.0177932
0.0178226
0.0182043
0.0178779
0.018042
0.0180208
0.0177116
0.0175382
0.0180164
0.00859742
0.00888375
0.0183906
0.0184647
0.0189261
0.0186848
0.0184681
0.0179967
0.0184301
0.0185217
0.0186439
0.0190946
0.0185171
0.0183837
0.0186186
0.0183333
0.0185878
0.0190453
0.0182477
0.0182908
0.0188271
0.0180916
0.00878261
0.00885819
0.0185339
0.0184372
0.018236
0.0182134
0.036534
0.016335
0.0110322
0.0110163
0.0111155
0.0103553
0.0128696
0.0131847
0.0131393
0.0137408
0.0132065
0.0150034
0.0153792
0.0157513
0.0153584
0.0146764
0.0151557
0.0160602
0.0152363
0.0160977
0.0163619
0.0155772
0.0157794
0.017233
0.016471
0.0168227
0.0179286
0.0175771
0.0176628
0.0174138
0.0179425
0.017111
0.0170727
0.0236388
0.0191751
0.0182346
0.0192149
0.0189836
0.0190783
0.0195283
0.0192099
0.018921
0.017545
0.0190052
0.0250527
0.0216042
0.015402
0.0202989
0.0210582
0.0157263
0.0210543
0.01698
0.0170928
0.0157975
0.0167406
0.015868
0.0165505
0.0157319
0.0162837
0.0155768
0.0160834
0.0148081
0.0156293
0.0147335
0.0163766
0.0151192
0.015817
0.0159659
0.0169435
0.0159057
0.0161832
0.0161316
0.0162364
0.0161949
0.0168785
0.0175933
0.0170281
0.0161673
0.016858
0.0161265
0.0161577
0.0161956
0.0163025
0.0163704
0.0160508
0.0166447
0.0166392
0.0212278
0.0214949
0.0162778
0.021569
0.0217006
0.0165722
0.0170561
0.0170264
0.0221541
0.021572
0.0179888
0.0201962
0.0186907
0.0198179
0.0195944
0.018561
0.023051
0.0219515
0.0227652
0.0218731
0.0223894
0.0219323
0.0191199
0.0227925
0.0219305
0.0227969
0.0221915
0.0227536
0.023119
0.0178397
0.0228025
0.022252
0.0225272
0.0230747
0.0177691
0.022635
0.0224093
0.0171957
0.0214712
0.0199008
0.016943
0.0213145
0.0199668
0.021128
0.02238
0.0175078
0.0208321
0.0184012
0.0168269
0.0170923
0.0218946
0.0223686
0.0176657
0.0236949
0.0233148
0.0177944
0.0233353
0.023256
0.0184186
0.0190966
0.0200853
0.0181744
0.0181134
0.0223025
0.0172501
0.0190362
0.0166454
0.0170253
0.017521
0.0160285
0.01672
0.016387
0.014617
0.0157275
0.0154778
0.0144341
0.0180827
0.0160379
0.0164436
0.0167125
0.017733
0.016485
0.0184515
0.0190576
0.0177034
0.0226243
0.0221579
0.0222853
0.0238784
0.0178244
0.0179009
0.0181836
0.0162526
0.0172194
0.0172976
0.0158113
0.0173595
0.0175394
0.0158859
0.0170745
0.0168958
0.0158151
0.0173498
0.0176312
0.0164178
0.0184664
0.0181749
0.0184606
0.0181291
0.0185753
0.0222608
0.0233775
0.0180271
0.0208806
0.0191023
0.0203438
0.0207022
0.0202289
0.0177715
0.0191455
0.0206616
0.0133829
0.0171545
0.0184993
0.0156218
0.0154418
0.0150633
0.0160817
0.0162109
0.0174779
0.0194763
0.0171728
0.0168484
0.0159868
0.0206244
0.0204877
0.0152928
0.019195
0.0195123
0.0145444
0.0163167
0.0177336
0.0157004
0.0199383
0.0212361
0.015461
0.0167469
0.0163117
0.0152702
0.020281
0.0193263
0.0209393
0.0167157
0.0172832
0.017562
0.0185279
0.0201207
0.0176837
0.0223163
0.0232839
0.0172621
0.0216713
0.0223248
0.0213925
0.0217144
0.023128
0.0220765
0.0226134
0.0238988
0.0178536
0.0178797
0.0180518
0.016554
0.0175397
0.0193046
0.016596
0.0223874
0.0232661
0.0186123
0.0227572
0.0231522
0.0175394
0.0183825
0.0189503
0.0170406
0.0182469
0.0186754
0.0174275
0.0223589
0.0227804
0.0179696
0.0216779
0.0230693
0.0178799
0.0184319
0.0200253
0.0194351
0.0219541
0.0214812
0.0187483
0.0189282
0.02003
0.0193653
0.0230741
0.0237317
0.0222484
0.0231202
0.0242159
0.0185228
0.0195081
0.0204433
0.0187498
0.01744
0.0178865
0.0180411
0.0177321
0.0199393
0.0170318
0.0180063
0.016167
0.0163393
0.0165386
0.0171831
0.0167547
0.0176945
0.0163116
0.0165557
0.0202268
0.0205408
0.0156076
0.0154823
0.0155601
0.0132756
0.018602
0.0187392
0.014385
0.0142933
0.019737
0.0193268
0.0147803
0.0194729
0.020137
0.0151503
0.0147491
0.015911
0.0146379
0.0196184
0.0210424
0.0153713
0.0158735
0.0169546
0.0154558
0.0196915
0.0217025
0.0187879
0.0193396
0.0201195
0.0159779
0.0154001
0.0191078
0.0156083
0.0207079
0.0208599
0.0165246
0.0206747
0.0234353
0.0203071
0.0155252
0.0204272
0.0216689
0.0215041
0.0167627
0.0169115
0.0210014
0.0166087
0.0172308
0.0159187
0.0162955
0.0143596
0.0146943
0.0157453
0.0137278
0.0149326
0.0160806
0.0147521
0.015107
0.0194559
0.0201044
0.0149206
0.0191487
0.0196298
0.0144174
0.015151
0.015634
0.0142256
0.0193919
0.0198084
0.0152565
0.0146912
0.0148363
0.016204
0.0156459
0.0143392
0.0155886
0.0157436
0.0142471
0.0195024
0.019971
0.0140322
0.0169543
0.0166961
0.0164449
0.0185357
0.0187561
0.0164238
0.0189008
0.0185241
0.0131303
0.0146511
0.0140126
0.0126849
0.0179427
0.0181156
0.0123877
0.0173776
0.0145187
0.0128665
0.0140127
0.0138776
0.0119349
0.0169995
0.0185488
0.0109982
0.0162754
0.0159441
0.0106529
0.0162645
0.0127322
0.00932557
0.0103149
0.00995301
0.00826692
0.013104
0.00884653
0.00913331
0.00844165
0.0086858
0.0137605
0.013843
0.00981369
0.0152191
0.014432
0.00923376
0.0151646
0.0161009
0.00985732
0.015046
0.0137244
0.0100042
0.0152094
0.0137314
0.0104728
0.0140696
0.0137159
0.0139936
0.0131677
0.010621
0.0151523
0.0142146
0.0156687
0.0153328
0.0116691
0.0161423
0.0150903
0.0113289
0.0152111
0.0132598
0.0162494
0.0151793
0.0107028
0.0117035
0.0110322
0.0121119
0.0113229
0.0131463
0.0116674
0.0166129
0.0144443
0.0176066
0.0166088
0.0171219
0.0165536
0.0133804
0.0137446
0.0151608
0.017647
0.0164062
0.0180035
0.0161111
0.0131336
0.0144446
0.0134085
0.0127752
0.0185817
0.0170132
0.0175011
0.0168725
0.0134641
0.0151454
0.0112026
0.0122668
0.0118165
0.0104718
0.0160944
0.0150345
0.0101538
0.0156637
0.0148468
0.00991837
0.0156141
0.0125253
0.014746
0.0134091
0.0142909
0.0117752
0.0192634
0.0128465
0.0149106
0.0126685
0.0150601
0.0143309
0.0111109
0.0162391
0.0148901
0.0116455
0.0169228
0.0162501
0.011216
0.012525
0.0118549
0.0121369
0.0126651
0.0125455
0.011971
0.0125029
0.0124286
0.0118662
0.0167785
0.0156959
0.0115154
0.0160808
0.0153812
0.011567
0.0170438
0.0165933
0.0116189
0.0169286
0.0159711
0.0121647
0.0127773
0.0129852
0.0128029
0.0139071
0.0151056
0.0118503
0.0132816
0.0121653
0.0120668
0.0176216
0.0165866
0.0124249
0.0180606
0.016592
0.011748
0.0171616
0.0135912
0.0175225
0.0145109
0.0142843
0.0127783
0.0114181
0.0160311
0.0110318
0.0157485
0.0129634
0.0112305
0.0167825
0.012667
0.012371
0.0119197
0.0132397
0.0124753
0.0135591
0.0126983
0.0138499
0.0127774
0.0130934
0.0168293
0.0167352
0.0122938
0.01481
0.0173852
0.0179707
0.0179173
0.0185008
0.0174984
0.0175351
0.0179705
0.0171678
0.012853
0.0174693
0.0175003
0.0147156
0.0184282
0.0179779
0.0132678
0.0176318
0.0187984
0.0166085
0.0186669
0.0172063
0.012951
0.0135225
0.0129436
0.0126908
0.0177126
0.0166536
0.0123501
0.0170352
0.0163066
0.0173023
0.0149713
0.0129228
0.0178567
0.017042
0.013045
0.0180325
0.0170375
0.0130452
0.0142498
0.0133849
0.0174304
0.0142939
0.0180939
0.0176147
0.013472
0.017625
0.0168472
0.0199068
0.0180649
0.012981
0.0184243
0.0144329
0.0132257
0.0145141
0.0186017
0.0139821
0.015174
0.015996
0.0146639
0.0191035
0.0189029
0.0143063
0.015284
0.0151585
0.0132064
0.018655
0.0176838
0.0123872
0.0178852
0.0192016
0.0130221
0.01514
0.0170855
0.0127175
0.019337
0.0179652
0.0127963
0.0182212
0.0177834
0.0130327
0.0146335
0.0145796
0.017068
0.0187072
0.0199672
0.0146247
0.0183177
0.0165401
0.0153703
0.0160186
0.0163697
0.0149564
0.0199071
0.0198657
0.0154019
0.015859
0.0160494
0.0148591
0.0151668
0.0166591
0.0146969
0.0155218
0.0159343
0.0149061
0.0191922
0.0185329
0.018174
0.0154734
0.0170369
0.0151729
0.0153078
0.0192772
0.0206278
0.017312
0.0149088
0.0185649
0.0172088
0.0155326
0.0155551
0.0199578
0.0210168
0.019597
0.0156623
0.0176739
0.0180167
0.0171677
0.01729
0.0169701
0.01757
0.0164363
0.0171541
0.0170883
0.0171877
0.0174006
0.019031
0.0215336
0.0190409
0.0222141
0.0233481
0.0256966
0.0188463
0.0221689
0.0228529
0.0217307
0.0176723
0.0170751
0.0176172
0.0203803
0.0148182
0.0165488
0.0144433
0.013831
0.0115083
0.0129321
0.0130999
0.0116104
0.0119705
0.0114413
0.0111307
0.0122407
0.0123025
0.0104583
0.0121348
0.0107318
0.0106375
0.0159974
0.013153
0.0135283
0.0126361
0.0113178
0.0139734
0.0137829
0.0128519
0.0127643
0.0121344
0.0134445
0.0138758
0.0129616
0.0134717
0.0139028
0.0140005
0.0143387
0.0123881
0.0179053
0.0177476
0.0156282
0.0170646
0.0139052
0.0141206
0.0173312
0.0167854
0.0157634
0.0174817
0.0164264
0.0118212
0.0170316
0.0169119
0.0157281
0.0175717
0.0170697
0.015602
0.0171752
0.0173166
0.0138238
0.0190396
0.0184246
0.0161774
0.018712
0.0160253
0.0132419
0.0143658
0.017926
0.0173473
0.0183133
0.0183845
0.0172888
0.0180347
0.0180871
0.0176695
0.0198137
0.0181165
0.0165496
0.0168368
0.015001
0.0160269
0.0137793
0.0185291
0.016936
0.0130178
0.0184052
0.018278
0.017121
0.0187076
0.0175231
0.013287
0.0143277
0.0141514
0.0135115
0.0139622
0.0141808
0.0135063
0.0185822
0.0176555
0.0133242
0.0187234
0.0175586
0.0183271
0.0190071
0.0137608
0.0139754
0.0146102
0.0137375
0.0137915
0.0145819
0.0130925
0.0140632
0.0143459
0.0125981
0.014482
0.0173038
0.0132654
0.013981
0.014449
0.013364
0.0143165
0.0169305
0.0124728
0.0183602
0.0174331
0.0137341
0.0143589
0.018284
0.0134558
0.0182196
0.0172427
0.0117992
0.0165712
0.0156478
0.0114603
0.0157051
0.0149457
0.0111547
0.0162109
0.0148731
0.0111061
0.0167439
0.0172068
0.0182283
0.0165982
0.0150365
0.0160621
0.0180986
0.0161926
0.0116404
0.0126051
0.0121201
0.0108413
0.0159263
0.015779
0.0117797
0.0173941
0.0165435
0.0120473
0.0180422
0.0182584
0.0174082
0.0176974
0.0181174
0.0167762
0.0166747
0.0208341
0.0196459
0.0195983
0.0138478
0.0130384
0.0135707
0.0128628
0.0139247
0.0133434
0.0139477
0.011398
0.0121324
0.0118
0.0148127
0.015271
0.0139827
0.0133816
0.01388
0.0138058
0.0156857
0.0113921
0.0147488
0.0136754
0.0149288
0.0139104
0.015031
0.0152591
0.0150461
0.0158385
0.0137724
0.0170944
0.0191774
0.0151905
0.0176728
0.0150396
0.0217534
0.0152449
0.0141725
0.0206366
0.0209179
0.0176308
0.0193632
0.0184069
0.0182529
0.0189445
0.0190523
0.0174274
0.019589
0.0185464
0.0182931
0.019294
0.016224
0.0170774
0.0180435
0.0152766
0.0138876
0.0149871
0.0154596
0.0142106
0.0145846
0.0147979
0.0136365
0.014874
0.0145058
0.0146983
0.0142654
0.0167866
0.0131298
0.0134369
0.0123879
0.0122755
0.0137452
0.0153404
0.0151628
0.0148646
0.0141395
0.0200758
0.0186246
0.0153336
0.0209082
0.0194772
0.0164229
0.0211459
0.0189622
0.0165161
0.0183709
0.0173837
0.0147942
0.0170128
0.0184499
0.0163094
0.0151308
0.0147227
0.0144055
0.013262
0.0186648
0.0186438
0.0155591
0.0229704
0.0272912
0.0190083
0.0205697
0.0185761
0.027169
0.0183839
0.0203238
0.0214459
0.0228208
0.0195017
0.0159046
0.0158718
0.0212617
0.0198544
0.0165553
0.0192532
0.0213765
0.019941
0.0212266
0.0207553
0.0193902
0.0204448
0.0198084
0.0241012
0.0191264
0.0179149
0.0147476
0.0147643
0.0186228
0.0179927
0.0212225
0.0255087
0.019413
0.0145459
0.0151899
0.015381
0.0181745
0.01953
0.0212564
0.0244939
0.017518
0.0152815
0.0178658
0.0158749
0.0133836
0.0138352
0.0144504
0.019875
0.0190832
0.024795
0.026268
0.0149229
0.0152605
0.0156586
0.0132037
0.019972
0.0148463
0.0137641
0.0183958
0.0177442
0.0175059
0.0141618
0.0139252
0.0149398
0.0155131
0.0170221
0.0144949
0.0172499
0.0129043
0.0147005
0.0183134
0.018586
0.0199827
0.0208719
0.0186862
0.0141309
0.0185295
0.0186021
0.014065
0.0157398
0.018093
0.0146622
0.0152405
0.0158726
0.0143404
0.0154556
0.015645
0.0142371
0.0156318
0.0158621
0.0145673
0.0154367
0.0182268
0.0190468
0.0146056
0.0173949
0.0167832
0.0180017
0.016476
0.016345
0.0214836
0.0212877
0.0201883
0.0211791
0.0209845
0.0244416
0.0227389
0.0175024
0.0152357
0.0168499
0.0160134
0.0169972
0.0173862
0.0182095
0.0146709
0.0164294
0.0186303
0.0227547
0.0202471
0.0197438
0.018991
0.0197739
0.0209975
0.017034
0.0174344
0.0174628
0.0168143
0.0168881
0.0179796
0.0170709
0.0201216
0.0210107
0.0224802
0.0204335
0.0206053
0.0224877
0.0226345
0.0197559
0.0174186
0.0171398
0.0199253
0.0257198
0.0183959
0.017745
0.0186577
0.0184476
0.019142
0.0189317
0.0226508
0.0190446
0.0180079
0.0196251
0.01908
0.0198862
0.0215889
0.021725
0.0234509
0.0234824
0.0195192
0.0177541
0.0171113
0.0248993
0.029621
0.024279
0.0233337
0.0263524
0.0239827
0.0209726
0.0216447
0.0227784
0.0231246
0.0210783
0.0219618
0.0254948
0.0247093
0.0208651
0.0205938
0.0208976
0.0241718
0.0229683
0.0229249
0.0219997
0.0175909
0.0209699
0.0211622
0.0183505
0.0198683
0.0210384
0.024728
0.0256067
0.0208801
0.0198972
0.0222197
0.0254316
0.0237338
0.0213511
0.0214825
0.0226996
0.0216837
0.021677
0.0202828
0.0188212
0.0200294
0.0211186
0.0179638
0.0189396
0.018908
0.0179721
0.0187681
0.0185877
0.018629
0.0185333
0.0182099
0.0143057
0.0190184
0.0187214
0.0160559
0.0162613
0.0165552
0.0148159
0.0148645
0.0139393
0.0184798
0.0194285
0.0174978
0.0186838
0.0195392
0.0148135
0.0166767
0.0148409
0.0149317
0.0133698
0.0141832
0.0138474
0.0144482
0.0140916
0.0162335
0.0142654
0.0170508
0.017461
0.0130972
0.0222641
0.019507
0.0171809
0.0167415
0.0195238
0.0185382
0.0194512
0.0173043
0.0192822
0.0166751
0.0154139
0.0162938
0.0180269
0.0170879
0.0150689
0.0150904
0.016025
0.0157415
0.0144676
0.0178266
0.0113274
0.0112234
0.014748
0.0225662
0.0150829
0.0156883
0.0152102
0.017494
0.0161411
0.0128003
0.0143617
0.0163671
0.0119405
0.0139961
0.0147457
0.0173657
0.017525
0.0179845
0.0185424
0.018538
0.0191431
0.0160252
0.0194883
0.0194802
0.0184897
0.018258
0.0148077
0.0253792
0.0190849
0.0197655
0.0196402
0.0184092
0.0217685
0.0188857
0.0141101
0.018315
0.0196945
0.0134298
0.0151343
0.0179603
0.0161904
0.0148208
0.0142366
0.0129252
0.0185959
0.0177671
0.0134093
0.01478
0.0136216
0.0131138
0.0140062
0.0138176
0.0131504
0.0141946
0.013171
0.0134035
0.0141657
0.0132055
0.0130536
0.0140775
0.0133717
0.0134557
0.0180544
0.0200647
0.0189236
0.0187641
0.0186967
0.0136862
0.0161837
0.016261
0.0138586
0.0192387
0.0189928
0.0148436
0.0191671
0.0186806
0.0144866
0.0192751
0.0177031
0.0143419
0.0192198
0.0180352
0.0162019
0.0160574
0.0149113
0.0141837
0.0205256
0.0199269
0.0182553
0.0193168
0.0197808
0.0155025
0.0200979
0.0189202
0.0136713
0.0148551
0.0146425
0.0136081
0.0144791
0.0154731
0.0137853
0.0144955
0.0142362
0.0131749
0.0137295
0.0185332
0.0182842
0.0172971
0.0202455
0.0183906
0.0133155
0.0182824
0.0169143
0.0173962
0.018463
0.0196566
0.0143855
0.0154198
0.0159819
0.0142217
0.015334
0.0150399
0.0147054
0.0135553
0.0137793
0.012271
0.0137567
0.0130461
0.0117919
0.0130649
0.0129409
0.0122443
0.0136637
0.0115661
0.0116453
0.0131753
0.0131234
0.0124102
0.0138349
0.0146769
0.0130318
0.0166181
0.0126544
0.0129876
0.0134643
0.0134671
0.0124471
0.0141145
0.0134045
0.0123515
0.0176349
0.0172693
0.0169308
0.0151804
0.014852
0.0169936
0.0166128
0.0117638
0.0138598
0.0154299
0.0137585
0.013838
0.0126516
0.0179914
0.017633
0.0164991
0.01746
0.018044
0.0159689
0.0175682
0.0170201
0.0191548
0.0170675
0.0179399
0.0181977
0.0131559
0.0175941
0.0180147
0.0129241
0.0173866
0.0198151
0.014763
0.0144625
0.0170706
0.0166824
0.0206312
0.0163263
0.0124817
0.0117073
0.0125003
0.0126383
0.0123532
0.0153439
0.0134679
0.0123837
0.0122217
0.0133035
0.0127537
0.012147
0.0144372
0.0123961
0.0119063
0.0123125
0.0113961
0.0161171
0.0125492
0.0155771
0.0153798
0.0146322
0.0116971
0.0159136
0.0204865
0.0161577
0.0149221
0.0163488
0.0156323
0.0157974
0.0167899
0.0201479
0.0165421
0.0179394
0.0169986
0.0151764
0.0166895
0.017468
0.0153644
0.0168013
0.0157901
0.0163653
0.0177487
0.0146945
0.0119688
0.0128943
0.0161362
0.015588
0.0178848
0.0151725
0.0155972
0.0144496
0.0138814
0.0129051
0.0149753
0.0145031
0.0133718
0.0147038
0.0157386
0.014719
0.0126274
0.0144114
0.0131207
0.0122904
0.0171751
0.0158348
0.0121049
0.0126093
0.0113287
0.0141932
0.0121508
0.0112602
0.011465
0.0165309
0.0122635
0.0161649
0.0123819
0.0118868
0.013031
0.0122401
0.013659
0.0127711
0.0142835
0.0131441
0.0144896
0.0162968
0.0168234
0.017237
0.0160866
0.0171013
0.0165984
0.0164035
0.0186283
0.0180393
0.01596
0.0179344
0.0146866
0.0134786
0.0137942
0.0136046
0.0122564
0.0136401
0.0136048
0.0119963
0.0132804
0.0128888
0.0119113
0.0180436
0.0174097
0.0134329
0.0140021
0.0145927
0.0149594
0.0149011
0.01944
0.020612
0.0165981
0.0157119
0.0148233
0.0154922
0.0177455
0.0146058
0.0192882
0.0197422
0.0149195
0.0149912
0.0177908
0.0197057
0.0198857
0.0199471
0.0185835
0.0199185
0.0204176
0.0192635
0.0199761
0.0190405
0.0203371
0.0184376
0.0188651
0.0204385
0.0182691
0.019531
0.0191027
0.0175918
0.0195023
0.0200549
0.019913
0.0211081
0.021815
0.0240236
0.0260303
0.0257108
0.0285529
0.017735
0.0216596
0.0226723
0.0271514
0.0215565
0.0184389
0.0180072
0.0191648
0.0292161
0.0204522
0.0210675
0.0197275
0.0157377
0.0195688
0.0207806
0.0189588
0.0151468
0.0202069
0.0219317
0.01978
0.014775
0.018467
0.0193211
0.017445
0.0180203
0.0191407
0.0154322
0.015796
0.0161475
0.0159959
0.015942
0.0164283
0.0175421
0.0156706
0.0146093
0.0157614
0.0180962
0.0141949
0.0139805
0.0141605
0.0173458
0.0183229
0.0168592
0.0157768
0.0164461
0.0168834
0.0151635
0.0149299
0.0158714
0.015891
0.0147277
0.0161198
0.0161556
0.0128072
0.01179
0.0111973
0.00883252
0.0106793
0.00989995
0.00891279
0.0103224
0.0100681
0.00938058
0.0149704
0.0146238
0.0143648
0.0152309
0.0151673
0.0166495
0.0172288
0.0171058
0.0167896
0.0173058
0.0171942
0.0158155
0.0164084
0.0162759
0.0175152
0.0164844
0.0186826
0.0191609
0.0172793
0.0170844
0.0163542
0.0190265
0.0175562
0.0142077
0.0174837
0.0182046
0.0166536
0.0141831
0.0136796
0.0177849
0.0141967
0.013837
0.0141786
0.013874
0.0130677
0.0132403
0.0139116
0.0139591
0.0137555
0.0132001
0.0135023
0.013693
0.0133411
0.0131082
0.0143338
0.0140136
0.0135436
0.0144042
0.0150514
0.0134186
0.0149226
0.0148459
0.0151628
0.0141511
0.0147278
0.0134446
0.0181517
0.0247728
0.0237604
0.0144215
0.0137938
0.0159129
0.0129685
0.0133015
0.0179555
0.0180003
0.0139541
0.013607
0.0139506
0.0122972
0.0186237
0.0203977
0.016374
0.0134761
0.0197867
0.0180844
0.0127576
0.0149469
0.0169481
0.0126185
0.0139869
0.0134674
0.0136818
0.0151641
0.0164931
0.0125617
0.0162169
0.0162193
0.0131501
0.0178447
0.0183486
0.0236235
0.0151292
0.0156913
0.0145972
0.0146519
0.0154745
0.0130107
0.0152545
0.0149112
0.0131819
0.0147044
0.0147767
0.013662
0.0190562
0.018913
0.0179596
0.0217389
0.0201357
0.0178664
0.0128391
0.0139841
0.0131817
0.011924
0.0174831
0.0161602
0.0138198
0.0169826
0.0167467
0.018349
0.0178307
0.0187994
0.018616
0.0175827
0.0185298
0.018691
0.0167249
0.0191433
0.017297
0.0184536
0.0173275
0.0197597
0.0187983
0.016709
0.0172204
0.0165817
0.0165022
0.0190124
0.0186304
0.0128658
0.0162867
0.0123388
0.0135462
0.0118193
0.0119852
0.0175665
0.0159004
0.0115764
0.0163572
0.0166748
0.012298
0.017287
0.0159246
0.017109
0.0166712
0.0115802
0.0160269
0.0143181
0.0156367
0.0133083
0.0161376
0.0137835
0.014593
0.0135718
0.00976309
0.0132404
0.0122266
0.0129485
0.0114237
0.0119827
0.00865361
0.0135809
0.00917856
0.0094919
0.00982365
0.0106733
0.0127884
0.0156007
0.0151408
0.0144488
0.0177311
0.0153655
0.0184491
0.0172458
0.0184561
0.0168088
0.0163782
0.0176445
0.017176
0.0166029
0.0184162
0.01798
0.0173143
0.018093
0.0188754
0.0158389
0.0171757
0.0158049
0.0210575
0.0196796
0.0183897
0.0194122
0.0170291
0.0159792
0.0177733
0.0162301
0.0145164
0.0181139
0.0140416
0.0207603
0.016374
0.0136415
0.0136485
0.0123718
0.0123073
0.0121161
0.0178301
0.0162761
0.0185502
0.0170665
0.0130499
0.0172412
0.0160026
0.0137528
0.0175868
0.0198309
0.0117381
0.0152491
0.0131599
0.0135592
0.0187308
0.0190554
0.0129078
0.0160317
0.0156122
0.0140296
0.0154016
0.0190352
0.0199841
0.0151521
0.0161311
0.017614
0.0164662
0.0165261
0.0156261
0.0166872
0.0198787
0.0202326
0.0161352
0.0163161
0.0168601
0.0147437
0.0159207
0.0189935
0.0189824
0.019433
0.0186047
0.0171141
0.0192734
0.019168
0.0162836
0.0135781
0.0145494
0.0154123
0.0129639
0.0134729
0.0142939
0.0118458
0.0167982
0.0167903
0.0119017
0.0135593
0.0143798
0.0139241
0.0143201
0.0185925
0.0197051
0.0178907
0.0196749
0.020604
0.0190704
0.0161662
0.0204826
0.0206758
0.0193181
0.0198694
0.0220175
0.0194734
0.0200299
0.0215867
0.0192021
0.0199724
0.0209037
0.0194546
0.0200158
0.0207824
0.019284
0.0201398
0.0212579
0.0172118
0.0156571
0.01971
0.0204675
0.0190338
0.0194736
0.0203522
0.0190349
0.0163906
0.0192746
0.0170385
0.0177679
0.0210698
0.0221519
0.0192458
0.0161118
0.0204414
0.0214099
0.0206722
0.0165443
0.0172579
0.017385
0.0163684
0.0164707
0.0212457
0.0224913
0.0203516
0.0160951
0.0203395
0.0216569
0.0208356
0.0166359
0.0167028
0.0176585
0.0192117
0.0173249
0.0174745
0.0191924
0.0207898
0.0194991
0.0165259
0.0223836
0.0239144
0.0240219
0.0226844
0.0211494
0.021554
0.0218154
0.0205925
0.02109
0.0206816
0.0203098
0.0211484
0.0184472
0.0190878
0.02017
0.0183834
0.0155008
0.0152426
0.0164267
0.0155695
0.0147116
0.0142761
0.0146675
0.0137422
0.0131613
0.0172016
0.0174871
0.0176382
0.0143094
0.0143072
0.0142991
0.0137069
0.0133667
0.0167559
0.0170815
0.0160406
0.0121099
0.0168928
0.0170111
0.0146206
0.0127955
0.0137525
0.0145876
0.0180625
0.0135809
0.0127596
0.0119655
0.0132007
0.0128421
0.0130283
0.0132492
0.0177824
0.0180652
0.017013
0.0130446
0.0183724
0.0196882
0.0192586
0.015075
0.0138575
0.0159752
0.0145826
0.0132542
0.0188637
0.0192883
0.0177212
0.013738
0.0148474
0.0154184
0.0148087
0.0137351
0.0174957
0.0189031
0.0177446
0.0154665
0.0200982
0.0184184
0.0171381
0.0139265
0.0132084
0.0147791
0.017515
0.0170185
0.0188656
0.0192576
0.0181714
0.0175325
0.0189167
0.0180289
0.0162528
0.0159965
0.0197637
0.0176165
0.0122942
0.0127402
0.0118686
0.0131736
0.0133966
0.0120357
0.0175554
0.0186212
0.0158099
0.0182198
0.0176404
0.016478
0.0190301
0.0187981
0.0170136
0.0194369
0.0187953
0.0162048
0.014366
0.0152291
0.013071
0.0187902
0.0187434
0.013596
0.0145362
0.0137202
0.0133618
0.0181532
0.0179154
0.014144
0.0197067
0.0185043
0.0126777
0.0176466
0.0193225
0.0134462
0.0179738
0.0164334
0.01354
0.0173283
0.0164447
0.0130924
0.0186181
0.0178678
0.0123975
0.0178102
0.0166665
0.0122865
0.0169461
0.0158292
0.0125462
0.01677
0.0155887
0.0168586
0.0149987
0.0112491
0.016346
0.015807
0.0215101
0.017276
0.0165258
0.0181444
0.0142772
0.0186214
0.015671
0.0181163
0.0128884
0.0164424
0.0172187
0.0181714
0.0177701
0.016566
0.0182122
0.0173871
0.0183769
0.0175993
0.0143596
0.0187381
0.0178902
0.012767
0.0178275
0.0173092
0.0126552
0.0175828
0.015771
0.0125427
0.0136351
0.0140341
0.0126924
0.0148187
0.0147658
0.0138786
0.0130259
0.0147575
0.0140868
0.0136793
0.0152875
0.0139556
0.0136819
0.0149385
0.0146998
0.0148983
0.0173173
0.0156661
0.016657
0.0194705
0.0182052
0.017351
0.0183354
0.0182328
0.0167271
0.0179694
0.0185495
0.0133073
0.0144024
0.0152179
0.0131864
0.0147234
0.0139653
0.012686
0.0188415
0.0163025
0.0126678
0.013231
0.012341
0.0120336
0.0171331
0.0160308
0.0117589
0.0175671
0.0165155
0.0135629
0.0133935
0.0141338
0.0137928
0.013376
0.0135192
0.018153
0.0179836
0.0137276
0.0158095
0.0158865
0.0141309
0.014578
0.0155199
0.0163539
0.0142059
0.0153499
0.0156496
0.0149472
0.0196747
0.0191501
0.0178822
0.0183793
0.0186341
0.0172208
0.0180955
0.0176543
0.0133354
0.017041
0.0154957
0.0139863
0.0188441
0.019104
0.0136946
0.0227748
0.0195355
0.0152626
0.0202481
0.0199002
0.0182933
0.0196409
0.0199351
0.0153973
0.0181454
0.0166457
0.0147526
0.0199759
0.0203773
0.0150253
0.0191823
0.0202288
0.018998
0.0194613
0.0195637
0.0184417
0.0202699
0.0199727
0.018163
0.0205292
0.020958
0.0198965
0.0201278
0.0209025
0.0192839
0.0194774
0.0195032
0.0179729
0.0185315
0.020346
0.0208593
0.0190321
0.0206862
0.0215869
0.0203972
0.017455
0.0161712
0.0175754
0.0175776
0.0176512
0.0213061
0.0218371
0.020537
0.0163065
0.0167155
0.0182793
0.0161578
0.0171301
0.0204301
0.0220656
0.0205423
0.0194806
0.0207924
0.0221801
0.0215228
0.0208019
0.0217894
0.0225625
0.0223269
0.0179232
0.0208411
0.0221298
0.0218227
0.02034
0.0217866
0.0228172
0.0222258
0.0207814
0.0220948
0.0283499
0.0246344
0.0216542
0.0169243
0.018524
0.0182737
0.0162303
0.0160397
0.0196707
0.0202851
0.0195843
0.0148383
0.0145384
0.0150296
0.0131219
0.0136409
0.0187002
0.0188678
0.0175064
0.0132479
0.0176753
0.0196098
0.0180176
0.0140719
0.0126326
0.0129694
0.012356
0.0128384
0.0173253
0.0187251
0.01975
0.0152069
0.0130135
0.0141168
0.0148791
0.0156169
0.0135308
0.0151932
0.0150152
0.015971
0.0131237
0.0130001
0.0144817
0.0172132
0.0174752
0.0161562
0.0144986
0.0152249
0.0150636
0.0133588
0.0150033
0.0181235
0.0176446
0.0147232
0.0164805
0.0175591
0.0160974
0.0161646
0.0171702
0.0186675
0.0183116
0.0159059
0.0160808
0.0170522
0.0169334
0.0126752
0.0134513
0.0144844
0.0152638
0.0134148
0.0178167
0.0184609
0.0179871
0.0133713
0.014523
0.0152314
0.0142128
0.0138742
0.0143348
0.0153003
0.0151199
0.0140638
0.0146807
0.0151574
0.0156724
0.0135752
0.0176711
0.0189692
0.0169851
0.0135772
0.0178122
0.0184035
0.0167273
0.0132057
0.0187074
0.0181181
0.0168408
0.0131787
0.014043
0.0142082
0.0124722
0.0127258
0.0172445
0.018045
0.0164588
0.0178971
0.0179709
0.0164988
0.0184825
0.0181013
0.0166853
0.0169264
0.0196512
0.0181219
0.0169505
0.0179277
0.0185599
0.0175146
0.0151323
0.0187603
0.0179827
0.0169717
0.0175739
0.0137493
0.0153073
0.0163358
0.013631
0.014672
0.0153897
0.0142188
0.0141301
0.014172
0.0127161
0.0121947
0.0173044
0.0165835
0.012381
0.0153146
0.0137999
0.0150749
0.0167826
0.0164869
0.0111034
0.0144503
0.0119665
0.011714
0.0127236
0.0124668
0.0119072
0.0132121
0.0123061
0.0175848
0.01398
0.0182364
0.0166018
0.0176655
0.0171287
0.0167431
0.0180527
0.0166076
0.0129695
0.013509
0.0126267
0.012713
0.0173132
0.0142284
0.0123608
0.0159443
0.013214
0.0126625
0.0178017
0.0167254
0.012938
0.0169993
0.0170858
0.0171682
0.0179946
0.0178336
0.0132844
0.0184849
0.0181397
0.0135711
0.0147895
0.0176923
0.0133883
0.0148138
0.0147663
0.0131963
0.0185131
0.0179023
0.0135586
0.0182504
0.018044
0.0129504
0.0179932
0.0180554
0.0157423
0.0176598
0.0171938
0.0152174
0.018948
0.0172531
0.0130001
0.0138867
0.0138479
0.012663
0.0175175
0.0180789
0.0120842
0.0176125
0.0184243
0.0122508
0.0170641
0.0165031
0.0115959
0.0131429
0.012836
0.0113022
0.0138736
0.0129009
0.013744
0.0128614
0.0134906
0.0179444
0.0164183
0.0166469
0.0177321
0.0168601
0.0149224
0.0136269
0.0141089
0.0126011
0.0138813
0.0137635
0.0122656
0.0190789
0.0168509
0.0168731
0.0192014
0.0172517
0.0168581
0.0169823
0.0178395
0.0140027
0.0170604
0.0166707
0.0165498
0.0177117
0.0176196
0.0164954
0.0197567
0.0182494
0.0168917
0.0191938
0.0172604
0.016914
0.0193813
0.0169879
0.0145525
0.0136612
0.0162283
0.0158167
0.01366
0.0132308
0.0132557
0.0135051
0.0133275
0.01246
0.0146595
0.014228
0.0136217
0.0192137
0.0192977
0.0141359
0.0154581
0.0164324
0.014739
0.0156884
0.0149369
0.0148442
0.0153407
0.0153729
0.0143506
0.0172694
0.0151631
0.0149065
0.0152484
0.0156832
0.0150235
0.0193353
0.0197815
0.014422
0.0156364
0.0156324
0.0139753
0.015187
0.0154122
0.0177012
0.0193769
0.0195489
0.018134
0.0196997
0.0189802
0.0149632
0.0182065
0.0185502
0.0174754
0.0149522
0.0155614
0.014726
0.020162
0.0185097
0.0170538
0.0152724
0.0195283
0.0183916
0.0168178
0.017946
0.0188322
0.01675
0.0179876
0.0179226
0.0161103
0.0197931
0.0180178
0.0164346
0.0180082
0.0177057
0.0163831
0.0182762
0.0179173
0.0122904
0.0166191
0.0170453
0.0123608
0.0175465
0.0165654
0.0137194
0.0140145
0.0142598
0.0128181
0.0153091
0.0141023
0.0125222
0.0168317
0.0140017
0.0122467
0.0134136
0.0136828
0.0128656
0.0188066
0.0178334
0.0216001
0.0150357
0.015014
0.013703
0.0148482
0.0150101
0.0138434
0.0144744
0.0144142
0.0152157
0.0147431
0.0151683
0.0165367
0.014807
0.0154923
0.0168746
0.0153071
0.0156275
0.0198201
0.0202356
0.0188814
0.0195147
0.0201145
0.0188236
0.019296
0.0172304
0.0167491
0.0153138
0.0153149
0.0192404
0.0151451
0.0150917
0.0163408
0.0157739
0.0143041
0.0148872
0.0190877
0.0189825
0.0179082
0.0186927
0.019709
0.0179192
0.0162134
0.0187679
0.0195026
0.0179167
0.0146245
0.0190378
0.0209877
0.0182736
0.0156919
0.0192424
0.0186421
0.016379
0.0158435
0.0149478
0.0164887
0.0174219
0.0175982
0.0163123
0.0223669
0.0217718
0.0206304
0.0179165
0.0166906
0.0180038
0.0180725
0.0162098
0.0156919
0.0182066
0.0171075
0.0152239
0.0160504
0.0167724
0.0200138
0.0154604
0.0156262
0.0165065
0.0165288
0.0150431
0.0169808
0.0161518
0.0152358
0.0147103
0.018947
0.0195668
0.0186209
0.0150012
0.0172631
0.0175794
0.0140493
0.0145276
0.0185757
0.0185791
0.017022
0.0177173
0.0186148
0.0170411
0.0170468
0.0183744
0.019424
0.0184427
0.0149648
0.0144222
0.0147999
0.0140038
0.0143525
0.0141483
0.014583
0.0124933
0.0129548
0.013246
0.0144812
0.0115932
0.0122486
0.0136839
0.0131987
0.0116221
0.0130546
0.0131811
0.0126256
0.0116543
0.0116127
0.0127629
0.0120425
0.0140771
0.0144419
0.012591
0.0121791
0.0145595
0.0133235
0.0163858
0.0137286
0.017934
0.0206623
0.016041
0.0161005
0.0160967
0.0177014
0.0149672
0.0147845
0.019338
0.0204924
0.0214792
0.0147615
0.0202948
0.0216827
0.0218221
0.0173758
0.0167128
0.0179269
0.016738
0.0158556
0.0208023
0.0218423
0.0191912
0.0145849
0.0203588
0.020401
0.0182318
0.0150565
0.0152573
0.0160024
0.0149938
0.0137233
0.0200467
0.0205318
0.0180715
0.0144722
0.0195783
0.0199892
0.0184634
0.0195682
0.0200848
0.0183084
0.0199505
0.0213641
0.0200226
0.016235
0.0211318
0.0225626
0.0199918
0.0214427
0.0216687
0.0222242
0.0224455
0.024362
0.0210216
0.0171194
0.0181876
0.018999
0.0178877
0.0170297
0.0220781
0.0240174
0.0216804
0.0177877
0.0203161
0.0223303
0.0211204
0.0200111
0.0181752
0.0199465
0.0192909
0.0191349
0.0231955
0.0240392
0.0230086
0.0182497
0.0241622
0.0232164
0.021709
0.0165721
0.0157064
0.0169276
0.0160469
0.0168733
0.0149655
0.0137657
0.0154026
0.0153739
0.0142648
0.0154864
0.0198092
0.0188701
0.0183857
0.0202611
0.0191993
0.0186735
0.019255
0.0198775
0.0159148
0.0150219
0.0142299
0.0131761
0.0148324
0.0160294
0.014589
0.0153323
0.0198331
0.018955
0.0157104
0.0154063
0.0150486
0.014272
0.014959
0.0165899
0.0151325
0.0153198
0.0166558
0.0146656
0.0176513
0.0167197
0.014945
0.0162757
0.0168825
0.0165776
0.0155584
0.0204506
0.0205146
0.0166133
0.0210043
0.0211896
0.0187123
0.0212521
0.0213678
0.0186207
0.0209241
0.0213485
0.0202846
0.0199303
0.0197118
0.0153604
0.0161669
0.01915
0.0183805
0.0163442
0.0194122
0.0188952
0.0140107
0.0199509
0.0172305
0.0140591
0.0148382
0.0148515
0.0137646
0.0187212
0.019332
0.0138005
0.0185306
0.0180694
0.0145848
0.0144822
0.0166413
0.0132481
0.015938
0.0161161
0.0137333
0.0189464
0.0196346
0.0164818
0.0152934
0.0158897
0.013742
0.0206161
0.0202627
0.0185511
0.022776
0.0211639
0.0203786
0.0201814
0.0210185
0.0194248
0.0203249
0.0208182
0.0195065
0.0221429
0.0196306
0.021817
0.0175452
0.0172502
0.0194141
0.016466
0.0157571
0.0131408
0.0126933
0.0138756
0.0122439
0.0115208
0.0110928
0.0116408
0.0106342
0.0105523
0.016491
0.013161
0.0150458
0.0137589
0.00982305
0.0152568
0.0139793
0.0153715
0.0156238
0.0107189
0.0160521
0.0130143
0.0136522
0.0141225
0.0178838
0.0169048
0.0180698
0.0173674
0.017979
0.0181296
0.0132643
0.0144473
0.0139607
0.0128292
0.0181035
0.0190847
0.01353
0.0179066
0.0173144
0.0176091
0.0192485
0.0181348
0.0183892
0.0203745
0.0185121
0.0191979
0.020952
0.0148537
0.0196987
0.0197884
0.0148398
0.0162133
0.0191786
0.0151978
0.0176952
0.0166247
0.0150727
0.0163987
0.0166111
0.0148888
0.0162965
0.0153244
0.0161391
0.0155382
0.0144967
0.0149605
0.0150267
0.0134615
0.0146777
0.0136375
0.0141871
0.0189416
0.0164272
0.0209375
0.0190833
0.0157735
0.020093
0.0184675
0.0142292
0.0176327
0.0139642
0.0133652
0.01316
0.0129914
0.0143485
0.0168206
0.0160682
0.015259
0.0167842
0.0168584
0.01524
0.0166445
0.0165157
0.0153176
0.0177281
0.0164428
0.0153821
0.0137224
0.0128989
0.0122247
0.0128999
0.0172126
0.016352
0.0126628
0.0133539
0.0141585
0.0123868
0.0144129
0.0141237
0.0131831
0.0146688
0.017202
0.0133627
0.0147705
0.0151435
0.0136419
0.0153779
0.0160746
0.0148052
0.015818
0.0166523
0.0155436
0.0156226
0.0165052
0.0175052
0.0164769
0.0167934
0.0181126
0.0177174
0.0211855
0.0221223
0.0291195
0.0177421
0.0189612
0.0187607
0.0200844
0.021905
0.0227767
0.0215947
0.0208276
0.0193374
0.0231396
0.0205764
0.0189572
0.0197518
0.0211944
0.018516
0.0139531
0.0189653
0.0203175
0.0162587
0.0125102
0.0178673
0.0168399
0.0151914
0.0167458
0.0167465
0.015468
0.0161795
0.0176597
0.0146681
0.0178185
0.016869
0.0164917
0.018414
0.0183457
0.0140566
0.0142844
0.0167739
0.0168558
0.0168746
0.0173854
0.0173382
0.0171432
0.0218434
0.0232326
0.0217103
0.0224861
0.022824
0.021239
0.0217966
0.0225821
0.0207239
0.0163789
0.0211559
0.0219521
0.0200569
0.0164763
0.0210469
0.0213763
0.0202449
0.0208035
0.021647
0.0213811
0.0206473
0.020522
0.0209689
0.0191707
0.019513
0.0202428
0.0205662
0.0235137
0.0197508
0.0207857
0.0213661
0.0224124
0.0206283
0.0202161
0.021091
0.021451
0.0191844
0.0186926
0.0200526
0.0186928
0.0178087
0.0142335
0.0186077
0.0200573
0.020189
0.0163056
0.0166778
0.0203964
0.0178603
0.0174744
0.0155989
0.0199158
0.0209207
0.0215211
0.0190347
0.0157948
0.0197294
0.0211831
0.0181334
0.0167994
0.016953
0.0215668
0.0224795
0.0228308
0.0211611
0.0184881
0.0217343
0.0234175
0.0225244
0.0218577
0.0188708
0.022334
0.0255528
0.0245791
0.0227726
0.0194618
0.0228551
0.0195359
0.0208892
0.0194318
0.0172063
0.0241963
0.0222865
0.0223429
0.0201888
0.0206994
0.0228904
0.0225249
0.0200138
0.0178846
0.01378
0.0186723
0.020007
0.0188902
0.0175139
0.0147871
0.0183324
0.0190547
0.0191797
0.016969
0.013376
0.0156443
0.0153351
0.0186648
0.0135053
0.0191769
0.0201162
0.019423
0.0173201
0.0141698
0.0187249
0.0200794
0.0230207
0.0149564
0.017793
0.0166443
0.0150088
0.0140942
0.0190447
0.019468
0.0204037
0.0138141
0.0184282
0.0186509
0.0170342
0.0131334
0.0139305
0.0148631
0.0127697
0.0130939
0.0184536
0.0181284
0.0144397
0.0136188
0.0142387
0.0118593
0.0136337
0.0136276
0.0116162
0.0159762
0.0127173
0.0123403
0.018546
0.0179223
0.0171397
0.0189979
0.0181076
0.0129516
0.0137697
0.0198322
0.0189736
0.0139572
0.0198301
0.0188923
0.017449
0.018875
0.0185373
0.0168754
0.0191024
0.0181585
0.0136437
0.0141089
0.0141837
0.013549
0.0164498
0.0164168
0.0125595
0.0179143
0.0176393
0.0126912
0.0185422
0.0183362
0.013002
0.0146019
0.0149375
0.016273
0.0185854
0.01827
0.0158415
0.0137698
0.0140638
0.0129489
0.0173504
0.0165434
0.012655
0.017624
0.0163692
0.0131963
0.0178834
0.0156998
0.0128002
0.0168755
0.0132853
0.0181882
0.0173168
0.0176923
0.0166211
0.0182376
0.0175689
0.0180867
0.0172027
0.0131086
0.0142504
0.012865
0.0137449
0.0133024
0.0127273
0.0171475
0.0164488
0.0178946
0.0171457
0.0123556
0.0171194
0.0160796
0.0169962
0.0172063
0.0168162
0.0170724
0.0120846
0.0167038
0.0146972
0.0164381
0.0121907
0.0167878
0.0198927
0.017665
0.0176499
0.0163372
0.0177101
0.0187814
0.0169966
0.0186823
0.0162154
0.0125835
0.0175115
0.0164455
0.0123385
0.0176688
0.0166307
0.0120979
0.0175178
0.0170324
0.0130382
0.0191697
0.0188378
0.0138191
0.0154439
0.015455
0.014189
0.0199216
0.0195603
0.0189637
0.0191645
0.0189393
0.0146555
0.014929
0.0150982
0.013486
0.0135306
0.0177731
0.0180633
0.0134153
0.0141343
0.0139293
0.0132751
0.0177439
0.0172816
0.0166343
0.0182061
0.0183779
0.0162295
0.0176604
0.017594
0.0124712
0.0140955
0.0175539
0.0136168
0.0191425
0.0189424
0.0169716
0.0170281
0.0171317
0.0128892
0.0140578
0.0136411
0.0126803
0.0184437
0.0194473
0.0127107
0.0140962
0.0143346
0.0128807
0.018068
0.0172443
0.0119983
0.0173291
0.0172612
0.0116031
0.0170107
0.0169577
0.0148626
0.0166144
0.017418
0.01605
0.0168812
0.0174071
0.0132467
0.0137811
0.0137343
0.0123898
0.0181207
0.0180877
0.012864
0.0174476
0.0151139
0.0141082
0.0143461
0.0145476
0.0142778
0.0130952
0.0178874
0.0172659
0.0128971
0.0132341
0.0131295
0.0118343
0.0132291
0.0138801
0.0122015
0.0168904
0.0172448
0.0113666
0.0172138
0.0177856
0.0120777
0.0115489
0.0167297
0.0166064
0.0160141
0.0173083
0.0160754
0.0122027
0.0129548
0.0136709
0.011355
0.0120165
0.0108153
0.0104293
0.0154344
0.0145165
0.00964456
0.014253
0.00947031
0.0129143
0.00913558
0.0111322
0.00907925
0.0140023
0.0126681
0.0153739
0.0104038
0.0133554
0.00968778
0.0144158
0.0109562
0.0111163
0.0167005
0.0161087
0.0143978
0.0156241
0.0120863
0.0175048
0.0173961
0.0178887
0.0174425
0.0126091
0.0175162
0.0161138
0.0173991
0.0173124
0.0123837
0.0131083
0.0130817
0.0112179
0.0133904
0.011112
0.0116534
0.0167162
0.0164572
0.0118704
0.0169836
0.0138927
0.0118101
0.0114584
0.0127281
0.0117487
0.0120709
0.0159504
0.0167572
0.0167282
0.0184172
0.0175781
0.0183179
0.0177321
0.0174858
0.0191102
0.0180197
0.0135302
0.0180833
0.0174437
0.0135708
0.0177356
0.0170352
0.0133451
0.0172729
0.0138563
0.0159325
0.0174503
0.0165012
0.016837
0.0156429
0.0123527
0.0171237
0.0124645
0.0137849
0.0131709
0.0126997
0.013182
0.0130763
0.0126654
0.0136894
0.0137605
0.0123217
0.0178537
0.0169896
0.0125321
0.0171908
0.0170815
0.0127177
0.0135157
0.01355
0.0168769
0.0173003
0.0173304
0.0160014
0.0178263
0.0172291
0.0122868
0.0143693
0.0141904
0.0211212
0.0187302
0.0141337
0.015191
0.0145786
0.0173931
0.0191596
0.0175111
0.0145533
0.0170854
0.0174955
0.0133123
0.0184372
0.0177262
0.0137551
0.0183794
0.0171114
0.0131094
0.0185703
0.0189439
0.0137873
0.0187437
0.0184986
0.0137876
0.0148679
0.0146157
0.0136481
0.0188904
0.0182714
0.0137779
0.0146737
0.0144023
0.0139041
0.0147749
0.0147076
0.0136613
0.0187567
0.0184715
0.016904
0.0188023
0.014256
0.0139474
0.0161064
0.0168782
0.0149027
0.0197129
0.0193723
0.0165675
0.0200059
0.02027
0.018985
0.0200556
0.0194921
0.0180273
0.0203463
0.0183286
0.0169822
0.0185083
0.0188541
0.0147678
0.0200721
0.0208351
0.0181261
0.0209877
0.0202092
0.0166519
0.019761
0.0199207
0.0181892
0.0211685
0.0214062
0.0160409
0.0205254
0.0216637
0.0167121
0.0203132
0.0220858
0.0177694
0.0200241
0.0207291
0.0179983
0.0148899
0.0159672
0.0180261
0.0165494
0.0170604
0.0167947
0.0154461
0.0164854
0.0181848
0.0163794
0.0176959
0.0187681
0.0157434
0.0159698
0.014987
0.0198205
0.0175476
0.0172206
0.0148054
0.0198679
0.0209796
0.0191131
0.0149335
0.0185738
0.0187078
0.0194185
0.0209597
0.0195645
0.0201737
0.022182
0.0184625
0.0202703
0.0207808
0.0167506
0.0193675
0.0194748
0.0183263
0.0185338
0.0163708
0.0146864
0.0155659
0.0163023
0.0146211
0.0150215
0.0163791
0.0138721
0.0145193
0.0150884
0.0136486
0.0149274
0.0144963
0.0203016
0.0200004
0.0192842
0.0144247
0.0181643
0.0178341
0.0152232
0.017173
0.0176088
0.0155217
0.0183124
0.0190449
0.0159186
0.0171452
0.0169211
0.0124681
0.0130429
0.0140021
0.0178627
0.0171746
0.0174534
0.0118814
0.0164031
0.0156989
0.0102838
0.0165764
0.0169401
0.0124522
0.0173179
0.0173801
0.0126539
0.0135987
0.0180022
0.0189201
0.0177226
0.0143364
0.0136334
0.0149154
0.0194702
0.0188863
0.0192609
0.0183369
0.0186018
0.0183409
0.0181282
0.0179266
0.0174412
0.0183793
0.018525
0.017147
0.0139217
0.0141113
0.0151109
0.0133819
0.0137304
0.0131691
0.0186188
0.0180578
0.0131214
0.0147715
0.0177067
0.0131235
0.0144128
0.0148505
0.0159117
0.0189063
0.018303
0.017309
0.0197171
0.0190211
0.017247
0.0133949
0.0182674
0.0182535
0.0159647
0.0127904
0.0138097
0.0135929
0.0123631
0.0141272
0.0133044
0.0119109
0.0133524
0.0135358
0.0127897
0.0164445
0.0158015
0.0140837
0.0141953
0.0188851
0.0194983
0.0184585
0.0190644
0.0197478
0.0179468
0.0190366
0.0202815
0.0191473
0.0200502
0.0216086
0.0182753
0.0166839
0.0207727
0.0220754
0.020007
0.0217834
0.0233399
0.0214908
0.0190538
0.0221757
0.0230002
0.021686
0.0174973
0.0217564
0.0224274
0.0192653
0.0152246
0.0196062
0.0205726
0.0181438
0.0157355
0.0220647
0.0221013
0.0196226
0.0158401
0.0175144
0.0226636
0.0210458
0.0195864
0.0150518
0.0196345
0.0204226
0.0200536
0.0156522
0.0198478
0.0212105
0.0192892
0.015738
0.0196879
0.0207908
0.0197142
0.0162834
0.0155837
0.0154455
0.0158064
0.0158346
0.0159287
0.0177476
0.0167395
0.0169106
0.0204569
0.0218841
0.0206075
0.0169728
0.0209567
0.0225557
0.0206017
0.0166418
0.0206313
0.0219415
0.0202755
0.0166948
0.0206009
0.0214448
0.017737
0.0142737
0.0171172
0.0156965
0.0141608
0.0182862
0.0189994
0.0175444
0.0133489
0.018883
0.0182563
0.0170904
0.0135437
0.0141563
0.0137091
0.012168
0.0125641
0.0129241
0.0129689
0.011852
0.0134199
0.0157641
0.0143155
0.0112518
0.0142014
0.0159051
0.0129528
0.0141581
0.0152738
0.0130639
0.0127763
0.0146618
0.0153259
0.0130333
0.0137954
0.0193544
0.0186272
0.0150057
0.01695
0.0142039
0.0158043
0.0127665
0.0177186
0.0186809
0.0141306
0.0178289
0.0162257
0.0127192
0.0176163
0.0164669
0.0112369
0.0175493
0.0183069
0.0133923
0.0150933
0.0144517
0.0161891
0.0142724
0.0138449
0.0124119
0.017927
0.0169919
0.0129975
0.0162578
0.0135259
0.0120405
0.0148733
0.0155622
0.013866
0.0149731
0.015028
0.0151022
0.0129802
0.0147306
0.0157937
0.0154556
0.020848
0.0202899
0.0283685
0.0211984
0.0219594
0.0206183
0.0209595
0.0208508
0.0217903
0.0180726
0.0209528
0.0223696
0.0203123
0.0220447
0.0220114
0.0208983
0.0209328
0.0227861
0.020564
0.0182843
0.0216145
0.0246348
0.0221586
0.0182316
0.0218725
0.0248148
0.0225814
0.0188775
0.0226816
0.0243401
0.0225387
0.0198442
0.023268
0.0261563
0.024018
0.019534
0.0190448
0.0229231
0.025438
0.0255673
0.0231089
0.0241527
0.0251507
0.0251734
0.0228547
0.023022
0.0237208
0.024539
0.0222196
0.0227652
0.0233565
0.0243342
0.0218721
0.0171803
0.0211911
0.0210926
0.0215712
0.0223512
0.0210572
0.0228492
0.021286
0.0180534
0.0170735
0.0171406
0.0178418
0.0161749
0.0170126
0.016971
0.0171025
0.0160445
0.0157799
0.0172566
0.0168096
0.0152428
0.0156211
0.0167498
0.0156439
0.0150553
0.0188663
0.0201923
0.0205115
0.0186253
0.0159904
0.0167079
0.0164028
0.014801
0.0154556
0.0164239
0.0161707
0.0143425
0.014498
0.0160149
0.0152452
0.0140457
0.0139868
0.0154069
0.0123278
0.0102258
0.0152772
0.015005
0.0129171
0.00981342
0.0139988
0.00813091
0.00774218
0.00608065
0.0109737
0.00700305
0.0115373
0.00880888
0.0144294
0.00781916
0.0141145
0.0092314
0.015175
0.0102917
0.0119271
0.0138152
0.0129575
0.0136249
0.0199643
0.0209405
0.0203457
0.0170398
0.0216811
0.0233414
0.0237386
0.0239361
0.0226732
0.0215979
0.0207433
0.0195209
0.0191673
0.0199148
0.019678
0.0181006
0.0177297
0.0199563
0.0195941
0.0184593
0.0184679
0.0207409
0.0201057
0.0191642
0.0230122
0.0251843
0.0241715
0.0234667
0.0202357
0.0240416
0.0262209
0.0241739
0.0205319
0.0285471
0.0247967
0.0271975
0.0260147
0.0224322
0.0213627
0.0224967
0.022769
0.0235476
0.0171688
0.0187265
0.0206897
0.0222949
0.0244822
0.0160202
0.0191692
0.0186672
0.018689
0.0139034
0.018841
0.0186763
0.0175219
0.0140246
0.0183803
0.0208339
0.015198
0.0147362
0.0186858
0.0174332
0.0121871
0.014824
0.0175473
0.0163308
0.0156192
0.0165672
0.0181843
0.0158152
0.0161595
0.0174551
0.0172507
0.0159227
0.0117195
0.016249
0.0158557
0.0111867
0.0161365
0.0146616
0.0145928
0.010354
0.011998
0.0172933
0.017915
0.0161514
0.0123228
0.0170557
0.0186041
0.0161881
0.0175558
0.018467
0.0224923
0.0234413
0.0230407
0.021461
0.0179223
0.0223682
0.023448
0.0240577
0.0217208
0.016595
0.0205289
0.0215269
0.0200382
0.0182341
0.016145
0.015721
0.0216803
0.0212019
0.0161606
0.0160732
0.0185736
0.0175207
0.0154231
0.0203377
0.0193125
0.0186868
0.0189949
0.0206972
0.0190278
0.0173365
0.019041
0.0162392
0.0155057
0.0123901
0.0157568
0.0150268
0.0144624
0.0132382
0.0137206
0.0150443
0.0140635
0.0132838
0.0146747
0.0151328
0.0145875
0.0146171
0.0155812
0.0244186
0.0223554
0.0219999
0.0224517
0.0221136
0.0224524
0.0220506
0.0229111
0.0233542
0.0245794
0.0232289
0.021617
0.022605
0.0236266
0.0228056
0.0217997
0.0221106
0.0222633
0.0206959
0.0178905
0.0149405
0.0181658
0.0198412
0.0232586
0.0191211
0.0201145
0.0190421
0.0210633
0.0178116
0.0175351
0.0186032
0.017641
0.0139409
0.0126019
0.0127524
0.0101366
0.015859
0.01361
0.0151179
0.0113966
0.011073
0.00997376
0.01521
0.0103887
0.0105591
0.00890566
0.0130678
0.00963988
0.0140372
0.00808587
0.0142745
0.0171788
0.0122986
0.00764454
0.0112098
0.00935977
0.00963437
0.007054
0.012619
0.0133549
0.0144134
0.0156296
0.0128435
0.0150862
0.0188529
0.0199715
0.0194112
0.0195391
0.0187038
0.0223146
0.0184459
0.0168258
0.018702
0.0193814
0.015131
0.0157457
0.018986
0.0212826
0.0211949
0.0199722
0.0195488
0.0232356
0.0191471
0.0161572
0.0198038
0.0203151
0.0196287
0.0136408
0.0133639
0.0150375
0.0125317
0.0122418
0.0139962
0.0133335
0.0115597
0.0134652
0.0136401
0.0116959
0.0126113
0.0132964
0.0130565
0.0133386
0.0133462
0.0133659
0.0150726
0.0128263
0.0127988
0.0149488
0.0132181
0.0127453
0.0131876
0.0125168
0.0127261
0.0184716
0.0168144
0.0127183
0.0146753
0.0131532
0.0128587
0.0184819
0.0168726
0.0129406
0.0181812
0.0163349
0.0131965
0.0139518
0.0135907
0.0132225
0.012271
0.0138353
0.0134802
0.0130242
0.0144337
0.0133721
0.0131848
0.0190176
0.0186097
0.0148219
0.0148509
0.016172
0.0124604
0.017953
0.0172227
0.0132195
0.0189047
0.0173193
0.0130581
0.0141662
0.016689
0.0114867
0.0136901
0.0130754
0.0114013
0.0172089
0.016023
0.0109496
0.0159414
0.0146422
0.0159299
0.0144358
0.0111205
0.0114442
0.0105069
0.0114487
0.0107847
0.0162595
0.0185324
0.0112694
0.0123511
0.01102
0.0113343
0.0157868
0.0152799
0.0170098
0.0159136
0.0116612
0.0168952
0.0159961
0.0173583
0.016941
0.0128969
0.0175769
0.0162539
0.0176754
0.0179806
0.0129604
0.0181869
0.0170532
0.0185094
0.0167496
0.0165818
0.0173016
0.0171679
0.0167525
0.0175024
0.0166055
0.0168442
0.0190818
0.0166929
0.0124782
0.0134574
0.0132238
0.0123695
0.0131394
0.0120196
0.0123972
0.0114088
0.0148146
0.0168625
0.0151162
0.014293
0.0162906
0.014331
0.0106998
0.0112198
0.00924926
0.00950516
0.00990795
0.00930842
0.0183298
0.011476
0.0147759
0.0145369
0.0128744
0.0130087
0.0116876
0.013943
0.00925025
0.0133184
0.0141046
0.0103913
0.0113195
0.0115514
0.0103931
0.0164934
0.0152382
0.0173949
0.0152003
0.016902
0.0156165
0.0169374
0.016093
0.0174189
0.0163469
0.0181097
0.0163315
0.0128148
0.0174564
0.0158702
0.0121978
0.0171715
0.0158916
0.0125399
0.0173677
0.0163134
0.0125694
0.0177074
0.0211819
0.0186429
0.0177873
0.0156107
0.014494
0.015674
0.0133019
0.0137088
0.0142757
0.0127295
0.0147318
0.0151409
0.0129332
0.0144051
0.0141315
0.0135425
0.0176916
0.0163333
0.0129496
0.0147874
0.0133554
0.0133699
0.014037
0.0144551
0.0120512
0.0148893
0.0140483
0.0136598
0.0150321
0.0142429
0.0145006
0.0183994
0.0187819
0.0148438
0.0196486
0.0179635
0.0141525
0.0184846
0.0150527
0.0165593
0.0173615
0.0172831
0.0130044
0.0137913
0.012707
0.0125543
0.0160893
0.0153993
0.0159066
0.0159832
0.0153561
0.0110511
0.016346
0.0155153
0.0110044
0.0158508
0.0149576
0.0161855
0.0158012
0.0115798
0.015511
0.0126559
0.0156316
0.0148087
0.0105419
0.0129121
0.011307
0.012065
0.0159533
0.0146465
0.0110727
0.0163232
0.0153143
0.0119442
0.0130549
0.0122826
0.0127864
0.0140644
0.013234
0.0130562
0.0179173
0.0165951
0.0139836
0.0177941
0.0170613
0.0128598
0.0177441
0.0173886
0.012552
0.0181802
0.0161405
0.0127799
0.0180116
0.0172537
0.0126598
0.0176198
0.0158337
0.0118485
0.0166697
0.0154115
0.0122587
0.0166812
0.0155717
0.0150325
0.0166591
0.0161296
0.0147531
0.0173829
0.0147594
0.0138525
0.015979
0.0151787
0.0145171
0.0170466
0.0153282
0.0143997
0.0141134
0.0113062
0.0151978
0.0134779
0.0147252
0.0102701
0.0109109
0.00867459
0.00925251
0.00894618
0.0126047
0.00942502
0.0133608
0.0146426
0.0131559
0.0145906
0.012923
0.0151644
0.0150512
0.0132871
0.0110365
0.0104201
0.0154642
0.011698
0.0157681
0.0153768
0.0164673
0.0152133
0.0165548
0.0151472
0.0162725
0.0155833
0.0164124
0.0158774
0.0166393
0.0143919
0.0170132
0.0154944
0.0170074
0.0150568
0.015187
0.0161852
0.0153831
0.0112987
0.0129165
0.0116958
0.0123082
0.0159537
0.0153557
0.0119873
0.0163437
0.0155664
0.0124259
0.0174179
0.016168
0.0128114
0.0172881
0.0163712
0.0123713
0.0164289
0.0157251
0.0178388
0.0155054
0.0119988
0.0133221
0.0120502
0.0133026
0.0132996
0.0126433
0.0115048
0.0160858
0.0155599
0.0118933
0.0174508
0.0156652
0.0171414
0.0164428
0.0120394
0.0165589
0.0157498
0.0170482
0.015603
0.0160959
0.0151616
0.0161217
0.0152211
0.0109902
0.0161421
0.0163607
0.0165102
0.0159684
0.0116129
0.0159869
0.0150408
0.0111505
0.012401
0.0111704
0.0113883
0.0161642
0.0159674
0.0157984
0.0169331
0.0159866
0.0168808
0.0176389
0.017524
0.0140001
0.0187678
0.0173743
0.0129302
0.0144508
0.0155774
0.0133401
0.0179803
0.0173697
0.0113839
0.0140399
0.0148006
0.0147937
0.0157871
0.014663
0.0166763
0.0132605
0.0166336
0.0157205
0.0113244
0.0150833
0.0143584
0.0152878
0.010847
0.0155075
0.0110064
0.0123033
0.010497
0.011413
0.0108008
0.00988287
0.0146702
0.0142074
0.0152119
0.0115565
0.0152324
0.0144622
0.0159306
0.0148927
0.0111436
0.0161667
0.0151638
0.0160947
0.0160159
0.0104649
0.0121123
0.0131797
0.0119536
0.0118343
0.0107218
0.0160734
0.0121546
0.0169769
0.0150796
0.0108307
0.0154772
0.0148834
0.0156028
0.0139558
0.0163523
0.0153577
0.0164056
0.0153659
0.0167002
0.0154443
0.0166072
0.0155691
0.0163245
0.0155213
0.0160139
0.0148754
0.0160233
0.0184053
0.0119559
0.0101259
0.00975083
0.014197
0.00941458
0.0106248
0.00983816
0.014522
0.0104237
0.0145312
0.0129273
0.0145932
0.0137218
0.0167513
0.0113828
0.0110594
0.0133647
0.0150875
0.014179
0.0158207
0.0103341
0.0138484
0.0138126
0.0157893
0.0113302
0.0120374
0.0147214
0.0164635
0.0154728
0.0180184
0.010992
0.0122648
0.0119426
0.0163582
0.0142498
0.0162666
0.0154662
0.0179095
0.0161571
0.0112951
0.0151864
0.0166095
0.0171403
0.0133312
0.0175247
0.0170584
0.0146861
0.0132703
0.0154386
0.0181855
0.0168046
0.0157649
0.017592
0.0161876
0.0168063
0.0158774
0.0168662
0.0158777
0.0122311
0.0133898
0.0154312
0.0138099
0.0173975
0.016478
0.0172069
0.0181093
0.0137986
0.0178734
0.0181325
0.0161756
0.017252
0.0173051
0.0151052
0.0137207
0.0131168
0.0133543
0.0180801
0.0164187
0.0177737
0.0177242
0.0136888
0.0136555
0.0133291
0.0125431
0.0179813
0.0169902
0.0122578
0.017141
0.0162718
0.0124897
0.0189018
0.0174473
0.0127005
0.0181889
0.0165523
0.0126441
0.0163019
0.0152177
0.015401
0.0173435
0.0145057
0.0107137
0.0124609
0.0105894
0.0105752
0.0153216
0.0141415
0.0102744
0.0148244
0.013947
0.0193765
0.0246403
0.0259782
0.0242178
0.0229907
0.0227906
0.0213925
0.02113
0.0225029
0.0218945
0.0225858
0.0229667
0.0219804
0.0229961
0.0236425
0.0236754
0.0244451
0.0235939
0.0239083
0.0251058
0.0256916
0.0255244
0.0233668
0.0250823
0.0248856
0.0233943
0.0251822
0.0243564
0.0225922
0.099006
0.0238628
0.0225265
0.0248323
0.0215284
0.0210151
0.0221557
0.0227336
0.0258006
0.0204074
0.0192285
0.0218026
0.0203502
0.018754
0.0247974
0.0238748
0.0239573
0.0206198
0.0196282
0.0226746
0.0239701
0.0209404
0.0224786
0.0241448
0.0220352
0.0220617
0.0218198
0.0243374
0.0246281
0.02309
0.02347
0.0293518
0.0307545
0.0297235
0.0280847
0.0246167
0.0280565
0.0304002
0.0311494
0.0289164
0.0266963
0.0257502
0.0283628
0.0300302
0.0268123
0.0263076
0.0302691
0.0309746
0.0298297
0.0285776
0.0259763
0.0267633
0.0264296
0.0264136
0.0279469
0.0266684
0.0268094
0.0263763
0.0303914
0.0295384
0.0319202
0.0315033
0.0266377
0.0224805
0.0236554
0.0235653
0.0241937
0.0221966
0.0216443
0.0218644
0.0218626
0.0207968
0.0206557
0.0204299
0.0204189
0.0253688
0.026949
0.0264371
0.0259235
0.0253171
0.0205271
0.0241435
0.0230121
0.0214529
0.0212555
0.0195664
0.021969
0.0202502
0.0234081
0.0241995
0.0266864
0.0252945
0.0231939
0.019152
0.0220251
0.0217647
0.020968
0.0226701
0.0178333
0.018177
0.0190851
0.0204284
0.0205262
0.0215542
0.0186453
0.0217045
0.0182642
0.0179858
0.0234315
0.0249956
0.0249051
0.0234009
0.0236235
0.022376
0.0189596
0.0233215
0.0245767
0.0249444
0.0250355
0.0215388
0.0191873
0.0197523
0.0200114
0.0206894
0.0198825
0.018415
0.0184683
0.0220518
0.0223678
0.0231743
0.0214085
0.0199502
0.0163336
0.0181569
0.0189835
0.0221964
0.0189644
0.0177714
0.0179702
0.0218098
0.0223758
0.0228499
0.0229694
0.0226775
0.021431
0.0205767
0.0213182
0.0215519
0.0223315
0.0291857
0.0219861
0.023054
0.0256157
0.0267078
0.0275806
0.0264138
0.0293422
0.024374
0.0192669
0.0233122
0.0238414
0.0249254
0.0241931
0.023794
0.0214808
0.0187495
0.0181624
0.0179022
0.0173678
0.0189415
0.0227012
0.0227004
0.0194128
0.0193927
0.0175655
0.0191318
0.0200985
0.018561
0.0181254
0.0169555
0.0169233
0.0171281
0.0185901
0.0181405
0.0174002
0.0165669
0.016489
0.0218127
0.0222919
0.0211409
0.0209188
0.0199435
0.0167036
0.0153259
0.0167217
0.01831
0.0177108
0.0175837
0.0160289
0.0164996
0.0157059
0.0209398
0.0223039
0.0223486
0.0215779
0.0208458
0.0174874
0.0171541
0.0183218
0.0193148
0.0170842
0.015868
0.0163367
0.0204304
0.0218187
0.02226
0.0218277
0.0205119
0.0199455
0.017138
0.0186411
0.0192495
0.0190096
0.0174814
0.0185376
0.0185558
0.0190352
0.0207406
0.0205352
0.0188234
0.0195199
0.0186699
0.0237589
0.0245149
0.0264076
0.0256167
0.0236983
0.0208911
0.0200494
0.020846
0.0212506
0.0205253
0.0214653
0.0190742
0.0197797
0.019842
0.0204925
0.0212699
0.0208707
0.0201872
0.0199586
0.0182925
0.0202914
0.0219622
0.0227596
0.0223382
0.0214846
0.0236533
0.0203309
0.0197901
0.0191883
0.0195989
0.0208583
0.0220827
0.0223314
0.0209117
0.0192593
0.0204369
0.0199542
0.0206803
0.0213204
0.0210955
0.0193918
0.0198961
0.0231299
0.026777
0.0266274
0.0247209
0.0229876
0.0245181
0.0233493
0.0267797
0.0241566
0.0237676
0.0219605
0.0221651
0.0219783
0.0228248
0.0234164
0.0225493
0.0223894
0.020474
0.0207425
0.0218664
0.0215612
0.0215826
0.0181927
0.0175062
0.0191796
0.0188112
0.0183382
0.0178244
0.0153385
0.0173857
0.0183118
0.0196827
0.0175213
0.0150011
0.0150568
0.0164535
0.0156633
0.015781
0.0142816
0.0138803
0.0181216
0.0180181
0.015803
0.0135711
0.0127375
0.0138415
0.0125413
0.0127502
0.0116092
0.0126581
0.0168367
0.0166476
0.0160474
0.0146107
0.0105892
0.0152478
0.0130029
0.0181786
0.0113508
0.0168485
0.0164252
0.01573
0.0146635
0.0159292
0.0158499
0.0142291
0.0230922
0.0215037
0.0205837
0.0208761
0.0208275
0.0197468
0.0218835
0.0168711
0.0199965
0.0194948
0.0168323
0.0169292
0.0167211
0.0168246
0.0172236
0.0168831
0.0171689
0.0171117
0.0165797
0.0163071
0.0165405
0.0169752
0.0163881
0.0161964
0.0162775
0.0160296
0.0159834
0.0163974
0.0159407
0.0227505
0.02014
0.020115
0.0889258
0.019996
0.0200659
0.0217508
0.0208401
0.0194727
0.0210066
0.0201283
0.0192895
0.0207144
0.0219211
0.0216095
0.0171602
0.0193844
0.0168282
0.0196282
0.0190509
0.0158074
0.0156014
0.0161931
0.0160726
0.0139833
0.0144897
0.0149728
0.0145987
0.0143466
0.0137497
0.012894
0.0134025
0.0135453
0.011918
0.0109649
0.0160502
0.0153335
0.0144337
0.0113783
0.0103802
0.0170841
0.0167412
0.0173308
0.0119855
0.0119972
0.0123381
0.0128172
0.0118231
0.0130197
0.0133071
0.0126785
0.0121302
0.0171668
0.0175437
0.0171317
0.0176339
0.0179518
0.0197885
0.0177527
0.0180736
0.0174243
0.0135527
0.0182186
0.0183245
0.0134401
0.0181901
0.0184457
0.0139965
0.0183852
0.0183309
0.0165107
0.0189085
0.0186932
0.0183079
0.0148946
0.0178194
0.0134524
0.0180766
0.0181869
0.0176266
0.0179128
0.0185661
0.0176536
0.0185757
0.0187337
0.0159313
0.0141489
0.0139755
0.0128414
0.0174856
0.0196332
0.0140525
0.016328
0.0168721
0.011466
0.0166888
0.0115537
0.0113887
0.0161449
0.0154929
0.0110468
0.0154367
0.01521
0.0163829
0.0159155
0.012002
0.0167001
0.0127334
0.0180776
0.0160207
0.0159643
0.0178805
0.0168862
0.0133337
0.0181614
0.0141057
0.0133688
0.0151175
0.0139052
0.013221
0.0178284
0.0178108
0.0147802
0.0183349
0.0169444
0.0138329
0.0176549
0.017586
0.0124113
0.0178695
0.0176951
0.0139189
0.0178525
0.0184627
0.0129417
0.0158355
0.0138546
0.012491
0.0180498
0.0169327
0.0130956
0.017737
0.0173187
0.013878
0.0135776
0.0128012
0.014081
0.0183572
0.0172939
0.0143584
0.0140997
0.0146832
0.0146158
0.0144501
0.0188359
0.0190339
0.0147263
0.0146705
0.015222
0.0125683
0.0110613
0.0125382
0.0119485
0.0124844
0.0170287
0.0172817
0.0134731
0.0137037
0.0141133
0.0130614
0.0176998
0.0165154
0.0125242
0.0116066
0.0118878
0.0121138
0.0172073
0.0172421
0.0134796
0.0187018
0.017814
0.0140241
0.0135471
0.0163679
0.0130526
0.0134925
0.0140623
0.0129551
0.0183926
0.0185958
0.0156037
0.0134234
0.0178332
0.0167005
0.0124662
0.0170534
0.017468
0.0130448
0.0191239
0.0181697
0.014217
0.0182478
0.0190619
0.0144704
0.0136624
0.0136484
0.0119513
0.0128718
0.0121541
0.0119976
0.0128202
0.0136244
0.0129568
0.0133072
0.0137892
0.0142738
0.01499
0.0138084
0.0184578
0.0167315
0.0139557
0.0168382
0.0180538
0.015555
0.0178158
0.0180493
0.0165817
0.0143991
0.0152813
0.0138164
0.0138594
0.0174034
0.0166633
0.0182232
0.0185978
0.0135495
0.0142397
0.015685
0.0142521
0.0186738
0.0192275
0.015072
0.0188341
0.0198605
0.0179211
0.0185768
0.0191054
0.0139554
0.0136296
0.0149649
0.0136563
0.0147772
0.0178046
0.0186035
0.0137625
0.0182082
0.018529
0.0135738
0.013585
0.0140788
0.0130645
0.0132043
0.01416
0.0132172
0.0177819
0.0187972
0.0150122
0.0142578
0.0158815
0.0152748
0.0141673
0.0143027
0.0153629
0.0140714
0.0147437
0.0149966
0.0153191
0.0182408
0.0186341
0.0176267
0.0179962
0.0189995
0.0178136
0.0178817
0.0185957
0.0182314
0.0166143
0.0171835
0.0175978
0.0123062
0.01742
0.0177401
0.0129595
0.0176903
0.0180597
0.012775
0.0169833
0.0174261
0.012174
0.0130957
0.0140723
0.0134681
0.0138791
0.014892
0.013364
0.0133926
0.012745
0.0112783
0.015427
0.0161861
0.0110124
0.0168206
0.0171785
0.013114
0.013297
0.0133967
0.0138737
0.0185529
0.0191313
0.0185718
0.0153057
0.0191959
0.0161493
0.0150194
0.0198614
0.0205944
0.0162331
0.0157225
0.0148533
0.0149718
0.0140901
0.0125219
0.01628
0.0159217
0.0103014
0.0146901
0.0141238
0.0113132
0.0159311
0.0165136
0.0131084
0.0181495
0.0178446
0.0138496
0.0186043
0.0191963
0.0153073
0.0174007
0.0184093
0.015336
0.018752
0.0202442
0.0189906
0.0190209
0.0191906
0.0163491
0.0134488
0.0177857
0.0170013
0.0180877
0.0181629
0.0171964
0.0180283
0.0200362
0.0189463
0.0187117
0.0196273
0.0185179
0.0184699
0.0181362
0.0187391
0.0194219
0.0170451
0.017809
0.0185785
0.0175547
0.0181191
0.0181847
0.0133894
0.0145197
0.0133062
0.0127222
0.0180332
0.0167369
0.0127259
0.0135844
0.013532
0.0147407
0.0131117
0.0138677
0.0119481
0.012914
0.0129993
0.0121928
0.0166335
0.0159924
0.0128579
0.0169522
0.0174458
0.0125585
0.0136594
0.0154941
0.0126799
0.0170838
0.0172196
0.0144992
0.0176714
0.0183967
0.0132682
0.0178972
0.0182759
0.0141016
0.0185482
0.0180234
0.0142159
0.0153951
0.0147026
0.0146028
0.0187444
0.0191299
0.0177409
0.0183966
0.0193977
0.0150355
0.021337
0.01933
0.0176789
0.0184708
0.0194727
0.0159185
0.0178258
0.0171995
0.0136653
0.0176925
0.0185176
0.0168785
0.0182098
0.0153328
0.0166568
0.0152178
0.0148763
0.0135883
0.0142121
0.0143231
0.0129381
0.017746
0.0187686
0.0167735
0.0179787
0.0191891
0.0141095
0.0145014
0.0148438
0.0202733
0.0203697
0.0152224
0.014987
0.0158897
0.0178577
0.0160502
0.015194
0.0177971
0.018747
0.0175549
0.0176089
0.0186464
0.0171895
0.0177114
0.0180096
0.0168157
0.01725
0.018088
0.013181
0.0172144
0.0190126
0.0137253
0.013625
0.0167664
0.0156905
0.0139685
0.0138188
0.0139492
0.0142638
0.0139959
0.0148305
0.0148034
0.0138283
0.0152341
0.0131149
0.0139065
0.0139359
0.0136329
0.014708
0.0138696
0.0178702
0.0169324
0.0148005
0.0176095
0.018157
0.0151094
0.0174701
0.0184841
0.0146421
0.0179886
0.018426
0.0133915
0.0138891
0.0147083
0.0132509
0.0152297
0.0145321
0.0142859
0.0134404
0.0139723
0.0148696
0.0149853
0.0142667
0.0134074
0.0151971
0.0135566
0.0139078
0.0188127
0.0144482
0.0181609
0.0186918
0.015348
0.0138765
0.0151173
0.0165439
0.013578
0.0149406
0.0140746
0.0135341
0.0147661
0.0133681
0.0138326
0.0151029
0.0135383
0.0142845
0.0134842
0.0173685
0.0134517
0.0154276
0.0145895
0.0137106
0.0140682
0.0150226
0.0129871
0.0139701
0.0174615
0.0182769
0.0168339


