0.0149947
0.0147413
0.015047
0.0302969
0.0259746
0.0295414
0.0289356
0.0284038
0.0301224
0.0294009
0.0342775
0.0322576
0.0301708
0.0307177
0.0322875
0.0337773
0.0302993
0.032017
0.0350688
0.0345899
0.0327379
0.0334884
0.0340403
0.034486
0.0349165
0.0357152
0.0332148
0.0326905
0.0383027
0.0309507
0.0328473
0.0323007
0.0353733
0.0347631
0.0339589
0.0329564
0.0360955
0.0359809
0.0340737
0.0352606
0.0345227
0.0350171
0.0345094
0.0328377
0.0338035
0.0367266
0.0350311
0.0357691
0.0352943
0.0327622
0.0228812
0.0232209
0.0240532
0.0233727
0.0232197
0.0236192
0.023553
0.0235349
0.0142193
0.0283535
0.0183185
0.0133237
0.0143528
0.0146711
0.0144583
0.0151456
0.0288054
0.0244305
0.027796
0.0279851
0.0272664
0.0282866
0.0307256
0.0319005
0.0308324
0.0292665
0.0319691
0.0296499
0.0316454
0.0298328
0.0308605
0.0318734
0.0318223
0.0308397
0.0332532
0.0321155
0.0315773
0.0334368
0.0338749
0.034242
0.0316088
0.0319831
0.0321583
0.0351273
0.0335691
0.0332988
0.033215
0.0321959
0.0347834
0.0357686
0.033945
0.0333965
0.0351567
0.0347936
0.0340506
0.0376385
0.0342417
0.034217
0.036158
0.0371168
0.0347707
0.0344058
0.0344568
0.0348739
0.0240173
0.0224989
0.0232548
0.0258051
0.0231755
0.0251227
0.0252984
0.0294397
0.0290315
0.0305038
0.0306688
0.0321531
0.0290347
0.0271767
0.0292098
0.0304563
0.0276053
0.0292067
0.0300621
0.0269681
0.0288258
0.0308871
0.0279651
0.0292784
0.030194
0.0283581
0.0293139
0.0322767
0.0283024
0.0305799
0.0317319
0.0308106
0.0301099
0.0292976
0.0302941
0.0312865
0.0298498
0.0302652
0.0315973
0.0338985
0.0312477
0.0319323
0.0325027
0.0309439
0.0280925
0.0295942
0.0306219
0.0277898
0.0294676
0.0307099
0.0287868
0.0290607
0.0316095
0.0320443
0.0306447
0.0313283
0.0319999
0.0321904
0.0304393
0.0301739
0.0315607
0.0333372
0.0300224
0.0330488
0.0336571
0.0325221
0.0331974
0.0341184
0.0330334
0.0292461
0.0314202
0.0346907
0.0309217
0.0307408
0.03264
0.032357
0.0300647
0.0327714
0.0297224
0.0293535
0.0300269
0.0295562
0.0300622
0.0301834
0.0305857
0.0310081
0.0295653
0.0311083
0.032521
0.029599
0.0317793
0.0337949
0.034592
0.0314789
0.0350925
0.0307023
0.0336258
0.0322165
0.0324048
0.0326509
0.0319098
0.0327801
0.0304453
0.0313965
0.0341766
0.032386
0.031834
0.0345086
0.0329932
0.032466
0.0310386
0.032387
0.0352178
0.0292541
0.0324434
0.0334256
0.0327771
0.0335338
0.0321362
0.0291733
0.0304876
0.0309892
0.0274996
0.0293633
0.0298367
0.0285328
0.0292947
0.0320567
0.029231
0.0336167
0.0314059
0.0284089
0.032136
0.0320672
0.0291945
0.030958
0.0346249
0.0286764
0.0308803
0.0319482
0.0295698
0.0331764
0.0360235
0.0299437
0.0317452
0.0329015
0.0306698
0.0316284
0.03139
0.0351866
0.0302855
0.0328556
0.0339399
0.0307635
0.0320606
0.0313641
0.0325204
0.0294452
0.031298
0.0337551
0.0316811
0.0334386
0.0362594
0.0310556
0.0345481
0.0349932
0.0332299
0.0331153
0.0323869
0.0323107
0.0322511
0.0345858
0.0360991
0.0314158
0.0331793
0.0333462
0.0313681
0.0321956
0.0284334
0.0287565
0.026836
0.026941
0.0277901
0.0273977
0.0257666
0.029483
0.0279481
0.0240382
0.0252255
0.0260243
0.0238523
0.0259717
0.0276896
0.0246823
0.0300459
0.0305454
0.0278141
0.0325466
0.0333563
0.0346059
0.0318375
0.034153
0.0302785
0.0347583
0.0342007
0.0285375
0.0293398
0.029091
0.0263117
0.0284263
0.029854
0.0270946
0.0297155
0.0308244
0.0302934
0.0308749
0.0303533
0.0314308
0.0304035
0.0307225
0.031089
0.0334081
0.0305965
0.0315599
0.0297976
0.0319867
0.0291557
0.0299454
0.0278505
0.030179
0.0304827
0.03053
0.0308458
0.0293325
0.0302145
0.0295924
0.0285173
0.0294371
0.0293306
0.0285586
0.02942
0.0334753
0.0340099
0.0344342
0.0343494
0.0336836
0.0335081
0.0347578
0.0322578
0.0298498
0.0297575
0.0317622
0.0288877
0.0309694
0.0312449
0.0320418
0.0292559
0.0294597
0.0277267
0.0280358
0.0271659
0.026712
0.0277249
0.0276903
0.0280353
0.0279069
0.0371089
0.0333575
0.032306
0.0314376
0.0309539
0.0308345
0.030884
0.0301181
0.027765
0.0278227
0.0318056
0.0275071
0.0301095
0.0285258
0.0290523
0.029711
0.0294786
0.0296502
0.0325239
0.0298675
0.0324833
0.0313902
0.0292339
0.0306491
0.0306935
0.0305706
0.0311511
0.0311566
0.0315693
0.0312861
0.0329531
0.0341939
0.0345057
0.0319258
0.0320121
0.0320149
0.0328827
0.0327467
0.030967
0.0322755
0.0334365
0.0323042
0.0345512
0.0296687
0.0338187
0.0311207
0.031811
0.033605
0.0315314
0.0306525
0.0307935
0.031856
0.0314117
0.0295237
0.0292494
0.0300713
0.0309286
0.031911
0.0309847
0.0321432
0.0304302
0.0297495
0.030192
0.0298328
0.0343436
0.0300293
0.031015
0.0289018
0.0291025
0.029803
0.0306237
0.0297608
0.0295827
0.0314692
0.0293092
0.0293962
0.0279838
0.0258689
0.0258749
0.025151
0.0249121
0.0302315
0.0350734
0.0337923
0.0291014
0.0293741
0.0299036
0.0311669
0.0323136
0.0320021
0.0285096
0.0303148
0.0319301
0.0318571
0.0307051
0.0302797
0.030534
0.0300536
0.0313588
0.0313645
0.0314001
0.0309635
0.0310547
0.0307742
0.031559
0.0284792
0.031194
0.0303702
0.0298753
0.0329134
0.034022
0.0359145
0.0307312
0.0309948
0.03013
0.0293019
0.0291819
0.0291976
0.0291439
0.0286031
0.0309393
0.0319226
0.0325864
0.0295074
0.031217
0.0313905
0.0285364
0.0313083
0.0319828
0.0311816
0.031311
0.0316457
0.0321572
0.0306127
0.0292894
0.0308575
0.0327874
0.0328961
0.0286001
0.0298684
0.0296007
0.0279328
0.0288654
0.0299001
0.028684
0.0261508
0.0297755
0.0319962
0.0299816
0.0284852
0.0275708
0.0273657
0.0315675
0.028981
0.0249028
0.0236624
0.0245346
0.0250107
0.0220439
0.0287225
0.0241145
0.0206973
0.0246972
0.0215883
0.019363
0.0235937
0.0208053
0.0187882
0.0189075
0.0190458
0.0203697
0.0218781
0.0207262
0.0198171
0.0214092
0.0202557
0.0197209
0.0228895
0.0231959
0.0233597
0.0227618
0.0259973
0.0207242
0.0208788
0.0206089
0.0198603
0.0220782
0.0216421
0.0211017
0.0209188
0.0212271
0.0213783
0.0202231
0.020689
0.0250291
0.0224404
0.0210429
0.0238944
0.02434
0.0212423
0.0222875
0.0219606
0.0212893
0.0223824
0.0232147
0.0220876
0.0212484
0.0220361
0.0212285
0.022884
0.0234211
0.0208104
0.0218382
0.0229157
0.0224363
0.0275717
0.0277655
0.0231664
0.023323
0.0248523
0.0215255
0.021053
0.0263428
0.0267355
0.0230676
0.0227462
0.0291873
0.0293009
0.0248892
0.0213286
0.0221224
0.0215161
0.0246091
0.0269026
0.0244302
0.0221314
0.021886
0.0245158
0.0259722
0.0222072
0.0211113
0.0208026
0.0203911
0.0219068
0.0221341
0.0211621
0.0222247
0.0199361
0.0198188
0.021142
0.0219939
0.0233821
0.0205698
0.0220666
0.0253167
0.0244593
0.0223348
0.0248181
0.024229
0.0238943
0.0240888
0.0229004
0.0259984
0.025061
0.0234844
0.0224383
0.0224063
0.024131
0.0234373
0.0226437
0.0227613
0.0224227
0.0244766
0.0242107
0.0239584
0.0237266
0.023315
0.0256237
0.0243818
0.0288989
0.0306273
0.0300112
0.0285448
0.0333486
0.0313931
0.0290195
0.0286094
0.0289151
0.0292354
0.0329185
0.0325805
0.0300769
0.0292563
0.0281976
0.0264852
0.0305937
0.0291588
0.0257747
0.0241329
0.0251207
0.0231121
0.0242715
0.0219595
0.0233722
0.0218571
0.0226834
0.022967
0.025569
0.0212149
0.0243829
0.0233032
0.0226409
0.0275537
0.0276364
0.0256154
0.0279029
0.0306113
0.0296631
0.0282148
0.0323507
0.0288951
0.027457
0.0318753
0.0316151
0.027808
0.0304473
0.0270227
0.0290965
0.0294166
0.0261669
0.0292972
0.0324906
0.0292112
0.0283059
0.0294461
0.0310767
0.029256
0.0338878
0.0317822
0.029049
0.0340204
0.0359387
0.0316137
0.0337594
0.0358834
0.0289655
0.0341871
0.0331524
0.0336108
0.0349221
0.0290701
0.0334155
0.0317397
0.0310057
0.0319416
0.0351155
0.0316774
0.0359349
0.0354666
0.0332233
0.034425
0.0375962
0.0352238
0.0328821
0.031701
0.0390572
0.0352602
0.0310965
0.0359768
0.0351112
0.0277995
0.0340567
0.0358171
0.0328881
0.0342208
0.0344145
0.0348103
0.0379601
0.0382342
0.0331277
0.0373132
0.0352255
0.0330484
0.0333443
0.0306939
0.0265519
0.0319008
0.0287706
0.0279035
0.0267394
0.0277609
0.0280076
0.0260368
0.0272104
0.0304408
0.0263145
0.0256074
0.0345015
0.0300952
0.0285677
0.0259659
0.0262243
0.0278735
0.0278351
0.0264351
0.0258363
0.0258432
0.0304258
0.0314258
0.0279227
0.0305257
0.0308134
0.0284376
0.0285598
0.0279935
0.0334998
0.0327775
0.0302373
0.0311328
0.0330535
0.0297989
0.0317919
0.0311142
0.0295704
0.0300457
0.0300257
0.0315775
0.0292359
0.031465
0.031987
0.0313833
0.0296823
0.0334292
0.03365
0.0328263
0.0290507
0.029068
0.029034
0.0291179
0.0304851
0.0308493
0.0296912
0.0299039
0.0290069
0.0312712
0.0316745
0.0297459
0.0308858
0.0314377
0.0303839
0.0293795
0.0296426
0.0296112
0.0328347
0.0341332
0.031024
0.0306279
0.0306286
0.0316285
0.0307088
0.0295149
0.03242
0.0346181
0.0341741
0.0322172
0.0305007
0.0318527
0.0295337
0.0324934
0.0304161
0.027091
0.0288551
0.0281345
0.0253732
0.0272604
0.0335019
0.0238077
0.0291174
0.0266493
0.0231137
0.0228624
0.0244814
0.0250747
0.022614
0.025784
0.0268165
0.0261086
0.0213721
0.0234874
0.0244829
0.0228151
0.0255654
0.0260039
0.024445
0.0238455
0.0236682
0.0276993
0.0270931
0.0259746
0.0249001
0.0276394
0.0289819
0.0265293
0.0257015
0.0293113
0.0284408
0.0293197
0.0265424
0.0270135
0.0290652
0.0250255
0.024588
0.0257009
0.0264247
0.0247058
0.0243534
0.0263502
0.028221
0.0242371
0.0269401
0.0268633
0.0274617
0.0310506
0.0273826
0.0290934
0.0295671
0.0315408
0.0301857
0.0336558
0.0342042
0.0327533
0.0316476
0.0337122
0.0301694
0.0304778
0.031149
0.0287615
0.0318049
0.0310041
0.0281994
0.0299617
0.0304155
0.030421
0.0272374
0.0317048
0.0298572
0.0291647
0.0293397
0.0303451
0.0292942
0.029991
0.0308214
0.0277379
0.0298528
0.0317404
0.027962
0.0301585
0.0310711
0.0307057
0.0286387
0.0321654
0.0349758
0.0287203
0.0287966
0.0301699
0.0294754
0.0316739
0.0275345
0.0305996
0.0329477
0.0286785
0.0312023
0.0300722
0.0298973
0.0374991
0.0321624
0.0292781
0.0303747
0.032006
0.0306507
0.0262106
0.0305281
0.0315413
0.0282224
0.0267577
0.0274107
0.0290643
0.0289432
0.0253286
0.0255259
0.0261264
0.0251763
0.0287011
0.0287076
0.0257969
0.0270693
0.0263636
0.0269324
0.0274258
0.0240783
0.0239716
0.0237098
0.0249213
0.0257937
0.0245716
0.025348
0.0265151
0.0251516
0.0247347
0.0270293
0.026726
0.0258772
0.0251868
0.0287428
0.0271165
0.0262607
0.0263438
0.024306
0.0254567
0.024898
0.0235028
0.0298657
0.0275399
0.0248279
0.026553
0.0274263
0.0250947
0.0278357
0.0278308
0.0258343
0.0279292
0.0280342
0.0260929
0.0302553
0.0283106
0.0258241
0.0274667
0.0265535
0.026184
0.0263187
0.0274935
0.0263438
0.0230975
0.0261348
0.0285444
0.0253567
0.0228901
0.0238841
0.0249173
0.0222814
0.0244291
0.0251179
0.0252797
0.021032
0.0264356
0.0271604
0.0219957
0.0224518
0.0234039
0.023817
0.0232206
0.0256878
0.0273716
0.0273829
0.0271553
0.0279425
0.0252428
0.0261254
0.0259054
0.0277832
0.0286204
0.0269519
0.0271399
0.0273217
0.0286935
0.0285351
0.0271165
0.0277339
0.0281863
0.0286445
0.0310648
0.0276925
0.0281753
0.0272305
0.0276764
0.0290426
0.0293438
0.0269946
0.0286027
0.028031
0.0276024
0.0269507
0.0307766
0.0286209
0.0283798
0.0262204
0.0258704
0.0255464
0.027281
0.0276984
0.025803
0.0258612
0.027213
0.0286664
0.0307643
0.0258789
0.030342
0.0312024
0.0301675
0.0289991
0.0313172
0.0305949
0.0312121
0.0283069
0.0294428
0.0332081
0.0294968
0.0279946
0.0286218
0.0294287
0.0276653
0.0310408
0.0318131
0.0289192
0.0298141
0.0290929
0.0325373
0.0316274
0.0285107
0.0282284
0.0300243
0.031126
0.0292551
0.0299202
0.0290409
0.0298916
0.029776
0.0323907
0.0333309
0.0302703
0.0304406
0.0296068
0.0304453
0.0315165
0.0314163
0.0302342
0.0287651
0.0307522
0.0358052
0.032706
0.0298928
0.0304375
0.0290157
0.0285839
0.0300599
0.0332203
0.0272885
0.0297128
0.0286409
0.0297178
0.0305451
0.0285698
0.0286493
0.0306746
0.0311571
0.0308336
0.0303253
0.0309105
0.0292534
0.0299306
0.0306537
0.0274039
0.0294269
0.0294764
0.0260894
0.0296776
0.028402
0.0268591
0.0267479
0.0280548
0.0279617
0.026413
0.0280366
0.028441
0.026961
0.0282039
0.03128
0.0259752
0.0286137
0.0288791
0.0282516
0.0309044
0.0323937
0.0295831
0.030517
0.0293715
0.0280049
0.028879
0.0300544
0.0276291
0.0292434
0.0300069
0.029675
0.0262628
0.0280763
0.0301662
0.0292762
0.0292161
0.0308314
0.0298536
0.0292038
0.0291232
0.02907
0.0266309
0.028733
0.0287871
0.0268399
0.0295446
0.0306528
0.0306218
0.029984
0.0321555
0.0300208
0.030921
0.0325202
0.031004
0.0282132
0.0305462
0.0314691
0.0299675
0.0315108
0.0313309
0.0298912
0.0323061
0.0314192
0.0302138
0.0270418
0.0302059
0.0355032
0.0307343
0.0284243
0.0293534
0.0296979
0.0306366
0.0284828
0.029895
0.0311865
0.0320744
0.0305541
0.0291066
0.0321095
0.0337642
0.0324256
0.0333089
0.0343461
0.0323808
0.0322829
0.034282
0.0353609
0.0331748
0.0307576
0.0320835
0.032012
0.0330524
0.0344466
0.0337622
0.0325265
0.0366847
0.0353223
0.0342511
0.0314417
0.0338567
0.0349286
0.035587
0.0326793
0.0346728
0.0354697
0.0338439
0.0325656
0.0347565
0.0363513
0.0399433
0.032936
0.0321283
0.0360254
0.0349266
0.0381487
0.0315012
0.0339524
0.0339758
0.0335406
0.0305596
0.0311458
0.0308973
0.0335899
0.0333842
0.030645
0.0313754
0.0315557
0.033901
0.0307021
0.0279792
0.0301606
0.0343777
0.0309912
0.0301085
0.0323499
0.0305706
0.0295381
0.0273709
0.0310153
0.0297991
0.0300078
0.0278218
0.0284304
0.0319301
0.0300816
0.0320255
0.0300198
0.0350191
0.0345344
0.0324582
0.0301703
0.0306214
0.0297583
0.0293714
0.0289514
0.0298274
0.0337125
0.0328924
0.0279128
0.0303703
0.029946
0.0292293
0.0258225
0.0274788
0.0278393
0.0289116
0.0285677
0.0288609
0.0303294
0.0285979
0.0252765
0.026779
0.0264501
0.0262509
0.0279869
0.0258397
0.0248301
0.0235262
0.0249554
0.0263378
0.0274006
0.0261482
0.0240783
0.025184
0.0235204
0.0258974
0.0287205
0.0248373
0.0245766
0.0272172
0.0274721
0.0257708
0.0262534
0.0248159
0.0275182
0.0282839
0.0238318
0.0258947
0.024734
0.0253618
0.0259735
0.022751
0.0236084
0.0228925
0.0227242
0.026518
0.0278074
0.0225631
0.0230699
0.0221158
0.0218989
0.0231727
0.0231803
0.021146
0.022376
0.0212551
0.0206964
0.0214713
0.0233313
0.0204127
0.0228048
0.0211012
0.0251122
0.0294451
0.0214958
0.0229059
0.0240747
0.0246372
0.0232848
0.0224991
0.0230877
0.0249069
0.0262977
0.022596
0.0232791
0.0230979
0.0229399
0.0262004
0.0292595
0.0237358
0.024143
0.0242236
0.0230486
0.0228983
0.0269874
0.0239966
0.0248547
0.0235068
0.0245467
0.0273383
0.0267064
0.0227625
0.023692
0.0237316
0.0254805
0.0258672
0.0239579
0.0251524
0.0239542
0.0233919
0.0235694
0.0271389
0.0257198
0.0238203
0.0263907
0.0272192
0.0231499
0.0263142
0.0259841
0.0264413
0.0241805
0.0258411
0.0248107
0.0244118
0.025764
0.0282913
0.0261645
0.0241289
0.0248428
0.0239585
0.0244824
0.0262265
0.0256834
0.0239008
0.0255839
0.0254591
0.0265416
0.0255776
0.0250907
0.025554
0.0251279
0.0272373
0.0269517
0.0256452
0.026784
0.0258328
0.0261159
0.0259858
0.026027
0.0262449
0.0263354
0.0264273
0.0277184
0.0255718
0.0286865
0.0268649
0.0266208
0.0272957
0.0271905
0.0271673
0.0277282
0.0270554
0.028203
0.0261624
0.0271264
0.0269672
0.0270779
0.0263383
0.0272427
0.0262399
0.0260611
0.0268595
0.0245942
0.0259028
0.0266374
0.0257475
0.0261096
0.0269619
0.0255646
0.02672
0.0259026
0.0263529
0.0261717
0.0256388
0.0260647
0.0274953
0.0285542
0.0270439
0.0247337
0.0273438
0.0264842
0.0271494
0.0262689
0.0232344
0.025468
0.0278013
0.025899
0.0240708
0.0237654
0.0213335
0.0254285
0.0262801
0.0206997
0.0250725
0.0259291
0.0226347
0.0219999
0.0220013
0.0213787
0.0216099
0.021114
0.0205805
0.0221255
0.021951
0.0220882
0.0215256
0.0206835
0.0209628
0.0205793
0.0216475
0.0220141
0.0242297
0.024255
0.0230905
0.0225124
0.0276162
0.0240013
0.0225908
0.0251928
0.026623
0.026873
0.027935
0.0257028
0.0287187
0.0286017
0.0270067
0.0278181
0.0295454
0.0261811
0.0296302
0.0295378
0.0263041
0.0290229
0.0293595
0.0275343
0.0288576
0.0300055
0.0279865
0.0283744
0.028429
0.0259688
0.0281453
0.027724
0.0258288
0.0265215
0.0264575
0.0263524
0.024606
0.0260818
0.0260295
0.0240242
0.0260348
0.026432
0.0248133
0.027844
0.027707
0.0255497
0.0274902
0.027928
0.0246032
0.0271429
0.0278399
0.0262277
0.0274987
0.0284999
0.0249571
0.0268165
0.0268418
0.02484
0.0268947
0.027232
0.0267229
0.0269129
0.026584
0.0262598
0.0257501
0.0264755
0.0245023
0.0262145
0.0267179
0.0243532
0.025717
0.0261724
0.0268454
0.0273027
0.0258008
0.026278
0.0270165
0.0253463
0.0249461
0.0251573
0.0259342
0.023141
0.0241211
0.0248498
0.0291104
0.026057
0.026818
0.0266372
0.0245091
0.0253249
0.0276012
0.0254134
0.027008
0.0276842
0.0252052
0.0252013
0.0252059
0.0272598
0.0280942
0.0242041
0.0261882
0.0259006
0.0261156
0.0234236
0.0263323
0.0270337
0.0242651
0.0276028
0.0292046
0.0246012
0.0261827
0.0269395
0.027955
0.0257709
0.0252129
0.0251532
0.0281924
0.0321359
0.0251512
0.0261113
0.0240884
0.0285279
0.0271241
0.0241008
0.0248199
0.0232585
0.0242504
0.0228031
0.0270952
0.024407
0.0212825
0.0229055
0.0239281
0.0238513
0.0238827
0.0231792
0.0270476
0.0249562
0.0241512
0.0239535
0.0234485
0.0235939
0.0258394
0.0278236
0.0230177
0.0254387
0.0261671
0.026655
0.0273236
0.0299707
0.0299272
0.0294826
0.0293636
0.0319599
0.0323142
0.0302048
0.0308962
0.0303166
0.0307718
0.0287483
0.0287268
0.0288413
0.028859
0.030918
0.0307746
0.0286453
0.0294713
0.0294579
0.032949
0.0318212
0.0281391
0.0286952
0.0286506
0.0288929
0.0295531
0.0313039
0.0301468
0.0282055
0.0288772
0.0287524
0.0280646
0.0289018
0.0304483
0.0307831
0.0300465
0.0311375
0.0315337
0.0318712
0.0330479
0.0326522
0.0344268
0.0313745
0.032171
0.0352691
0.0352164
0.030343
0.0317135
0.0320148
0.0310567
0.0282358
0.0316509
0.0299965
0.0303054
0.0288924
0.0287774
0.0287151
0.0289323
0.0276614
0.0280565
0.0273754
0.0300702
0.0289858
0.0285269
0.0281132
0.0273205
0.0289653
0.0291231
0.0274531
0.0271171
0.0276607
0.028286
0.0269279
0.0281945
0.0302761
0.0262954
0.0265976
0.0293282
0.0267519
0.0250458
0.0274319
0.02917
0.0297977
0.0287187
0.0290455
0.0290542
0.0238061
0.0241743
0.0238243
0.0231848
0.0209365
0.0254312
0.0246678
0.0230721
0.0231989
0.0239353
0.0270339
0.0218437
0.023545
0.0227198
0.0225959
0.0237542
0.0246226
0.0220286
0.0232728
0.0237537
0.0250571
0.0253093
0.0236132
0.0247649
0.0245255
0.0245667
0.023834
0.0256156
0.0245508
0.0239865
0.0244158
0.0255155
0.0269374
0.0274421
0.0268016
0.0270439
0.0272435
0.0280894
0.025999
0.0268768
0.0262783
0.0265214
0.026405
0.0261951
0.0283068
0.0312481
0.0263801
0.0240433
0.0262084
0.0271254
0.0277571
0.0237958
0.024825
0.0273788
0.0259719
0.0243053
0.0268743
0.0258343
0.0259754
0.0266767
0.0244157
0.0253648
0.0253856
0.0252532
0.0256189
0.0259768
0.0234643
0.0242646
0.0243404
0.0252312
0.0271903
0.023541
0.0249145
0.0266999
0.0275182
0.0243381
0.0242016
0.027518
0.0267313
0.0240518
0.0268269
0.0271405
0.02553
0.0262227
0.0280643
0.0286932
0.0263003
0.0259882
0.0277607
0.0308551
0.0254806
0.0266481
0.028172
0.0282645
0.0259783
0.027036
0.0271964
0.0257803
0.0267159
0.0264468
0.0239711
0.0250299
0.0251144
0.0289187
0.0233845
0.0250001
0.0249914
0.028711
0.0232053
0.0231913
0.0252699
0.0256499
0.0248489
0.0279897
0.0263601
0.0253432
0.023036
0.0254916
0.0287031
0.0245713
0.0253207
0.0246789
0.0282689
0.0266485
0.0229279
0.0238186
0.0258041
0.0269645
0.0266713
0.0238386
0.0283641
0.0268854
0.0264699
0.0276638
0.0262001
0.0274864
0.0261808
0.0277316
0.0283485
0.0259512
0.0269958
0.0262657
0.0266446
0.0270918
0.0254441
0.024479
0.0245526
0.0266334
0.0271058
0.0252294
0.0257725
0.0255625
0.0258212
0.0236504
0.0254498
0.0259866
0.023444
0.0256159
0.0260441
0.0231669
0.0255192
0.0253797
0.023027
0.0271393
0.0253794
0.0237213
0.0242797
0.0256182
0.0226247
0.024905
0.0245483
0.0224377
0.0248399
0.0254626
0.023709
0.0240919
0.0227981
0.0246593
0.0212913
0.0234117
0.0232989
0.0211798
0.0233131
0.0233829
0.0211579
0.0221039
0.0225851
0.0213601
0.0241113
0.0226753
0.0206022
0.0227467
0.023788
0.0217071
0.0230526
0.0242207
0.0237726
0.0220195
0.0240502
0.0242121
0.0227756
0.0233325
0.0241014
0.0238811
0.0223116
0.0255344
0.02563
0.0238942
0.028168
0.0263295
0.0236252
0.0258732
0.0259164
0.0253795
0.0267216
0.0245238
0.0235805
0.0247388
0.0241358
0.0232355
0.0253894
0.0252589
0.023619
0.0245091
0.0235829
0.0208601
0.0226235
0.0239768
0.0240175
0.021901
0.0233379
0.0230693
0.0246832
0.0249655
0.0224317
0.0243688
0.0245572
0.0223014
0.0238413
0.0235298
0.0222695
0.0269843
0.0276909
0.0265589
0.0247004
0.0265215
0.025171
0.0255391
0.0296893
0.027876
0.0268349
0.0301587
0.0269862
0.027065
0.0275413
0.0275184
0.0283812
0.0297421
0.0287297
0.0308314
0.0320911
0.0289111
0.0266494
0.0287352
0.0329639
0.031273
0.0292131
0.0309922
0.0271802
0.0290895
0.028967
0.0278348
0.0296252
0.029171
0.0256697
0.0273137
0.02821
0.0264693
0.0270056
0.0292328
0.0295668
0.0290849
0.0266069
0.0276115
0.026883
0.0262235
0.0256968
0.0261056
0.0299345
0.0253107
0.026881
0.0277388
0.0312692
0.027363
0.0293957
0.0300674
0.0290714
0.0294168
0.0293871
0.0312797
0.0298844
0.0271747
0.0294836
0.0300459
0.0285414
0.0298964
0.0302179
0.0288316
0.0290419
0.0290467
0.0279821
0.0342947
0.0318916
0.0272813
0.0291645
0.0291975
0.0295005
0.0309233
0.0276718
0.0296344
0.0299334
0.0277087
0.0314211
0.030527
0.0274207
0.031092
0.0315835
0.0285982
0.0288444
0.0282374
0.0293298
0.0287231
0.0262501
0.0287687
0.0310735
0.0301569
0.0295444
0.0302718
0.0275632
0.0288699
0.0300929
0.0307602
0.0302794
0.0314671
0.0321014
0.030215
0.0345995
0.0344756
0.0328122
0.0304336
0.0321075
0.0357229
0.0308141
0.0302281
0.0319584
0.034364
0.0318875
0.0312903
0.034538
0.0323925
0.0363537
0.0296821
0.0302972
0.0350798
0.033287
0.0302653
0.0311709
0.0316056
0.0339138
0.0340881
0.0308291
0.0322157
0.0334255
0.0296398
0.0278958
0.0296203
0.0298671
0.0254437
0.0270982
0.0281077
0.0273862
0.0254979
0.0259219
0.0290102
0.0238856
0.0249517
0.0282648
0.0247158
0.024367
0.0248844
0.0248304
0.025615
0.0277283
0.0283674
0.025178
0.0246968
0.0263785
0.0257468
0.0261194
0.0285845
0.0272011
0.0321137
0.0255881
0.0305564
0.028009
0.0284044
0.0265034
0.0280686
0.0261683
0.0292076
0.0261045
0.0271379
0.0247217
0.0271066
0.0279237
0.0263912
0.0252619
0.0294497
0.0271797
0.0254298
0.0251317
0.027002
0.0306547
0.028267
0.0288555
0.0284445
0.0283601
0.0260193
0.0273478
0.0282646
0.0262198
0.0253471
0.0269389
0.0272104
0.0277151
0.0278798
0.0263974
0.0289553
0.0286795
0.0269957
0.0269407
0.0248927
0.0248442
0.0279057
0.0299951
0.0245369
0.0244867
0.0226333
0.026401
0.0255286
0.0258571
0.0239648
0.0245744
0.0279618
0.0284132
0.0253433
0.0303107
0.0309166
0.0253991
0.0265672
0.0258134
0.0256595
0.0256593
0.0287763
0.026284
0.0250851
0.0274932
0.027919
0.0265155
0.0266097
0.0272397
0.0281574
0.0266491
0.0264918
0.0284377
0.0275524
0.0255027
0.0284312
0.0292337
0.0273124
0.0279781
0.0284538
0.028741
0.0264416
0.0272238
0.0284244
0.0264637
0.028829
0.0294435
0.0271843
0.030162
0.0320054
0.027157
0.0277127
0.0297647
0.024704
0.0264909
0.0279505
0.0261294
0.0250264
0.024108
0.0262796
0.0244277
0.0245351
0.0247606
0.025074
0.0217515
0.0232841
0.0244651
0.0279672
0.0247556
0.026559
0.0262351
0.0247634
0.0267996
0.0272675
0.0255508
0.0238662
0.026157
0.0280531
0.0269414
0.027187
0.0279993
0.026138
0.0299592
0.0322081
0.0266451
0.0304404
0.0331619
0.028995
0.0314589
0.0288044
0.0272151
0.0275857
0.029089
0.0247624
0.0260287
0.0272171
0.0275393
0.0283247
0.0277701
0.0254787
0.0280333
0.0298251
0.027382
0.0290389
0.03085
0.0259943
0.0299391
0.0296405
0.0279223
0.0270133
0.0309056
0.0300652
0.0299876
0.0318802
0.0316601
0.0264806
0.0257718
0.0288039
0.0338183
0.0261911
0.025832
0.0289563
0.0285928
0.0261762
0.0284742
0.0287624
0.0285289
0.0266537
0.0282679
0.0295889
0.0297845
0.0246909
0.0279123
0.0266429
0.0269694
0.0290142
0.0282507
0.027594
0.0261055
0.0284611
0.0288828
0.0281153
0.0286187
0.0282337
0.029022
0.0297978
0.028963
0.026689
0.0282906
0.0291171
0.0271112
0.0261831
0.0283973
0.0317712
0.0317434
0.0262534
0.0306331
0.0323188
0.0272735
0.0282833
0.0311466
0.02958
0.0271394
0.0265516
0.0300373
0.0328389
0.0290972
0.0262495
0.027865
0.0289309
0.0278219
0.0288043
0.029305
0.0304945
0.0285403
0.0291482
0.029534
0.0288126
0.0277114
0.0297303
0.030571
0.0332925
0.0310589
0.0302037
0.0306097
0.0318688
0.0321185
0.0340602
0.0313711
0.0304604
0.028264
0.0284943
0.0298111
0.0302852
0.0289611
0.0286945
0.0300589
0.0335098
0.0300342
0.0282868
0.0336335
0.0330195
0.0344571
0.028381
0.0314869
0.0316452
0.0318822
0.0292747
0.0320772
0.0330153
0.03283
0.03098
0.0320049
0.0330652
0.0340901
0.030794
0.0324447
0.0310572
0.0329343
0.0314112
0.034657
0.0344735
0.0333445
0.0309362
0.0301733
0.031903
0.0334678
0.0352015
0.029907
0.0311922
0.0307487
0.0324318
0.0346157
0.0289552
0.0293323
0.0300222
0.0292073
0.0285025
0.0280221
0.0295133
0.0299304
0.0285702
0.0295198
0.0316693
0.0290187
0.029798
0.0301044
0.0316697
0.031469
0.0291645
0.0296306
0.0294104
0.0296522
0.0291812
0.0292674
0.0274718
0.0277114
0.0318215
0.0287999
0.0273894
0.0275191
0.027282
0.0278948
0.0285892
0.0279348
0.0263912
0.0263513
0.0267333
0.0306689
0.0266552
0.0252965
0.0261919
0.0279656
0.0263016
0.0278351
0.0250254
0.0249469
0.0250659
0.0268477
0.0283873
0.0243929
0.0253446
0.0250521
0.0247805
0.0253912
0.0251893
0.0255055
0.0279141
0.0260638
0.0270987
0.0267988
0.0242224
0.0257118
0.0252295
0.0249778
0.0292674
0.0305873
0.0305379
0.0303273
0.0278042
0.0284382
0.0298127
0.0324168
0.026092
0.0271656
0.0260013
0.0258389
0.0283049
0.030347
0.0291563
0.0246302
0.0244518
0.0256916
0.0260451
0.0267727
0.0244083
0.0275742
0.0239664
0.0261549
0.0256049
0.0248723
0.0236509
0.0247617
0.0261221
0.0277501
0.0260643
0.0235782
0.0254204
0.0256403
0.0252442
0.0254746
0.0249593
0.0248887
0.0240579
0.0250747
0.0295358
0.0291699
0.0262445
0.024475
0.027073
0.0275088
0.0259806
0.0247122
0.0253723
0.0283695
0.0286929
0.027648
0.0252138
0.0277921
0.0280115
0.0295101
0.0263274
0.0288279
0.0286535
0.0282193
0.0247145
0.0252181
0.0245534
0.0248806
0.0259919
0.0236966
0.0229475
0.0231902
0.0270813
0.0270796
0.0252618
0.0266202
0.0302892
0.0287015
0.0249438
0.0243294
0.0259958
0.0278102
0.0247917
0.0277566
0.0288688
0.029013
0.024769
0.0269444
0.0287406
0.0252724
0.0246052
0.0246062
0.0248405
0.0231898
0.0240946
0.0257984
0.0262627
0.0239675
0.02499
0.0252912
0.0233453
0.0243206
0.028083
0.0273064
0.0268422
0.0298456
0.0274786
0.0254368
0.0244994
0.026688
0.0275601
0.0265509
0.0261609
0.0266067
0.0274456
0.0268303
0.0276284
0.0301544
0.0260786
0.0283623
0.0273647
0.0254925
0.0263855
0.0259687
0.0245799
0.0254544
0.02568
0.0281636
0.0259357
0.0267008
0.027325
0.0250151
0.026129
0.0299931
0.0284722
0.0273618
0.0272441
0.0271809
0.0286307
0.0287738
0.0290047
0.0288575
0.0296415
0.0288304
0.028777
0.0299403
0.0275049
0.0273507
0.0279538
0.0286123
0.0260389
0.0317678
0.0295616
0.028491
0.0279455
0.0280594
0.0258892
0.0282265
0.0296091
0.0290578
0.0278656
0.0285405
0.0256803
0.0269761
0.0286156
0.0258705
0.0265385
0.0273928
0.0284025
0.0263317
0.0267624
0.0252112
0.0251817
0.0255135
0.0232333
0.0249911
0.025475
0.0225677
0.0261278
0.026049
0.0320907
0.0280983
0.0263182
0.0317132
0.0269982
0.02457
0.0251505
0.025493
0.0264105
0.0296984
0.0245388
0.0270684
0.0264392
0.0274299
0.0260756
0.02597
0.0268419
0.0286689
0.0300467
0.0279235
0.0256623
0.0284074
0.0282698
0.0255582
0.0279026
0.0298708
0.027564
0.0285452
0.0304688
0.0304824
0.0306778
0.0309921
0.0278991
0.0290166
0.0311682
0.0271166
0.0293451
0.0297997
0.0318236
0.0319894
0.0313009
0.0311485
0.0255552
0.0303568
0.0296233
0.0276717
0.0300508
0.0322532
0.0287528
0.0346682
0.0320239
0.0287372
0.027184
0.0290149
0.0296833
0.0277899
0.0266249
0.027747
0.0273045
0.0276581
0.0286961
0.0264731
0.0281673
0.0274195
0.0290369
0.0292685
0.0299033
0.0344256
0.030697
0.0296333
0.027812
0.0287078
0.0280897
0.028359
0.0309671
0.0297034
0.029008
0.0303
0.0312529
0.0298737
0.0279783
0.0305541
0.0292032
0.0273891
0.0297665
0.0302313
0.0290563
0.0317753
0.0328901
0.0288199
0.027094
0.0280557
0.0307165
0.027445
0.029248
0.0300745
0.0298643
0.0252356
0.0263083
0.0271715
0.0274113
0.0265324
0.0250771
0.0251324
0.026593
0.0257947
0.0247729
0.0244008
0.0256335
0.0278989
0.0266513
0.0255161
0.0265427
0.0261661
0.0269192
0.0294079
0.0293457
0.0282376
0.0283486
0.0279138
0.0280165
0.0287376
0.0273917
0.0251279
0.0271919
0.0274423
0.0275161
0.0281965
0.0307419
0.0270803
0.0260362
0.0282065
0.0291506
0.0316965
0.0269749
0.0291647
0.0296599
0.0287588
0.0274377
0.0294896
0.0299295
0.028461
0.0273074
0.029703
0.0337676
0.0300273
0.0282474
0.0299384
0.0310514
0.0292355
0.0284055
0.0294477
0.0313878
0.0326111
0.030778
0.0306146
0.030963
0.0298708
0.0277872
0.0299263
0.032804
0.0295425
0.0276277
0.0321844
0.0297329
0.0291606
0.0281061
0.0315186
0.0322955
0.0290833
0.0325413
0.0300985
0.0296188
0.0294739
0.0277943
0.0292878
0.0298171
0.0295284
0.0295232
0.0282719
0.0300152
0.0315335
0.0304973
0.0297644
0.0309103
0.0324881
0.0312021
0.0308927
0.0310361
0.0310086
0.0332005
0.0317822
0.0299831
0.0313438
0.0310096
0.0341104
0.0324381
0.0297215
0.0315681
0.0319588
0.0306836
0.0296722
0.0332748
0.0318294
0.0329901
0.0288975
0.0292979
0.0290085
0.0282502
0.0300835
0.0311546
0.0287495
0.0276215
0.0306078
0.0287615
0.0279937
0.0269254
0.0279095
0.0285067
0.0285904
0.027228
0.0276136
0.0279487
0.027071
0.0255602
0.0266013
0.0272098
0.0304837
0.027672
0.0291456
0.0295078
0.0260337
0.0253972
0.0265869
0.0291339
0.0314397
0.0244784
0.0267461
0.027449
0.027348
0.0267119
0.0272384
0.0274633
0.0251191
0.0249784
0.0252253
0.0267308
0.0256522
0.025392
0.0258003
0.0285173
0.027959
0.0283567
0.0282282
0.0299143
0.0346846
0.0278001
0.0251091
0.0265827
0.0255902
0.0280802
0.0258915
0.0264834
0.0254919
0.0272994
0.0273375
0.0274094
0.0311362
0.0284473
0.0250721
0.0278953
0.028529
0.0292782
0.0262469
0.0267961
0.0278209
0.0259444
0.0269814
0.0276763
0.0290419
0.0252858
0.0263323
0.0272453
0.0279266
0.0286774
0.0238304
0.0252362
0.0253392
0.0256878
0.026029
0.0242747
0.0229866
0.0255845
0.0293034
0.0261954
0.0242928
0.0233301
0.0244699
0.0254601
0.0244335
0.025081
0.0238579
0.0263226
0.0273903
0.0280494
0.0252371
0.0263458
0.0259932
0.0277103
0.0278055
0.0284262
0.0295464
0.0321875
0.0276293
0.0280932
0.0279441
0.0282976
0.0288709
0.0282064
0.0284598
0.0292491
0.0304993
0.0304284
0.0290186
0.028415
0.0277092
0.0292485
0.0296103
0.0303304
0.0298852
0.0284567
0.0287673
0.0281035
0.0289516
0.0274519
0.0284139
0.0283676
0.0295293
0.0310386
0.0283096
0.0297799
0.0269663
0.0286725
0.02804
0.0309572
0.0319774
0.0325903
0.0314932
0.0284594
0.0277819
0.0285844
0.0284494
0.0283945
0.0278703
0.0296831
0.0300967
0.0312499
0.0293238
0.0291927
0.02841
0.0283088
0.0266331
0.0275521
0.0283138
0.0277413
0.0258834
0.0278399
0.0292564
0.029171
0.027561
0.0276415
0.0272077
0.0271733
0.0267501
0.0270023
0.0273811
0.0279259
0.0294282
0.029956
0.0268221
0.0273665
0.0280885
0.0290378
0.0280183
0.0277464
0.0286924
0.030009
0.0331113
0.0280673
0.0277946
0.0289276
0.0288968
0.0275724
0.0277356
0.0286266
0.0296228
0.0308067
0.0331835
0.029879
0.0289638
0.0280509
0.0292695
0.0288996
0.0294122
0.0274038
0.0274552
0.0290105
0.0288148
0.0259638
0.0279379
0.0299646
0.026373
0.0271916
0.0262298
0.0294367
0.0284162
0.0290538
0.0268709
0.0272859
0.0305803
0.0296499
0.02733
0.026661
0.0273813
0.0301237
0.0290461
0.0272259
0.0312996
0.0311345
0.0299079
0.0274411
0.0289617
0.0270498
0.0276281
0.0307785
0.0316007
0.0296704
0.0319546
0.0293651
0.030933
0.0289802
0.0276987
0.0296142
0.0309298
0.0269676
0.0286558
0.0265229
0.0296032
0.0292223
0.024797
0.0280859
0.0278612
0.0279137
0.029434
0.0257319
0.0280794
0.0246846
0.0274396
0.0278475
0.0229983
0.0239395
0.0247965
0.0243019
0.0232857
0.0256432
0.0257585
0.0218289
0.022036
0.0256295
0.0238145
0.0229128
0.024572
0.0255738
0.0215523
0.023905
0.0240569
0.0216748
0.0246482
0.0264889
0.0227571
0.0241102
0.0272676
0.024735
0.0226734
0.0234964
0.0246197
0.0242132
0.0233467
0.0235054
0.0248515
0.0260797
0.0287709
0.0241386
0.0292817
0.0282397
0.0249348
0.0272714
0.028484
0.0245823
0.0269045
0.0275271
0.0260653
0.0273937
0.02754
0.0288431
0.0271317
0.0293118
0.0296232
0.0286835
0.0276044
0.0284474
0.0285393
0.0269245
0.0287133
0.028779
0.0269437
0.027895
0.0281429
0.0267352
0.0297303
0.0318388
0.0274346
0.0278797
0.0275627
0.0294324
0.0265695
0.0287011
0.0291391
0.027563
0.0292783
0.0291106
0.0285828
0.0278096
0.028454
0.0267837
0.0267709
0.0270906
0.0251473
0.0264245
0.0267619
0.0250275
0.0250672
0.0268911
0.0244203
0.0241424
0.0248268
0.0256325
0.0294162
0.0314977
0.0268846
0.0300007
0.0268338
0.0291227
0.0285938
0.0314894
0.0312151
0.0288881
0.0304691
0.0322374
0.0282962
0.0292317
0.0297875
0.0280258
0.0289401
0.0298786
0.0307692
0.0314514
0.0309688
0.0318507
0.0275904
0.0293617
0.0301584
0.0292557
0.0270403
0.0324742
0.0331303
0.030042
0.0290613
0.0305213
0.0315516
0.0309567
0.0286534
0.0296638
0.0303052
0.031188
0.0308968
0.0288202
0.0308993
0.0334706
0.0321037
0.0300541
0.0320259
0.0323364
0.0309436
0.0287902
0.0284759
0.0277362
0.0281985
0.0293147
0.0271105
0.026233
0.0273447
0.0268024
0.0303911
0.0295311
0.029041
0.0278836
0.0293371
0.0285779
0.0308139
0.0261145
0.0266772
0.0251635
0.0265503
0.0291713
0.0295076
0.0258049
0.0279077
0.0274576
0.027378
0.0267526
0.0280778
0.0280944
0.0293473
0.0301897
0.0321067
0.0286076
0.032087
0.0314574
0.0307077
0.0314663
0.0300745
0.0345508
0.0316589
0.0279485
0.0293537
0.0296454
0.0331325
0.0333854
0.0294637
0.0285082
0.0291711
0.0286731
0.0280994
0.0297751
0.0337374
0.03283
0.0298655
0.0297598
0.0287722
0.0277601
0.0280089
0.028454
0.0273356
0.0302133
0.0290826
0.0301576
0.0288204
0.0268364
0.0285356
0.0269539
0.0285642
0.0275759
0.029176
0.0306295
0.0255859
0.0297362
0.031253
0.0294332
0.0279173
0.0289077
0.029424
0.0296639
0.0301113
0.0305093
0.0277747
0.0282234
0.0281053
0.0289746
0.0299033
0.0316145
0.0282097
0.0287167
0.0286036
0.0296057
0.0322105
0.0284342
0.0288072
0.0307895
0.0296619
0.0287313
0.0283393
0.0283352
0.0294418
0.0291592
0.0313678
0.0302105
0.0286424
0.0295
0.0292694
0.0283484
0.0281529
0.0276235
0.0276923
0.0284608
0.0312195
0.0256241
0.0281222
0.0291883
0.0286827
0.0267143
0.0270762
0.0265377
0.0267526
0.0275473
0.0257829
0.0255664
0.0273689
0.0266922
0.0308355
0.0266161
0.0261245
0.0271183
0.027496
0.0261928
0.0251633
0.0259781
0.0251839
0.027012
0.0277796
0.0272414
0.0246374
0.0257689
0.0290607
0.0317136
0.0260197
0.0262846
0.0300723
0.0299708
0.0282055
0.0260709
0.0296878
0.0293227
0.0272828
0.0270283
0.0261618
0.0255381
0.0283598
0.0286966
0.0265292
0.0258891
0.0248233
0.0246438
0.0261383
0.0270472
0.0253233
0.0248124
0.0287575
0.0258717
0.0257267
0.0226319
0.0236976
0.0252454
0.0251172
0.023284
0.0251837
0.0226034
0.025027
0.025967
0.0236906
0.0265108
0.0262183
0.0253053
0.0259237
0.0267633
0.0273403
0.0252205
0.0298913
0.0285318
0.0263378
0.0272808
0.0299019
0.0261641
0.0273354
0.0277686
0.0303737
0.0269821
0.0264571
0.0242892
0.0260873
0.0261268
0.0247706
0.0252577
0.0273767
0.0252645
0.0264794
0.0255786
0.0305688
0.030797
0.0257702
0.0253792
0.0263975
0.0264628
0.0237244
0.0233442
0.0246212
0.0257969
0.0248948
0.0222999
0.0224274
0.0229903
0.0248728
0.0213804
0.0228048
0.0222438
0.0252768
0.026457
0.0211285
0.0223785
0.0218502
0.0228871
0.0233453
0.0209434
0.0219242
0.0209847
0.021263
0.021392
0.0213491
0.0211255
0.0219535
0.0221188
0.0208216
0.0214178
0.0212331
0.02105
0.0214088
0.0244877
0.0232193
0.0208284
0.0223423
0.0217018
0.0230722
0.023043
0.0218975
0.0252023
0.0248787
0.0230401
0.0248206
0.0252722
0.0237147
0.0261989
0.0257696
0.024308
0.0273011
0.029039
0.0234643
0.0257751
0.0294704
0.0249449
0.0291949
0.0266845
0.0239734
0.0243343
0.0251611
0.0258055
0.0239049
0.0269345
0.027853
0.0261266
0.0251661
0.02536
0.0246673
0.0264895
0.0261792
0.0261618
0.0266128
0.0246443
0.0263468
0.0263777
0.0269569
0.0281264
0.0284072
0.0270994
0.0261946
0.0296985
0.0256462
0.0279065
0.0279908
0.0264681
0.0272038
0.0279206
0.0262787
0.0243746
0.0267983
0.0282111
0.0297053
0.0274836
0.026746
0.0279021
0.0259476
0.0252692
0.0295568
0.0284161
0.0250222
0.0258406
0.0276203
0.0293065
0.0254318
0.0258231
0.0251744
0.0262499
0.0253865
0.0256305
0.024124
0.0265737
0.0266612
0.0248685
0.0278827
0.0281828
0.0272953
0.0246522
0.0268759
0.0259419
0.0243492
0.0249676
0.0244207
0.0245121
0.0251536
0.0233965
0.0254362
0.02557
0.02416
0.0258981
0.025898
0.0271141
0.0244445
0.026606
0.0260929
0.0253529
0.0265292
0.0272975
0.0272292
0.0280253
0.0275858
0.0272693
0.0250535
0.027537
0.0261145
0.0245355
0.0266715
0.0257772
0.0241178
0.0229695
0.0241495
0.0246688
0.0230666
0.0232895
0.0229941
0.0227601
0.0231085
0.0239036
0.0228424
0.0253151
0.0274947
0.0269294
0.0240211
0.023265
0.0249169
0.0240716
0.023126
0.0248254
0.0235534
0.0266118
0.023461
0.0247221
0.0215666
0.0223821
0.0223089
0.0224464
0.0222542
0.0228968
0.0211887
0.0217149
0.0215402
0.0192774
0.0225115
0.0223991
0.0197415
0.0222557
0.0197708
0.0234966
0.0236953
0.019876
0.0203876
0.0203005
0.0198952
0.0205773
0.0262241
0.0245091
0.0244494
0.0231478
0.0238825
0.0231226
0.0243274
0.027078
0.0246707
0.0229687
0.0238577
0.0233577
0.0227349
0.0216889
0.0234256
0.0249434
0.024622
0.0238636
0.0232342
0.0226737
0.0240773
0.0242625
0.0238096
0.0237164
0.0243218
0.0256453
0.024233
0.026094
0.0250254
0.0246771
0.0269164
0.0264112
0.0254157
0.0256472
0.0252339
0.0249584
0.0277633
0.0271609
0.0279646
0.0262603
0.0241167
0.0247671
0.0247254
0.0231853
0.0238973
0.0257215
0.0241925
0.0241724
0.0241899
0.0214068
0.0224235
0.0249795
0.0234117
0.021589
0.022077
0.0220895
0.0213478
0.0227377
0.022926
0.0251377
0.021506
0.0216233
0.0221009
0.0220959
0.0213151
0.0259194
0.0236422
0.0221038
0.0225724
0.0228874
0.0265418
0.0250062
0.0236146
0.0243943
0.0237585
0.0335274
0.0294892
0.0251927
0.0231111
0.0242531
0.0245184
0.0254351
0.0244897
0.0243689
0.0245662
0.0254965
0.0293232
0.0256107
0.0253258
0.0284291
0.0271348
0.0255213
0.0259228
0.0269875
0.0296651
0.0290055
0.0369814
0.028109
0.0271881
0.025581
0.0262127
0.027122
0.0277587
0.0283038
0.0263516
0.0251803
0.0244619
0.0242342
0.0256552
0.0237038
0.026641
0.0276683
0.0260124
0.0276267
0.027472
0.0293562
0.0258514
0.0309762
0.02898
0.0258019
0.0267782
0.029292
0.0285909
0.0263294
0.0279009
0.0270807
0.0284232
0.0288627
0.0324667
0.0266987
0.0298784
0.028237
0.0279316
0.0298869
0.0351137
0.0345543
0.029048
0.029892
0.0303132
0.0321978
0.0346497
0.0305921
0.0358977
0.0339836
0.0290718
0.0281825
0.0286516
0.028286
0.0280003
0.0291974
0.0280405
0.0291363
0.0288309
0.0338609
0.0344433
0.0286538
0.0286036
0.0283703
0.0280127
0.029531
0.029934
0.0340948
0.0312255
0.0319414
0.0320509
0.0306162
0.0313777
0.0303942
0.0314538
0.0337005
0.032689
0.0325165
0.0291237
0.0302147
0.0283179
0.029008
0.0290121
0.0292202
0.0296282
0.0292512
0.0274408
0.028503
0.031032
0.029549
0.0306473
0.0263934
0.0270528
0.0285619
0.0279157
0.0267782
0.0274986
0.0275648
0.0283292
0.0275097
0.0283628
0.0279967
0.028705
0.0279296
0.02717
0.0280021
0.0321637
0.029818
0.028418
0.0259275
0.0276304
0.0265382
0.0269391
0.0275782
0.0275983
0.0267251
0.0275726
0.0266566
0.0271545
0.0259514
0.0245311
0.0253402
0.025703
0.0243112
0.0271127
0.0266597
0.0252805
0.0258568
0.0263366
0.0265342
0.0275272
0.0259786
0.0244958
0.0258363
0.0265145
0.0271662
0.0242612
0.0257293
0.0267718
0.0269328
0.0250581
0.0281419
0.0264726
0.0281937
0.0245028
0.0259562
0.0276293
0.0307504
0.0240388
0.0263825
0.0273407
0.0264436
0.0260873
0.026174
0.0264574
0.0300844
0.0315235
0.0292877
0.0265243
0.0273868
0.0272447
0.0273743
0.0271062
0.0277046
0.0288143
0.0268518
0.0252916
0.027316
0.0266571
0.0265546
0.0238515
0.0255609
0.0255448
0.0261921
0.0257703
0.0230501
0.0236002
0.0260475
0.025667
0.0257382
0.0238883
0.0244712
0.0254008
0.0254796
0.0248538
0.0244135
0.0243058
0.0253405
0.025261
0.0247649
0.0241106
0.0268783
0.0278899
0.0272639
0.0257093
0.0291997
0.0264027
0.0268508
0.0255907
0.0264868
0.028645
0.02617
0.0289954
0.0263273
0.0289497
0.0273521
0.0297572
0.0280057
0.0298697
0.0294854
0.0319898
0.0289178
0.0308744
0.0334664
0.0303233
0.0298474
0.0318447
0.0332096
0.0332452
0.0302024
0.03796
0.033663
0.0355335
0.0328069
0.0336254
0.0326696
0.031944
0.0296038
0.0323396
0.03143
0.0323578
0.0293638
0.0295827
0.0296359
0.0303034
0.0271678
0.0287289
0.0285704
0.0284149
0.0262612
0.03003
0.0303268
0.0298139
0.0275027
0.0297816
0.0328381
0.0278656
0.0261434
0.0296285
0.0280883
0.0273493
0.0259982
0.0266612
0.0274011
0.027686
0.0282637
0.0264945
0.029351
0.0295131
0.0308473
0.0281031
0.0291756
0.0312763
0.0308396
0.0298741
0.0276483
0.0292395
0.0307377
0.0296267
0.0274959
0.0283853
0.0305892
0.0301708
0.0302097
0.0275184
0.0297002
0.0300542
0.0288986
0.0278405
0.0288052
0.0290428
0.0334542
0.0276568
0.0268737
0.0262178
0.0270727
0.029759
0.0285293
0.027598
0.0246155
0.028212
0.0283716
0.0266363
0.0260285
0.0268776
0.0276869
0.0293545
0.0268268
0.025156
0.0262434
0.0282372
0.0295209
0.0292731
0.0246428
0.0261797
0.0255223
0.0276569
0.0259844
0.0259765
0.0265538
0.0262856
0.0268301
0.0249546
0.027109
0.0280633
0.0272276
0.0269037
0.0271138
0.0264714
0.030039
0.0276967
0.027402
0.0280482
0.0294482
0.0269559
0.0242435
0.0288832
0.032918
0.0294977
0.0270733
0.0276421
0.0270498
0.0319971
0.0266341
0.0245981
0.0270689
0.0272294
0.026402
0.0258261
0.0272338
0.0279631
0.0301108
0.0254041
0.0268472
0.0268575
0.027866
0.0270729
0.0255554
0.0271545
0.027787
0.0279114
0.0269393
0.025322
0.0261064
0.0265273
0.0295749
0.0287464
0.0283489
0.0285179
0.0307796
0.0322711
0.0338427
0.033527
0.0353939
0.0339952
0.0346401
0.0301921
0.0327646
0.0343039
0.0325714
0.0339075
0.0330492
0.0332017
0.0324735
0.0302803
0.030165
0.0333949
0.0330162
0.0346122
0.0335244
0.0318251
0.031905
0.033025
0.0368741
0.0317787
0.0318041
0.0319642
0.0324885
0.0326427
0.0338002
0.0352986
0.0315842
0.0319847
0.0349368
0.0360343
0.0333959
0.0306581
0.0336459
0.0340371
0.0341589
0.0311676
0.0323617
0.0310897
0.0314321
0.0305134
0.0300509
0.0313053
0.0343547
0.0290581
0.0308121
0.0309919
0.0311965
0.0296619
0.030026
0.0309566
0.0311509
0.0289994
0.0318951
0.0314288
0.0332205
0.0277686
0.0302723
0.0300132
0.0295463
0.0297829
0.0289985
0.0294829
0.0283705
0.028929
0.0314065
0.0310814
0.0297379
0.0321377
0.0330092
0.0309275
0.0280601
0.0300975
0.0294916
0.0297383
0.0281435
0.0320671
0.0316848
0.0303718
0.0294829
0.0296305
0.0312785
0.0280638
0.0258802
0.0280743
0.0274907
0.0290597
0.0243098
0.0264308
0.0275613
0.0276737
0.0226633
0.0243556
0.0240689
0.0233592
0.022388
0.0242269
0.0216811
0.0196715
0.0179833
0.0204927
0.0206651
0.0195865
0.0194879
0.02147
0.0226954
0.0232491
0.0237215
0.0254589
0.0262101
0.0253597
0.0247646
0.0254652
0.0270357
0.0284454
0.028392
0.0277486
0.0331664
0.0313878
0.035061
0.0324827
0.0351095
0.0368581
0.0361727
0.0333813
0.0328739
0.0339829
0.032946
0.0312831
0.0314531
0.0352961
0.0335224
0.0315235
0.0337333
0.0351533
0.0388525
0.0331883
0.0346542
0.037347
0.0362865
0.0388009
0.0343129
0.0334087
0.0345069
0.035676
0.0343451
0.0357712
0.0357852
0.0364602
0.0370631
0.0329263
0.0358796
0.0346601
0.033719
0.0327885
0.0379562
0.0341783
0.0303243
0.0283606
0.0293262
0.0285305
0.0261606
0.0247634
0.0253733
0.0254469
0.0271488
0.0311063
0.0238292
0.0245918
0.0250154
0.0267112
0.0232351
0.0223085
0.0236333
0.0255508
0.0259106
0.0250512
0.0235218
0.0252108
0.0244851
0.0259914
0.0260054
0.0254567
0.0251571
0.0262604
0.0263174
0.0256961
0.0244831
0.0277214
0.0271188
0.0277565
0.0258252
0.0273853
0.0272978
0.0267021
0.0316469
0.0281112
0.026781
0.0287033
0.0313082
0.0330984
0.0278869
0.0282919
0.031661
0.0326791
0.0324616
0.0317373
0.0350894
0.0326627
0.0338501
0.0302469
0.029774
0.0324498
0.0320671
0.0323834
0.0303075
0.0302579
0.0301648
0.0308729
0.0265084
0.0292248
0.0292194
0.0346719
0.0277446
0.031148
0.028529
0.0281138
0.0295942
0.0286484
0.0310207
0.0317349
0.0302226
0.0306708
0.0273526
0.0280818
0.0247272
0.0235317
0.0235712
0.0235911
0.0235374
0.0255663
0.0261605
0.0300584
0.0252705
0.028984
0.0267599
0.0257198
0.0254861
0.0256069
0.0297533
0.0303289
0.0293348
0.0282039
0.0281423
0.0284481
0.0305457
0.0318211
0.0322579
0.0344445
0.0340253
0.0367616
0.0350369
0.0334685
0.0331552
0.0332316
0.0346881
0.0347681
0.0323811
0.0340321
0.0342268
0.0322462
0.032381
0.0319585
0.0317916
0.0334289
0.031606
0.0314841
0.0313949
0.0318191
0.0303271
0.0300703
0.0285619
0.0285055
0.0295176
0.0291094
0.0263817
0.0270509
0.0270798
0.0264348
0.0262035
0.0266754
0.0276217
0.0266594
0.0223909
0.0240324
0.0236081
0.0236856
0.0222001
0.0235484
0.0246611
0.0258612
0.024536
0.0222074
0.0235339
0.0234961
0.023664
0.023917
0.0215571
0.0246141
0.0237105
0.028076
0.0272755
0.0261672
0.0258554
0.0270431
0.0262662
0.0268092
0.0277066
0.0286119
0.0298006
0.0300307
0.0321602
0.0343323
0.0312203
0.0281967
0.0357009
0.0302685
0.029543
0.0282519
0.0269836
0.029305
0.0293893
0.0296152
0.0286274
0.0264876
0.0288472
0.029023
0.0276553
0.0260591
0.0257123
0.0272709
0.030275
0.0293862
0.0291523
0.0279318
0.0248288
0.0269555
0.0261483
0.0279633
0.0254617
0.0246245
0.0267559
0.0287379
0.0277163
0.0292567
0.0265322
0.0280735
0.0291968
0.0276684
0.0274355
0.0306275
0.0308669
0.0323549
0.0308408
0.0298473
0.0277042
0.0267826
0.0262518
0.0275135
0.0271881
0.0269075
0.0240915
0.0265445
0.0279084
0.0270408
0.0266111
0.0259939
0.0270498
0.027211
0.0268518
0.0277959
0.0263191
0.0274954
0.0268639
0.0270268
0.0248152
0.0266283
0.0292946
0.0280676
0.0267117
0.0287872
0.0284672
0.0299659
0.0293408
0.0317588
0.029779
0.0276141
0.0282117
0.0291363
0.0298672
0.0282787
0.0260605
0.0274781
0.0280312
0.0280766
0.0273941
0.0256852
0.0275745
0.0271209
0.0310142
0.0237466
0.0252375
0.030132
0.0271889
0.0248475
0.0229081
0.0240435
0.0252464
0.0262938
0.0248367
0.0235691
0.0248364
0.0243399
0.0270526
0.0257164
0.0250932
0.0243818
0.0268639
0.0270348
0.0262686
0.0295367
0.0293197
0.0284187
0.0283273
0.0276141
0.0290937
0.0295627
0.0287428
0.027099
0.02942
0.0301416
0.0292089
0.0247303
0.029313
0.0309041
0.0292493
0.0290829
0.0305114
0.0308583
0.0335445
0.031844
0.0291887
0.0300542
0.029092
0.0279819
0.0287944
0.0303433
0.027378
0.0248761
0.0257208
0.0277462
0.0292522
0.0261533
0.0275352
0.0309377
0.0270586
0.0263092
0.0257468
0.0301051
0.0305432
0.0288641
0.0250986
0.0270036
0.0305494
0.0260621
0.0259429
0.0270727
0.0279682
0.0292348
0.0322691
0.0264617
0.0304798
0.0329095
0.0310184
0.0298738
0.0283392
0.0291414
0.0270045
0.0280918
0.0281402
0.0336886
0.0300891
0.030055
0.0289231
0.0297864
0.033156
0.0305239
0.0296974
0.0298838
0.028303
0.0314193
0.0321529
0.0336042
0.0338316
0.0369123
0.0374994
0.0332809
0.0328685
0.0336354
0.0359664
0.0361977
0.0362771
0.0337004
0.034902
0.0398938
0.0377454
0.0364648
0.0388698
0.0400495
0.0342511
0.034518
0.03702
0.0343781
0.0328531
0.0365296
0.0337636
0.0339185
0.031985
0.0373763
0.0315045
0.0300217
0.0328754
0.0286828
0.0291335
0.0318756
0.0341779
0.0331996
0.0357491
0.0332281
0.0308409
0.0332686
0.0324208
0.0298237
0.0311354
0.0333388
0.0365374
0.0351734
0.0305315
0.0288125
0.0262137
0.034514
0.0350595
0.0317927
0.0308863
0.0320072
0.031195
0.0311041
0.0307709
0.0290979
0.0277174
0.0289472
0.0319851
0.0310633
0.0296265
0.025028
0.028245
0.0289264
0.0269939
0.0293742
0.0262348
0.0262296
0.0286715
0.0281598
0.0249169
0.0245617
0.0254216
0.0248117
0.0239868
0.0242021
0.0241416
0.0273273
0.0279143
0.0258507
0.0270182
0.0266231
0.0313548
0.0293266
0.0325215
0.0307909
0.0248389
0.0292423
0.030377
0.0298338
0.0288971
0.0325629
0.0253435
0.0305571
0.0376431
0.0312615
0.0290839
0.0297459
0.0263382
0.0295098
0.0300858
0.0313692
0.0334332
0.0285153
0.0288107
0.0268149
0.0275671
0.0278384
0.0249815
0.0250561
0.0293945
0.0327931
0.027261
0.0279547
0.0226855
0.0252094
0.0205736
0.0282898
0.02407
0.0298089
0.0244098
0.0265091
0.0270916
0.023496
0.0231637
0.0219882
0.0215602
0.0215541
0.0223699
0.0194872
0.0211448
0.02239
0.029283
0.0236528
0.022047
0.0270685
0.0257744
0.031896
0.0327301
0.0314011
0.0224207
0.0289787
0.0225641
0.023859
0.0223759
0.0247672
0.0301276
0.0294757
0.0201184
0.0251122
0.0257748
0.0233018
0.022766
0.0286716
0.0291224
0.0339903
0.0295079
0.02957
0.0279129
0.0277086
0.0349829
0.0271166
0.025016
0.0223022
0.0255887
0.0255485
0.0215794
0.0220572
0.0257518
0.028081
0.0318981
0.0268835
0.027941
0.0289612
0.0264234
0.0263499
0.0253699
0.0249629
0.0237828
0.0243067
0.0271827
0.0275673
0.032024
0.0319788
0.0297852
0.0265397
0.0308959
0.0282801
0.0267366
0.0275302
0.025426
0.0224645
0.0262652
0.0270987
0.0299014
0.0271822
0.0295936
0.0294247
0.0276606
0.0250304
0.0239666
0.0300489
0.0279145
0.0282011
0.0224693
0.0265435
0.0274635
0.0260896
0.0211373
0.0229198
0.0231747
0.0237901
0.0222101
0.0226425
0.0238196
0.0232482
0.0208178
0.0213025
0.024151
0.0254455
0.0214293
0.0217701
0.0210447
0.021414
0.0222881
0.0232954
0.0232783
0.0211912
0.0226045
0.0221309
0.0232993
0.0297451
0.0265441
0.0264339
0.0255873
0.0233977
0.0229104
0.0221392
0.0274401
0.0239608
0.023114
0.0228769
0.022759
0.0223858
0.022037
0.0220749
0.0218522
0.0241858
0.0232893
0.0226466
0.022712
0.0225934
0.022784
0.0234229
0.0258666
0.0241493
0.0243268
0.0243066
0.0244596
0.0228878
0.0230647
0.023473
0.0227826
0.0229443
0.0227103
0.0259046
0.0255685
0.0219355
0.0226734
0.0225427
0.0234993
0.0238538
0.021198
0.022336
0.0218881
0.0231605
0.023488
0.0220903
0.024211
0.0239618
0.0229982
0.0225492
0.0285755
0.0232026
0.0224076
0.0223998
0.0221252
0.0220897
0.0249609
0.0262242
0.0279042
0.0249842
0.022798
0.0239694
0.0238947
0.0220286
0.022396
0.0223915
0.023122
0.0225331
0.0266901
0.0226669
0.0220334
0.020765
0.0234277
0.0261664
0.021418
0.023426
0.0238285
0.0252158
0.0199234
0.0213482
0.0207568
0.022118
0.0269521
0.0226817
0.0231653
0.0209944
0.0209987
0.0207606
0.0229024
0.0239987
0.0227459
0.023498
0.0225541
0.0213847
0.0217573
0.0194697
0.0237723
0.022553
0.0221887
0.0218602
0.0215267
0.0234378
0.020096
0.023266
0.0213325
0.0230742
0.024577
0.0253339
0.0208386
0.0200377
0.0208605
0.0221336
0.0241633
0.0222384
0.0233543
0.0209318
0.0221139
0.025542
0.023879
0.0229314
0.0238632
0.0246077
0.0259964
0.0241399
0.022396
0.0238679
0.0248751
0.0236179
0.0227165
0.0228148
0.0244522
0.024932
0.0248098
0.0237481
0.0262425
0.0261217
0.0263429
0.0239998
0.0272308
0.0258368
0.0288403
0.0236348
0.0297519
0.029275
0.0300629
0.0332359
0.0318805
0.0258612
0.0260123
0.0283041
0.0264839
0.0252212
0.0262429
0.0283252
0.0323304
0.0272349
0.023851
0.0232915
0.0272364
0.0251995
0.0268903
0.0234211
0.0277313
0.0254356
0.025751
0.0256425
0.0247473
0.0247962
0.0218579
0.0225865
0.0232246
0.0253845
0.0228612
0.0211144
0.0229
0.0229309
0.0204519
0.0212542
0.0225273
0.0238124
0.0248194
0.0238996
0.0258612
0.0253525
0.0229225
0.0216225
0.0228328
0.0227781
0.0220794
0.0270517
0.0277834
0.0254456
0.0243885
0.0238475
0.0251569
0.0258107
0.0222921
0.0238291
0.0231103
0.0277449
0.0258998
0.0233879
0.024923
0.0244145
0.026321
0.024751
0.0244762
0.0286657
0.0293312
0.0272099
0.0328672
0.0281376
0.023186
0.0280753
0.0271073
0.0228023
0.0232981
0.0255779
0.0252333
0.0248535
0.0248537
0.024072
0.0232604
0.0224471
0.0215099
0.0215276
0.021835
0.0227666
0.0228437
0.0225059
0.0214977
0.0248688
0.0225
0.0196973
0.0211007
0.0203368
0.0238732
0.0232888
0.0209624
0.0238929
0.021778
0.0215417
0.0224935
0.0252877
0.0215252
0.0235523
0.0223356
0.0234908
0.0249902
0.0256502
0.0267113
0.0263497
0.0247647
0.0257117
0.0280308
0.0264797
0.0276221
0.0261502
0.0288649
0.0276584
0.0279348
0.0243937
0.0257593
0.0269109
0.0232124
0.0236488
0.0251276
0.0245237
0.0247617
0.0225397
0.024052
0.0260813
0.0251001
0.0219833
0.0266467
0.0264649
0.0244032
0.02721
0.0306097
0.0283103
0.029868
0.0306455
0.0264038
0.028713
0.0297365
0.0263403
0.0285728
0.0310034
0.0281654
0.028367
0.0291507
0.0267559
0.0285022
0.0302699
0.0267554
0.0344113
0.0368375
0.0355301
0.0335872
0.0367441
0.0343006
0.0362951
0.0336732
0.0354229
0.0385665
0.0350772
0.0515608
0.0335101
0.0333639
0.0349644
0.0347639
0.0331708
0.0362105
0.0344452
0.0357761
0.0343141
0.0322872
0.0342942
0.0335926
0.0354907
0.0332139
0.0317977
0.0352127
0.0369961
0.037979
0.0350633
0.0328994
0.0356153
0.0337392
0.0357629
0.0337151
0.0323339
0.0337434
0.0340246
0.0347584
0.0330178
0.0297258
0.0339342
0.0346163
0.0335742
0.0343702
0.0331614
0.0298692
0.0329504
0.033331
0.0339853
0.0324058
0.0348291
0.034064
0.0343069
0.0358069
0.034085
0.0347786
0.033091
0.0352448
0.0344395
0.0423115
0.0403612
0.0400581
0.038608
0.0368019
0.0383713
0.0385486
0.0370316
0.0381653
0.0366356
0.0393501
0.0392236
0.0370655
0.0363211
0.0367691
0.0393204
0.0401308
0.0389799
0.036574
0.0338102
0.0337225
0.0339868
0.034074
0.0324665
0.0334301
0.0362257
0.0346942
0.0339529
0.0369174
0.0320996
0.035216
0.0345652
0.0369158
0.0369963
0.0351483
0.0369744
0.0361085
0.0343538
0.0329923
0.0337816
0.0375941
0.0353001
0.0337902
0.0336737
0.0330448
0.0362182
0.0382129
0.0410876
0.0348922
0.0347439
0.0336443
0.0368869
0.0337351
0.0343078
0.0327763
0.0316717
0.0335134
0.0328575
0.0361662
0.0364601
0.0407738
0.0379467
0.0345967
0.0333024
0.0331511
0.0335852
0.0333138
0.0318768
0.03148
0.0329153
0.0366222
0.0386553
0.0340826
0.0329093
0.0376103
0.0350903
0.0350337
0.0329987
0.0337472
0.0365155
0.038795
0.0380668
0.0394351
0.0398489
0.0364443
0.0374333
0.0387757
0.0417005
0.0423557
0.0420242
0.0445005
0.0442241
0.0456413
0.0435133
0.043119
0.040489
0.0460849
0.044243
0.0408972
0.0418019
0.0411737
0.0413581
0.045339
0.0490113
0.0488717
0.0422687
0.0488808
0.0456732
0.0446492
0.0410268
0.0401707
0.0388538
0.0541199
0.042546
0.0498438
0.0431782
0.0424579
0.0422592
0.0384725
0.0405033
0.0378539
0.0379071
0.0377497
0.0342646
0.0378405
0.0368591
0.0359672
0.0386346
0.0396229
0.0345879
0.0347869
0.0350857
0.0364865
0.0365708
0.0365294
0.0380314
0.0349868
0.0353696
0.0361585
0.0368595
0.0387445
0.0425197
0.0364502
0.0361531
0.0376157
0.0334361
0.0331618
0.032865
0.0323201
0.0366969
0.0354788
0.0338783
0.0338316
0.0340771
0.0327641
0.0308462
0.0316891
0.0319876
0.0313176
0.0294146
0.0322584
0.032268
0.0353092
0.0363712
0.0317966
0.0314666
0.0311285
0.0353143
0.0314779
0.0336978
0.0355624
0.0336523
0.0298469
0.0332681
0.0346824
0.0319565
0.0298585
0.0279833
0.0272892
0.0296198
0.0297999
0.0318836
0.0291
0.0267901
0.027824
0.0303954
0.0306046
0.0304653
0.0324966
0.0297456
0.0265371
0.0299785
0.0410246
0.0310094
0.0352096
0.0316012
0.026631
0.0275345
0.0275658
0.0286261
0.0271167
0.0261943
0.0263975
0.0284794
0.0303817
0.033507
0.0281229
0.0276276
0.0348838
0.0303035
0.0305665
0.0315572
0.0293677
0.0309819
0.0290323
0.0277187
0.0280104
0.0337891
0.0318563
0.0326093
0.036168
0.04204
0.0373737
0.0314695
0.0345966
0.0299789
0.0270615
0.0279995
0.0262873
0.0258717
0.0296499
0.0310517
0.0280186
0.0288793
0.0279317
0.033044
0.0284613
0.0289107
0.0254437
0.0257145
0.029315
0.0289438
0.0274759
0.0262188
0.0248363
0.0259268
0.0268223
0.0266676
0.0269056
0.0241491
0.0232582
0.0240241
0.0267379
0.026282
0.025386
0.023585
0.0264719
0.0245038
0.02828
0.0274159
0.0265862
0.0316256
0.0311782
0.0310398
0.0290451
0.02715
0.0325699
0.0280171
0.025759
0.0265301
0.0298047
0.027448
0.0274142
0.0254231
0.0269067
0.0286668
0.030067
0.0279534
0.0265194
0.026958
0.0263757
0.0286587
0.0313608
0.0307899
0.0302304
0.0314791
0.0307746
0.0348586
0.0313497
0.0310218
0.0314887
0.0319349
0.0294625
0.0287514
0.0305579
0.0302677
0.0290815
0.0299333
0.0269357
0.0276002
0.0295516
0.0280641
0.0271997
0.0284522
0.0280343
0.0306997
0.0278144
0.0280573
0.0254391
0.0251669
0.0243039
0.0265832
0.0266474
0.0253619
0.0236916
0.0230616
0.0243482
0.0245344
0.0253424
0.0264763
0.0228732
0.0254973
0.0242367
0.0244057
0.026343
0.0265855
0.0293241
0.0257253
0.0261679
0.0262066
0.0254893
0.0253779
0.0279858
0.0283562
0.0303538
0.0295896
0.0289726
0.0296724
0.0291004
0.0263357
0.0273917
0.027113
0.0262536
0.0282541
0.0295664
0.0282818
0.0268683
0.0273374
0.026963
0.0273952
0.0265013
0.027356
0.0273168
0.0276543
0.0268959
0.0285242
0.0285783
0.0259643
0.0267041
0.0263697
0.0260316
0.0265237
0.0269497
0.0293579
0.0261346
0.0268834
0.026843
0.0283088
0.0293257
0.0274796
0.0285138
0.0288728
0.0301967
0.030151
0.0302481
0.0299816
0.0294714
0.0307416
0.0307096
0.0274707
0.0248398
0.0257213
0.0247403
0.0239325
0.0265279
0.0267381
0.027095
0.026601
0.0259246
0.0270683
0.025677
0.0252155
0.0293247
0.0247213
0.0234404
0.0243742
0.0260234
0.0271623
0.0299091
0.0280065
0.02786
0.0266449
0.026323
0.0260517
0.0265321
0.0248812
0.0240753
0.0253913
0.0259484
0.0265934
0.0271774
0.0279692
0.0247744
0.0242753
0.026084
0.0290314
0.0249825
0.0250195
0.0255099
0.0246602
0.0246668
0.0273368
0.0281235
0.0280454
0.027769
0.0304748
0.0274402
0.0255954
0.0273158
0.0281968
0.0286546
0.026685
0.0274187
0.0285154
0.0283405
0.0286371
0.0288847
0.0286224
0.0282918
0.0287339
0.0297766
0.0270307
0.0276858
0.0268607
0.0280297
0.0277097
0.0285167
0.0296227
0.0289355
0.0291074
0.0283753
0.0281382
0.0282336
0.0289809
0.0282258
0.0300567
0.0267514
0.0280444
0.0300475
0.0282506
0.0290378
0.0294459
0.0294611
0.0298437
0.0289357
0.0302535
0.0291093
0.0275142
0.0279537
0.0283875
0.0285903
0.0289077
0.0311961
0.029102
0.0286828
0.0294565
0.0321952
0.0288049
0.0293906
0.0285665
0.0298158
0.0282616
0.0284409
0.0284276
0.0284963
0.0280502
0.0290441
0.0300806
0.0310506
0.0290917
0.0292161
0.0293995
0.0295311
0.0293628
0.0300931
0.0281749
0.0302974
0.0339874
0.0281363
0.0278251
0.028365
0.0283563
0.028542
0.03
0.0282321
0.0281495
0.0292771
0.0288087
0.0314811
0.0272145
0.0269775
0.0278718
0.0274009
0.0281724
0.0279044
0.0284094
0.0278649
0.0272803
0.0268195
0.026727
0.026892
0.0288472
0.0283753
0.0281419
0.0272068
0.0282384
0.0273985
0.0254709
0.0252312
0.0240781
0.0252656
0.0252953
0.0237389
0.0262252
0.0260425
0.0327556
0.0311003
0.0314747
0.030599
0.0301571
0.0328994
0.0317439
0.0342024
0.0296171
0.0327669
0.0314614
0.0315608
0.0302948
0.0312236
0.030568
0.0314604
0.0291553
0.0261122
0.0272664
0.0261598
0.0257596
0.0238769
0.0226988
0.023329
0.0267706
0.0304965
0.0252499
0.0279587
0.0286495
0.02774
0.0271259
0.0297578
0.0292783
0.0286707
0.0261201
0.0277479
0.0280473
0.0284185
0.0297098
0.0291009
0.0289308
0.027642
0.0294281
0.0313013
0.0314848
0.0266415
0.0270802
0.0277322
0.031551
0.0329768
0.0293696
0.0294251
0.0294275
0.0340455
0.0307924
0.0303743
0.0285135
0.0291702
0.0285644
0.0289456
0.02842
0.0272913
0.028067
0.0278855
0.0278915
0.0308469
0.0280274
0.0268011
0.0267776
0.0270516
0.0265399
0.0261302
0.0275078
0.0258414
0.0278963
0.0266522
0.0278901
0.0256233
0.0260959
0.0255119
0.0264878
0.0258102
0.0305021
0.0281049
0.0276539
0.0274354
0.0277633
0.0284334
0.0300144
0.0280814
0.028351
0.0320059
0.0315849
0.0313421
0.0296289
0.0290183
0.0283275
0.0282795
0.0281886
0.0325004
0.0297053
0.0310475
0.0307513
0.0327763
0.0305394
0.0299246
0.0267605
0.0278524
0.0273205
0.0316257
0.0320155
0.0319974
0.0278533
0.0288489
0.0290873
0.0275766
0.0270077
0.0283243
0.028582
0.0284459
0.0285907
0.0294071
0.0294619
0.0269717
0.0291715
0.0283299
0.0285808
0.0286316
0.0292194
0.0273925
0.0303598
0.0313998
0.0289069
0.0286105
0.029344
0.0293181
0.0285637
0.0289997
0.0303199
0.0302166
0.0312773
0.0314098
0.0313993
0.0294871
0.0300652
0.0302625
0.0303374
0.0300806
0.0300894
0.0287945
0.0288464
0.0301595
0.0291256
0.0297227
0.0285441
0.0290037
0.0283224
0.0279033
0.0286084
0.0286384
0.0287722
0.0299582
0.0328435
0.0301837
0.0283591
0.0293825
0.0295961
0.0310072
0.030253
0.0299113
0.0324331
0.0315589
0.0313788
0.030223
0.0292855
0.0290063
0.0291193
0.0293019
0.0284204
0.0282833
0.0284177
0.0294048
0.0303364
0.0305261
0.0311529
0.0283958
0.0293403
0.0289272
0.0286985
0.0286936
0.0288501
0.0309039
0.0282684
0.0296575
0.0337199
0.0281105
0.0289804
0.029249
0.0296363
0.0286737
0.0284376
0.0298343
0.0292194
0.0302694
0.0304197
0.0292487
0.0320708
0.0292674
0.0295427
0.0294167
0.0294348
0.029219
0.0294372
0.0307771
0.0304178
0.0289537
0.0282735
0.028909
0.0296993
0.0295052
0.0291871
0.0295012
0.0296873
0.0295158
0.0313909
0.0307973
0.0291474
0.0300738
0.0293174
0.0291468
0.0287035
0.0294214
0.0320011
0.0300805
0.0304345
0.0303643
0.0311706
0.0289198


