0.0110212
0.0174357
0.0170475
0.0190558
0.0209947
0.0212144
0.0208706
0.0210231
0.0205341
0.021311
0.0201229
0.0209441
0.0212363
0.0221164
0.0214699
0.0208051
0.021202
0.0231723
0.0209065
0.0212972
0.0210009
0.0125962
0.012845
0.0214247
0.0214162
0.0209309
0.0208547
0.0207979
0.0205685
0.0206247
0.0206344
0.0207554
0.0211069
0.0208478
0.0205188
0.0206711
0.0168793
0.0177845
0.0177895
0.0179836
0.0179481
0.0185712
0.0165298
0.00843707
0.00919122
0.0173639
0.0178077
0.0179296
0.0175993
0.0171824
0.0174532
0.0179777
0.0183739
0.0176437
0.0180783
0.0171451
0.0171079
0.0179648
0.0169961
0.0171265
0.01727
0.0176605
0.0174213
0.0170684
0.0171964
0.00838757
0.00850563
0.0176531
0.0174573
0.0177641
0.0185116
0.018337
0.0179533
0.0184159
0.0180965
0.0177995
0.0176846
0.0176659
0.0181809
0.0182833
0.0184395
0.0181213
0.018183
0.0181309
0.0178711
0.0179891
0.0181039
0.0093178
0.00894596
0.0185273
0.0179263
0.0190971
0.0189861
0.0189065
0.0181137
0.0183886
0.0186985
0.0192508
0.018511
0.0187977
0.0186035
0.0188791
0.018086
0.0190765
0.020271
0.018712
0.0185387
0.0193064
0.0188918
0.00887016
0.00896708
0.0189032
0.0188041
0.0181906
0.0189456
0.0370667
0.0159901
0.0110663
0.011299
0.0113974
0.0118085
0.0145022
0.015014
0.0143095
0.0174183
0.018111
0.0201485
0.0205019
0.0202022
0.0211259
0.0166048
0.0162932
0.016117
0.0175815
0.0165774
0.0157909
0.0169049
0.0171539
0.0171819
0.0169211
0.0161725
0.016725
0.0166772
0.0182426
0.0180028
0.0174841
0.0178715
0.018983
0.018644
0.0189006
0.0201521
0.0194229
0.0178727
0.019013
0.0226229
0.0204954
0.0220814
0.0229444
0.0200045
0.0201637
0.0164935
0.0162356
0.019881
0.0213015
0.0159445
0.0183344
0.0161447
0.0215388
0.015659
0.0215472
0.0162295
0.0172673
0.0184711
0.0224863
0.0161681
0.0196312
0.0177889
0.0200494
0.0170243
0.0150863
0.0175714
0.0189027
0.0160813
0.0171052
0.017002
0.0157197
0.0162018
0.0212497
0.0213865
0.0163253
0.017731
0.0178633
0.0161285
0.01755
0.018029
0.017238
0.0175164
0.0174313
0.0176609
0.0175534
0.0191173
0.0192149
0.0174295
0.0245416
0.022226
0.0172898
0.0221346
0.022063
0.0171329
0.0220595
0.0229436
0.0252228
0.023948
0.0231494
0.0227798
0.0228981
0.0233005
0.0229811
0.0239556
0.0181071
0.0188123
0.0198187
0.0176221
0.0194063
0.0178044
0.0223972
0.0241192
0.0193313
0.0227798
0.0236493
0.0190846
0.0187061
0.0197542
0.0178207
0.022664
0.023862
0.0175941
0.0186869
0.0189928
0.0183881
0.0220758
0.0220034
0.0194721
0.0223263
0.0213627
0.0165485
0.022608
0.0212741
0.0161345
0.0213997
0.0221398
0.016804
0.021798
0.0221601
0.0187123
0.018432
0.0245399
0.0232309
0.0181846
0.0205835
0.0187377
0.0189442
0.0201673
0.0193512
0.0229392
0.0248214
0.022821
0.0231904
0.0234944
0.0160948
0.0180647
0.0179632
0.016705
0.0176455
0.0153284
0.0155552
0.0195166
0.017647
0.0149517
0.016187
0.0167694
0.0172689
0.0177709
0.0176753
0.0222377
0.0215001
0.0183135
0.0232566
0.0205794
0.0206531
0.0186206
0.0185277
0.0237767
0.0237161
0.0168752
0.0221322
0.0254491
0.0200658
0.0229102
0.0238376
0.0193119
0.0203439
0.0208503
0.0169037
0.0222063
0.0225805
0.0176124
0.0222306
0.0229089
0.0184336
0.0224302
0.0217708
0.0196451
0.0199698
0.0188664
0.0191609
0.0195548
0.0170818
0.016634
0.01592
0.0138779
0.0188836
0.0169573
0.0135045
0.0179393
0.0177055
0.0134869
0.0141465
0.0140495
0.0152656
0.0151102
0.0153761
0.0163913
0.0164007
0.0175225
0.0191053
0.0167042
0.0213073
0.0208844
0.0155466
0.0200093
0.0197742
0.0150371
0.0162357
0.0171943
0.0166306
0.0167908
0.0200669
0.0215056
0.0194023
0.0220463
0.0209814
0.0160909
0.021056
0.0207573
0.0180782
0.0195689
0.0197872
0.018231
0.0189133
0.0193809
0.017925
0.0186286
0.0179453
0.0169547
0.0220807
0.0203449
0.0186056
0.0216597
0.0208661
0.0183775
0.0181806
0.0183623
0.0184412
0.0220882
0.0225386
0.0169374
0.0178814
0.0189686
0.0180718
0.0187599
0.0198432
0.0180398
0.0227006
0.023903
0.0185477
0.0181885
0.0190921
0.0176698
0.0179721
0.0194798
0.0173882
0.0186841
0.0192786
0.0181086
0.023273
0.0235868
0.0185128
0.0228865
0.0234076
0.0189332
0.0217636
0.0208172
0.0187371
0.0237436
0.0248407
0.0192469
0.0241827
0.0243298
0.0191724
0.0197621
0.0209008
0.0191539
0.023319
0.0238635
0.0224257
0.0224135
0.0215394
0.0182123
0.0193615
0.0180468
0.0167163
0.0177634
0.0184191
0.0169963
0.0224139
0.0219114
0.0166745
0.0178683
0.0188404
0.0157622
0.0156868
0.0162844
0.0142457
0.0144238
0.0181456
0.0138134
0.0152419
0.0158972
0.0144427
0.0148569
0.0156961
0.0149267
0.0154608
0.0165352
0.0138328
0.0201773
0.0198363
0.018918
0.0198142
0.0209968
0.0183019
0.0200276
0.0202462
0.0153448
0.0207745
0.0210246
0.015108
0.0163174
0.0170053
0.0147382
0.0161763
0.0171233
0.0160837
0.016684
0.0174424
0.0163296
0.0167511
0.01837
0.0157172
0.0170769
0.0183329
0.0170774
0.0177798
0.0190188
0.0171282
0.0174419
0.018205
0.016327
0.015611
0.0154602
0.0160555
0.0144064
0.0141382
0.0149968
0.0154773
0.0149084
0.0153076
0.0146793
0.0149049
0.0160385
0.0160938
0.0142659
0.0157382
0.0155576
0.0142124
0.0156989
0.0158064
0.0144066
0.0145888
0.0143352
0.0140408
0.0154785
0.0156047
0.014171
0.0159177
0.0156135
0.0140539
0.0204545
0.0196074
0.0147592
0.0193444
0.0191934
0.0136847
0.0189304
0.0188243
0.0134131
0.0187587
0.0183758
0.0132335
0.0183574
0.0178512
0.0132843
0.0140419
0.0178181
0.0175403
0.0184084
0.0176925
0.0121975
0.0165332
0.0164038
0.0135493
0.0174154
0.0175115
0.0118389
0.0169118
0.0167438
0.0166218
0.0171231
0.0156612
0.0100547
0.0144193
0.0135697
0.00891498
0.0131319
0.0154904
0.00924045
0.0139927
0.0140284
0.00967711
0.0116028
0.0119772
0.0111688
0.0114979
0.010822
0.0100696
0.0151036
0.0162258
0.0134999
0.0166362
0.0160343
0.0102688
0.0113326
0.0111306
0.0101175
0.015459
0.0122974
0.0158368
0.0161306
0.0111548
0.0120913
0.0120832
0.0111471
0.015042
0.0138026
0.0155369
0.0114719
0.0115064
0.0124807
0.0110881
0.0119279
0.0110844
0.0120799
0.0111824
0.0114877
0.0174603
0.0120749
0.0170209
0.0163273
0.0116792
0.0166278
0.0129177
0.0188861
0.0165136
0.0168737
0.0134518
0.0128671
0.0172169
0.0167274
0.012212
0.0166358
0.0200762
0.0176702
0.0151271
0.0177979
0.0169708
0.0185931
0.0163653
0.0181903
0.0158815
0.0192679
0.0150326
0.0163733
0.0148533
0.0170963
0.0174469
0.0144496
0.0157743
0.0150876
0.0156462
0.0142455
0.0102774
0.0138644
0.0131439
0.0152861
0.0132025
0.0145307
0.0104361
0.010684
0.0099225
0.014091
0.0111651
0.0116697
0.0116213
0.0119688
0.0160472
0.0129034
0.0163296
0.0145697
0.011548
0.0163983
0.0156836
0.0173568
0.0158973
0.0171807
0.0162704
0.0132737
0.0162687
0.0159024
0.0119796
0.0167939
0.0156506
0.0131659
0.014267
0.012861
0.0118799
0.0170273
0.0166923
0.011622
0.0181576
0.0159613
0.0132511
0.0196825
0.0197399
0.0143455
0.0183188
0.0143365
0.0139344
0.0144487
0.0194741
0.0205309
0.013843
0.0201539
0.0199673
0.0133325
0.0160045
0.0157897
0.013899
0.0153893
0.0158234
0.013724
0.0180241
0.0173335
0.0124347
0.0139707
0.0156285
0.0124262
0.0164182
0.014088
0.0130829
0.0180545
0.0180602
0.0206493
0.0175504
0.0128671
0.0168395
0.0177564
0.0171754
0.0178302
0.0161077
0.0179162
0.0170643
0.0170178
0.0176156
0.0175437
0.0171597
0.0187721
0.0172624
0.0146172
0.014926
0.0140875
0.0127048
0.0175968
0.0166151
0.0181143
0.0174321
0.0182808
0.0174744
0.014012
0.0181706
0.0179254
0.0127303
0.0187717
0.0175077
0.0133697
0.0184618
0.0171395
0.0137084
0.0178562
0.0173278
0.0127173
0.0175908
0.0148848
0.0125038
0.0216886
0.0176368
0.0176015
0.0188611
0.0183938
0.012825
0.0149021
0.0150387
0.0132549
0.0187417
0.0184251
0.0134925
0.0180281
0.0183328
0.0132738
0.0142929
0.0138362
0.0134581
0.0183497
0.0181124
0.0133558
0.0187429
0.0189726
0.0141686
0.0138945
0.0148919
0.0150645
0.0161404
0.0192794
0.0194467
0.0150509
0.0154671
0.0153588
0.0152129
0.0192078
0.0152819
0.0135119
0.0190818
0.0198628
0.0152587
0.0185851
0.0186643
0.017127
0.0187293
0.0184611
0.0127896
0.0182977
0.0189935
0.015057
0.0158714
0.0165328
0.0146392
0.018511
0.0228763
0.0192782
0.0238042
0.0223946
0.0260454
0.0219751
0.0236856
0.0220155
0.0223829
0.023684
0.0215314
0.0174389
0.0213104
0.0223737
0.0202323
0.0210726
0.0232635
0.0211031
0.0182694
0.021436
0.0218475
0.0214188
0.0182814
0.0178365
0.0173918
0.0190846
0.0164316
0.0177864
0.0184735
0.022699
0.0168197
0.0158615
0.0168573
0.0167517
0.0165185
0.0212827
0.0239038
0.0287104
0.018378
0.0208203
0.0205154
0.0203554
0.0211741
0.0242979
0.0240651
0.0222358
0.0222777
0.0295312
0.0239396
0.0249546
0.023597
0.022895
0.0231736
0.0227008
0.0219273
0.0239444
0.0239755
0.0225608
0.0237409
0.0248698
0.0246901
0.0237695
0.0185043
0.0228067
0.0228941
0.0196019
0.0171177
0.0194446
0.0181158
0.0228626
0.0144332
0.0192081
0.0127354
0.0139745
0.0140606
0.0134931
0.0133434
0.0143758
0.0124623
0.0158141
0.0117002
0.0137658
0.0136527
0.0114424
0.0137012
0.0182904
0.0122855
0.0143654
0.0151245
0.0156502
0.0144633
0.02067
0.0219292
0.0211337
0.0154562
0.0175024
0.0171346
0.0161539
0.0160119
0.0164095
0.0157803
0.0142726
0.0135676
0.0189608
0.0248486
0.0213499
0.0139908
0.0141021
0.0148748
0.0139403
0.0131228
0.0134846
0.0141358
0.0158746
0.0120722
0.0154395
0.0132125
0.0136454
0.014993
0.0191702
0.015115
0.0134402
0.014651
0.0144776
0.0136344
0.0147264
0.0150271
0.0138648
0.0195434
0.0196483
0.0181611
0.0187563
0.0204199
0.0170472
0.0182148
0.0186996
0.0180612
0.0136227
0.0146185
0.0156339
0.0129337
0.0137008
0.0188798
0.0184863
0.0193838
0.0179646
0.019006
0.0169501
0.0184039
0.0192541
0.0184235
0.0187372
0.0180762
0.0143878
0.0146977
0.0143893
0.0136482
0.0193028
0.0185599
0.0167962
0.0195784
0.019808
0.0173604
0.0148203
0.0150032
0.0155105
0.0187589
0.0189995
0.0183116
0.0192958
0.0186877
0.0148574
0.0196071
0.017243
0.0134483
0.0141799
0.0150533
0.0131857
0.0190467
0.0184745
0.0171902
0.0174184
0.0183906
0.0133026
0.0149079
0.015822
0.0139449
0.0185123
0.0184603
0.0132382
0.0136393
0.0127299
0.0144975
0.0128601
0.0128391
0.0117843
0.0165602
0.0159437
0.012393
0.0145548
0.0140196
0.0117593
0.0167075
0.0159674
0.0117189
0.0167228
0.0126413
0.0114618
0.0131067
0.011622
0.0117145
0.0166171
0.0174198
0.0115119
0.0137063
0.0123405
0.0131228
0.0131875
0.0195582
0.0125669
0.0142879
0.0142834
0.0128329
0.018736
0.0183849
0.0133028
0.0145392
0.015942
0.0131268
0.014404
0.0169634
0.0162266
0.0126855
0.0143102
0.011772
0.0116408
0.0135739
0.0153746
0.0115942
0.0124144
0.0102743
0.0100588
0.0105788
0.0130825
0.0102533
0.01472
0.0101054
0.0150994
0.0111032
0.0116603
0.0140105
0.0172478
0.0151586
0.0127173
0.014093
0.0126204
0.0140857
0.013291
0.0138374
0.0182399
0.0158641
0.0135949
0.0140441
0.0193399
0.0192842
0.0147465
0.0198417
0.0196505
0.014116
0.0163736
0.0172086
0.014617
0.0159624
0.0161261
0.0148787
0.015589
0.0153879
0.0156133
0.0152786
0.0162938
0.0156801
0.0142196
0.0154824
0.0169216
0.0157688
0.0176606
0.0163924
0.0142259
0.0155528
0.015029
0.0137612
0.0142265
0.0150422
0.0133488
0.018437
0.0186295
0.0133352
0.0141532
0.0146435
0.013921
0.0147477
0.0151206
0.0146358
0.0173179
0.0187608
0.0205675
0.0150822
0.018625
0.0177801
0.0146393
0.0170241
0.0177566
0.0167401
0.0167929
0.0203804
0.0212032
0.0167446
0.0140835
0.0158407
0.0166062
0.0146577
0.0156053
0.0160735
0.0143783
0.0202303
0.020851
0.01582
0.0170759
0.0183493
0.016781
0.018222
0.0185166
0.0169016
0.0180835
0.0171846
0.0162131
0.0165685
0.0203175
0.0163936
0.016782
0.017586
0.0157598
0.0165916
0.0175547
0.0160297
0.0166675
0.0182448
0.0172475
0.0157993
0.0198174
0.0201529
0.0184263
0.0191881
0.0210618
0.0199344
0.0157083
0.0196042
0.0207031
0.017879
0.0192433
0.020116
0.0168562
0.0196574
0.0195687
0.0215925
0.0186972
0.0192042
0.0173616
0.0185954
0.0196951
0.0169837
0.0178929
0.0183065
0.0165934
0.018363
0.0183801
0.0181101
0.0197159
0.0183749
0.0168154
0.0185578
0.019056
0.0182525
0.0194234
0.0206006
0.018149
0.0187244
0.0202459
0.0176984
0.0204081
0.0192436
0.0183918
0.0194152
0.0166207
0.0155397
0.0167303
0.0159867
0.0152598
0.0161042
0.0187785
0.0236815
0.0150702
0.0155025
0.014151
0.0160004
0.0157526
0.014382
0.0199324
0.0208603
0.0150083
0.0196106
0.0205936
0.0190361
0.0206589
0.0209267
0.0165197
0.0165839
0.0176862
0.0172829
0.014834
0.0204786
0.0206909
0.018912
0.020759
0.0225257
0.0197306
0.0165466
0.0205831
0.0212493
0.0192163
0.0150136
0.020994
0.0204415
0.0156414
0.0199364
0.0167232
0.0170387
0.0177262
0.0216228
0.0214007
0.0204892
0.0164353
0.021011
0.0222214
0.0165529
0.0160435
0.0208411
0.0226822
0.0203745
0.0177317
0.017038
0.0163002
0.0165614
0.0165425
0.0212101
0.0213726
0.0215848
0.0183428
0.0226668
0.0233747
0.021858
0.017558
0.0232343
0.0227288
0.0208617
0.0189104
0.0228062
0.0239547
0.02211
0.0183852
0.0224615
0.0250827
0.0221867
0.0258087
0.0245022
0.0250706
0.0243301
0.022551
0.0229292
0.0230977
0.0215937
0.0195902
0.0178963
0.0195323
0.0205637
0.0188879
0.02062
0.0217681
0.0208874
0.0190786
0.0201043
0.0214269
0.0194797
0.0183554
0.0189787
0.0202976
0.0175767
0.0169828
0.0203678
0.0229301
0.0220374
0.0205775
0.0211663
0.0251419
0.0231314
0.0204181
0.0166359
0.0209366
0.0179725
0.0190793
0.0168786
0.0171915
0.0224002
0.0230789
0.0234935
0.019185
0.019813
0.022346
0.0190388
0.0176151
0.0178145
0.0187495
0.019304
0.0162937
0.0183297
0.0180314
0.0198122
0.0159451
0.0193167
0.0197887
0.0177995
0.0141503
0.0205328
0.0209049
0.0177993
0.0147157
0.0156304
0.0158591
0.0138344
0.0141987
0.0190227
0.0195112
0.0176396
0.0141308
0.0193625
0.019417
0.0181297
0.0142572
0.0189798
0.0188218
0.0192595
0.0140941
0.0184642
0.0185589
0.0169569
0.0137594
0.0186423
0.0191876
0.0170576
0.0167791
0.0187699
0.0184133
0.0165214
0.0160855
0.0180809
0.0191223
0.0170975
0.0131888
0.0140933
0.0145843
0.012744
0.0131029
0.0185517
0.0182815
0.0156859
0.0178499
0.0180671
0.0157484
0.0173623
0.0173423
0.0164126
0.0165874
0.0170458
0.0153106
0.0169548
0.0172199
0.0112813
0.0132489
0.0125423
0.010287
0.013671
0.0147172
0.0120555
0.0176507
0.0139726
0.012992
0.0174756
0.0189175
0.0173783
0.0178161
0.0187764
0.0163536
0.0185602
0.0185049
0.016559
0.0180759
0.0178533
0.0167527
0.0185256
0.0168512
0.0170944
0.0175959
0.0172304
0.0171596
0.0179116
0.0169418
0.0179431
0.0190539
0.0179098
0.0134796
0.0143821
0.0154996
0.013805
0.0179433
0.0170604
0.0138913
0.0160071
0.014701
0.0165254
0.0197151
0.0173371
0.015533
0.0183861
0.017077
0.0131713
0.0184873
0.0172428
0.0182721
0.0175309
0.0132989
0.0180966
0.0160954
0.0188303
0.0164509
0.0179909
0.015355
0.0186159
0.0171352
0.0185518
0.0169497
0.0187042
0.0180693
0.0168551
0.0187064
0.0172783
0.0138622
0.0147547
0.0173034
0.0145266
0.0187058
0.0176521
0.0149011
0.018909
0.0185993
0.014379
0.0151511
0.015262
0.0137749
0.0235184
0.0184689
0.0139264
0.0144554
0.0151919
0.0147158
0.014453
0.0153879
0.015731
0.0141831
0.0150447
0.0149915
0.0140263
0.0189453
0.0176716
0.0142053
0.0137077
0.014505
0.0133649
0.0141237
0.0166967
0.0137772
0.0186843
0.0181644
0.0135249
0.0140404
0.0148573
0.0146226
0.0185498
0.0194647
0.0179203
0.0189816
0.019782
0.0178298
0.0188679
0.0195279
0.0176288
0.020365
0.0192179
0.0142653
0.0141163
0.0145701
0.0126287
0.0131562
0.0170258
0.0167784
0.014709
0.0108446
0.0163684
0.0119289
0.0110611
0.0171752
0.0167945
0.0116849
0.0117275
0.0169147
0.0164548
0.0125662
0.0134629
0.0133083
0.0142128
0.0129272
0.0185982
0.0170887
0.0178272
0.0168393
0.0156963
0.0176061
0.0175786
0.0127199
0.0175268
0.0200034
0.0171597
0.0182606
0.0164359
0.0178801
0.017292
0.0123165
0.0137815
0.0136611
0.0127102
0.0144342
0.0132554
0.0129321
0.0131358
0.0131325
0.0126449
0.0134782
0.0131191
0.0124008
0.0130674
0.0132337
0.0123888
0.0129641
0.0158223
0.0118382
0.0131919
0.0163313
0.0157986
0.0168054
0.0160972
0.0118389
0.0164951
0.0157836
0.0114575
0.0162974
0.0148645
0.0113244
0.0159679
0.0152369
0.0191851
0.0167279
0.0127465
0.0120122
0.0170974
0.0159017
0.0172808
0.0160778
0.0158408
0.0147779
0.0119854
0.0129897
0.0120325
0.0133262
0.0126395
0.0115622
0.0165776
0.0116928
0.0165248
0.0152724
0.0165178
0.0156636
0.0169933
0.0161156
0.0173091
0.0157568
0.0170764
0.0161017
0.012311
0.0136654
0.0129823
0.0123936
0.0132317
0.0119825
0.0133728
0.0138966
0.0123359
0.0175329
0.015862
0.0175362
0.0168392
0.0139338
0.0144471
0.0131447
0.0128563
0.0178251
0.0171222
0.0136331
0.0140567
0.0143021
0.0132373
0.018845
0.0187453
0.0148792
0.0189561
0.0177959
0.0122316
0.0141698
0.0156492
0.0124961
0.0167452
0.0158024
0.0114625
0.0164382
0.0151725
0.0121645
0.0159606
0.0120711
0.0115165
0.0180031
0.0157121
0.0177208
0.0162232
0.0122725
0.0174831
0.0142164
0.0186311
0.0171782
0.0177186
0.0170391
0.0130074
0.0145335
0.0132902
0.0146898
0.0125026
0.0131298
0.0178978
0.0128294
0.0147806
0.0131366
0.0140674
0.0184074
0.0176872
0.0143363
0.0179778
0.0168938
0.0128797
0.0141245
0.0146548
0.01222
0.0133593
0.0152441
0.0136774
0.0129022
0.0137592
0.0138474
0.013904
0.0141244
0.0146964
0.0149523
0.019457
0.0205708
0.0152651
0.016573
0.0172046
0.0149819
0.015635
0.0159394
0.014779
0.0186186
0.0161653
0.0157483
0.0168181
0.0162205
0.0147378
0.0146791
0.0162983
0.0153157
0.0153774
0.0166257
0.0152002
0.015432
0.0160616
0.0146732
0.0159456
0.0157948
0.0145748
0.0183975
0.0190607
0.0156061
0.0164559
0.0173597
0.0161721
0.0162539
0.0169874
0.0175356
0.0175024
0.0175702
0.0179341
0.0176334
0.0187857
0.0197426
0.0172319
0.01747
0.0187016
0.0169949
0.0170857
0.0199681
0.0214794
0.0192675
0.0196118
0.0207641
0.0197428
0.0156242
0.0190178
0.0205831
0.0186693
0.0151776
0.0148069
0.0156632
0.0142089
0.0152664
0.0189264
0.0196244
0.0180495
0.0158133
0.0189201
0.0191742
0.0174234
0.0134506
0.0140865
0.0148315
0.0129212
0.0139962
0.0144686
0.0122099
0.0145988
0.0135361
0.0122283
0.0137793
0.0135763
0.0119723
0.0171928
0.0169954
0.0157012
0.0170937
0.0165034
0.0115808
0.0132574
0.0122975
0.0101998
0.0153187
0.0138886
0.0100027
0.0145243
0.0148175
0.00952583
0.0143925
0.0136871
0.00966121
0.00995842
0.0100326
0.00874963
0.0151834
0.0142405
0.00930777
0.00906899
0.0140666
0.0110257
0.0101606
0.0112138
0.0100384
0.0155682
0.0153833
0.0105344
0.0106352
0.0122162
0.0122864
0.0100134
0.0147183
0.0145896
0.0100915
0.0151901
0.0148632
0.0109262
0.0150397
0.0140244
0.0132727
0.0153857
0.0143981
0.0170691
0.0143409
0.014741
0.0148911
0.0144888
0.0145225
0.0142034
0.0155091
0.0141172
0.015412
0.0127863
0.0114058
0.0106615
0.011857
0.0143206
0.0166761
0.0148757
0.0127632
0.0133288
0.0166368
0.0154812
0.0175617
0.0116992
0.0127824
0.0122688
0.0126259
0.0116379
0.0170186
0.0117196
0.0166286
0.0114629
0.0129014
0.0114455
0.0159179
0.0116542
0.0132015
0.0147028
0.0174663
0.0128056
0.0176049
0.0161812
0.0178092
0.0159214
0.0178993
0.0163269
0.01677
0.0166527
0.017173
0.0160696
0.0183902
0.0162493
0.0169255
0.0167826
0.012934
0.0128668
0.0111802
0.0167683
0.014935
0.0162669
0.0158551
0.0128424
0.0171546
0.0151385
0.0167857
0.0162142
0.0165418
0.0170494
0.0164508
0.0155052
0.018467
0.0165065
0.0127771
0.0168661
0.0167306
0.0120988
0.016495
0.0130885
0.0132683
0.0133845
0.0131954
0.0122109
0.0131869
0.0127217
0.0127327
0.0172465
0.0163848
0.0177839
0.017557
0.0129554
0.0125289
0.0175875
0.0152588
0.0125659
0.0180433
0.0171259
0.0133269
0.0180844
0.0165895
0.0189702
0.0174751
0.0135091
0.0183913
0.0179129
0.0189405
0.01722
0.0124941
0.0177554
0.0173732
0.0177797
0.0171447
0.0124795
0.0167295
0.0119039
0.0118868
0.0124817
0.0125275
0.0120134
0.0165662
0.0163372
0.01215
0.0132295
0.0124198
0.0125882
0.0169402
0.0170671
0.0147796
0.0165883
0.0155864
0.0107018
0.0150329
0.0124428
0.0156884
0.0137073
0.0144043
0.0131701
0.0145426
0.0127957
0.0132915
0.0108534
0.0124046
0.00830292
0.012815
0.00801446
0.00941272
0.00857287
0.0107949
0.00987965
0.0149147
0.0122095
0.0159838
0.0113374
0.0114629
0.0164849
0.012371
0.0130244
0.0120706
0.0179601
0.0170488
0.0182626
0.0168864
0.0187831
0.0171835
0.0182519
0.017797
0.0135104
0.0179769
0.017082
0.0118889
0.0168953
0.013635
0.0179009
0.0166667
0.012275
0.0175267
0.0160225
0.0181581
0.0174503
0.0156949
0.0144376
0.0104778
0.0161835
0.0123015
0.0119393
0.0170015
0.01718
0.0134497
0.0171257
0.0166168
0.0183849
0.0169626
0.0154549
0.0177783
0.0159492
0.0176314
0.014378
0.0126784
0.0164652
0.0161493
0.0179255
0.0164146
0.0184022
0.0175438
0.0135121
0.0189201
0.0186485
0.0139299
0.0187583
0.0205978
0.0145446
0.0135851
0.0226479
0.0161782
0.0151676
0.0147914
0.0156263
0.0158555
0.0143882
0.0203569
0.0199009
0.0158222
0.0159384
0.0167487
0.015764
0.0158835
0.0165035
0.0144905
0.0164425
0.0150113
0.0133675
0.0194179
0.0193479
0.0143862
0.0141514
0.0140655
0.0141871
0.0135413
0.0138565
0.0145848
0.012377
0.0167462
0.0170251
0.0138999
0.0132434
0.0207936
0.0145603
0.0148802
0.0152764
0.0192948
0.020496
0.0186037
0.0201235
0.0212785
0.0193654
0.0202616
0.0212841
0.019792
0.0217244
0.0214812
0.0199841
0.0203315
0.0214659
0.0197475
0.0202515
0.0203959
0.0202688
0.0166118
0.0168026
0.0197625
0.0159332
0.0164142
0.0175011
0.016528
0.0161015
0.0203458
0.0213308
0.020208
0.0157762
0.0200474
0.0169572
0.0186114
0.015733
0.0205062
0.0211777
0.0198403
0.015855
0.0153324
0.0153565
0.0214097
0.0221353
0.0207159
0.0168303
0.0212605
0.021687
0.020364
0.0163541
0.0212665
0.0209579
0.020314
0.0161734
0.0174842
0.0173519
0.0176979
0.016084
0.0206854
0.0214929
0.020615
0.016673
0.0211794
0.0224944
0.0225071
0.0210954
0.0212849
0.0226306
0.0238523
0.0179206
0.0182592
0.0192986
0.0185539
0.0187413
0.0218554
0.0191726
0.0209266
0.0205824
0.0211552
0.0212942
0.0208171
0.0186639
0.0168041
0.0161913
0.0175682
0.0149065
0.0154653
0.0143294
0.0139686
0.0131378
0.0176983
0.0181124
0.0169087
0.0142247
0.0137545
0.0142839
0.0149432
0.0130108
0.0134059
0.0133264
0.0139044
0.0125126
0.0130629
0.0139061
0.0132543
0.0119612
0.0172674
0.0180568
0.0172404
0.0136399
0.0127393
0.0128659
0.0117775
0.0173341
0.0178469
0.0200984
0.0148825
0.0126555
0.0174382
0.0179422
0.0171108
0.0135532
0.0140472
0.0148576
0.0132994
0.0132722
0.017928
0.0160954
0.0150205
0.0132492
0.0142412
0.0147445
0.0137591
0.0135517
0.0180783
0.0187021
0.0178704
0.0135299
0.0179756
0.0186353
0.0180362
0.0150384
0.0136712
0.0139922
0.0133436
0.0124754
0.0173523
0.018152
0.0170884
0.0133097
0.0157113
0.0141782
0.0128523
0.0137351
0.0186548
0.0185484
0.0160976
0.0121334
0.0170799
0.0173764
0.0135965
0.0133307
0.0138619
0.0165875
0.0181048
0.0180483
0.0163914
0.0130023
0.0179232
0.017081
0.0154863
0.0193627
0.0186824
0.0168532
0.0171201
0.014724
0.0156282
0.015737
0.013964
0.0130708
0.0151622
0.014376
0.0130397
0.0139906
0.0135862
0.0143946
0.0183327
0.017642
0.0178314
0.019126
0.0182075
0.0165499
0.018636
0.0166452
0.0170984
0.0193663
0.0180613
0.0140279
0.0148069
0.0141872
0.0134826
0.0158627
0.0140186
0.0148022
0.0152605
0.0137379
0.0122262
0.0175146
0.0170258
0.0121279
0.0133351
0.0138316
0.0118611
0.0165232
0.016041
0.0119173
0.0131481
0.0127959
0.0119294
0.0175595
0.0152858
0.0179874
0.0166331
0.0184162
0.0166641
0.0184515
0.0173666
0.0188117
0.0174002
0.0136822
0.0199772
0.0173891
0.0169922
0.0143836
0.0137936
0.0187015
0.0174369
0.0135319
0.0195039
0.0177679
0.0136564
0.0181013
0.0179247
0.0148609
0.017458
0.0161048
0.0119843
0.01482
0.0167211
0.0121702
0.0204441
0.0180245
0.0168154
0.0178284
0.0150653
0.0140237
0.0146666
0.0145941
0.0135416
0.0194805
0.0172909
0.0139306
0.014634
0.0136319
0.0155019
0.0188377
0.0189709
0.0145392
0.0140592
0.0145184
0.0127717
0.0186405
0.0179633
0.0138112
0.0183588
0.0183952
0.0132825
0.017456
0.0135182
0.0118189
0.0131508
0.0127231
0.0121205
0.0169378
0.0153298
0.0116552
0.0129999
0.0115314
0.013041
0.0120641
0.0139308
0.0127598
0.0140423
0.0134698
0.0133533
0.013343
0.019071
0.0181154
0.0140242
0.0199036
0.01952
0.014309
0.0141509
0.0184706
0.0157089
0.0146309
0.0151389
0.0155983
0.0207489
0.018985
0.0189232
0.0143645
0.0148034
0.0143208
0.0133141
0.0149211
0.0146625
0.0133757
0.0195765
0.0191444
0.0142266
0.0149776
0.0158565
0.0143564
0.0197165
0.0203366
0.0145382
0.0190266
0.0194515
0.0142688
0.0203273
0.0205469
0.0158798
0.0156314
0.0156937
0.0151024
0.0163826
0.0172739
0.015379
0.0169566
0.0183895
0.015822
0.016094
0.0171574
0.0143875
0.0156612
0.0159203
0.0147285
0.0208896
0.0206213
0.0153786
0.0200664
0.0202166
0.0184303
0.0199515
0.0196967
0.0184882
0.019673
0.0221821
0.018937
0.0194014
0.0214279
0.0199553
0.0159546
0.0210263
0.0212926
0.0197184
0.0200614
0.0209406
0.0176716
0.0196742
0.0173085
0.0183654
0.0171737
0.0167509
0.0214228
0.0208689
0.019483
0.0163651
0.0201384
0.0218575
0.0202855
0.016791
0.0169321
0.0185075
0.0183175
0.0178927
0.0204858
0.0228168
0.0215836
0.0205579
0.0212393
0.0219653
0.0213607
0.0201892
0.0197277
0.0220941
0.02214
0.0214551
0.0180925
0.0174106
0.0177733
0.0200495
0.0179842
0.0163691
0.0169105
0.0207665
0.0207552
0.0199031
0.0149472
0.0158158
0.0154567
0.0157879
0.0136417
0.0144143
0.0148379
0.0127406
0.0136265
0.0182349
0.0184902
0.0178747
0.013483
0.0167119
0.0163917
0.0153602
0.0121781
0.0156461
0.017351
0.0158312
0.0131551
0.0169961
0.0175444
0.0168751
0.0128003
0.0173082
0.0190888
0.0217676
0.0172695
0.0177625
0.0187246
0.0180292
0.0162802
0.0134571
0.0179567
0.0182249
0.0171749
0.0168142
0.0180624
0.0191159
0.0196843
0.0154423
0.014394
0.0162168
0.0142165
0.0141968
0.0148364
0.0158393
0.0165097
0.0144142
0.0195181
0.0186242
0.0180821
0.0164444
0.0177691
0.0180801
0.0169473
0.0129208
0.0166317
0.015153
0.0147587
0.0137319
0.0130762
0.0182245
0.0184771
0.0173994
0.0137816
0.0183015
0.0187396
0.0178216
0.014574
0.0182906
0.0188552
0.0172766
0.0132493
0.0179562
0.0182987
0.0172613
0.0182227
0.0182685
0.0167363
0.0135476
0.0178681
0.0179911
0.0163021
0.0183145
0.0189471
0.0183194
0.0182799
0.0180665
0.0167361
0.0178669
0.0181537
0.0165292
0.0146348
0.01719
0.0131326
0.0142292
0.0141429
0.0127383
0.0144275
0.0130837
0.0134285
0.017465
0.0180891
0.0164595
0.0177786
0.0179271
0.0137488
0.0140966
0.0138511
0.0127257
0.018211
0.0176671
0.0134365
0.0183077
0.0182692
0.0136647
0.0141579
0.014572
0.0131969
0.017094
0.0184764
0.0122369
0.0133224
0.013332
0.0131567
0.0133876
0.0123443
0.0115246
0.0171922
0.0147095
0.0117064
0.0130282
0.0147518
0.0159202
0.0185363
0.0161084
0.0188036
0.0174832
0.0178538
0.0177329
0.0169058
0.0179658
0.0170951
0.01722
0.0179685
0.012695
0.0156146
0.0162684
0.015159
0.0121585
0.014006
0.0133449
0.0126648
0.017171
0.0166175
0.0176852
0.0176669
0.0131333
0.0188123
0.0181328
0.0168894
0.0195868
0.0173097
0.0136742
0.0148063
0.0133464
0.0136437
0.0141419
0.0143517
0.016338
0.0197512
0.0195081
0.0177034
0.0186782
0.0186413
0.018553
0.0181472
0.0168585
0.0159926
0.0139106
0.0127763
0.0180654
0.0148024
0.0129347
0.0137854
0.0126978
0.0124972
0.0172189
0.0177892
0.0124662
0.0163535
0.0160094
0.0146291
0.0178914
0.017307
0.0149136
0.0172857
0.0166766
0.0147505
0.0171073
0.0162929
0.0128014
0.0153395
0.0127873
0.0121691
0.0173593
0.0164885
0.0125905
0.0175606
0.0165958
0.0131033
0.0170404
0.0164546
0.0126114
0.0136843
0.013711
0.0152469
0.0184502
0.0186933
0.0136009
0.017654
0.0169403
0.012842
0.0181968
0.0174501
0.0118828
0.0171546
0.0163757
0.0120537
0.0169568
0.018414
0.0130137
0.0134685
0.0147295
0.012514
0.0118777
0.0117778
0.0130665
0.0131103
0.0120489
0.0143607
0.0129274
0.0128301
0.0170667
0.016075
0.0121075
0.0135259
0.0169049
0.0126475
0.0138136
0.0129544
0.0124841
0.0176545
0.016782
0.0128254
0.0185489
0.0189794
0.0139425
0.0193456
0.018034
0.0182364
0.0213102
0.019595
0.0148946
0.0161813
0.0177234
0.0150459
0.0200875
0.0191313
0.0150846
0.0161889
0.0156171
0.0150422
0.0198409
0.0186573
0.0154203
0.0157238
0.0185822
0.0145708
0.0152675
0.0157637
0.0141291
0.0201912
0.0185466
0.0150993
0.0188284
0.0195976
0.0144204
0.019231
0.0193059
0.0146262
0.0179852
0.019572
0.0137711
0.01452
0.0152459
0.0140059
0.0190179
0.0185565
0.0173217
0.0188382
0.0185271
0.0140934
0.0140899
0.0151029
0.0132405
0.0140134
0.0142644
0.0125069
0.0180932
0.0184468
0.0167816
0.0134116
0.0147681
0.0123691
0.0137553
0.0139203
0.0127838
0.0141128
0.0133698
0.0131432
0.0180727
0.0179068
0.0135204
0.018414
0.0184111
0.01379
0.0154522
0.0143017
0.0133471
0.0179973
0.0172626
0.0129146
0.0182684
0.0186256
0.0126467
0.0138069
0.0139703
0.0120695
0.0181075
0.0177185
0.0140403
0.0145427
0.0149669
0.0161961
0.0188064
0.019049
0.0177706
0.01415
0.0174452
0.0165743
0.0146127
0.0154172
0.0163822
0.0155467
0.0151482
0.0195345
0.0205094
0.0188326
0.020174
0.0205817
0.0188094
0.0195581
0.0205096
0.0195054
0.0155619
0.0196701
0.0206776
0.0189523
0.0195843
0.0204156
0.0188124
0.0151557
0.0214353
0.0224004
0.022762
0.0220429
0.0262652
0.0208854
0.0206502
0.0162275
0.0259302
0.0210025
0.0223557
0.021224
0.020784
0.0207168
0.0228199
0.01854
0.0154714
0.0178
0.0174674
0.019468
0.0208905
0.0227165
0.0196333
0.0169829
0.0180756
0.0209246
0.023124
0.0234767
0.0248988
0.0210597
0.0246905
0.0238682
0.0176232
0.0182014
0.0220728
0.0181566
0.0158614
0.0189365
0.0228198
0.0234603
0.0176405
0.0163621
0.0179575
0.0181849
0.0176902
0.0148955
0.0169621
0.0180807
0.0172729
0.0164419
0.0165741
0.0164198
0.0153186
0.0152764
0.0144267
0.0154981
0.0157882
0.0147117
0.0196178
0.0209189
0.0191066
0.0148781
0.0145829
0.014698
0.0149002
0.0147594
0.0192558
0.0204819
0.0203719
0.0186052
0.0194671
0.0228755
0.017321
0.0142619
0.0169876
0.0150018
0.0131527
0.0130569
0.0166982
0.0170446
0.0156912
0.0118137
0.0173351
0.0177134
0.0154536
0.0124307
0.0124926
0.0136595
0.0125582
0.0128132
0.0130353
0.0157433
0.014496
0.0126905
0.0134542
0.0176558
0.0178801
0.0175075
0.0138313
0.0187063
0.0193701
0.0191557
0.0177998
0.0189073
0.0206159
0.0189215
0.0150038
0.015723
0.0166449
0.0157553
0.015245
0.0206267
0.0225655
0.019254
0.0188633
0.0203533
0.020859
0.0198728
0.0185499
0.0194315
0.0209277
0.0196676
0.0154554
0.0147251
0.0152562
0.0139514
0.0137523
0.0199267
0.0182412
0.0162997
0.0136176
0.0175087
0.0179883
0.0164565
0.012848
0.0179916
0.0188221
0.0167309
0.018723
0.018977
0.0169816
0.0188037
0.0192295
0.0207064
0.0180105
0.019922
0.0180994
0.0196907
0.0203577
0.0201766
0.0202867
0.0209905
0.0218567
0.0196186
0.0157784
0.0209712
0.0209001
0.0203575
0.0176774
0.0218514
0.0167935
0.0178792
0.0210608
0.02222
0.020909
0.0217249
0.0211929
0.0216357
0.0208328
0.0215907
0.0201586
0.0217481
0.0208249
0.021079
0.0217845
0.024494
0.0207823
0.0173114
0.015996
0.0166053
0.0148651
0.013459
0.0186749
0.0200628
0.0169537
0.0147146
0.0195762
0.0185287
0.0153785
0.0170574
0.018338
0.0150471
0.0187931
0.0195127
0.017484
0.0183109
0.0192162
0.0190636
0.0174431
0.0181532
0.018935
0.019058
0.018771
0.0211926
0.0203427
0.0177113
0.0197999
0.0191179
0.0190725
0.0198086
0.0215221
0.015983
0.0194376
0.0173023
0.0161706
0.0197867
0.0202809
0.0188144
0.0154029
0.0214721
0.0202387
0.020399
0.0159265
0.0208884
0.020837
0.01926
0.0208966
0.0209595
0.0191731
0.0203722
0.0209334
0.0193832
0.0207644
0.0220605
0.0195549
0.0216946
0.0213558
0.0196231
0.0204242
0.0203536
0.0194348
0.0198946
0.020604
0.0180163
0.0187673
0.0194627
0.0172512
0.0187492
0.0200357
0.0184631
0.0144233
0.0151161
0.0151227
0.014167
0.0192961
0.0198939
0.0183931
0.018611
0.0192714
0.0177469
0.0207927
0.0187604
0.0279916
0.0161643
0.0159854
0.0148775
0.0151615
0.0149545
0.0147436
0.0160862
0.0147651
0.015248
0.0217675
0.0208311
0.0195277
0.0151093
0.0215056
0.0207389
0.0197347
0.0214245
0.0205805
0.01959
0.0202733
0.0202673
0.0197136
0.0186751
0.0189887
0.0138403
0.0194177
0.0179436
0.0166691
0.0196836
0.0156974
0.0121698
0.0167348
0.0131442
0.0131583
0.0118917
0.014059
0.0105599
0.0163383
0.0148814
0.0148097
0.013671
0.0151777
0.0145614
0.0102738
0.0119161
0.0108733
0.0123616
0.0116916
0.0134295
0.0121134
0.0141766
0.0128659
0.0146917
0.0137893
0.0141684
0.0138519
0.0151485
0.0136035
0.0135478
0.0179924
0.0175723
0.0196501
0.0176067
0.0137838
0.0189221
0.0183646
0.013374
0.0189688
0.0181483
0.0141221
0.0196391
0.0187586
0.014803
0.0198877
0.0195287
0.0178748
0.0145334
0.0151126
0.0155018
0.0166468
0.0147101
0.017016
0.0181898
0.0155037
0.0185511
0.0186957
0.0158692
0.0199972
0.0193794
0.0142824
0.0171345
0.0149846
0.0136486
0.0147404
0.0140009
0.0137956
0.0194839
0.0181311
0.0143572
0.019459
0.0183688
0.0155601
0.0198337
0.0187178
0.0145489
0.0183907
0.0168847
0.0132618
0.0170161
0.0163339
0.0120712
0.0166495
0.015
0.0170456
0.0175364
0.0138728
0.0164479
0.0157118
0.0117271
0.0125683
0.0119327
0.0137459
0.0181443
0.0157277
0.0151834
0.0170643
0.0180408
0.0132438
0.016124
0.0162188
0.0165094
0.018928
0.0188405
0.0160194
0.0167352
0.0146717
0.0129987
0.0179581
0.0179615
0.0132903
0.0145959
0.0150159
0.017055
0.0142146
0.0196663
0.0196408
0.0183441
0.0192775
0.0179383
0.015885
0.017737
0.0177468
0.0163802
0.022984
0.023017
0.0294741
0.0211118
0.0225
0.021454
0.0179049
0.0263363
0.0232193
0.0225491
0.0228016
0.0239804
0.0219976
0.0224819
0.0237076
0.0210422
0.020984
0.0218643
0.0192954
0.0149091
0.0190926
0.0191189
0.0156315
0.0185621
0.0176636
0.0164014
0.0188024
0.0169077
0.0159369
0.0174448
0.0169702
0.0150458
0.0127819
0.0122422
0.0116478
0.0131269
0.0138405
0.0135375
0.0136999
0.0149752
0.0163449
0.0164873
0.0171068
0.0171133
0.0170356
0.0215081
0.0234733
0.0216907
0.0215175
0.0211441
0.0185029
0.0175266
0.0174915
0.018646
0.0182748
0.0168281
0.0167963
0.0172914
0.0167031
0.0176322
0.0183298
0.0165876
0.0167032
0.0179541
0.0163913
0.0166886
0.0165719
0.017254
0.0169494
0.0157844
0.020733
0.0216659
0.0204423
0.0155977
0.0167525
0.0179601
0.0169472
0.0153175
0.0161878
0.0172597
0.0163996
0.0149403
0.0166098
0.0168847
0.0156437
0.0154241
0.0155353
0.0157583
0.0135913
0.0149114
0.0197214
0.0201893
0.0201673
0.0190121
0.0161964
0.0199206
0.021017
0.0212468
0.0204405
0.0177091
0.0191197
0.0197194
0.0178991
0.0160659
0.0182439
0.0168053
0.0186023
0.0214158
0.0168618
0.0170739
0.0177329
0.0247941
0.0237381
0.0178791
0.0178323
0.0185874
0.0205779
0.0205177
0.01779
0.0179383
0.0175489
0.0209678
0.0179587
0.015651
0.0194051
0.0207068
0.0217199
0.0211967
0.0207403
0.019364
0.020099
0.0213633
0.0217912
0.0196893
0.02103
0.0194567
0.0205577
0.0198214
0.0187058
0.0187808
0.018477
0.0199054
0.0199122
0.0175815
0.017967
0.0198113
0.0193382
0.019705
0.0179119
0.0182845
0.0132756
0.0149722
0.0163873
0.015574
0.0136751
0.0137221
0.0188276
0.0190518
0.0183646
0.0149955
0.0152558
0.0161073
0.0160188
0.0139302
0.0143531
0.015489
0.0157946
0.0144899
0.0136442
0.0151074
0.0151599
0.0158336
0.0134005
0.0183353
0.0183481
0.017125
0.0120508
0.0135919
0.013863
0.0123035
0.0118992
0.0174201
0.0166756
0.0159458
0.0120961
0.0177141
0.0170367
0.0150262
0.0131829
0.0182676
0.0180902
0.0161099
0.0123418
0.0181947
0.0182277
0.0166952
0.0190364
0.0193966
0.0175318
0.0189195
0.0193846
0.0172497
0.0190093
0.0194397
0.0149926
0.0189921
0.0193932
0.0175264
0.018614
0.0188791
0.0168684
0.0183376
0.0190142
0.0160606
0.0172069
0.0173621
0.0123526
0.0184398
0.0180477
0.0127577
0.0178074
0.0164231
0.01276
0.0172295
0.0147737
0.0150843
0.0172064
0.0164905
0.0213944
0.0168488
0.0169206
0.0121691
0.0183759
0.0173948
0.0129166
0.0142512
0.013805
0.0136189
0.0138826
0.0136179
0.0126624
0.0185819
0.0169669
0.0128886
0.014184
0.013546
0.0123743
0.0176318
0.0173424
0.0178705
0.0173168
0.017584
0.0167099
0.0122628
0.014121
0.0133036
0.013861
0.0133758
0.0124259
0.013287
0.012231
0.0121432
0.0178749
0.0157804
0.0169635
0.0169369
0.0119626
0.0133684
0.01239
0.0119862
0.0135227
0.0128022
0.0136982
0.0133674
0.0122393
0.0172999
0.0183534
0.017977
0.0177632
0.0154625
0.0179388
0.0170642
0.0133559
0.017706
0.0167026
0.0127225
0.0136498
0.0179122
0.0138686
0.0176165
0.0193233
0.0179214
0.0174055
0.0201755
0.0189673
0.0147871
0.0199089
0.0192299
0.0138554
0.0191134
0.0196921
0.0141503
0.0180992
0.0184733
0.0178393
0.0188907
0.0186084
0.0156157
0.0172145
0.0153007
0.0131241
0.0148431
0.0138716
0.0125497
0.0145317
0.0139915
0.0128789
0.0177064
0.0167374
0.0172164
0.0191689
0.0180803
0.0130429
0.0129571
0.0146402
0.0145194
0.0150646
0.0181948
0.017117
0.0182724
0.0171331
0.0134025
0.0129873
0.0138383
0.018055
0.0165077
0.0179227
0.0178114
0.0221756
0.0173805
0.017566
0.0118705
0.0127039
0.0131183
0.0116344
0.0171611
0.016907
0.0121765
0.0126236
0.0131412
0.0127451
0.013043
0.0130651
0.0117283
0.0173978
0.0174928
0.0129665
0.0178411
0.0176253
0.0157613
0.0186419
0.0184755
0.0135334
0.0173072
0.0176529
0.013922
0.0135351
0.0139447
0.0125132
0.0135141
0.0136206
0.0122709
0.0165965
0.0166234
0.0127153
0.017406
0.0150688
0.0121298
0.0130402
0.0134268
0.0119153
0.0116774
0.0181067
0.0167767
0.0120534
0.0176229
0.0174693
0.0142226
0.0168183
0.0159598
0.0150024
0.0166743
0.0151585
0.0133587
0.0153781
0.0142834
0.0096046
0.0141047
0.0126977
0.014161
0.01485
0.00933256
0.0131361
0.0149722
0.0132386
0.0147285
0.0133063
0.00992673
0.0109695
0.0106722
0.0109589
0.0157226
0.0153966
0.0117966
0.0171785
0.0169548
0.0122409
0.0182599
0.0174235
0.017206
0.018865
0.0188149
0.0129654
0.019014
0.0176025
0.0169997
0.0182159
0.0167952
0.0131995
0.0142593
0.0116937
0.012711
0.0170316
0.0166191
0.0125952
0.0136467
0.0141405
0.0122827
0.016982
0.0164038
0.0123758
0.0178656
0.0177284
0.0133035
0.0186743
0.0185905
0.017706
0.0201702
0.0194448
0.0203911
0.019825
0.0197416
0.0188117
0.0208408
0.0177839
0.0155696
0.0156798
0.0147261
0.0144105
0.0199695
0.0170476
0.0142083
0.0187204
0.01689
0.01295
0.0177458
0.0167585
0.0122183
0.0172513
0.0165242
0.0128085
0.0179504
0.0167298
0.0132609
0.0183154
0.0165417
0.0135449
0.0138714
0.0150019
0.0134174
0.0177015
0.0168805
0.0128743
0.0174704
0.0174084
0.0124172
0.0185958
0.0170519
0.0131386
0.0177051
0.0177933
0.0124198
0.0173336
0.0166655
0.0162379
0.0187391
0.0176587
0.0162653
0.0181619
0.0181503
0.0173384
0.0184888
0.0178506
0.0171666
0.0188488
0.0173958
0.0163273
0.0175376
0.0147063
0.0163389
0.0189826
0.0176485
0.0178878
0.0176099
0.017681
0.016186
0.0144648
0.0153989
0.0140875
0.0147479
0.0153053
0.0142217
0.0153954
0.0150808
0.0139811
0.0159639
0.0148595
0.0137154
0.0188496
0.0185304
0.0134625
0.0188034
0.0191698
0.0169954
0.018587
0.0184166
0.0171803
0.017731
0.0181009
0.0195909
0.0174277
0.0193349
0.0191893
0.0184154
0.0151765
0.0154349
0.0138754
0.0177517
0.0157156
0.0132638
0.0157289
0.0147207
0.0132747
0.0188755
0.0182511
0.0169618
0.0205467
0.0193876
0.0180888
0.0197062
0.0181075
0.0184396
0.0209197
0.0203686
0.0182297
0.0221656
0.0202091
0.0210317
0.0146438
0.0175061
0.0228664
0.0185896
0.0197968
0.0217432
0.0162148
0.020759
0.020877
0.0208908
0.0209514
0.0212968
0.0198056
0.0199808
0.0219974
0.0197206
0.0158377
0.0213683
0.0229779
0.0187146
0.0202284
0.0215953
0.0171298
0.0163484
0.017107
0.0159249
0.0172211
0.0167497
0.015088
0.0158545
0.0178135
0.0154662
0.015455
0.0164988
0.0160543
0.0152106
0.0200563
0.0214248
0.0195799
0.0197898
0.0223734
0.0193751
0.0201218
0.0201373
0.0179375
0.0138267
0.0181897
0.0190079
0.0152112
0.0195278
0.0201282
0.0151928
0.0194022
0.0201081
0.0185005
0.0189219
0.0195369
0.0186298
0.0146361
0.0194466
0.0184209
0.0175284
0.0136411
0.0183683
0.0187178
0.0164152
0.0176018
0.0172844
0.0151966
0.0172905
0.0170276
0.0141495
0.0179053
0.0144766
0.011917
0.0134107
0.0135431
0.0202503
0.019301
0.0176559
0.0164858
0.0182835
0.0171018
0.0153743
0.0160213
0.0164221
0.0120285
0.0161769
0.0180938
0.012524
0.014235
0.0174864
0.0168595
0.0177113
0.0156163
0.0179661
0.0139644
0.014243
0.0140935
0.0133542
0.0138231
0.0140206
0.0138564
0.0139446
0.0190048
0.0204078
0.0180953
0.0142378
0.0150694
0.01604
0.0139112
0.0149142
0.018702
0.0192737
0.0186804
0.0149007
0.0152831
0.0191475
0.020691
0.0181171
0.0146188
0.0142481
0.0183588
0.0170818
0.0207826
0.019617
0.0211461
0.0199529
0.014636
0.0192191
0.0194509
0.019115
0.0147748
0.019968
0.0170402
0.015918
0.013709
0.0147978
0.0172858
0.0144885
0.0134027
0.0144944
0.0150433
0.0138028
0.0145205
0.016218
0.0178212
0.0150088
0.015094
0.0214687
0.0198291
0.0174388
0.0169902
0.0180146
0.0188315
0.0164876
0.0168864
0.0165508
0.0160382
0.0172996
0.0176036
0.0147421
0.0152627
0.0167426
0.0183934
0.0163147
0.0181042
0.0191859
0.0160693
0.0180261
0.0215222
0.0191102
0.0167564
0.0178204
0.0186007
0.0173246
0.0163502
0.0195876
0.0225321
0.018937
0.0152796
0.0195678
0.0201968
0.019695
0.0193288
0.0201168
0.0190895
0.0192792
0.0162941
0.0207501
0.0217581
0.01798
0.015427
0.0217585
0.0198625
0.018563
0.0153773
0.0195523
0.0205994
0.0181386
0.0145001
0.0199611
0.0205466
0.0197211
0.016212
0.0159358
0.0159741
0.0199759
0.0218016
0.0202845
0.0168539
0.0203245
0.021903
0.0209089
0.0169426
0.02077
0.023677
0.0207737
0.0197802
0.0203733
0.0220652
0.0178432
0.0164197
0.0203612
0.0202813
0.0181679
0.0147808
0.0178792
0.0186805
0.0166512
0.0130749
0.0193644
0.0205584
0.01723
0.0181597
0.0185043
0.0168439
0.0131631
0.0128331
0.0140113
0.0122148
0.0148824
0.017045
0.0164665
0.0153665
0.0117242
0.0131228
0.0122503
0.0144495
0.0175397
0.0169095
0.0152995
0.0173214
0.01708
0.0124513
0.0137273
0.0154932
0.0125274
0.0181243
0.0193745
0.0164865
0.0193705
0.0189746
0.017124
0.01861
0.0187777
0.0178567
0.0182527
0.0190657
0.015703
0.0165646
0.0168073
0.0168652
0.0206627
0.0189059
0.016988
0.0188662
0.0182421
0.0135125
0.0188314
0.0173168
0.0137861
0.0172991
0.0166283
0.0132946
0.012338
0.0136293
0.0159225
0.0118652
0.0131897
0.0127548
0.0140242
0.0160707
0.0142364
0.0135797
0.0170996
0.0148356
0.0144038
0.0152259
0.0174662
0.0161822
0.0168725
0.017165
0.0160016
0.0174879
0.0183285
0.0167353
0.0215785
0.0194007
0.0239432
0.0202866
0.0220808
0.0205335
0.0182723
0.0212288
0.0222401
0.0209811
0.0175687
0.0215411
0.0219998
0.022501
0.0176145
0.0179209
0.0196352
0.0181863
0.0207175
0.0219098
0.0238399
0.0237232
0.0227906
0.0230377
0.0258091
0.0239133
0.0199929
0.022933
0.0248264
0.0227397
0.0223567
0.0230292
0.0260521
0.0266214
0.0236322
0.0234918
0.0228738
0.0236162
0.0245829
0.0243964
0.0226701
0.022623
0.0246945
0.0249533
0.0216553
0.0221519
0.0236336
0.0208049
0.0176302
0.0201298
0.0219112
0.0227694
0.0214278
0.0203068
0.0214412
0.0216889
0.0219165
0.0162356
0.0161807
0.0184524
0.0197852
0.0158058
0.0159618
0.0164467
0.0153636
0.0156405
0.0204596
0.017012
0.0176651
0.0155924
0.0150137
0.0166656
0.0156764
0.0143963
0.01502
0.0167744
0.0159702
0.0148385
0.01556
0.0164991
0.0162248
0.0148853
0.0149917
0.0181818
0.0193547
0.0192696
0.0190921
0.0184379
0.0188629
0.0186847
0.0148077
0.0147086
0.015586
0.0145697
0.00950393
0.0141367
0.0128799
0.0137816
0.00667293
0.00740317
0.00873143
0.0115407
0.0122487
0.0142563
0.00893364
0.00851705
0.00868442
0.014495
0.0100774
0.0113834
0.010634
0.0182875
0.0180195
0.0164126
0.0210806
0.0208366
0.0210194
0.017691
0.0180759
0.020136
0.0196518
0.0193878
0.0201677
0.0217603
0.0244031
0.0199962
0.0235074
0.0247907
0.0280247
0.0195726
0.0225302
0.0238702
0.0215744
0.01931
0.0197363
0.0211043
0.0194352
0.0180118
0.0188192
0.0213822
0.0209899
0.0203778
0.0219369
0.0239756
0.0255667
0.0224484
0.0247966
0.027062
0.0253004
0.0245755
0.0241228
0.0260695
0.0222168
0.017941
0.0222883
0.0237428
0.0199965
0.0181278
0.0179116
0.0206248
0.0221372
0.0199466
0.0149544
0.0178914
0.0192919
0.0176096
0.0185669
0.0176603
0.0190061
0.0176195
0.0175698
0.0198799
0.0172159
0.0142569
0.0178991
0.0162219
0.0128517
0.0114655
0.0150461
0.0125124
0.0106985
0.0130515
0.0122066
0.0121359
0.0123063
0.0117785
0.0168618
0.0173941
0.0156692
0.0113516
0.016517
0.0159369
0.0119891
0.0168454
0.0142693
0.0131704
0.0138145
0.0120456
0.0124345
0.0126239
0.0124967
0.0129483
0.0162019
0.0140986
0.0172303
0.0177064
0.0165798
0.0217649
0.0235852
0.0248846
0.0209313
0.0179961
0.0221101
0.0237016
0.0229627
0.0204391
0.01662
0.0192488
0.0210745
0.0200319
0.0180009
0.0143266
0.0191976
0.0183124
0.0143869
0.0195627
0.0209535
0.0188163
0.0194466
0.019393
0.019357
0.0152114
0.0152079
0.0165355
0.0153263
0.0132043
0.0186747
0.0160259
0.0112877
0.0126874
0.0135917
0.0126614
0.0176036
0.0185651
0.0190237
0.0178628
0.0167903
0.0187309
0.0173211
0.0179497
0.0182276
0.019337
0.0203137
0.0207872
0.0160301
0.0163519
0.0178069
0.0175768
0.0189477
0.0205645
0.0240147
0.0194228
0.0186905
0.0181165
0.0200365
0.0210623
0.0175368
0.0177569
0.0197784
0.0187139
0.016171
0.0165368
0.0171247
0.0161273
0.0157762
0.0195541
0.0191941
0.0188311
0.0163367
0.0191026
0.0165051
0.0127515
0.0177573
0.0178918
0.015908
0.0128075
0.0153826
0.0171522
0.0103404
0.0109878
0.0100099
0.014711
0.0103152
0.0163272
0.00962698
0.0173294
0.0106491
0.0126123
0.00854596
0.0137079
0.010062
0.0141023
0.00948242
0.0135937
0.00815071
0.0117161
0.00886487
0.0112411
0.0108062
0.00818047
0.00870311
0.0117704
0.0229317
0.0143898
0.0181428
0.0200569
0.0176061
0.0142849
0.0179894
0.0219763
0.0206983
0.0169096
0.0164126
0.0176927
0.0192361
0.0175329
0.0181284
0.0162896
0.0174807
0.0162897
0.0152522
0.0156802
0.0174194
0.0154925
0.0156918
0.0211293
0.0200756
0.0187904
0.0143793
0.0182108
0.0198505
0.0157262
0.0144028
0.0131604
0.0139944
0.0122918
0.0131583
0.0130007
0.0125852
0.0173412
0.0166864
0.0127064
0.018473
0.0169961
0.0134235
0.0178005
0.0171014
0.0128556
0.0180703
0.0165495
0.0132268
0.0176127
0.0172826
0.0129416
0.0153966
0.0140096
0.0143593
0.0132319
0.0177323
0.0180011
0.0172641
0.0181257
0.0179009
0.0132003
0.0140003
0.014272
0.0133303
0.0145638
0.0141254
0.0139546
0.019261
0.0183992
0.0167916
0.0191582
0.0185144
0.0143265
0.0157703
0.0151769
0.0140403
0.0178853
0.0160183
0.0147227
0.0152394
0.0177072
0.0180157
0.0192543
0.0192898
0.0171075
0.0189017
0.0195082
0.0182095
0.0179326
0.018391
0.0168397
0.0186871
0.0178687
0.0163345
0.0173023
0.0173316
0.0156849
0.0158696
0.0158368
0.0149934
0.0167341
0.0163781
0.0125913
0.0118887
0.0118685
0.0118824
0.0171431
0.0161152
0.0119441
0.0169533
0.0163856
0.0132028
0.0173565
0.0171163
0.0121945
0.0136865
0.0148198
0.0161981
0.0169374
0.0183941
0.0135822
0.0142593
0.013733
0.0131031
0.0198825
0.0181949
0.0166164
0.0176999
0.0179411
0.0147047
0.014234
0.0140434
0.0132175
0.0153913
0.0138864
0.0136302
0.018375
0.0166246
0.0133268
0.0165355
0.0174489
0.0128802
0.0151017
0.0164265
0.0161162
0.0161998
0.0154901
0.0155639
0.0170857
0.0147397
0.011667
0.0128347
0.0135403
0.0115604
0.0152612
0.0148389
0.00970618
0.0136249
0.0130278
0.00976437
0.00996861
0.0112063
0.0163562
0.0145154
0.0107426
0.0142802
0.0128996
0.0141564
0.0125822
0.0160031
0.017733
0.0163148
0.0153755
0.0166843
0.0157005
0.0171609
0.015486
0.011699
0.0164093
0.0141296
0.0133601
0.0147117
0.0132916
0.0126474
0.013447
0.0134058
0.0123437
0.015835
0.0155159
0.013884
0.0130465
0.0125588
0.0183902
0.0165642
0.0130786
0.0173084
0.0161821
0.0179613
0.0165632
0.0177399
0.0171195
0.0132905
0.0180169
0.016974
0.0129467
0.0177376
0.0163363
0.0126465
0.0181671
0.0163419
0.0176377
0.0167593
0.012938
0.0174163
0.0148608
0.0131511
0.0167649
0.0127227
0.0127341
0.0173052
0.0165592
0.0127249
0.0176252
0.0167565
0.0126242
0.0178559
0.0206183
0.0172931
0.0194286
0.0179117
0.0131473
0.016365
0.0147717
0.0133244
0.0137487
0.0132328
0.0124654
0.0173837
0.0169011
0.0127302
0.0180061
0.0174931
0.0166361
0.0167431
0.0159655
0.01689
0.0161051
0.0151515
0.0158302
0.0174895
0.0153597
0.0112756
0.0161013
0.0148934
0.0107426
0.0121608
0.011439
0.0124645
0.0112171
0.0112395
0.0161008
0.0148918
0.0110102
0.0135169
0.0108018
0.010946
0.0165444
0.0151255
0.0112551
0.0126482
0.0117357
0.0115083
0.0170087
0.0160755
0.0123139
0.0134587
0.0149249
0.0125841
0.0140758
0.0124984
0.0138401
0.0176282
0.0167541
0.0132538
0.0139587
0.0139538
0.0122613
0.0180331
0.0166016
0.0132252
0.0180817
0.0170437
0.0115534
0.0164696
0.0157915
0.0126657
0.0121098
0.0144591
0.0122328
0.0119639
0.0116881
0.0110588
0.0127973
0.011764
0.0108432
0.0158914
0.0143837
0.0103753
0.016828
0.0149945
0.0120142
0.0130067
0.0122888
0.0103307
0.0158141
0.0119868
0.0103648
0.0144533
0.00943476
0.0122704
0.00877128
0.014275
0.00820538
0.00824042
0.00925656
0.0132928
0.0095562
0.0144254
0.0102416
0.0153137
0.0126516
0.0156206
0.0143333
0.0158348
0.0144894
0.015434
0.0145723
0.0108232
0.0156253
0.0145979
0.0114933
0.0154449
0.0138639
0.0168648
0.0154639
0.0164836
0.015658
0.0166667
0.0154958
0.0159964
0.0170795
0.014964
0.012446
0.0120487
0.0108152
0.0116205
0.0163683
0.0158856
0.01195
0.0168654
0.0152976
0.0121429
0.0162928
0.0151218
0.0118798
0.0161755
0.0159321
0.0141591
0.0186519
0.0165698
0.0160304
0.0162834
0.0146929
0.0123881
0.0165936
0.0149979
0.0168291
0.0162671
0.0130768
0.0173331
0.0163618
0.0125395
0.0162959
0.0152213
0.012274
0.0161624
0.016003
0.0181306
0.0163079
0.0134215
0.0114491
0.0164074
0.0166556
0.0120551
0.0165075
0.0150306
0.0113904
0.0164228
0.0147003
0.0117622
0.0158883
0.0158267
0.0112217
0.0168512
0.015608
0.0122574
0.0161808
0.0155271
0.0160324
0.0156031
0.0113639
0.0165101
0.0156978
0.0126711
0.0173993
0.0162188
0.0127805
0.0177103
0.0167808
0.0144669
0.0180925
0.0170082
0.0132847
0.0178221
0.016575
0.013249
0.0179467
0.0163878
0.0132942
0.0112871
0.0109142
0.0106317
0.015065
0.0142396
0.0150331
0.0140117
0.0157999
0.015802
0.0104477
0.0154754
0.01386
0.0151016
0.0139938
0.0151332
0.0143951
0.0146358
0.010559
0.0155279
0.0153636
0.00960919
0.0146778
0.0133914
0.0100479
0.0151348
0.0121505
0.0149372
0.0144972
0.0159045
0.0148988
0.0113924
0.0158844
0.0148446
0.0109383
0.0154586
0.0135921
0.0156755
0.01512
0.0109122
0.0143938
0.0104476
0.0107082
0.0159441
0.0142176
0.0152099
0.0146247
0.0155497
0.0145553
0.0158455
0.0151563
0.0117146
0.0160493
0.0119586
0.016658
0.0152465
0.0169769
0.0137071
0.0161091
0.0156324
0.0168384
0.0153456
0.0176709
0.014582
0.0157048
0.0141987
0.0101335
0.0102083
0.00955743
0.0104614
0.0093538
0.0105065
0.00919483
0.0125826
0.0124631
0.010537
0.00963472
0.0110085
0.0143036
0.0163912
0.0102509
0.0109465
0.00995415
0.0110794
0.009676
0.0107984
0.010017
0.0152433
0.0104586
0.0114565
0.0106395
0.0117234
0.0112963
0.0159687
0.0142711
0.0149785
0.0119646
0.0112525
0.0149228
0.0131308
0.0124385
0.0128207
0.0112252
0.0165728
0.0141113
0.0119757
0.0130506
0.0120646
0.0142271
0.0133482
0.0215061
0.0156644
0.0167873
0.0126838
0.0168438
0.0159821
0.0171668
0.0165363
0.0169978
0.0160792
0.0169901
0.0162848
0.0166516
0.016029
0.017098
0.0160003
0.0170102
0.0166659
0.0154397
0.0186459
0.016645
0.0174934
0.0167688
0.0133622
0.0175542
0.0163927
0.0180358
0.0177781
0.0163885
0.0172871
0.0179893
0.0161743
0.0180177
0.0174739
0.011934
0.0173625
0.0165764
0.0125127
0.0181172
0.0184661
0.012181
0.0132294
0.0130282
0.0119115
0.0136674
0.0167087
0.0123011
0.0137243
0.0123988
0.0115881
0.0122277
0.0131933
0.0112337
0.0159796
0.0148097
0.0107774
0.0118264
0.0135422
0.0104257
0.0113229
0.0103056
0.0104499
0.0151088
0.0140551
0.010272
0.0154343
0.0142451
0.0157896
0.014194
0.0206051
0.0207523
0.0214398
0.0206629
0.0219314
0.022248
0.0230756
0.0227487
0.0234868
0.0238577
0.0248019
0.0238509
0.0242416
0.0239291
0.0244321
0.0240908
0.0242214
0.0219115
0.0215446
0.0229914
0.0201472
0.0213498
0.0204712
0.0192941
0.0935416
0.0209098
0.0213468
0.0222207
0.0184443
0.0179865
0.0220241
0.0237905
0.0236382
0.020825
0.0210691
0.0216777
0.020385
0.0199009
0.0159362
0.0196228
0.0179659
0.0176038
0.0180671
0.0191022
0.0183977
0.0192284
0.0179772
0.0207599
0.0187427
0.0182355
0.0187044
0.0210144
0.0205616
0.0205822
0.0199976
0.0204271
0.0234198
0.0232298
0.0208276
0.0209882
0.025971
0.0253082
0.0261508
0.0259962
0.0218578
0.0240873
0.0264434
0.0276278
0.0236195
0.0233679
0.0276823
0.0272277
0.0278798
0.0256611
0.0237256
0.024511
0.0272745
0.0288055
0.024266
0.0222747
0.0232377
0.0241224
0.025485
0.024034
0.0222723
0.0232323
0.0260318
0.0279005
0.0266382
0.0323844
0.0254754
0.0214312
0.0224364
0.0208764
0.0224628
0.0221415
0.0239899
0.0221348
0.0212206
0.0211717
0.0252779
0.026075
0.0262328
0.0251474
0.0246484
0.0209679
0.0204411
0.0247622
0.025029
0.0245693
0.0243172
0.0227364
0.0194397
0.0234826
0.0256396
0.0256059
0.0238838
0.0230187
0.0191997
0.0190202
0.0179941
0.0186113
0.02029
0.0206302
0.0200367
0.0199191
0.0190518
0.0187118
0.018271
0.0187879
0.0185093
0.0190063
0.0205732
0.0207434
0.0208959
0.0182384
0.0189968
0.0226708
0.0240147
0.0259032
0.0252985
0.022584
0.0198719
0.0195043
0.0206172
0.0224602
0.0204423
0.019345
0.0191609
0.0185594
0.0192182
0.0192278
0.0190643
0.0168197
0.0165269
0.0158761
0.0164824
0.0165878
0.0158568
0.0178765
0.0176441
0.0219533
0.0224702
0.0242273
0.0226697
0.0265984
0.018463
0.0216732
0.0240553
0.0243334
0.0224119
0.0195627
0.0207259
0.0207916
0.0209021
0.0209543
0.0207993
0.0219437
0.0228836
0.0241068
0.021723
0.0234295
0.0227948
0.0237278
0.024024
0.0245722
0.022622
0.021723
0.0198207
0.0191725
0.0197955
0.0198275
0.0192994
0.0185838
0.0182491
0.0184696
0.0174434
0.0177012
0.0172572
0.016886
0.0179271
0.018719
0.0190486
0.0186545
0.017815
0.0171681
0.0208774
0.0228409
0.0222567
0.0218998
0.0206084
0.0183827
0.0211698
0.0210653
0.0216549
0.0209818
0.0197464
0.0203714
0.0205142
0.0214144
0.0214577
0.02139
0.0215154
0.0209595
0.0212581
0.0208048
0.021242
0.0222354
0.0220732
0.0216571
0.0207855
0.0208092
0.0222288
0.0217667
0.0210844
0.019806
0.0207111
0.0217894
0.021491
0.0215835
0.0219011
0.0216046
0.0169008
0.0174751
0.0189639
0.018677
0.0183685
0.0175909
0.0180619
0.0184767
0.0201176
0.0208673
0.0202918
0.0189765
0.0189441
0.0199017
0.0186003
0.0193737
0.0238648
0.0241927
0.0266358
0.0260146
0.0242902
0.023467
0.0210399
0.0207129
0.0216254
0.0208739
0.0201309
0.0196821
0.0198719
0.0210671
0.0218687
0.0213586
0.0209804
0.0209487
0.0227803
0.0218119
0.0234023
0.0234892
0.0224743
0.0209385
0.0206906
0.0204269
0.0195764
0.0196805
0.0244333
0.0252596
0.0252039
0.0250105
0.0228884
0.0199082
0.0196633
0.0207065
0.0208421
0.0207858
0.0194752
0.0197488
0.0242834
0.0264166
0.0268207
0.0254898
0.0231417
0.0206218
0.0241522
0.0250554
0.0251469
0.0248322
0.0215718
0.0176911
0.0215805
0.0253793
0.0235955
0.0237975
0.0216457
0.017659
0.023169
0.0217958
0.0216413
0.019631
0.0181722
0.0141952
0.0142093
0.0150831
0.0141793
0.0135522
0.01371
0.0147824
0.0157048
0.0159907
0.0150692
0.0147666
0.0138153
0.0146576
0.0150905
0.0146986
0.0151293
0.0147184
0.0197201
0.0180223
0.0178129
0.0163287
0.0171476
0.0171423
0.0179201
0.0178683
0.0171082
0.0219059
0.0218602
0.020008
0.0179517
0.0167446
0.0215866
0.0191352
0.017889
0.0180182
0.0181422
0.0176003
0.0186602
0.0182253
0.0175142
0.0173813
0.0173463
0.0161101
0.0178293
0.0170356
0.0172554
0.0169212
0.0165746
0.0165426
0.0173051
0.0169086
0.0180292
0.0173821
0.0203804
0.0188782
0.0167909
0.0163097
0.0165528
0.0165149
0.0167254
0.113528
0.0193262
0.0169091
0.0174698
0.0176719
0.0164976
0.0168188
0.0204331
0.0217786
0.0217194
0.0200735
0.0179106
0.020374
0.0208559
0.0205094
0.0158789
0.0153813
0.0165767
0.0178197
0.0165955
0.0183552
0.0167999
0.0194584
0.0177381
0.0176839
0.0165363
0.0163346
0.0162756
0.0170298
0.0167472
0.0161381
0.0158446
0.0157433
0.0167537
0.0161512
0.0150402
0.0150345
0.0158193
0.0152447
0.0142622
0.0131994
0.0127593
0.0177781
0.018256
0.0169164
0.015813
0.0166156
0.017936
0.0169139
0.0142885
0.0167216
0.0168236
0.0168521
0.01438
0.0121586
0.0123092
0.0107649
0.0157442
0.0160566
0.021921
0.0139045
0.0171664
0.0171325
0.0164247
0.0145153
0.0121093
0.013581
0.0139373
0.0132397
0.0118517
0.0149597
0.0170194
0.0159674
0.0139308
0.0181523
0.0183332
0.0180391
0.0137678
0.0175006
0.0180677
0.0173009
0.0139592
0.0179555
0.018179
0.0169875
0.017984
0.0185137
0.0172598
0.0179004
0.0179255
0.0143964
0.0181458
0.0181098
0.0143262
0.0142287
0.0146151
0.0136713
0.0170835
0.0171799
0.0129362
0.0134289
0.0161004
0.012004
0.0125906
0.0176017
0.011859
0.0167593
0.0161572
0.0107532
0.0158029
0.0151675
0.0111612
0.0154674
0.0144948
0.011555
0.0154185
0.0152008
0.0115552
0.0167164
0.0141504
0.0123681
0.0130198
0.0129871
0.0129131
0.0176092
0.0151636
0.0137257
0.0184851
0.0181351
0.0142915
0.0128327
0.0176407
0.0174124
0.013473
0.0181227
0.0174546
0.0138722
0.0186647
0.0177061
0.0133888
0.0176071
0.0167359
0.0133829
0.0176682
0.0180897
0.0133737
0.0175195
0.0182887
0.0130805
0.0174058
0.0170247
0.0131254
0.0172808
0.0165871
0.0131348
0.0179045
0.0168278
0.0129034
0.0177579
0.0174603
0.0139281
0.0210672
0.0197661
0.0147769
0.0195852
0.0198086
0.014347
0.0192093
0.0187552
0.0150089
0.0143239
0.0127035
0.0112338
0.0122832
0.0126589
0.0119391
0.0129297
0.0141022
0.0130527
0.0140665
0.01338
0.013525
0.013219
0.0122906
0.0129854
0.0124981
0.0116676
0.0169586
0.016695
0.0133782
0.0177871
0.018602
0.0138412
0.0177829
0.0180238
0.0136654
0.0129476
0.0144658
0.0131405
0.0137258
0.0173177
0.0179852
0.018796
0.0182419
0.0124054
0.0170925
0.0162893
0.0128615
0.0132974
0.0142214
0.0128071
0.0140499
0.0177688
0.0146761
0.0144951
0.0147966
0.0155165
0.0173769
0.0176816
0.0152108
0.0167851
0.0161802
0.0124665
0.0172409
0.0166635
0.0137859
0.0138181
0.0147651
0.0151549
0.0137028
0.0179515
0.0184242
0.0135262
0.0140631
0.0136085
0.012412
0.0184105
0.0176767
0.0142989
0.014946
0.0179046
0.0182937
0.0136868
0.0143104
0.0141294
0.0132954
0.0177551
0.0182789
0.0143511
0.0145853
0.0152403
0.0140453
0.0185755
0.0193908
0.0147998
0.0146721
0.015152
0.0138822
0.0182659
0.018675
0.0174207
0.0182168
0.0177319
0.014534
0.0179844
0.0184748
0.0176564
0.0197505
0.0191689
0.017565
0.017871
0.0187603
0.0133358
0.0175825
0.0178709
0.0231678
0.0180367
0.018887
0.0150358
0.0137944
0.0148792
0.0148475
0.013899
0.0181579
0.0189191
0.0137737
0.0183126
0.0186181
0.0138413
0.0191248
0.0188435
0.0136743
0.0181054
0.0191771
0.0146501
0.014161
0.0147043
0.0130448
0.0175841
0.0177606
0.0129773
0.0129095
0.014076
0.0129387
0.0177367
0.0180073
0.0128627
0.015045
0.0180988
0.0161097
0.0165
0.0174172
0.0164007
0.017032
0.0176851
0.0182446
0.0173511
0.0180454
0.0170004
0.015385
0.01565
0.0162464
0.0155697
0.0169706
0.0160439
0.0168428
0.0172043
0.0176196
0.0172484
0.0173219
0.0174865
0.0185547
0.0190147
0.0153545
0.0193406
0.0204923
0.0220791
0.0158551
0.0152996
0.0167172
0.0154273
0.0162622
0.0141281
0.0127526
0.0124282
0.0115959
0.0109262
0.0151307
0.0141652
0.0158116
0.0149679
0.013772
0.0131622
0.0189536
0.0184543
0.0134047
0.018576
0.0190866
0.0165361
0.0171206
0.0189915
0.0144119
0.0149913
0.0156416
0.0148296
0.014274
0.0150273
0.0146518
0.0130371
0.0140066
0.0146273
0.0132441
0.0133866
0.0145626
0.0126568
0.0192147
0.0196788
0.0175553
0.0149856
0.0150654
0.0160931
0.0172003
0.0147984
0.0149992
0.0131277
0.0139931
0.0146569
0.0128856
0.0179041
0.0181366
0.0131336
0.0157246
0.0162746
0.0122467
0.0144191
0.0132882
0.0126753
0.0177214
0.0170624
0.0122653
0.01661
0.0170423
0.0119597
0.0170954
0.0166461
0.0124553
0.0166303
0.0168021
0.0130908
0.0170136
0.0178634
0.0136439
0.0132649
0.0137298
0.0130132
0.0134307
0.0145451
0.0162864
0.0130243
0.0138913
0.0132837
0.0142512
0.0175954
0.0182967
0.0142437
0.0143513
0.0245368
0.0141511
0.0189179
0.0192901
0.0182386
0.018504
0.0187692
0.017649
0.0178303
0.01913
0.0150579
0.0148802
0.0183434
0.0145937
0.0191609
0.0183909
0.0163362
0.019407
0.0182505
0.0132149
0.0142181
0.0148547
0.0137279
0.0139087
0.0147316
0.0166836
0.016886
0.0175343
0.0144159
0.0175219
0.0178957
0.0174045
0.0181669
0.0187391
0.0177179
0.017849
0.01822
0.018314
0.0197791
0.018982
0.0192508
0.0202195
0.0197141
0.0201673
0.0224536
0.0190907
0.0190102
0.0188013
0.0181033
0.0225259
0.0220972
0.0190654
0.0177381
0.0188852
0.0177584
0.0126506
0.018925
0.0180816
0.0168517
0.0139647
0.0144275
0.0153698
0.0129651
0.0176484
0.018743
0.0147359
0.0141685
0.0139146
0.0141979
0.0149446
0.0146399
0.0141492
0.01391
0.0138793
0.0149055
0.0137276
0.0143066
0.0151163
0.01348
0.0141285
0.0146412
0.0133571
0.017937
0.0183992
0.0156416
0.0173755
0.0182633
0.0156551
0.0136585
0.014449
0.0132574
0.0181271
0.0188212
0.0164288
0.0175217
0.0165002
0.0135782
0.0134348
0.0135727
0.0147188
0.0144401
0.0140764
0.0177014
0.0185191
0.0172466
0.0181876
0.0186183
0.0156563
0.0140208
0.0150991
0.0134587
0.0168287
0.0175617
0.0165722
0.0138897
0.017596
0.0189654
0.0175386
0.0175307
0.021647
0.0170083
0.0175871
0.018535
0.0150281
0.0176419
0.0187042
0.0166473
0.0173748
0.0181672
0.0141274
0.0175157
0.018165
0.0170906
0.0170586
0.0182135
0.0172885
0.017428
0.0178233


