0.0104226
0.0170581
0.0169674
0.0173087
0.0166846
0.0173144
0.0172864
0.0171902
0.0170694
0.0171679
0.0170468
0.0209681
0.020917
0.0211394
0.0210953
0.0204752
0.0209449
0.0210559
0.0198273
0.0177767
0.0167585
0.0086931
0.00884413
0.0174152
0.0167728
0.0169788
0.0236726
0.0175846
0.0174531
0.0171638
0.016891
0.0166599
0.0169166
0.0169221
0.0167324
0.0168885
0.0167192
0.0171148
0.0168851
0.0163893
0.0169198
0.0175522
0.0196675
0.0124029
0.0129857
0.0211144
0.0212875
0.0213536
0.0214447
0.0208542
0.0211396
0.0215483
0.0209836
0.0212796
0.0218733
0.0210676
0.0212828
0.0216694
0.0211258
0.0209982
0.02097
0.0211766
0.0216813
0.0212078
0.0209189
0.0121895
0.0124449
0.021395
0.0214603
0.0217921
0.0221508
0.0222479
0.0217467
0.0189426
0.0188545
0.0184651
0.0176382
0.0179015
0.0195991
0.0187336
0.0198764
0.0179659
0.0180635
0.0180754
0.0175068
0.0210816
0.0217099
0.0124273
0.012736
0.022309
0.0219418
0.0227563
0.0225415
0.0225693
0.0218939
0.022748
0.0202733
0.0206768
0.020246
0.018624
0.0183535
0.018452
0.0182173
0.0185383
0.018803
0.0186853
0.018317
0.0186907
0.0181626
0.00870895
0.00904288
0.0186047
0.018659
0.0180904
0.0183298
0.0371347
0.0142975
0.0111851
0.0111642
0.0104018
0.010538
0.0127357
0.0144766
0.0133069
0.0132667
0.0131896
0.015943
0.0164422
0.0149626
0.0150939
0.0152974
0.0148217
0.01608
0.0168289
0.0170231
0.0164847
0.0166254
0.0160472
0.0171129
0.0166656
0.0161179
0.0170542
0.0177063
0.0190155
0.0173381
0.0170495
0.0179049
0.0177831
0.0182777
0.0188671
0.0200233
0.0179122
0.0188085
0.0182714
0.0203431
0.0186841
0.018829
0.0192674
0.0186517
0.0218973
0.0192793
0.0150327
0.0178529
0.0191814
0.0156515
0.0206269
0.015861
0.0182824
0.0158103
0.0207646
0.0168477
0.0170903
0.0155039
0.0205354
0.0157567
0.0201113
0.0178403
0.0198484
0.0186961
0.0201984
0.0179574
0.0154969
0.0212487
0.0198547
0.0188648
0.0216016
0.0200978
0.0170623
0.0171378
0.0163243
0.0210619
0.0214873
0.0154113
0.0210431
0.0165851
0.0165883
0.0171772
0.0169673
0.0164094
0.0168661
0.017649
0.0181725
0.0196898
0.0180045
0.0179985
0.0228263
0.0216044
0.0186598
0.0233546
0.0184235
0.0208694
0.0177436
0.0186788
0.0182837
0.0180788
0.0185475
0.0182227
0.0208528
0.0191835
0.0179007
0.0228304
0.0229433
0.0224599
0.0223318
0.0179728
0.0215144
0.0173023
0.0196111
0.0177664
0.01925
0.0189444
0.0179807
0.0232381
0.0240777
0.0184472
0.0187441
0.0188952
0.0186098
0.0222844
0.0227234
0.0173069
0.0179622
0.0181568
0.0161349
0.0213888
0.0216199
0.01628
0.0169567
0.0178591
0.0170118
0.0179656
0.0184061
0.0170096
0.022705
0.0218135
0.0187612
0.020728
0.0196065
0.0179943
0.0225592
0.0235073
0.0178176
0.0244791
0.0230936
0.0218945
0.0218958
0.0221972
0.020532
0.0215548
0.0209296
0.0150542
0.0160769
0.018869
0.0158595
0.0153378
0.0148413
0.0198688
0.0188819
0.0156861
0.0203941
0.0206803
0.015752
0.0167156
0.0213964
0.02087
0.0203051
0.0190009
0.0178666
0.0179063
0.018866
0.0181099
0.0166129
0.0179819
0.0168896
0.0165338
0.0254025
0.0205069
0.0153859
0.0215786
0.0218671
0.0158886
0.0225858
0.0211485
0.0198242
0.0211882
0.0218425
0.0204478
0.0227545
0.0213767
0.019259
0.018584
0.0182173
0.0182306
0.0187774
0.0191617
0.0182382
0.0223734
0.022975
0.0153494
0.0159063
0.0156822
0.0137197
0.0186052
0.0172092
0.0137773
0.0189299
0.0175423
0.0141464
0.0143291
0.0149791
0.0149038
0.0163978
0.0169808
0.0164694
0.0214839
0.022215
0.0201764
0.0207607
0.0191268
0.0144471
0.0158693
0.0161453
0.016236
0.0203528
0.0209764
0.0160951
0.0208743
0.0202242
0.0191426
0.0203475
0.0204727
0.0151574
0.0203297
0.0179921
0.0158304
0.0244458
0.0235962
0.0181184
0.0184035
0.0196283
0.0191994
0.0182833
0.0192623
0.0174659
0.0221187
0.0231506
0.0174525
0.0188183
0.0196936
0.0186226
0.0219573
0.0186225
0.0167262
0.0173994
0.0179978
0.0180845
0.017306
0.0185891
0.0173063
0.0221655
0.0236066
0.0175979
0.0184839
0.0194202
0.0181273
0.0187669
0.0218855
0.02302
0.0172912
0.0227606
0.0227613
0.0175395
0.022465
0.0233055
0.0178487
0.0190504
0.0196182
0.0181074
0.0226957
0.0238175
0.0204568
0.0230769
0.0245016
0.0188244
0.02373
0.0246699
0.0236807
0.0233014
0.0250336
0.0185808
0.0230158
0.0242059
0.0234242
0.0240206
0.0243299
0.0207729
0.0222933
0.021833
0.0218188
0.0174056
0.0168727
0.0181947
0.0167081
0.016788
0.0211143
0.0224952
0.01691
0.0170364
0.0185967
0.0167682
0.0163312
0.017794
0.0149861
0.0149708
0.0158517
0.0136456
0.0195293
0.0200815
0.0146946
0.0146291
0.019428
0.019927
0.0154552
0.0155693
0.0169877
0.0136954
0.0192253
0.019666
0.0195695
0.0200842
0.0212256
0.0196448
0.0198532
0.0203272
0.0162419
0.0197997
0.0205367
0.0169541
0.0165127
0.0166248
0.0154502
0.0160131
0.0169526
0.0158058
0.0163456
0.0173626
0.0165561
0.0175876
0.0179491
0.0169082
0.0169014
0.0209166
0.0172875
0.0198803
0.0213386
0.0201006
0.0205452
0.0225488
0.023551
0.0205597
0.0165708
0.0185236
0.0162844
0.0156106
0.0156552
0.015036
0.0166948
0.0165931
0.0147707
0.0157696
0.0162602
0.0147016
0.0146191
0.0166387
0.0168443
0.0166673
0.016454
0.0151042
0.0162174
0.01884
0.0247541
0.0205325
0.023497
0.0240371
0.0242001
0.0170125
0.0177622
0.0216016
0.0186379
0.0158758
0.0154704
0.0196573
0.0138707
0.0217843
0.01922
0.0196786
0.0211391
0.0200057
0.0180671
0.01632
0.0139652
0.0137557
0.018169
0.0186619
0.0173287
0.0173645
0.0174376
0.0141455
0.0129951
0.0138678
0.0169858
0.0182416
0.0199431
0.0191222
0.0157288
0.0162379
0.0167437
0.0182484
0.0188613
0.0107273
0.0104946
0.00993792
0.00808174
0.00966444
0.022628
0.00951808
0.0166057
0.0152545
0.0100202
0.0103331
0.0147865
0.00938538
0.0105807
0.010724
0.00911035
0.0143545
0.0111244
0.00940304
0.012098
0.0143821
0.0109694
0.0112196
0.0122783
0.00956061
0.0106995
0.0153601
0.0100946
0.0110183
0.0139492
0.00944628
0.0108829
0.0102245
0.0103128
0.00999141
0.0114002
0.0103067
0.0113516
0.0103851
0.0104313
0.0156025
0.0166654
0.0141982
0.0152885
0.0142916
0.0162797
0.0147712
0.0169832
0.0154323
0.0170422
0.0126631
0.0128381
0.0118483
0.0121568
0.0130486
0.0148943
0.0139684
0.0126366
0.0177642
0.0131801
0.0139096
0.012629
0.0137422
0.0137761
0.0131669
0.0144223
0.0139256
0.0126269
0.0136171
0.0125649
0.0129689
0.0129067
0.0124376
0.0110555
0.0110974
0.0115276
0.0109379
0.0105481
0.0156565
0.0148285
0.0156019
0.0142687
0.0112681
0.0123274
0.0121339
0.0142352
0.0130501
0.0142981
0.0131169
0.014968
0.0136968
0.0149828
0.0141954
0.0157971
0.0146245
0.0126144
0.0120112
0.01151
0.0159328
0.0154966
0.0112849
0.0163218
0.0156153
0.0168226
0.0159735
0.0116693
0.0175877
0.015657
0.012386
0.0124441
0.0128762
0.0111121
0.0125932
0.0120449
0.0118509
0.0124278
0.0131594
0.0118489
0.0130502
0.0142722
0.012485
0.0134792
0.0126914
0.0124954
0.0139177
0.012623
0.0125722
0.0127148
0.0125422
0.0122773
0.013333
0.0133927
0.0124368
0.0171653
0.0167778
0.0120134
0.016632
0.0159692
0.012272
0.0169198
0.0158133
0.01713
0.0160519
0.0110985
0.0159813
0.015997
0.0146995
0.0159288
0.0151547
0.0179753
0.015587
0.0148237
0.0119058
0.0134126
0.0130279
0.0124565
0.017436
0.0133101
0.0160972
0.0132562
0.0134175
0.0132309
0.0125514
0.0134383
0.0130899
0.0124214
0.0136801
0.0140322
0.0125819
0.0134311
0.0159735
0.0126681
0.0137134
0.0132989
0.0122051
0.0175801
0.0170375
0.0129354
0.0174483
0.0165323
0.018935
0.0181918
0.0130204
0.0181843
0.016704
0.01334
0.0143757
0.0169397
0.0127687
0.017572
0.016659
0.0127351
0.0170435
0.0166031
0.0161436
0.0186132
0.0165626
0.0144666
0.0143202
0.0148936
0.0130985
0.0183888
0.0171872
0.0135632
0.0181466
0.0174582
0.0135037
0.0139516
0.0140403
0.0129249
0.0177081
0.0184862
0.0131536
0.0180881
0.0189694
0.0132924
0.0187971
0.0177639
0.0138138
0.0169007
0.0182219
0.0201398
0.017803
0.0182013
0.0188345
0.0171664
0.0189437
0.0188593
0.0174078
0.0192869
0.0188794
0.0125323
0.0138867
0.015485
0.012813
0.0137669
0.0138809
0.0127786
0.017894
0.0191089
0.0129657
0.0183425
0.0168494
0.0132025
0.0183005
0.0184559
0.0135123
0.0152927
0.0156752
0.0150313
0.0195222
0.019729
0.0149401
0.0193895
0.0171335
0.0146184
0.0193372
0.0197884
0.0181058
0.0156097
0.0159208
0.0145447
0.0193202
0.0201257
0.0180746
0.0199629
0.0196473
0.0192866
0.0195957
0.0202331
0.0181473
0.015504
0.016646
0.0153559
0.0151637
0.0195479
0.0200111
0.0187752
0.0150691
0.019461
0.0202192
0.019067
0.015263
0.0201559
0.0211054
0.0195127
0.020159
0.021768
0.0208306
0.0168981
0.0168076
0.020903
0.0223436
0.0212914
0.0182442
0.0219178
0.0234091
0.0212289
0.0184031
0.0187078
0.0201471
0.0190808
0.0184106
0.0239619
0.0234773
0.022068
0.0215119
0.0215733
0.022423
0.021654
0.019897
0.0205256
0.0205384
0.0185346
0.0171299
0.0176264
0.0168566
0.0154215
0.0169306
0.0169681
0.015483
0.0166378
0.0170029
0.0155903
0.0113935
0.0162493
0.0162284
0.0149852
0.0160635
0.0161363
0.0116377
0.0172679
0.0162151
0.0145942
0.0174651
0.0194438
0.0166082
0.0127788
0.0189205
0.0188066
0.0171306
0.0190112
0.0189628
0.0161041
0.0188398
0.0184934
0.0184902
0.0137393
0.0147309
0.013853
0.0124823
0.0124877
0.0172587
0.0168578
0.0154796
0.0171829
0.0149456
0.0122734
0.0171987
0.016996
0.0116568
0.0176576
0.0153311
0.0119574
0.013877
0.0139524
0.0123038
0.0179037
0.0179
0.0129198
0.0183196
0.0185194
0.0136517
0.0183976
0.0189004
0.0165078
0.0183595
0.0185009
0.0162373
0.0182682
0.0185007
0.0140332
0.0138866
0.0141243
0.013047
0.0129186
0.017734
0.0176475
0.012469
0.0185268
0.0180238
0.0134668
0.0179986
0.0166071
0.0128029
0.0164333
0.023572
0.0187766
0.0180805
0.0167943
0.0191351
0.0182616
0.0173916
0.019511
0.0202511
0.01491
0.0151778
0.0149698
0.0134343
0.018994
0.018238
0.0143312
0.0187091
0.0181319
0.0134645
0.0187129
0.01781
0.0135507
0.0151251
0.017548
0.0136608
0.017968
0.0179268
0.0128463
0.0180896
0.0178757
0.0130037
0.0153201
0.0167855
0.0126464
0.0183191
0.0138876
0.0137117
0.0144228
0.0142361
0.012772
0.0140982
0.0159417
0.012873
0.0159214
0.0127863
0.0113127
0.0119625
0.0121646
0.0110126
0.0120485
0.0109288
0.0112213
0.0126887
0.0116184
0.0114837
0.0123069
0.0123596
0.0110761
0.0124869
0.0142983
0.0112302
0.0124927
0.0110678
0.011364
0.0122469
0.0115891
0.0121466
0.0171428
0.0171528
0.0119558
0.0177803
0.0178271
0.0124419
0.0124271
0.0120076
0.0175685
0.0190634
0.0128217
0.0140845
0.0152865
0.0125517
0.018029
0.0176498
0.0109686
0.0171068
0.015771
0.0101389
0.0157226
0.0144151
0.0161655
0.0145274
0.0106394
0.0142872
0.013077
0.0121472
0.0138956
0.0127258
0.0144728
0.0128258
0.0158494
0.0130446
0.0121765
0.0107639
0.0128747
0.012942
0.0163162
0.0144443
0.0112593
0.0169124
0.0137722
0.0122303
0.0116063
0.0121293
0.0118
0.0137792
0.0126831
0.0130496
0.01235
0.0182424
0.0169908
0.0130636
0.0187971
0.0178869
0.0147831
0.019408
0.0152073
0.0178413
0.0189773
0.0181633
0.0201325
0.0187932
0.0180178
0.018014
0.0194849
0.0192106
0.0144179
0.0151794
0.0145901
0.015135
0.0145365
0.0147339
0.0130785
0.0188618
0.017249
0.016506
0.0178257
0.0167126
0.0133122
0.0134719
0.0132187
0.0137217
0.0126473
0.0135861
0.0134028
0.0147192
0.0154198
0.0161555
0.020103
0.0180312
0.0157658
0.0166543
0.0191103
0.0138808
0.0151012
0.0149873
0.0138634
0.0197145
0.018063
0.0174543
0.0145476
0.0149768
0.0151005
0.0145253
0.0182232
0.0180804
0.0163719
0.0214085
0.0207526
0.0198933
0.016161
0.017222
0.0186203
0.0178934
0.0173263
0.0188947
0.0166469
0.0164506
0.0173776
0.0158475
0.0164308
0.0173913
0.0156692
0.0199988
0.0215273
0.0163091
0.0167848
0.0172734
0.0159157
0.0155562
0.0170002
0.0160458
0.0156216
0.0146845
0.0161624
0.0141288
0.0145805
0.0181964
0.0190373
0.0141856
0.0157284
0.0158536
0.0145185
0.0151039
0.0156855
0.0141138
0.0191792
0.018835
0.0147797
0.0140725
0.0143732
0.0130225
0.0143089
0.0146059
0.0128672
0.0181645
0.0184807
0.0177522
0.0191288
0.017762
0.0128809
0.0182012
0.0185882
0.0167869
0.0177036
0.0184227
0.0174555
0.0185042
0.0187723
0.0170876
0.017815
0.0185234
0.0171543
0.0147167
0.0155321
0.0165844
0.0148085
0.0155506
0.0141111
0.0151896
0.0155434
0.0137211
0.0146478
0.0147941
0.0144119
0.0147745
0.0152927
0.0135761
0.0150398
0.0155191
0.0138848
0.0153016
0.0158121
0.0146097
0.0142472
0.0191367
0.01949
0.0147452
0.0152799
0.0165085
0.0152277
0.0161899
0.0164903
0.015117
0.0184615
0.017779
0.0159778
0.0156023
0.0162148
0.0167228
0.0167268
0.0144
0.0162709
0.0161277
0.0177387
0.0147655
0.0151607
0.0160047
0.0140776
0.014493
0.0159261
0.0155387
0.0138049
0.0146196
0.0195968
0.0202302
0.0187879
0.0144964
0.0195501
0.0215691
0.0192233
0.0151963
0.0211253
0.0219213
0.0204605
0.0166057
0.0159905
0.0173718
0.0180128
0.016616
0.0171369
0.0187957
0.0170636
0.0186529
0.02144
0.0238209
0.0222659
0.0179644
0.0183463
0.0194231
0.0177025
0.0186575
0.0226117
0.0233297
0.021413
0.0186058
0.022291
0.0234579
0.022319
0.0188839
0.0181965
0.019564
0.0181221
0.0177078
0.0175169
0.0192
0.0191819
0.0165989
0.0174399
0.0192988
0.0200757
0.0187291
0.0224219
0.0244601
0.0241504
0.021361
0.0214361
0.0228759
0.0221382
0.0201364
0.0211183
0.022323
0.021848
0.0196843
0.0161773
0.0207599
0.0222629
0.0212396
0.0201803
0.0199064
0.0225363
0.0219202
0.0201803
0.0216642
0.0224306
0.0238229
0.0215603
0.0213669
0.0237331
0.0206599
0.020789
0.0217064
0.0188052
0.0192751
0.016986
0.0169458
0.0181793
0.0178959
0.0169592
0.0152358
0.0165306
0.0145226
0.0141144
0.0153206
0.015495
0.0161622
0.0144958
0.0185719
0.0193707
0.015255
0.0136034
0.0141345
0.0151383
0.0137884
0.0141624
0.0179158
0.0198095
0.0177228
0.0136647
0.0155051
0.0150251
0.0210721
0.0131021
0.0139163
0.0144332
0.0130525
0.0143517
0.018222
0.0185804
0.0171638
0.0138272
0.0138466
0.0145143
0.0136144
0.0137283
0.0181937
0.0181239
0.0176853
0.0160523
0.0186455
0.0173899
0.0171196
0.0126952
0.0180659
0.017823
0.0166369
0.0120898
0.0167139
0.0128815
0.0146091
0.0158579
0.0132275
0.0120243
0.0112391
0.0166954
0.0156491
0.0152019
0.0165956
0.01632
0.0108034
0.0120793
0.0117958
0.0133495
0.0171259
0.0149302
0.015606
0.0177158
0.0177383
0.0147909
0.0123251
0.0132688
0.0160907
0.0173614
0.0177475
0.0158617
0.0183238
0.0171926
0.0163018
0.0179483
0.0178496
0.0132069
0.0183712
0.017373
0.017687
0.0184966
0.0175456
0.0183887
0.0182902
0.018329
0.0154191
0.0187135
0.0171026
0.0179494
0.0197506
0.0181308
0.0142095
0.0185467
0.0178279
0.017341
0.0180931
0.0186253
0.019208
0.018007
0.0187236
0.0162187
0.0183698
0.0174641
0.0175968
0.0186516
0.0177558
0.0158345
0.0191819
0.0166475
0.0130876
0.0177399
0.0168183
0.0129493
0.0179453
0.0166543
0.0133058
0.013988
0.0153552
0.0132586
0.0155599
0.0134868
0.0132182
0.0174024
0.0142555
0.0131634
0.0136444
0.0190536
0.0186155
0.0140684
0.0188776
0.0184427
0.0148389
0.0177747
0.0153993
0.0135072
0.0190389
0.0190272
0.0142584
0.0190508
0.0181722
0.014316
0.0189029
0.0190965
0.0164086
0.0192726
0.0182278
0.0144491
0.0187845
0.0183641
0.0146578
0.0148931
0.0144677
0.0137895
0.0183675
0.0193686
0.0138653
0.017863
0.0172503
0.0134383
0.0133946
0.0149612
0.0131597
0.0149323
0.0146131
0.0141309
0.014697
0.0155979
0.0138501
0.0150365
0.0155208
0.0140665
0.0145686
0.0150739
0.0156445
0.0165626
0.0185848
0.0187983
0.0225465
0.0185008
0.01758
0.0188547
0.015614
0.0141612
0.0137276
0.0126368
0.0128348
0.0113789
0.0140674
0.0134114
0.0121371
0.0132785
0.0138538
0.0123961
0.0120641
0.017104
0.0170645
0.0119375
0.0177817
0.0167125
0.0129504
0.0176534
0.0173146
0.0154793
0.0173477
0.0144153
0.0152024
0.0171366
0.0180247
0.0117009
0.0136739
0.0130492
0.0120234
0.0170905
0.0162548
0.0123963
0.0175208
0.0168965
0.0130065
0.01804
0.0168603
0.0133023
0.0173271
0.0175155
0.0130822
0.0175355
0.0165905
0.0178083
0.0185014
0.0126797
0.0137789
0.0135922
0.0154335
0.0174548
0.0170519
0.0151414
0.0186113
0.0174538
0.0153268
0.0183381
0.017313
0.01233
0.0152929
0.0161725
0.0140888
0.0180464
0.0152359
0.0120445
0.0168466
0.0168078
0.0156475
0.0160982
0.0173389
0.0163767
0.0140019
0.0167059
0.0158764
0.0148778
0.0167403
0.0153913
0.0166276
0.0146966
0.0171122
0.0159676
0.0173836
0.0156843
0.016825
0.0156628
0.0169032
0.016239
0.011006
0.0168909
0.0158505
0.0175642
0.0156971
0.0176247
0.0164826
0.0123654
0.0166796
0.0156528
0.0172205
0.0165986
0.0124194
0.0135217
0.0123491
0.0121148
0.0172483
0.0160979
0.0126414
0.0176781
0.0166004
0.0129288
0.0182762
0.0167334
0.0127753
0.0178638
0.0183325
0.0131699
0.0144813
0.0146669
0.0163895
0.0187069
0.0182601
0.0169592
0.0177194
0.0177337
0.0164792
0.0189509
0.0164622
0.0150216
0.0164717
0.0154956
0.0113447
0.0162685
0.0160917
0.0149666
0.0169176
0.0159404
0.0157722
0.0175601
0.0159087
0.0147359
0.0170306
0.016019
0.0155012
0.0175998
0.0166325
0.0126364
0.017473
0.0163482
0.0171187
0.0170665
0.0141962
0.0157986
0.0128503
0.0164808
0.0158935
0.0171422
0.0167904
0.0168837
0.0161719
0.0159222
0.017109
0.0159326
0.0127566
0.0138497
0.0124867
0.0147541
0.0169889
0.0161365
0.0134372
0.0126903
0.0128344
0.0132817
0.0132821
0.0134102
0.0137705
0.0139868
0.0146932
0.0158766
0.0143661
0.0194225
0.0202534
0.0152893
0.020702
0.0195528
0.0183864
0.0200188
0.0198122
0.0163609
0.0148499
0.0147679
0.0150683
0.014096
0.014902
0.0162269
0.0151572
0.0195977
0.0195907
0.01779
0.015062
0.0161023
0.0145678
0.0142087
0.019189
0.0190172
0.0146782
0.0161421
0.0156247
0.0154729
0.0152731
0.0157947
0.0177148
0.016486
0.0171573
0.0168529
0.0172927
0.0162985
0.016422
0.0170848
0.017857
0.0166617
0.0177959
0.0185386
0.0157549
0.016151
0.0170717
0.0158337
0.0157715
0.0194266
0.0208479
0.0184286
0.0159944
0.0169727
0.0152557
0.0150879
0.0186803
0.0197325
0.0186222
0.0147492
0.0198222
0.0194173
0.0181801
0.0175311
0.0190558
0.0150997
0.0143007
0.0144621
0.0151261
0.013822
0.0134621
0.0182271
0.0178086
0.0158213
0.0175463
0.0173373
0.0130452
0.0160444
0.0171135
0.0168288
0.015586
0.0166087
0.0169459
0.0157542
0.0176153
0.0164766
0.0114129
0.0162976
0.0155348
0.0091601
0.0146896
0.0154708
0.00889908
0.0136391
0.0149631
0.0150628
0.0089977
0.0143679
0.0138037
0.00883932
0.0141292
0.0141375
0.00859678
0.0150716
0.011475
0.010159
0.0100946
0.0096693
0.011987
0.0114134
0.00978131
0.0163197
0.0151176
0.0115051
0.0162964
0.0160166
0.0101143
0.0151364
0.0171163
0.0105847
0.0111776
0.0108874
0.00993379
0.0150837
0.0141994
0.0104299
0.0154996
0.0109527
0.0154809
0.0141123
0.017241
0.0142087
0.0149683
0.0138247
0.0152714
0.0112216
0.0140071
0.0101011
0.0128375
0.0101806
0.0121568
0.0106925
0.0117555
0.0110378
0.0165059
0.0117333
0.0122783
0.0121292
0.0124327
0.0114151
0.013129
0.0119719
0.0143142
0.0155832
0.0168443
0.0121175
0.0128686
0.0119767
0.0152213
0.0116623
0.01691
0.0116006
0.0128715
0.011996
0.0178077
0.0169185
0.0119359
0.0175448
0.0140491
0.0165982
0.0126093
0.0119204
0.0169535
0.0133462
0.0171462
0.0167617
0.0116493
0.0129111
0.0119789
0.0128445
0.0116817
0.0143296
0.0176083
0.014786
0.0165994
0.0153835
0.0159446
0.0133097
0.0151227
0.0167957
0.015434
0.016558
0.0148073
0.0168748
0.0157886
0.0170307
0.0164446
0.016301
0.0182279
0.0162038
0.0131218
0.0169388
0.0162779
0.0117476
0.0166323
0.0159879
0.0171511
0.0161118
0.0124134
0.0170669
0.0162165
0.0122724
0.0170191
0.0156568
0.0121119
0.0133709
0.0124833
0.0128719
0.0121598
0.0176949
0.0168142
0.0180909
0.0174033
0.0184684
0.0172404
0.0130819
0.0181786
0.0156045
0.0135402
0.0149729
0.0135115
0.0134529
0.0172087
0.0161176
0.0176922
0.0169311
0.0124013
0.017177
0.0161137
0.012614
0.0128061
0.0119074
0.0116121
0.0163118
0.0138167
0.01732
0.0150908
0.0168795
0.0162807
0.0126734
0.0173275
0.0162118
0.0118748
0.0165512
0.0156844
0.0111662
0.0147854
0.0142509
0.0135294
0.0169602
0.0097872
0.00925445
0.0139291
0.0127317
0.0154847
0.0122018
0.0121792
0.0137415
0.0119106
0.0130219
0.00892466
0.00945789
0.00835719
0.01039
0.00949089
0.01499
0.012019
0.0119266
0.011153
0.0112274
0.0129704
0.0118877
0.0128507
0.0122302
0.0124347
0.017695
0.0166502
0.0181068
0.0188059
0.0129613
0.0138128
0.0131196
0.013266
0.0138043
0.0119141
0.0123489
0.0166976
0.0158202
0.0123233
0.0159387
0.0129181
0.0114999
0.0131809
0.0116982
0.014726
0.0150243
0.0141435
0.013717
0.014437
0.0141783
0.0151777
0.0152472
0.0184467
0.0159166
0.0126271
0.014013
0.0120732
0.0122185
0.0164589
0.0155102
0.011931
0.0130307
0.0117625
0.0133567
0.0115609
0.0140533
0.0126345
0.0141607
0.0130174
0.0141978
0.0130967
0.0131672
0.018484
0.0180282
0.0139213
0.0151336
0.0163676
0.0150811
0.0154494
0.0158977
0.0146328
0.0176404
0.0160474
0.0143956
0.0203443
0.0194392
0.0152956
0.0207486
0.0198196
0.0154849
0.0168529
0.0162615
0.0138427
0.0197846
0.0200981
0.0148371
0.0178416
0.0152097
0.0138514
0.0158745
0.0150719
0.0143373
0.0197668
0.0185585
0.013709
0.016707
0.0133749
0.0112059
0.0126349
0.013092
0.0116178
0.0174493
0.0155585
0.0147758
0.0143365
0.0149851
0.014414
0.0156833
0.0146736
0.015784
0.0142497
0.0148043
0.0159956
0.02592
0.019524
0.0207286
0.0155309
0.0156195
0.0156665
0.0166695
0.0154852
0.0156992
0.0157922
0.0166265
0.0155964
0.0161803
0.0172941
0.0156741
0.015861
0.0205562
0.0205524
0.0193498
0.0199461
0.0207131
0.0195331
0.0198399
0.0201975
0.0181892
0.0184686
0.0162665
0.0166849
0.0152505
0.0159615
0.0160329
0.0175248
0.0163085
0.0159697
0.0181371
0.0200552
0.0186721
0.0164789
0.0165175
0.017503
0.0169427
0.016275
0.0194197
0.0215788
0.0214504
0.0206546
0.0205209
0.0220892
0.0208327
0.0205639
0.0207111
0.021757
0.0213502
0.0183201
0.0207677
0.0201861
0.0204639
0.0207727
0.0210552
0.0198575
0.020953
0.0227318
0.0214193
0.021404
0.0215281
0.0227968
0.0186779
0.0168211
0.0167224
0.0178761
0.0167366
0.0161031
0.0189981
0.0172799
0.0189919
0.0148428
0.0145127
0.0151988
0.0167619
0.0134868
0.0136034
0.0143725
0.0142988
0.0129659
0.0136314
0.0139892
0.0131612
0.0128115
0.0129122
0.0136374
0.0129736
0.0136412
0.0168196
0.0176909
0.0160672
0.0125192
0.0166307
0.0144341
0.0169164
0.0136983
0.0138713
0.0129626
0.0169344
0.0178823
0.0172592
0.0162445
0.0174487
0.018362
0.0212137
0.0148334
0.0138732
0.0147696
0.0147005
0.0128305
0.0174861
0.0184495
0.0186832
0.0139612
0.0176467
0.0176061
0.0171409
0.0166574
0.0190975
0.0183181
0.0169966
0.0159897
0.0148801
0.0149172
0.014181
0.0130269
0.0140935
0.0145841
0.0130273
0.0133772
0.017258
0.0177758
0.0180747
0.0130805
0.0137476
0.0145366
0.0133804
0.0134372
0.018389
0.0178347
0.0155141
0.0119307
0.0157937
0.01583
0.0146472
0.0125925
0.0139628
0.0138592
0.0131638
0.0139007
0.0139519
0.012323
0.0136842
0.0133317
0.0123312
0.0178524
0.0171977
0.0174179
0.0190122
0.0182194
0.0240262
0.0177575
0.0183789
0.013804
0.0136973
0.0142064
0.0132934
0.0144276
0.0180188
0.0132944
0.0141101
0.0140408
0.0134791
0.0149106
0.0147628
0.0128259
0.0172716
0.0176675
0.0135177
0.0148692
0.0149983
0.0129074
0.0147463
0.0132658
0.0122054
0.0179649
0.0169483
0.0130792
0.0127403
0.0123317
0.0142242
0.0166049
0.0163048
0.012131
0.0170243
0.0166658
0.0118199
0.0163381
0.0154418
0.0152048
0.0162108
0.0153287
0.0143315
0.0168883
0.0161098
0.0114091
0.0171098
0.0169434
0.0119637
0.0172299
0.0128639
0.0179039
0.0166445
0.0188953
0.016811
0.018648
0.0174008
0.0148258
0.0152961
0.0132835
0.0187188
0.0139154
0.0182616
0.0173421
0.0131215
0.0185961
0.0169056
0.0134476
0.0134929
0.0120476
0.0119569
0.0136884
0.012479
0.0126203
0.0149657
0.0147737
0.0132268
0.0137595
0.0146317
0.0131272
0.0135633
0.0153529
0.0139369
0.0135791
0.0190742
0.0177082
0.0141852
0.019714
0.0164914
0.0137133
0.0190758
0.0168889
0.0141091
0.0152865
0.0155193
0.013181
0.0187437
0.0180445
0.0140025
0.0166066
0.0150888
0.0139759
0.0184893
0.0183055
0.0134979
0.0137802
0.0126353
0.0128644
0.0171004
0.0159189
0.0118679
0.0169295
0.0156876
0.0120923
0.0174405
0.0166513
0.0133339
0.0125055
0.0140569
0.0137563
0.0135102
0.0129494
0.0130786
0.0177441
0.0178889
0.0160571
0.0150038
0.0177708
0.0146127
0.0133391
0.0149936
0.0149649
0.0137685
0.0192968
0.0191037
0.0152138
0.0178661
0.015235
0.0136809
0.0149239
0.0148901
0.0140827
0.0142028
0.0147437
0.0134742
0.0186104
0.0189075
0.0172645
0.0203739
0.0190978
0.0147714
0.0150666
0.0154772
0.0139124
0.0151497
0.0157376
0.0138612
0.0151731
0.0162816
0.0147762
0.0202535
0.0202175
0.0199924
0.0213998
0.0199076
0.0155897
0.0169509
0.0153967
0.0134169
0.0140083
0.0137719
0.0134063
0.0196037
0.0205294
0.0162259
0.0148745
0.0156475
0.0155516
0.0142892
0.01643
0.0156023
0.0172999
0.0153881
0.0158427
0.0151725
0.0202185
0.0173002
0.0160232
0.0167728
0.0210455
0.0220082
0.0202172
0.0202396
0.0213636
0.0165291
0.0171904
0.0233948
0.0232107
0.0212939
0.0209159
0.0221572
0.0207158
0.0170088
0.0172839
0.0191245
0.0171757
0.0174432
0.0171333
0.0165317
0.0212303
0.0222139
0.0211789
0.0213859
0.0215224
0.0228625
0.0214921
0.0209814
0.0214864
0.0217929
0.021017
0.0173848
0.0162429
0.0213486
0.0223491
0.0204184
0.0176572
0.0177985
0.0178248
0.0221095
0.0225513
0.0211492
0.0164014
0.0198535
0.0209764
0.0207784
0.0181021
0.0187856
0.0196034
0.0175039
0.014036
0.0141039
0.0143069
0.0125734
0.0130822
0.0177121
0.0182722
0.0165441
0.0153478
0.0163508
0.01655
0.0156574
0.012703
0.017059
0.0177839
0.0163662
0.0130978
0.0171499
0.0173849
0.0171309
0.0128915
0.0180013
0.0189863
0.0142914
0.0135599
0.0136946
0.0143342
0.0158983
0.0128449
0.0175174
0.0180512
0.0175606
0.0163557
0.0131666
0.0178731
0.0191446
0.0172523
0.0141975
0.0153922
0.0158737
0.0193807
0.0144026
0.0150804
0.0166697
0.0154455
0.0142033
0.0152848
0.014849
0.0144033
0.0128813
0.0174721
0.0182089
0.0165978
0.0129009
0.0186941
0.0177768
0.0164195
0.0132129
0.0138589
0.0151261
0.017106
0.0135321
0.0189512
0.0235817
0.0187742
0.0230633
0.0145809
0.0159895
0.0146736
0.0131182
0.0140011
0.0149115
0.016918
0.013403
0.0142264
0.0148807
0.0134199
0.0131177
0.0171008
0.0178233
0.0143201
0.0133506
0.0135065
0.014144
0.0125413
0.0124859
0.0177662
0.0180253
0.0162589
0.0181283
0.0186412
0.017139
0.0183482
0.0177648
0.0138297
0.0145903
0.0136493
0.0123517
0.0141768
0.0154625
0.012759
0.0140463
0.0137862
0.0145149
0.0185511
0.0191794
0.0174393
0.01937
0.0185058
0.018112
0.0195728
0.0187906
0.0168254
0.0179456
0.0181414
0.0152692
0.0137914
0.0166415
0.0127961
0.0139408
0.0140601
0.0125663
0.0137921
0.0123824
0.0123131
0.0163248
0.0151508
0.0116595
0.0165479
0.0153837
0.0116107
0.0169594
0.0153484
0.0161041
0.0173284
0.014975
0.0180188
0.0171324
0.0178234
0.0171428
0.0127982
0.013949
0.0140475
0.0123315
0.0172245
0.0167715
0.0138198
0.0180681
0.0167454
0.012319
0.0135866
0.0132419
0.0127048
0.0188072
0.0174863
0.015259
0.0185739
0.0179557
0.0135068
0.0139854
0.0141671
0.0128812
0.014202
0.0181989
0.0170961
0.0197781
0.0184471
0.0163761
0.0176141
0.0150453
0.0137535
0.0217816
0.0185452
0.0132065
0.0141218
0.0143026
0.0130795
0.0179385
0.0178366
0.0126777
0.0179693
0.0167888
0.0129166
0.0156508
0.012297
0.0123725
0.0175456
0.0181135
0.0127809
0.0180225
0.01714
0.0122465
0.0173259
0.0175843
0.012355
0.0172401
0.016056
0.0119037
0.0131095
0.0128511
0.0113864
0.0168615
0.0171442
0.0128055
0.0172575
0.0169985
0.012568
0.0178106
0.0167086
0.0178591
0.0175638
0.0171719
0.0120685
0.0135871
0.0143061
0.015003
0.0180444
0.0164279
0.0164286
0.0188871
0.0153309
0.0156443
0.0177178
0.0168513
0.0150619
0.0172276
0.0160704
0.0175434
0.0158428
0.016059
0.0186809
0.0163829
0.013219
0.0167612
0.0138595
0.0127874
0.0125466
0.0134407
0.0151876
0.0125189
0.0174081
0.0165278
0.0127202
0.0176447
0.0163585
0.0124177
0.0172676
0.0172473
0.0128655
0.0174986
0.0166357
0.0128511
0.0183093
0.0176922
0.0169746
0.0189854
0.0178682
0.0148633
0.0157509
0.0153007
0.0164276
0.0195547
0.0189071
0.0142536
0.0184014
0.0188516
0.0172559
0.0196575
0.0199509
0.0177464
0.0197933
0.0196837
0.0146079
0.0202823
0.0201333
0.0150928
0.0189135
0.0169199
0.0152684
0.0156471
0.0159611
0.0142397
0.0164593
0.0181494
0.014464
0.0152241
0.0161696
0.0145383
0.0154556
0.0160154
0.0139562
0.0192587
0.0191955
0.0275917
0.01841
0.0208349
0.017333
0.0160916
0.0186053
0.0180569
0.0135439
0.020232
0.0183538
0.0173774
0.0175999
0.0181019
0.0163536
0.0153626
0.0178797
0.0176891
0.0177846
0.0134705
0.0164405
0.0148876
0.0136715
0.0137946
0.0123157
0.0183012
0.0177803
0.0165336
0.0190549
0.0186627
0.0134111
0.0189427
0.018063
0.0169116
0.017731
0.0185369
0.0187031
0.019723
0.0180892
0.0170728
0.0186158
0.0175569
0.0160793
0.0182985
0.01815
0.0155601
0.0176882
0.0183306
0.0164947
0.0186844
0.01881
0.0161726
0.0190314
0.0192788
0.0185269
0.0190951
0.0199095
0.0186363
0.0155003
0.0152635
0.0164124
0.0149496
0.0156605
0.017452
0.0154309
0.0156168
0.0196591
0.0205628
0.0188871
0.0150338
0.0193413
0.0205015
0.0187709
0.0152636
0.019705
0.0197343
0.0182262
0.0192349
0.0199637
0.0182817
0.0148497
0.018343
0.0200233
0.0145131
0.0144718
0.019263
0.0198506
0.0179806
0.019094
0.0164679
0.0172361
0.0150253
0.0187073
0.0198997
0.0180106
0.0146406
0.0188846
0.0205237
0.0188577
0.0159053
0.0162354
0.017492
0.0164463
0.0162211
0.020686
0.0211478
0.0205003
0.0162954
0.0160216
0.0176614
0.0165576
0.0154372
0.015684
0.0174979
0.0161016
0.015868
0.0161115
0.0169858
0.0171778
0.0154385
0.0160773
0.0191205
0.0176614
0.0194223
0.0214496
0.0203433
0.0196557
0.0190083
0.0187351
0.0202494
0.020374
0.0143898
0.0185535
0.0189198
0.0159531
0.017607
0.019377
0.0186493
0.0171776
0.0139387
0.0136154
0.0146311
0.0131217
0.0142121
0.0184626
0.0200856
0.0178973
0.0145546
0.0146797
0.0149829
0.0134943
0.0128431
0.0185094
0.0182094
0.0160175
0.012655
0.016979
0.0174302
0.0155499
0.0122064
0.0175869
0.0179776
0.0172627
0.013196
0.012253
0.0141945
0.0125185
0.013607
0.0122739
0.0134171
0.0137243
0.0119263
0.0125451
0.0169864
0.0176738
0.0161307
0.0132388
0.0184988
0.0198349
0.0181144
0.0139246
0.0146395
0.0156825
0.0150809
0.0146659
0.0157466
0.0163095
0.0157732
0.0151791
0.0205411
0.0211032
0.0192858
0.0141147
0.0190391
0.0179893
0.0133936
0.0142287
0.0200194
0.0192507
0.0176003
0.0141514
0.0180708
0.0187981
0.0169966
0.0139972
0.0185268
0.0182758
0.0160588
0.0126011
0.0170443
0.0187962
0.0169925
0.0123208
0.0136778
0.0153036
0.0127241
0.0134604
0.0172573
0.0140185
0.0158227
0.0139158
0.015071
0.0161195
0.014436
0.0258818
0.020378
0.0210253
0.0192545
0.019016
0.0205438
0.0219758
0.0203404
0.0170317
0.021093
0.0217393
0.0194081
0.016876
0.0169414
0.0182898
0.0167854
0.0168368
0.0211094
0.0216166
0.0207759
0.0164007
0.0223566
0.023216
0.0204762
0.0217726
0.0226823
0.0210338
0.0186683
0.0173892
0.0222182
0.0220209
0.0174072
0.017564
0.0183451
0.0148442
0.0158445
0.0183089
0.0159329
0.0147965
0.0162217
0.0161988
0.0146339
0.0164564
0.0163473
0.0160399
0.019096
0.0201463
0.0175313
0.0211777
0.0202888
0.019009
0.0199111
0.019838
0.0177188
0.0180594
0.0162538
0.0145601
0.0179686
0.0160553
0.0149983
0.0161367
0.0156836
0.0144488
0.0164823
0.0164981
0.0145309
0.0166325
0.0166938
0.0155044
0.0203659
0.0204142
0.0173378
0.0200277
0.0168926
0.0149538
0.015705
0.0159394
0.0153288
0.0210742
0.0203544
0.0171406
0.0156788
0.0171683
0.0165767
0.0164873
0.0212046
0.0213222
0.019485
0.0223976
0.0204569
0.0167279
0.01638
0.01629
0.015753
0.0151884
0.0156729
0.0143736
0.0152114
0.0153238
0.0137538
0.0146625
0.0145427
0.01313
0.0191863
0.0207006
0.017708
0.0196856
0.0199762
0.0162088
0.0198072
0.0205397
0.0174254
0.0199572
0.019186
0.0172285
0.0198914
0.0191427
0.0173777
0.0210345
0.0208511
0.0189017
0.0161085
0.016028
0.0158664
0.0241529
0.0194398
0.0192263
0.0185796
0.0228831
0.0219157
0.0198062
0.0215724
0.0210829
0.0199292
0.0212656
0.0216129
0.0211976
0.019964
0.0214523
0.0178614
0.0158673
0.0172067
0.0140255
0.0140322
0.0139465
0.0127593
0.0136072
0.0124646
0.0111746
0.0117327
0.011465
0.0109945
0.0164352
0.0141226
0.0118411
0.0165423
0.0142098
0.00990317
0.0146976
0.0131105
0.0152908
0.0149406
0.0101113
0.0155564
0.0113684
0.0165993
0.0142306
0.0161339
0.0152761
0.0145666
0.0134224
0.0147304
0.0133252
0.0148233
0.0135302
0.0145872
0.0140051
0.0152782
0.0140124
0.0135959
0.0203745
0.0178617
0.0190812
0.0183544
0.0193315
0.0188622
0.0197105
0.0186896
0.0203191
0.019592
0.0150959
0.0191615
0.0164898
0.0150554
0.0206765
0.0202568
0.0149954
0.0206717
0.0202941
0.016094
0.0150117
0.0202193
0.0200299
0.0156177
0.020575
0.0202148
0.0150668
0.0199024
0.0181645
0.0194261
0.0190534
0.0137853
0.019419
0.0187909
0.0150059
0.0211788
0.0191454
0.0146985
0.0192857
0.0186572
0.0142872
0.0200559
0.0191931
0.0138546
0.018396
0.0167387
0.0148926
0.0180774
0.0158747
0.0118246
0.0123878
0.0117794
0.014242
0.01225
0.0118634
0.0165063
0.0153753
0.0163129
0.016664
0.0120985
0.0170589
0.0165978
0.0142307
0.0140297
0.015501
0.0125221
0.0136184
0.01289
0.0128086
0.0175535
0.0169146
0.0173535
0.0180781
0.0196224
0.0140496
0.017733
0.0183968
0.0142875
0.0145567
0.0152527
0.0143617
0.0140831
0.0154854
0.0159345
0.0147517
0.0161383
0.0173713
0.0160103
0.0168628
0.0178262
0.0171409
0.0172196
0.0186923
0.0174225
0.0217667
0.0225715
0.0201486
0.0219486
0.0234163
0.0226883
0.0185496
0.023075
0.0237476
0.0229925
0.0193442
0.0196146
0.0194479
0.0179903
0.0165827
0.0198213
0.0204851
0.0184152
0.0194686
0.018766
0.0168222
0.0121949
0.0175677
0.017459
0.0159185
0.0163409
0.0167656
0.0157715
0.0121468
0.0126725
0.0123193
0.0118055
0.0129842
0.014279
0.0145819
0.0145703
0.0144243
0.0154736
0.0182468
0.0179132
0.0177586
0.0181865
0.0196602
0.0180891
0.0188777
0.0220055
0.0233832
0.0222325
0.0178375
0.0216939
0.0224686
0.0226053
0.0170559
0.0208838
0.0220236
0.0213615
0.0170824
0.0170125
0.0183972
0.0164199
0.0168455
0.0210539
0.0220989
0.0213453
0.0166404
0.0197279
0.02229
0.0208163
0.0209424
0.0203846
0.0209672
0.0202525
0.0160074
0.0197824
0.0209212
0.0202921
0.018323
0.0162278
0.0172058
0.0169072
0.0162461
0.0192433
0.0208071
0.0203698
0.0151938
0.020754
0.0205954
0.0217697
0.0165793
0.0201443
0.0222119
0.022069
0.0197202
0.0168671
0.0208194
0.0215839
0.021615
0.0196919
0.0161052
0.0164072
0.0187033
0.0182483
0.0173053
0.0171907
0.0179959
0.0181436
0.0182787
0.0167406
0.0188478
0.0220116
0.0243506
0.0227847
0.0193193
0.0182556
0.020122
0.0210983
0.0213838
0.0174718
0.0176357
0.0220063
0.0224668
0.0224034
0.0200749
0.0171197
0.0164254
0.0181814
0.0168959
0.0154676
0.0163482
0.0210187
0.02273
0.0215527
0.0184012
0.0151054
0.0194492
0.0212061
0.0211661
0.0184884
0.0146595
0.0151906
0.015202
0.0162317
0.0139762
0.0147154
0.0152025
0.0154944
0.0159588
0.0142472
0.0140231
0.0198273
0.0203657
0.0204438
0.0177958
0.0182622
0.0193044
0.0200223
0.0199729
0.0180028
0.0149841
0.0158378
0.0165907
0.0146598
0.014453
0.0192332
0.0186562
0.0226021
0.017169
0.0189516
0.0195251
0.0173932
0.0157553
0.0145081
0.0151682
0.0124423
0.0123486
0.017734
0.0182081
0.0146162
0.0135247
0.0219168
0.0160892
0.0177353
0.0175867
0.0137621
0.0133763
0.0146596
0.012984
0.0149382
0.0154754
0.0134208
0.0146507
0.0147203
0.0135561
0.0158708
0.0150195
0.0139449
0.0154488
0.0150216
0.0132587
0.0135037
0.0189659
0.0193107
0.0164278
0.0198279
0.0189574
0.0169157
0.0148784
0.0148875
0.0151761
0.0183466
0.0189345
0.0127573
0.0141718
0.0149676
0.0132174
0.0191423
0.0178892
0.0132903
0.0143338
0.013113
0.0122985
0.0185289
0.0182918
0.0128635
0.0175958
0.0174433
0.0154803
0.0175877
0.0165065
0.0126062
0.0174846
0.0164578
0.018261
0.0163809
0.0151119
0.0182727
0.0167368
0.0181461
0.0175785
0.0180794
0.0179056
0.0181149
0.0175273
0.012748
0.0138593
0.0135096
0.0184736
0.0170792
0.0173885
0.0176008
0.0154086
0.0154209
0.0134287
0.0125644
0.0170601
0.017114
0.0118606
0.016726
0.0155335
0.0171014
0.0160349
0.0123579
0.0128124
0.0122534
0.0134659
0.0122675
0.014121
0.0162746
0.0179138
0.0171783
0.0169634
0.0180439
0.0173446
0.0130571
0.0173139
0.0165407
0.0176248
0.0182538
0.012216
0.0177081
0.0166459
0.0178305
0.0183557
0.0154682
0.0179742
0.017378
0.0174261
0.0171039
0.0191711
0.018481
0.0168722
0.0154404
0.015544
0.0143066
0.0156338
0.016544
0.0150144
0.0185686
0.0189434
0.0135344
0.01467
0.014583
0.01384
0.014909
0.0144591
0.0134181
0.0185101
0.0174585
0.0149562
0.0134604
0.0135168
0.0122208
0.0132253
0.0140047
0.0126317
0.0171979
0.0172245
0.0125671
0.0200967
0.0198958
0.0153254
0.0152697
0.0148874
0.0134261
0.0184519
0.0184922
0.0129826
0.0168977
0.0135437
0.0129201
0.0136991
0.0167675
0.0125872
0.0140042
0.0145246
0.0125091
0.0136318
0.0133713
0.011664
0.0170864
0.016477
0.0119423
0.0178734
0.0150149
0.0152284
0.0165606
0.01733
0.0159817
0.0170123
0.017026
0.0139014
0.0132337
0.0139181
0.012843
0.0136335
0.0141275
0.0128723
0.0146019
0.0150438
0.0142718
0.0146524
0.0149241
0.0159218
0.0134579
0.0141256
0.0126532
0.0132439
0.0134935
0.0119169
0.0131505
0.013601
0.01234
0.017312
0.0166053
0.0121354
0.0133088
0.0129896
0.0147991
0.0117818
0.0132103
0.0133027
0.0119486
0.0175666
0.0174173
0.0126827
0.0160266
0.0150671
0.0112946
0.0160259
0.0152989
0.021112
0.0156585
0.0147625
0.0132246
0.0152382
0.0126415
0.00855415
0.0104463
0.00842816
0.00897998
0.00916618
0.00962497
0.0083986
0.00892464
0.00955391
0.0105568
0.00995361
0.0100632
0.0158152
0.0152961
0.0114178
0.0107832
0.0167282
0.0174551
0.0115197
0.0129762
0.0131042
0.0125861
0.0173929
0.0167602
0.0126667
0.0176074
0.0173009
0.0133026
0.0174216
0.0187072
0.0119708
0.012649
0.0115646
0.0114385
0.017144
0.0156811
0.0115682
0.0166462
0.0158403
0.0117481
0.011441
0.0162871
0.0142153
0.0171525
0.0162899
0.0122557
0.0172169
0.0136262
0.0184331
0.0144458
0.0149614
0.014675
0.0144821
0.0139026
0.0146498
0.0139123
0.0135621
0.019156
0.018528
0.0187674
0.0190768
0.0171225
0.0182178
0.0157041
0.0134191
0.0172539
0.0176953
0.0122558
0.0135263
0.0136467
0.0126606
0.0142277
0.0140326
0.0123882
0.0190443
0.0166591
0.0172975
0.017991
0.0171628
0.0178523
0.0179942
0.0168701
0.0168769
0.0175885
0.0162917
0.0174169
0.017882
0.0159175
0.0180046
0.0169175
0.0122827
0.0134768
0.0133801
0.0120264
0.0140274
0.0161505
0.0131057
0.0178915
0.0172788
0.0134735
0.0175454
0.0166622
0.0138449
0.0187071
0.0176072
0.0135698
0.0185297
0.0188124
0.0134776
0.0186755
0.0178293
0.0189678
0.0189085
0.0135206
0.0186618
0.0200898
0.0136232
0.0148231
0.0147175
0.0140286
0.0190558
0.0191238
0.0138581
0.0155393
0.0158112
0.014408
0.0153465
0.0152525
0.013575
0.018786
0.0190118
0.0135915
0.0193919
0.0186953
0.0141315
0.0185311
0.0192496
0.0168467
0.0196996
0.0175882
0.0148697
0.0191842
0.0177138
0.0141796
0.0198783
0.019651
0.0178054
0.0182598
0.0194687
0.0178198
0.0190554
0.0196993
0.0176887
0.0198559
0.0189663
0.0179513
0.0183373
0.020727
0.0178447
0.022015
0.0193774
0.0188378
0.0195102
0.0171753
0.0148986
0.0157646
0.0156508
0.016862
0.0216604
0.0195061
0.0197011
0.0206484
0.0221483
0.0193859
0.0227001
0.0216405
0.0194657
0.0198943
0.0209267
0.0175085
0.0198622
0.0219254
0.019999
0.0154268
0.0196046
0.0207256
0.0192543
0.0159202
0.0190711
0.0185629
0.0188967
0.0179051
0.0184038
0.0148936
0.0160291
0.0198649
0.020539
0.0166841
0.0196552
0.0215741
0.0193006
0.0163252
0.0151342
0.0151042
0.0202731
0.0198289
0.0158357
0.0214569
0.0214146
0.0157375
0.0199096
0.0204171
0.0169504
0.0192042
0.0190447
0.0150212
0.0186681
0.0196684
0.0148423
0.0153096
0.0159333
0.0148249
0.0150753
0.0184088
0.0197653
0.0177501
0.0187404
0.0190754
0.0177038
0.0188673
0.0198337
0.0178832
0.0193752
0.0191478
0.0171434
0.0181689
0.0181399
0.0146769
0.0173274
0.0170712
0.0154216
0.0136678
0.0144493
0.0141814
0.013121
0.0135368
0.0119253
0.0182909
0.0178786
0.0131327
0.0141232
0.0135392
0.0112579
0.0126897
0.0124538
0.0118823
0.0138516
0.0137222
0.0124711
0.023757
0.01747
0.0162979
0.012925
0.018984
0.0189899
0.0189593
0.0155174
0.0218232
0.0211407
0.0183302
0.0162482
0.0147041
0.0134969
0.0203034
0.0210513
0.0188677
0.0151301
0.0155386
0.0158039
0.0137609
0.0146856
0.0192086
0.0196982
0.0189796
0.0143336
0.0192947
0.0202295
0.0184976
0.0184795
0.020094
0.018157
0.014445
0.0170465
0.0185506
0.0174024
0.0146835
0.0191726
0.0204765
0.0171047
0.0132736
0.0181923
0.0181695
0.0170223
0.0132987
0.0184066
0.0188059
0.0164033
0.0139857
0.0187992
0.0182793
0.0172001
0.0136983
0.0176773
0.0185055
0.0144435
0.0191073
0.0189874
0.0179423
0.0187124
0.0195604
0.0180583
0.0144899
0.0151881
0.0162856
0.014605
0.0153803
0.0160914
0.0142308
0.0155082
0.0161912
0.0144978
0.0147158
0.0192192
0.0195225
0.018844
0.0207009
0.0203133
0.0196301
0.0177173
0.0200149
0.018474
0.0156424
0.016324
0.0201432
0.0229686
0.0193996
0.0153739
0.0200972
0.020941
0.0178034
0.015979
0.0152078
0.0162558
0.0145848
0.0149075
0.0165653
0.0178601
0.0150772
0.0155628
0.0152407
0.0163469
0.0146553
0.0149185
0.019197
0.0210264
0.0180776
0.0157554
0.0196957
0.0196449
0.018424
0.0200538
0.0210449
0.019808
0.0167354
0.0161312
0.0160694
0.0162241
0.0183393
0.0162492
0.0166481
0.0204147
0.0225614
0.0220105
0.0173564
0.0177136
0.0186492
0.017881
0.0159156
0.0194641
0.022444
0.0197041
0.017884
0.0207078
0.0211161
0.0180583
0.0181957
0.0181136
0.0148364
0.0130798
0.01324
0.0185573
0.017806
0.0129577
0.0129941
0.0183618
0.0185306
0.0121784
0.0141885
0.016328
0.0149848
0.0148895
0.0130412
0.0115208
0.0127942
0.0127634
0.0123475
0.0127051
0.0124654
0.0106535
0.0113657
0.0161088
0.0160683
0.0122817
0.0129988
0.0128182
0.0132825
0.0115536
0.0135368
0.0131305
0.0118451
0.0134101
0.013621
0.0123572
0.0182472
0.0173791
0.0144551
0.0179072
0.0179624
0.016527
0.0204743
0.0175511
0.0122883
0.0168129
0.0162274
0.0149868
0.016801
0.0153587
0.0112615
0.0162337
0.0151008
0.0164249
0.0159894
0.0155522
0.0141131
0.0155352
0.0151126
0.0124963
0.0149897
0.0135455
0.0155359
0.0135817
0.0115072
0.0126492
0.0135909
0.0111359
0.0160627
0.0151897
0.0159841
0.0154862
0.013416
0.0133244
0.0119451
0.0132816
0.0124384
0.0141138
0.0128938
0.0127376
0.0176974
0.0145986
0.017953
0.0149553
0.0168585
0.0132148
0.0145922
0.013306
0.0144355
0.0177786
0.0161977
0.0178073
0.0174081
0.018524
0.0173665
0.0183511
0.0174773
0.0128001
0.0184077
0.0170589
0.0181653
0.0169869
0.0128657
0.0180332
0.0168521
0.0193741
0.0160919
0.0123423
0.0166514
0.0125214
0.0139708
0.0131065
0.0157704
0.0174782
0.0166044
0.0177947
0.0179137
0.0167558
0.0164995
0.0169457
0.0170416
0.0154583
0.0133407
0.0131888
0.012665
0.0130999
0.0130719
0.0117833
0.013998
0.0136223
0.0164178
0.0137672
0.01419
0.0169729
0.0147861
0.0136437
0.0128767
0.0119037
0.0167458
0.0155331
0.0116343
0.0168374
0.0155577
0.0115307
0.0170907
0.0167351
0.0154954
0.0171509
0.0154767
0.0175665
0.0169404
0.0119063
0.013285
0.0166682
0.0124459
0.0125162
0.0140207
0.0124268
0.0169695
0.0170505
0.0117928
0.0124913
0.012349
0.0110649
0.0161882
0.015526
0.017479
0.016375
0.0126663
0.0106919
0.011938
0.00880372
0.0135126
0.0112176
0.00892723
0.00831467
0.00918459
0.00560836
0.00532155
0.00614025
0.00554973
0.00606523
0.00614322
0.00617067
0.00597166
0.00666722
0.00725992
0.00771125
0.0090525
0.00814341
0.0136345
0.00906119
0.012137
0.0106054
0.0117698
0.0110925
0.0151204
0.0120837
0.0175803
0.0142286
0.0142288
0.012985
0.0141553
0.0137935
0.0174596
0.0152398
0.0143643
0.0133256
0.0186402
0.013308
0.0144674
0.0123805
0.0136034
0.0126882
0.0137731
0.0123327
0.0140541
0.0127038
0.0142515
0.0131782
0.0151689
0.0138235
0.0146252
0.0142106
0.015166
0.0145053
0.0149997
0.014221
0.0142702
0.0182497
0.0167415
0.0125125
0.0136221
0.0130625
0.016577
0.014716
0.0132157
0.0173857
0.0158049
0.0125111
0.0154432
0.0141233
0.00953322
0.0148607
0.0100695
0.0115613
0.0116972
0.0104437
0.0116054
0.0168516
0.0157634
0.00997047
0.0119605
0.0139393
0.0105729
0.0102786
0.0100885
0.0106361
0.0158236
0.0102285
0.0118201
0.0111733
0.0118579
0.01617
0.0153587
0.0148046
0.0163402
0.0170822
0.0103849
0.0144916
0.0115936
0.0147228
0.0137431
0.0150667
0.0134452
0.009556
0.0111441
0.0102564
0.0154126
0.0139216
0.0111676
0.0153544
0.0149921
0.0149717
0.0139626
0.014238
0.0189917
0.0200044
0.0156353
0.0159504
0.0170136
0.0154668
0.0159849
0.0165434
0.0145503
0.0146691
0.0207711
0.0159126
0.014417
0.014538
0.0133706
0.01824
0.0170906
0.0128077
0.0128026
0.0132109
0.0120409
0.0175414
0.0163006
0.0127262
0.0176274
0.0166368
0.0176437
0.0185135
0.0180753
0.0185108
0.015864
0.0150755
0.0161542
0.016186
0.0121025
0.0172419
0.0167366
0.0131203
0.0133532
0.0124065
0.0127154
0.0176074
0.0166441
0.0129481
0.0181271
0.0172431
0.0175511
0.0136996
0.0138547
0.0143326
0.0147417
0.0144997
0.0159383
0.0172812
0.0157777
0.0144111
0.0147321
0.0156435
0.0142153
0.0152213
0.0158364
0.0141012
0.0143651
0.0133915
0.0117373
0.0114971
0.0127169
0.0109631
0.0116223
0.0120387
0.0108988
0.0155526
0.0169974
0.0111137
0.0158615
0.0159067
0.0165163
0.0163557
0.0156611
0.0215152
0.0142844
0.0124358
0.0136762
0.00841524
0.0134513
0.00915869
0.012817
0.00972219
0.0133337
0.00815798
0.0125396
0.0085146
0.0118751
0.0085654
0.00889833
0.00772464
0.0112785
0.00678405
0.0105944
0.006862
0.0100451
0.0106583
0.010784
0.0103658
0.0142429
0.0140825
0.00973292
0.0138194
0.0104434
0.015278
0.0137716
0.0158092
0.0139473
0.0133865
0.0131386
0.0143758
0.0199548
0.0187328
0.0192754
0.0189444
0.0170008
0.0169923
0.0166955
0.0160724
0.0163436
0.0163562
0.0166992
0.0166926
0.0151871
0.0155978
0.0153372
0.0143798
0.0148895
0.0131791
0.0129705
0.0130237
0.0114461
0.0562342
0.0111797
0.0181338
0.0148729
0.0168567
0.0158914
0.0169555
0.0118098
0.0168283
0.0150387
0.0121451
0.0173374
0.0164899
0.0126721
0.0174768
0.0161771
0.0183909
0.0168924
0.0183596
0.0169622
0.0133502
0.0186493
0.0169871
0.0136347
0.0140428
0.0127783
0.0131455
0.0147249
0.0130746
0.0140684
0.0184073
0.0166518
0.0139551
0.0182466
0.0167235
0.012937
0.0185156
0.0169968
0.0134794
0.0179405
0.0175328
0.0142784
0.0149905
0.01407
0.017071
0.0187305
0.0249005
0.01472
0.0183705
0.0183393
0.0149388
0.0193412
0.0198155
0.0178552
0.0190394
0.0196659
0.018499
0.0182431
0.0181929
0.0171108
0.0177026
0.0177386
0.0136361
0.0142531
0.0179597
0.0155353
0.0159168
0.0153567
0.015718
0.0178296
0.0158984
0.0148255
0.0117661
0.0175539
0.0153145
0.0120285
0.0169506
0.0159541
0.0120842
0.0130614
0.013003
0.0126492
0.0184134
0.0174355
0.0133229
0.018294
0.0176459
0.0134316
0.0144429
0.0143346
0.0133664
0.0133032
0.0142144
0.0137037
0.0182924
0.0170724
0.0170917
0.0198899
0.0193425
0.016639
0.0199459
0.0176608
0.0165831
0.0181786
0.0172716
0.0168068
0.0176848
0.0177416
0.0160465
0.0176261
0.0176297
0.0121133
0.0179755
0.0164214
0.0119542
0.0174864
0.0157306
0.0115186
0.0165994
0.0154229
0.0109407
0.0130539
0.0128122
0.0110455
0.0115134
0.0102229
0.00969518
0.0106879
0.00969775
0.0109839
0.010928
0.0113837
0.0109983
0.0102781
0.00995332
0.0108301
0.00997902
0.00960196
0.0115507
0.0114828
0.0111087
0.01598
0.0156362
0.0111343
0.0114738
0.0167288
0.0154413
0.0161577
0.0151185
0.0170656
0.0174943
0.0140156
0.0172416
0.0128158
0.0133569
0.014366
0.0132516
0.0132864
0.0181437
0.0164426
0.0178181
0.0166873
0.0129268
0.017818
0.0177452
0.0137526
0.0147725
0.012552
0.0174187
0.0197794
0.0181847
0.0179783
0.0191421
0.018713
0.0143358
0.0137805
0.0131175
0.0132332
0.0183428
0.0167696
0.0134019
0.0147578
0.0146833
0.0129192
0.018115
0.0173926
0.0129281
0.0177793
0.0168343
0.0170192
0.0176061
0.0177078
0.0138586
0.0192587
0.0170962
0.0141752
0.0196487
0.0178742
0.0193252
0.0181822
0.0142458
0.0143752
0.0132631
0.0150255
0.0127715
0.0140706
0.0187332
0.0171647
0.0138799
0.0138627
0.0137934
0.0155269
0.0177173
0.0112152
0.0110896
0.0159172
0.0148964
0.0109252
0.0161785
0.015106
0.0184898
0.0171409
0.0144845
0.0169409
0.0170033
0.0107522
0.0157244
0.0156549
0.0118909
0.0128039
0.0105867
0.0108231
0.0153931
0.0140256
0.0100884
0.0152045
0.0141028
0.010924
0.0168738
0.0158119
0.0108548
0.0182622
0.0158972
0.0120457
0.0173053
0.0130152
0.0126896
0.0138984
0.0131802
0.0126986
0.0140227
0.0124865
0.0122328
0.017726
0.0168699
0.0172224
0.016887
0.0124568
0.0144121
0.013539
0.012084
0.0171543
0.0151972
0.014426
0.0172946
0.015603
0.0114441
0.0171772
0.0150385
0.0110305
0.0148995
0.0164041
0.0116358
0.011922
0.0111928
0.0124308
0.0107005
0.0176031
0.0140043
0.0171924
0.0166953
0.0112893
0.0162915
0.0117721
0.0160891
0.0140865
0.0138742
0.0151336
0.012359
0.0141839
0.00901786
0.0139201
0.0124126
0.00926414
0.0144972
0.00919324
0.00875416
0.00965434
0.0142699
0.00989275
0.0153734
0.0113941
0.0142822
0.0149563
0.0139661
0.0157388
0.0165421
0.0194535
0.0158584
0.0163131
0.0183779
0.0149419
0.0113795
0.0152022
0.0152399
0.0166404
0.0136495
0.0169454
0.0160509
0.0138437
0.0128155
0.0124174
0.011712
0.0164197
0.0166616
0.0129204
0.0177156
0.0162447
0.0124059
0.0174968
0.0166434
0.0131336
0.0164242
0.0159994
0.012745
0.01728
0.0173675
0.0145515
0.0189824
0.0167071
0.0122933
0.0134624
0.0118588
0.012716
0.0161618
0.0153773
0.011988
0.0124913
0.0120563
0.0121547
0.0170136
0.0153319
0.0118466
0.0162463
0.0152368
0.0167368
0.0154255
0.0120706
0.0172031
0.016729
0.0163913
0.0157751
0.0115677
0.0165946
0.011949
0.0164434
0.0138462
0.0139051
0.0107332
0.0143587
0.016799
0.01495
0.0163237
0.0154157
0.0110866
0.0168336
0.0149059
0.0111379
0.0162298
0.0151396
0.0170893
0.01573
0.0173911
0.0160813
0.0126302
0.0171026
0.0165684
0.0127487
0.0180876
0.0176158
0.012465
0.0181301
0.0175144
0.0135649
0.0182175
0.0141347
0.0121446
0.0116157
0.0104378
0.0112061
0.0155907
0.0112047
0.0153822
0.0100373
0.0111664
0.0104052
0.0154322
0.0113625
0.0153335
0.0112968
0.0172739
0.0152558
0.0152659
0.0133145
0.0147484
0.0142274
0.0153009
0.0141518
0.0149683
0.0140212
0.0152115
0.0147917
0.0153144
0.0107408
0.0157105
0.0129967
0.0120207
0.0110998
0.0116015
0.0168174
0.0146296
0.0107698
0.0151897
0.010293
0.0143882
0.0135017
0.0109182
0.0162212
0.0148985
0.016388
0.0152505
0.015566
0.0146172
0.0106755
0.0155546
0.0139188
0.0177291
0.0154053
0.0161995
0.0152986
0.0164523
0.0144331
0.016671
0.0124102
0.0168894
0.0142986
0.0171511
0.0155693
0.0162466
0.0151043
0.0160975
0.0143012
0.0152656
0.0136643
0.0168718
0.00958279
0.0104841
0.00950266
0.0104382
0.0093233
0.0105556
0.00956596
0.010655
0.00966707
0.0150713
0.010888
0.0110614
0.0101411
0.00975869
0.0136176
0.0132151
0.0158733
0.0146565
0.0137938
0.0151676
0.0140272
0.0166632
0.014088
0.0152959
0.0153721
0.0161475
0.0147052
0.0146142
0.0140822
0.0119463
0.0109009
0.0161095
0.0146894
0.0164962
0.0115982
0.0163926
0.0158712
0.016872
0.0131629
0.0168685
0.024113
0.0170357
0.0143444
0.0170554
0.0162487
0.019585
0.0163041
0.0181249
0.0158787
0.0151334
0.0124825
0.0141517
0.0120686
0.0130849
0.0120379
0.0121663
0.0168273
0.0154444
0.0170314
0.0162043
0.0126918
0.0172427
0.0169226
0.0154991
0.0163592
0.0158078
0.0125586
0.0174162
0.0178242
0.0132417
0.0172917
0.0165353
0.0128064
0.013512
0.0131041
0.0121823
0.0171936
0.0171519
0.0124084
0.017691
0.0172686
0.0124408
0.0172067
0.0162008
0.012131
0.0174957
0.0166908
0.0124493
0.0179784
0.0172883
0.0118999
0.0125148
0.0116312
0.0153892
0.0171205
0.0150401
0.0134506
0.015395
0.0145076
0.0119799
0.0152282
0.0141553
0.015297
0.0147712
0.0113266
0.0148987
0.011445
0.0109605
0.0160023
0.0144563
0.0137387
0.0178466
0.0171569
0.0179726
0.0172838
0.0191624
0.0210416
0.0196871
0.0201282
0.0203782
0.0211833
0.0214723
0.0226708
0.0220639
0.0242492
0.0213337
0.021806
0.0214458
0.0210153
0.021098
0.0213661
0.019666
0.0209079
0.0196872
0.0914988
0.0204294
0.0243752
0.0283548
0.0258276
0.0226225
0.0228701
0.0238374
0.0219115
0.0217481
0.0223349
0.0231253
0.0242029
0.020396
0.0228465
0.0230357
0.0207551
0.0199523
0.0208439
0.0247309
0.0223519
0.0186774
0.0195048
0.020833
0.0187348
0.017775
0.0227247
0.0238745
0.0229832
0.019828
0.0239764
0.026341
0.0265506
0.0250354
0.0216882
0.025322
0.0269882
0.025012
0.0218971
0.0219121
0.0257845
0.0277238
0.0283094
0.0256925
0.0268742
0.0306603
0.0300141
0.0275995
0.0233946
0.027219
0.0297675
0.0298023
0.0264644
0.0229915
0.023752
0.0246027
0.0263642
0.0249875
0.0235893
0.0231496
0.0272998
0.0281161
0.0293937
0.0285725
0.0267432
0.0281237
0.0284734
0.0297895
0.0261271
0.0255217
0.0220033
0.0258351
0.0271858
0.0274618
0.0288507
0.0246186
0.0251965
0.0266877
0.0261773
0.0253127
0.024361
0.0221109
0.0261728
0.0258944
0.0264798
0.0300293
0.0234575
0.0259723
0.0248083
0.025669
0.0262229
0.0246179
0.0199738
0.0192727
0.0199734
0.0212074
0.0194878
0.0188779
0.0234929
0.0239933
0.0248452
0.0266756
0.023335
0.0190314
0.0186157
0.0185371
0.0193089
0.0208063
0.0203464
0.0204758
0.0189075
0.0191733
0.0231061
0.0243694
0.0242627
0.0206546
0.0229364
0.0228254
0.0190139
0.0200942
0.0202332
0.0212773
0.0209055
0.019392
0.0195799
0.0234426
0.0235303
0.0244985
0.0235294
0.0226803
0.0211124
0.0225522
0.0197533
0.0199783
0.0201224
0.0190472
0.0179042
0.0182077
0.0217977
0.0229123
0.0234454
0.0227927
0.0227606
0.0192502
0.0191566
0.0204364
0.0212035
0.0225268
0.0204716
0.0211786
0.0203733
0.0212898
0.0214087
0.0258957
0.0248981
0.0272254
0.02329
0.023234
0.0204895
0.0207837
0.0206337
0.0214245
0.0214662
0.0197141
0.0194356
0.0191766
0.0204881
0.0209939
0.0208006
0.01988
0.0186351
0.019091
0.0183573
0.0180953
0.0179269
0.0221623
0.023693
0.0233963
0.02353
0.0231277
0.0216558
0.021572
0.0227015
0.0230125
0.0222885
0.0254346
0.0203396
0.0228515
0.0222852
0.0234437
0.0217696
0.0202018
0.0165649
0.0168062
0.0185085
0.0187265
0.0187404
0.0176379
0.0167717
0.0172709
0.0182763
0.0185981
0.0181116
0.0168082
0.0169137
0.0215769
0.0223498
0.022159
0.0222393
0.0207577
0.0182139
0.0167111
0.0174611
0.0186973
0.0178388
0.0171565
0.0169664
0.0172891
0.0180502
0.0188925
0.0192438
0.0177783
0.0182051
0.0184746
0.0191563
0.0197536
0.0211888
0.0199981
0.0189908
0.0207459
0.020945
0.021783
0.0216808
0.0237623
0.020456
0.0206928
0.0212454
0.022029
0.0215072
0.0213863
0.0207705
0.0208268
0.0220906
0.0217823
0.0219673
0.0223373
0.0204022
0.0237322
0.0251249
0.0257307
0.0269409
0.0236969
0.0244663
0.026023
0.0257076
0.0264886
0.0271716
0.0258591
0.0255558
0.0247807
0.0239284
0.0232321
0.0232605
0.0262685
0.0248431
0.0263636
0.0257756
0.0236723
0.02335
0.023985
0.0247662
0.0255525
0.0252771
0.0231727
0.0238401
0.0251406
0.0254497
0.026901
0.024558
0.0231986
0.0209697
0.0240714
0.0241887
0.0222337
0.019584
0.0183146
0.017868
0.0214136
0.0233223
0.0234267
0.0226122
0.0211081
0.0202206
0.0216402
0.0211971
0.0205077
0.0177113
0.013862
0.0185399
0.0189479
0.0193169
0.0170953
0.0131877
0.0151284
0.0157826
0.0155175
0.0140253
0.0439183
0.0288604
0.0200241
0.0203101
0.0193433
0.0187426
0.0186417
0.0183799
0.0189057
0.0187006
0.016787
0.0155657
0.0177225
0.0166571
0.0175942
0.0175541
0.0166874
0.016672
0.0155964
0.0159123
0.0155119
0.0160547
0.0157128
0.0153028
0.089696
0.0145276
0.0166556
0.0170798
0.0172502
0.0146212
0.0190999
0.0208513
0.0203954
0.0219301
0.0211875
0.0171527
0.0157641
0.0159123
0.0211465
0.0222992
0.0228843
0.0205615
0.0171097
0.0210991
0.0222352
0.022514
0.0209873
0.0172035
0.0233446
0.0229873
0.023107
0.0206559
0.0212171
0.0207604
0.0220715
0.0226224
0.0222451
0.0325276
0.0225701
0.0218175
0.0220029
0.0206103
0.0165718
0.0211351
0.0220265
0.0219513
0.019544
0.0158552
0.0205841
0.02221
0.0222852
0.0207059
0.0178297
0.0226247
0.0240371
0.0238833
0.0225625
0.0181101
0.0183317
0.0191562
0.0178076
0.0179916
0.0169344
0.0209231
0.0221694
0.0221225
0.0218145
0.0202079
0.0207067
0.0175755
0.0160778
0.0136416
0.0139357
0.0175846
0.0188761
0.0185695
0.0182859
0.013697
0.0185587
0.0192443
0.0193703
0.0178975
0.0139139
0.0131912
0.0189164
0.0196642
0.0198833
0.0177882
0.0134832
0.0188624
0.0192219
0.0206686
0.0161202
0.0147337
0.0151998
0.0149077
0.0157744
0.0141393
0.0145731
0.0150357
0.0198286
0.0138702
0.0188959
0.0194442
0.0193149
0.0163242
0.0189904
0.0194903
0.0191665
0.014716
0.0189026
0.0179962
0.0175619
0.0143488
0.0184673
0.0194654
0.0179685
0.0139497
0.0186339
0.0192496
0.0182851
0.0138495
0.0184436
0.0189835
0.0203635
0.0138657
0.0147191
0.015322
0.0145792
0.0134272
0.0178913
0.0178446
0.0150635
0.0172782
0.0173262
0.0156416
0.0169746
0.0171464
0.015676
0.0167031
0.0167338
0.0120453
0.0161888
0.0153142
0.0109578
0.0128215
0.0129372
0.0118138
0.0168641
0.0169279
0.0156904
0.0177212
0.0146753
0.0167229
0.0178131
0.0186568
0.0160329
0.0155029
0.0193694
0.0143408
0.0197011
0.0176875
0.0133684
0.018139
0.017818
0.0137098
0.0137647
0.0141004
0.0139821
0.0134836
0.0180084
0.0180412
0.0128526
0.0184725
0.0191072
0.0149263
0.0146937
0.015377
0.0142488
0.0143325
0.0144056
0.0157918
0.0143114
0.014732
0.0131297
0.0185662
0.0196441
0.0140881
0.018395
0.0203552
0.0148017
0.0147697
0.0143096
0.0145496
0.0158157
0.0150801
0.0151249
0.0152563
0.0154105
0.0166042
0.0147984
0.0152116
0.0131388
0.0120488
0.0132704
0.0137149
0.0122561
0.0131849
0.0143897
0.0136031
0.0186972
0.0179088
0.0135895
0.015634
0.0130667
0.0133541
0.0163064
0.0168976
0.0133916
0.0177885
0.0181881
0.0137461
0.0141586
0.014512
0.0159059
0.0138041
0.0135635
0.0136568
0.0132536
0.018507
0.0183391
0.0147374
0.0155246
0.0151208
0.018658
0.0188346
0.0174962
0.0185775
0.020005
0.0160886
0.0188503
0.0198803
0.0186042
0.0187053
0.0195689
0.0185946
0.0213648
0.021745
0.0180981
0.0151242
0.0173046
0.0189521
0.0134746
0.013644
0.0151866
0.0142652
0.0154007
0.0152828
0.0147045
0.0162503
0.0146276
0.0167493
0.0157823
0.0150292
0.0229922
0.0201196
0.020139
0.0190779
0.0204554
0.0210039
0.0210686
0.0148873
0.0147079
0.0184839
0.0227092
0.0203881
0.0175571
0.0209938
0.0232015
0.023702
0.025548
0.0210495
0.0197221
0.0198778
0.0213783
0.0167787
0.0188555
0.0170271
0.0200279
0.020072
0.0171072
0.0201862
0.0157816
0.0148918
0.0144146
0.0153737
0.0141384
0.0149474
0.0158155
0.0165417
0.0214813
0.024932
0.0188844
0.0189214
0.0188211
0.0196082
0.0193149
0.0206387
0.0192933
0.020102
0.0181082
0.0153143
0.0189501
0.0174784
0.0183369
0.0212734
0.0225883
0.0209276
0.0206463
0.0203713
0.0193187
0.0230732
0.0215774
0.0207238
0.0222766
0.0213249
0.0206193
0.0206011
0.0178608
0.0178412
0.0145423
0.0162308
0.0163256
0.0197189
0.017926
0.0178571
0.0181049
0.0206998
0.0183317
0.0150245
0.0140251
0.0142404
0.01315
0.0136657
0.0167304
0.0156728
0.0132445
0.0138601
0.0153105
0.0123967
0.0123229
0.0129637
0.0117317
0.0133134
0.0143058
0.0134219
0.0158432
0.0157928
0.0162085
0.0203126
0.0211331
0.0193604
0.0204134
0.021249
0.0197963
0.0180832
0.0207468
0.0167469
0.0169449
0.0166054
0.0183794
0.015837
0.0182828
0.0157906
0.0129191
0.0133875
0.0140243
0.0120379
0.0124533
0.0132768
0.0123701
0.0110779
0.0144093
0.0149243
0.0139512
0.0187959
0.0193215
0.0164361
0.0195129
0.0203362
0.0177902
0.0183425
0.0192703
0.0225415
0.0171791
0.0165334
0.0149506
0.016227
0.0188985
0.0149681
0.0148415
0.0136086
0.0146245
0.0144167
0.0172502
0.0163903
0.0159536
0.0172729
0.0171014
0.0164239
0.0155542
0.0151605
0.0174255
0.0208538
0.0180283
0.016784
0.0181951
0.0189476
0.0188279
0.0184427
0.0184087
0.0189624
0.0181636
0.0198564
0.0177912
0.0173932
0.0178341
0.0180987
0.0185901
0.0186951
0.0176863
0.0168716
0.0174162
0.0181468
0.0186295
0.0169203
0.0192908
0.0162823
0.0127731
0.017641
0.0198841
0.0150378
0.0198475
0.0182947
0.0163853
0.0181133
0.019137
0.0168921
0.0235011
0.015067
0.0136961
0.0142374
0.0151878
0.0159655
0.0207365
0.0196053
0.0179444
0.0183609
0.0191462
0.0194535
0.0197589
0.015313
0.0199231
0.0190947
0.0178573
0.0191243
0.0191186
0.0171625
0.0153602
0.015047
0.0161821
0.0148431
0.013278
0.0149846
0.013596
0.0142508
0.0182323
0.018929
0.0178732
0.0203118
0.0210175
0.0198024
0.0164365
0.0180571
0.0200112
0.0181601
0.0180558
0.0196174
0.0158215
0.0168877
0.0141669
0.0156102
0.0148533
0.0150942
0.0147909
0.0148861
0.0169713
0.0151665
0.0162661
0.0150755
0.0153921
0.0171681
0.0165387
0.0153465
0.0170089
0.0177751
0.0157718
0.0178677
0.0163091
0.0165147
0.0200312
0.0157625
0.0130586
0.0159496
0.0137702
0.014593
0.0128451
0.0144123
0.0155576
0.0166317
0.0142539
0.0153725
0.0154559
0.0140406
0.0143139
0.0160795
0.015904
0.0152161
0.0150779
0.0143417
0.0150808
0.0152264
0.0151797
0.0186358
0.0190606
0.0178742
0.0146066
0.0140281
0.0146127
0.0190978
0.0179392
0.0189449
0.0180457
0.0191092
0.0182289
0.0190335
0.0213495
0.0220912
0.0184831
0.0188048
0.0197725
0.0194352
0.0180336
0.0222022
0.020475
0.0183442
0.0190791
0.018439
0.0196429
0.0180598
0.0186295
0.019273
0.0197479
0.0193834
0.017329
0.0185341
0.0185413
0.0196842
0.0186859
0.0191779
0.0189858
0.0193642
0.0182517
0.0184223
0.0209381
0.0201997
0.0163022
0.0190638
0.0181024
0.021454
0.0156334
0.0170904
0.0208743
0.0231139
0.0210254
0.0194947
0.0155702
0.0158534
0.0162715
0.0168387
0.0158722
0.0144376
0.0172388
0.0164232
0.0302645


