0.016264
0.0155274
0.0157782
0.0313673
0.0259898
0.0328483
0.0307235
0.0290388
0.0304008
0.0321695
0.0340831
0.0339708
0.0307794
0.0318163
0.0333337
0.0321968
0.0302479
0.0324343
0.0322887
0.0343598
0.0326413
0.0330838
0.0341762
0.0330183
0.0343572
0.035093
0.0337418
0.0320744
0.0346706
0.0328423
0.0351254
0.0327917
0.0320647
0.0319168
0.0299787
0.0363417
0.031971
0.0358203
0.0343008
0.037165
0.0320331
0.0314955
0.0363727
0.0318657
0.0327184
0.0357344
0.0315827
0.0358404
0.0336016
0.0367682
0.0228092
0.0226754
0.021654
0.024282
0.0227515
0.0239819
0.0235588
0.0158212
0.0258
0.015631
0.0168274
0.0146261
0.0162126
0.0142999
0.0149448
0.0150981
0.0285671
0.0243899
0.0264704
0.0275043
0.0273819
0.0293066
0.029324
0.0296742
0.0296487
0.0305799
0.0297902
0.0320741
0.0302244
0.0313237
0.0295936
0.0287147
0.0309885
0.0328721
0.0318877
0.0316418
0.0298968
0.0324556
0.0311857
0.0319209
0.0325871
0.0339425
0.0320078
0.0340995
0.0316815
0.0330995
0.034474
0.0340294
0.0362597
0.0335125
0.033082
0.0338827
0.0362363
0.0358081
0.0347696
0.0352246
0.035291
0.034309
0.0365509
0.0334563
0.0309271
0.0368725
0.0353752
0.0364804
0.0219247
0.023529
0.0241983
0.0237358
0.0254434
0.0250541
0.0279217
0.0258742
0.0307643
0.0277186
0.0282055
0.0275494
0.0287065
0.0296526
0.0279141
0.0284332
0.0296064
0.0269174
0.029097
0.0294141
0.0270514
0.0325288
0.0300459
0.0278736
0.0295906
0.0298719
0.0286001
0.0294024
0.0306288
0.0317288
0.0305268
0.0306991
0.030404
0.0320813
0.0302387
0.0306836
0.0301959
0.0307953
0.0311315
0.0330494
0.0305911
0.0326141
0.0315489
0.0323745
0.0305902
0.0303333
0.0315645
0.029792
0.0302048
0.0299979
0.0296235
0.0301818
0.0300166
0.0309142
0.0281161
0.0307171
0.0307635
0.0297542
0.0295151
0.0284938
0.0296189
0.0338609
0.0313834
0.0335103
0.0353538
0.032112
0.0324292
0.0321603
0.0334852
0.0322382
0.0337335
0.032272
0.0341124
0.0349419
0.0325579
0.0349268
0.0332581
0.0312453
0.0318797
0.0316184
0.0296562
0.0312577
0.0305513
0.030364
0.0312871
0.0305635
0.0319965
0.0310246
0.0314443
0.0323736
0.0297028
0.0300939
0.0306823
0.0315324
0.0342627
0.0312114
0.0327837
0.0343972
0.0319323
0.0340117
0.0317271
0.0345146
0.0304733
0.0311022
0.0328207
0.0319373
0.0306102
0.0323263
0.0327964
0.0325721
0.0318238
0.0304606
0.033267
0.0297177
0.0312009
0.0336286
0.0296146
0.0311748
0.0307974
0.0310636
0.0285066
0.0325385
0.0309561
0.0304994
0.0288579
0.0310819
0.0278942
0.0311247
0.0304437
0.0307056
0.0283598
0.0328766
0.0321614
0.0290742
0.0319396
0.0317838
0.0289742
0.0300306
0.0309502
0.0294557
0.0307885
0.0307922
0.0320867
0.0312625
0.0337853
0.0313647
0.031964
0.0331752
0.0303435
0.031112
0.0320552
0.0346696
0.0359779
0.0356967
0.0354531
0.0302687
0.0307857
0.0324064
0.0316951
0.0324647
0.032482
0.0325762
0.0356446
0.03437
0.033162
0.0332016
0.0332502
0.032841
0.0347547
0.0363059
0.031799
0.032739
0.0348076
0.0339752
0.034575
0.0309731
0.0298783
0.0293995
0.0296093
0.0288562
0.0265925
0.0272941
0.027863
0.0249353
0.0271959
0.0274699
0.0242589
0.0255928
0.0271199
0.0243235
0.0256779
0.028297
0.024553
0.0273251
0.0290414
0.0275354
0.0301366
0.0308074
0.0297993
0.0318761
0.0331092
0.0304005
0.0308253
0.0309974
0.0313502
0.0300315
0.0297662
0.0312152
0.025363
0.0279909
0.0280971
0.0288477
0.031658
0.0290693
0.0332284
0.0315637
0.0290046
0.0328792
0.031488
0.0311968
0.0302964
0.0307065
0.0316765
0.0311497
0.0306872
0.0303614
0.0322373
0.0302326
0.0328081
0.0310776
0.0310612
0.031865
0.0293483
0.0324648
0.0344747
0.0335726
0.0271982
0.0291403
0.0294618
0.0297318
0.0282801
0.0358353
0.0332984
0.0341178
0.03399
0.0333053
0.0332631
0.0345013
0.0326567
0.0284352
0.0304639
0.0317132
0.0298873
0.0316058
0.0309223
0.0309966
0.0330047
0.0309907
0.0288019
0.0280211
0.0274943
0.026977
0.0270957
0.0279746
0.0285376
0.0286129
0.032254
0.0322543
0.030671
0.0319366
0.0305025
0.0319169
0.0301688
0.029622
0.0277109
0.0273569
0.0309564
0.0288524
0.0271538
0.0278695
0.0291848
0.03062
0.0289252
0.0288112
0.0293639
0.0320894
0.029705
0.0321311
0.0320119
0.0309341
0.0300725
0.0298564
0.0307455
0.0302383
0.0301287
0.0303609
0.0304526
0.0311205
0.0333213
0.0330951
0.0317498
0.0323739
0.0341185
0.030802
0.0321561
0.031433
0.0310857
0.031954
0.0316434
0.0300913
0.0312616
0.0318449
0.0312832
0.0322163
0.0303948
0.0301164
0.0301062
0.0301482
0.0299731
0.0305527
0.0282197
0.0315472
0.0353736
0.0339904
0.0321893
0.0325756
0.0301199
0.0299428
0.029043
0.028942
0.030679
0.0289615
0.0285581
0.0289406
0.0292433
0.0301448
0.0294694
0.0302068
0.029459
0.0279392
0.0273965
0.0269823
0.0275723
0.0263762
0.0264646
0.0261104
0.0259621
0.0294349
0.0306088
0.0319074
0.0285391
0.0298782
0.0309885
0.0313589
0.0337753
0.0323507
0.0292883
0.0299225
0.0301836
0.0334926
0.0308911
0.0308348
0.0303209
0.0312545
0.0294859
0.0305013
0.0291908
0.0294313
0.0286797
0.0287993
0.0286017
0.0298295
0.0338677
0.0346637
0.0332922
0.0313678
0.0296073
0.0295566
0.033363
0.0318237
0.0323938
0.0316672
0.0363874
0.0307881
0.0306067
0.0304003
0.0301662
0.0303578
0.0303018
0.0296495
0.0298442
0.0322665
0.0329315
0.031656
0.0290593
0.0315034
0.0322622
0.0302058
0.0324487
0.0336462
0.0327061
0.0283299
0.0296939
0.0292955
0.0302235
0.0295935
0.0308517
0.0301577
0.0300458
0.0277292
0.0293303
0.0320827
0.026584
0.0295926
0.0296616
0.0283246
0.0280104
0.0274553
0.0255168
0.0255273
0.0252457
0.0242988
0.0293446
0.0249734
0.0233644
0.0250288
0.0253278
0.0205197
0.0205342
0.0212213
0.0185343
0.0222676
0.0235488
0.018571
0.0199
0.0203522
0.0198356
0.0214715
0.0216576
0.0195931
0.0199848
0.021146
0.0224008
0.0209982
0.0235252
0.0227825
0.0209877
0.0209359
0.0226169
0.0212601
0.0212276
0.0205681
0.0241141
0.0221337
0.0206164
0.0220775
0.0216577
0.021313
0.0216624
0.0227588
0.0228639
0.0206079
0.0217058
0.0235584
0.0240326
0.0211982
0.0223545
0.0235423
0.0235267
0.0213513
0.0231322
0.0228167
0.0221006
0.0216018
0.0244046
0.0235735
0.0206988
0.0220205
0.0218505
0.0212829
0.0240156
0.023414
0.0215454
0.023253
0.0224909
0.022154
0.0210121
0.0226802
0.0231204
0.0210049
0.0216877
0.0219275
0.026678
0.0242715
0.0228074
0.0221944
0.021976
0.0227058
0.0227803
0.0211251
0.0214638
0.0218191
0.0224846
0.0228161
0.0207819
0.0223995
0.0207154
0.0220121
0.0218644
0.0191822
0.0200793
0.0203188
0.0236957
0.0229366
0.0214239
0.0233357
0.0211561
0.0202519
0.0200745
0.0223242
0.0222436
0.0217809
0.0219213
0.0223016
0.0229493
0.0242351
0.0235167
0.0244607
0.024634
0.0241551
0.0237638
0.0242621
0.0256485
0.0233347
0.0235306
0.0238438
0.0236926
0.0244568
0.0246644
0.0250661
0.0246602
0.0260546
0.0269372
0.0249269
0.0250439
0.0250831
0.0260089
0.0260474
0.0253256
0.0254598
0.0243799
0.0274554
0.0249623
0.0238928
0.0242248
0.0236439
0.0252805
0.0255868
0.0270477
0.0251148
0.0233864
0.0226894
0.0231944
0.0232739
0.0230078
0.0225487
0.0217614
0.0217109
0.0212928
0.0234373
0.0199916
0.0207966
0.0201917
0.0243661
0.0209561
0.0214855
0.0205449
0.0209577
0.0226234
0.0211749
0.0223614
0.0223455
0.021566
0.0216435
0.0218588
0.0233203
0.0245945
0.0259034
0.0238858
0.0233889
0.0231111
0.0233126
0.0234168
0.0232089
0.0235773
0.0252802
0.0238453
0.0231527
0.0236031
0.0240561
0.0236422
0.0252897
0.0260111
0.0265137
0.0265127
0.0265454
0.0259386
0.0265961
0.0240647
0.0291452
0.0298482
0.0267956
0.0263079
0.0265073
0.0265194
0.0234315
0.0252814
0.0259103
0.0273969
0.0245964
0.0288103
0.027169
0.0256565
0.0282319
0.0290368
0.0264036
0.0278984
0.0268587
0.0313635
0.028149
0.0293774
0.0280001
0.0281346
0.0266297
0.0269192
0.0294432
0.0248967
0.0279468
0.0297657
0.0280541
0.0278475
0.0250396
0.0282111
0.0302016
0.0275216
0.0283829
0.028782
0.0272192
0.0297724
0.0285429
0.0261949
0.0302212
0.028663
0.0247099
0.0266632
0.0288608
0.0243556
0.0250611
0.0251504
0.0247292
0.0261288
0.0238533
0.0256095
0.0316247
0.0259042
0.0264326
0.0265218
0.026826
0.0257282
0.0260032
0.0264728
0.0272741
0.0256152
0.0277808
0.0281705
0.0266912
0.0292058
0.028807
0.0269343
0.0273179
0.0281174
0.0325098
0.0263145
0.0299661
0.0311411
0.0290191
0.0288487
0.0288935
0.0292236
0.0270974
0.0283799
0.0294501
0.0279268
0.0298215
0.0298613
0.0290022
0.0296526
0.0294506
0.0300812
0.030418
0.0290163
0.0298763
0.0307161
0.0281858
0.031554
0.0303691
0.0315043
0.0313707
0.0300232
0.0298927
0.0326241
0.0307325
0.0292304
0.0317333
0.0310235
0.0308711
0.0315992
0.0323071
0.0312869
0.0306875
0.0316821
0.0309541
0.0308275
0.0313213
0.0322409
0.0317758
0.0315398
0.0312876
0.0304914
0.0350985
0.0339956
0.0322161
0.0288383
0.0295826
0.0303879
0.030667
0.0281554
0.0268156
0.0274143
0.0269564
0.0243872
0.0273918
0.0285019
0.0259012
0.0247733
0.0243608
0.0228453
0.0236054
0.0233124
0.0237776
0.0223625
0.0248977
0.0233369
0.0213895
0.0221792
0.0225944
0.0253282
0.0217953
0.0280614
0.0262579
0.0249913
0.0253707
0.0264783
0.0257905
0.0298977
0.0276548
0.0257071
0.0250046
0.0256419
0.0285557
0.0252078
0.0250603
0.025214
0.0255282
0.0257559
0.0246863
0.023431
0.0251134
0.0248581
0.0229327
0.0250423
0.0264421
0.0246081
0.0245745
0.0255225
0.0251254
0.0238261
0.0261533
0.026506
0.0250165
0.0279439
0.028474
0.0276878
0.0300829
0.0301334
0.0339286
0.0275166
0.032707
0.0300531
0.0289288
0.0297641
0.0303719
0.0302764
0.0283796
0.0284544
0.0285977
0.0288288
0.0292349
0.0287953
0.0304453
0.028963
0.0295041
0.0284808
0.0271616
0.0306247
0.0283247
0.0270184
0.0264596
0.0294426
0.0290163
0.0295243
0.0280401
0.0281378
0.0314914
0.028584
0.0311117
0.0282316
0.0282495
0.030618
0.0293128
0.0281098
0.0298065
0.0304054
0.0270666
0.0298059
0.0302057
0.0277131
0.0305324
0.0292812
0.0280147
0.0296131
0.0296084
0.0278983
0.0281919
0.0291062
0.0295906
0.0257781
0.0280743
0.0289857
0.0262831
0.0268595
0.026664
0.0287417
0.0279747
0.0256061
0.0264202
0.0274872
0.024918
0.0278558
0.028098
0.0252464
0.0261712
0.0262148
0.025904
0.0252644
0.0251352
0.0255707
0.0234352
0.0245278
0.0244527
0.0244947
0.02532
0.0253772
0.0241748
0.0241442
0.0259981
0.0259361
0.0241842
0.0263646
0.0270192
0.0247368
0.0278068
0.0266893
0.0247339
0.0258859
0.0254572
0.0251661
0.0306762
0.0288399
0.0264204
0.0265481
0.0267724
0.0247863
0.0275153
0.028362
0.0261992
0.0277387
0.0284608
0.0254347
0.0293492
0.027744
0.0259769
0.0262034
0.0285622
0.0271941
0.0261575
0.0303343
0.0271216
0.0280359
0.0269493
0.0259694
0.0252594
0.0244645
0.0245162
0.0229574
0.0238757
0.0242789
0.0229459
0.021617
0.0234989
0.0237855
0.0221136
0.024937
0.0286911
0.0237374
0.0245557
0.0279676
0.0242006
0.0284037
0.0284955
0.0289522
0.0268182
0.0277623
0.0292374
0.0276603
0.0282317
0.0303438
0.0278911
0.0287493
0.0298168
0.033112
0.0308714
0.0292381
0.03088
0.0308964
0.0301441
0.0302044
0.0305048
0.0297598
0.0297922
0.0296967
0.0335077
0.0322002
0.0303813
0.0277717
0.0290503
0.0281014
0.0295842
0.0295624
0.0325279
0.0318627
0.0287535
0.0296935
0.0297537
0.0303364
0.0290327
0.0276972
0.0267522
0.0303976
0.0298489
0.0278844
0.0267396
0.0303434
0.031189
0.0307077
0.0331365
0.0348428
0.0322386
0.0308206
0.0320276
0.0318571
0.031266
0.0285594
0.0299381
0.029624
0.027644
0.0277311
0.0290672
0.0306959
0.0290099
0.0281698
0.0302531
0.0290999
0.0303295
0.0298486
0.0277342
0.0295037
0.0299223
0.0339686
0.0305004
0.0301806
0.0300114
0.0300975
0.0323496
0.0333639
0.0335916
0.0320904
0.0318829
0.0312281
0.0315887
0.0303117
0.0289047
0.031983
0.03293
0.031685
0.0311644
0.0288356
0.0301124
0.0298325
0.0280775
0.0298551
0.0298272
0.0286273
0.0270955
0.0282197
0.0300113
0.0311303
0.029421
0.0280254
0.0302385
0.0307361
0.0298158
0.0304497
0.0347109
0.0304096
0.0283957
0.032066
0.0299202
0.028523
0.0296244
0.0291311
0.0269631
0.029227
0.0299301
0.0261369
0.029482
0.0282984
0.0274285
0.0282614
0.029229
0.0268954
0.0284424
0.0287731
0.02702
0.0298891
0.0295684
0.027247
0.0287958
0.0294438
0.0274937
0.0293758
0.0304323
0.0293535
0.0272144
0.0293135
0.0299293
0.0277618
0.0308574
0.0302895
0.0283668
0.0293847
0.0308841
0.0296035
0.0296785
0.0300577
0.0289577
0.0302075
0.0300108
0.0305073
0.027072
0.0295239
0.0320137
0.0320003
0.0329135
0.0277176
0.0307325
0.0331992
0.0321114
0.0292851
0.0318256
0.0364815
0.031458
0.0311435
0.0323183
0.0336469
0.0306537
0.0323937
0.0334772
0.0314436
0.0307389
0.0317707
0.0338676
0.0327862
0.0310043
0.0317226
0.0319126
0.0302113
0.028235
0.0305574
0.0324826
0.0318631
0.0297982
0.0307121
0.033623
0.0340849
0.0361333
0.0315209
0.0329063
0.0312406
0.0326447
0.0358979
0.0328215
0.0325515
0.0334344
0.0339636
0.0330519
0.0311065
0.0357747
0.0350791
0.0342878
0.0328916
0.0337491
0.0349266
0.0334434
0.0326767
0.0335709
0.0351379
0.0336662
0.0328608
0.0360441
0.0366827
0.0352679
0.0347796
0.0357258
0.0358342
0.0357283
0.032985
0.0348307
0.0360563
0.0349996
0.0333682
0.0343592
0.0350868
0.0359773
0.0340393
0.0327829
0.0323448
0.0332116
0.0299194
0.0321759
0.0331746
0.0336496
0.0341845
0.0318479
0.0337574
0.0336619
0.0319597
0.0298558
0.030328
0.0308369
0.0303137
0.0291697
0.0297646
0.0307088
0.0305311
0.0304636
0.027882
0.0300287
0.030037
0.0307692
0.0283649
0.0309569
0.0304568
0.0338437
0.0311989
0.030578
0.03215
0.0359177
0.0329048
0.0309296
0.0303605
0.0312561
0.0312155
0.032007
0.0364094
0.0297668
0.0298054
0.0295681
0.029746
0.029803
0.0293732
0.026341
0.0300851
0.0286139
0.0290295
0.0266511
0.0288643
0.0296832
0.0295678
0.0266738
0.0270975
0.0269006
0.028573
0.0291627
0.0278425
0.0249954
0.0252564
0.0306075
0.0281137
0.0288634
0.0252169
0.0255434
0.0266239
0.0267943
0.0265645
0.024981
0.0272234
0.027697
0.0267159
0.0269336
0.0275726
0.0263476
0.0264911
0.023373
0.0250343
0.0247859
0.0271941
0.0263321
0.0246231
0.0232467
0.0232019
0.0228281
0.0277341
0.0257846
0.0258518
0.0232753
0.023982
0.0223263
0.0259714
0.0242769
0.0219475
0.0225743
0.0226242
0.0213585
0.0215975
0.024643
0.0219936
0.0236384
0.021229
0.0202841
0.0225471
0.0231503
0.0210882
0.0233124
0.0237271
0.0243359
0.0238936
0.0223832
0.0228398
0.0219601
0.0254747
0.0241685
0.0222862
0.0233104
0.0232594
0.0229142
0.0237361
0.0230738
0.0237319
0.0260421
0.025215
0.0232967
0.0229298
0.0250829
0.0236088
0.0249893
0.0264237
0.0240933
0.0244385
0.0253886
0.0258028
0.0242812
0.0255396
0.0266969
0.0302006
0.0258501
0.0235354
0.0241971
0.0246332
0.0253569
0.0258543
0.0253764
0.0265939
0.0277536
0.0241237
0.0251337
0.0260646
0.0262748
0.0244171
0.0254667
0.0257296
0.0253955
0.0277091
0.0287663
0.0237581
0.026071
0.025037
0.026296
0.0242627
0.0258719
0.0254994
0.0256878
0.0261741
0.0250692
0.0262955
0.0256198
0.025647
0.0272604
0.025461
0.024788
0.0266448
0.026397
0.0272604
0.0250442
0.0275613
0.0256787
0.0256445
0.0263382
0.0245234
0.0253775
0.0284869
0.0249629
0.0264526
0.0243186
0.0252367
0.0258178
0.02716
0.0263332
0.0283152
0.0276316
0.0268247
0.026301
0.0289548
0.0247006
0.0270781
0.0249852
0.0264127
0.0257448
0.0266062
0.0259966
0.025738
0.0266174
0.0274184
0.0258252
0.0253318
0.0285425
0.0264865
0.0268461
0.0264118
0.0280923
0.027954
0.0278487
0.0255023
0.027102
0.0265246
0.0269338
0.0267259
0.0260592
0.0265467
0.0253757
0.0244837
0.0298577
0.0230167
0.0239606
0.025062
0.0236072
0.0249198
0.0224693
0.0212495
0.0225961
0.0229455
0.0212969
0.0222591
0.0266322
0.0242927
0.020772
0.0218973
0.0227944
0.0222197
0.0215167
0.0214857
0.0232202
0.0211709
0.0220883
0.0215235
0.021519
0.0216681
0.0216203
0.0243373
0.0237446
0.0216985
0.0234512
0.0232473
0.0216468
0.0236371
0.0258231
0.0228437
0.0252541
0.0275898
0.0271933
0.0276578
0.0256765
0.0272433
0.0311468
0.0254627
0.0277505
0.0282924
0.0262178
0.0297211
0.0316759
0.0295256
0.0298355
0.0271556
0.0296307
0.0297821
0.0279366
0.0284813
0.0289241
0.0261258
0.0281894
0.0275429
0.0256445
0.0264011
0.0274839
0.0258068
0.024551
0.028436
0.025697
0.0243916
0.0263803
0.0286234
0.0277385
0.0272005
0.0274339
0.0257546
0.0276907
0.0277309
0.0257232
0.0276353
0.0295297
0.0257398
0.0279395
0.0294679
0.0351637
0.0275825
0.0275198
0.0251439
0.0274683
0.0282002
0.0249114
0.0245978
0.0258148
0.0263571
0.023683
0.0263006
0.0282637
0.024488
0.0254862
0.0264558
0.0248395
0.0273444
0.0253321
0.0280797
0.0251869
0.0255144
0.0258837
0.024327
0.0251027
0.026192
0.025513
0.0229319
0.0242537
0.0253818
0.0263275
0.0237993
0.0264076
0.0276519
0.0245209
0.0259177
0.0266059
0.0247254
0.0286985
0.0270115
0.024299
0.0248076
0.0255804
0.0262141
0.0239005
0.0245603
0.0256671
0.0261144
0.0240385
0.0266764
0.028684
0.0256258
0.0271752
0.0300717
0.0274347
0.0297002
0.0325402
0.0306152
0.0263832
0.0298746
0.0279287
0.0253898
0.0249351
0.0258695
0.0287367
0.0252222
0.0259732
0.0265716
0.0266144
0.0247243
0.0254865
0.027125
0.0241368
0.0238159
0.0255291
0.0232722
0.0241836
0.0247629
0.0245692
0.0247273
0.0248113
0.0276788
0.023411
0.0255103
0.0243893
0.025385
0.0257594
0.0250598
0.0252405
0.0289459
0.0253823
0.0262786
0.0271583
0.027639
0.0278362
0.033946
0.0312699
0.0316995
0.0310525
0.0313867
0.0312188
0.0315838
0.0339576
0.0310231
0.0311134
0.0297381
0.0286976
0.028954
0.0325508
0.0330817
0.0292735
0.0291337
0.0305864
0.0323843
0.0320758
0.0294771
0.0295654
0.0291338
0.0293758
0.0310306
0.0292371
0.032707
0.0291455
0.0285385
0.0289971
0.0285486
0.0271409
0.0314075
0.0305463
0.0330972
0.0320115
0.0309363
0.0314476
0.0324251
0.0340571
0.032889
0.0311981
0.032879
0.0339004
0.035853
0.0362987
0.0310115
0.0322055
0.0325013
0.0299458
0.0311972
0.0272665
0.0304028
0.0326229
0.0308894
0.0303519
0.0313776
0.0326428
0.0278288
0.0284986
0.0280088
0.0286767
0.029126
0.0304128
0.0302337
0.0296158
0.0275881
0.0313607
0.0340642
0.0293635
0.0304008
0.0301793
0.0291779
0.0293873
0.0290783
0.0270423
0.0256962
0.0267745
0.0265582
0.0248767
0.0245555
0.0263375
0.0263974
0.0266029
0.0296065
0.0262361
0.0238932
0.0234317
0.0231449
0.0234178
0.0238365
0.0225217
0.0222241
0.0225297
0.020988
0.0213543
0.0215669
0.0226369
0.0207844
0.0212055
0.0227497
0.022756
0.022625
0.0231572
0.0234357
0.0226471
0.0219986
0.0230607
0.026867
0.0247917
0.0269956
0.0241189
0.0248333
0.0245693
0.0236178
0.0232365
0.0252499
0.0276199
0.0278761
0.0266395
0.0272719
0.0281734
0.0272429
0.0266273
0.0277607
0.0275285
0.0264552
0.0269092
0.0275359
0.0297792
0.0288365
0.0268761
0.02599
0.0267712
0.027905
0.0265555
0.0243732
0.0277657
0.0304059
0.0257367
0.0262304
0.0260209
0.0258692
0.0303457
0.0260229
0.0242494
0.0250521
0.0275705
0.0272627
0.0274297
0.0263076
0.0244814
0.0261348
0.0316978
0.0295397
0.0270437
0.0249986
0.0275413
0.0273193
0.0253494
0.025822
0.0269781
0.0271176
0.0255818
0.0254605
0.0267009
0.0276308
0.028144
0.0256312
0.0286457
0.0288077
0.026246
0.0266354
0.0269065
0.0274001
0.0304989
0.0279707
0.0261196
0.0279338
0.0286061
0.0243393
0.0260471
0.0260113
0.0243701
0.0261427
0.026103
0.0239549
0.0273574
0.0255634
0.0260173
0.0238471
0.0243731
0.025752
0.0239863
0.0275742
0.0257883
0.0245285
0.026278
0.0258424
0.0261258
0.0239317
0.0251155
0.0255585
0.0221728
0.0259446
0.0272828
0.0248857
0.0247353
0.0248414
0.0250193
0.0283698
0.0240023
0.0255166
0.02643
0.0269362
0.0244465
0.0277594
0.0277912
0.0260336
0.0268949
0.0269906
0.0279055
0.0290395
0.0261723
0.0256576
0.026827
0.0274621
0.0248742
0.0266051
0.0273863
0.0298366
0.0251857
0.0265111
0.0264148
0.0270074
0.0252535
0.0254948
0.025008
0.0261988
0.0260967
0.0234056
0.028411
0.0265802
0.0243051
0.0261793
0.0257458
0.0234377
0.0251906
0.0250871
0.0235644
0.0240521
0.0239271
0.0265007
0.0232607
0.0275704
0.0263508
0.0240841
0.0245803
0.0263765
0.0250693
0.022783
0.0224301
0.0235213
0.0237412
0.0213433
0.0248181
0.023483
0.0207446
0.0218363
0.0219192
0.0227858
0.0216538
0.020834
0.0214892
0.0217562
0.0216511
0.0215113
0.0236389
0.0235756
0.0216925
0.0239742
0.024318
0.0218905
0.0245874
0.0275667
0.0248575
0.0236407
0.0240069
0.0230537
0.0238068
0.0218476
0.024773
0.0289864
0.024438
0.0263889
0.0263114
0.0248634
0.0274896
0.0266044
0.0253731
0.0267706
0.0245217
0.024226
0.028185
0.0249774
0.0226544
0.0268584
0.0253344
0.0224082
0.0259115
0.0238476
0.0217662
0.0257387
0.024278
0.0256734
0.0294885
0.0279051
0.0251745
0.0266668
0.028582
0.0235176
0.0241449
0.0250797
0.0242067
0.0272581
0.0252094
0.0229982
0.0276595
0.0285681
0.0283311
0.027437
0.028796
0.0250078
0.0282935
0.0293107
0.0282576
0.0288442
0.031436
0.0269135
0.031725
0.030488
0.0295334
0.0314957
0.0312362
0.0317891
0.0329892
0.0332909
0.0280115
0.0294358
0.0323799
0.043493
0.0293263
0.0287253
0.0290067
0.0275879
0.0297946
0.0296288
0.0281705
0.0292019
0.0289177
0.029003
0.0290936
0.0328323
0.0321267
0.0351353
0.0323608
0.0376492
0.0329463
0.0357913
0.030884
0.0252255
0.0269366
0.0273824
0.0265659
0.0249623
0.0258959
0.0274485
0.0285337
0.0305287
0.0268032
0.0308738
0.0299575
0.0304819
0.0326724
0.0321959
0.0323395
0.0308346
0.0309853
0.0315642
0.0293758
0.0311052
0.0327124
0.0294521
0.0306646
0.0307065
0.0277758
0.0290472
0.0312627
0.0296968
0.0264464
0.0298649
0.0299705
0.027641
0.0314697
0.0319156
0.0284568
0.0307883
0.0319156
0.027996
0.0320699
0.0313376
0.0288583
0.0307785
0.0309235
0.031778
0.0297579
0.0309823
0.0307684
0.0298111
0.0269223
0.0276545
0.0280592
0.0298391
0.0306233
0.0295531
0.0278712
0.0329029
0.0333909
0.0336666
0.0288686
0.0298817
0.0320489
0.0341235
0.0338252
0.0300613
0.0327543
0.0354216
0.0323801
0.0323275
0.0324104
0.0326121
0.0350413
0.034377
0.0319719
0.0357674
0.033558
0.0345941
0.0308418
0.0328979
0.0331824
0.0307038
0.0338051
0.0343734
0.0328661
0.0304083
0.0326682
0.0324434
0.0324428
0.0319468
0.0298978
0.0269218
0.0293411
0.0293555
0.026064
0.0281746
0.0292852
0.02701
0.0271703
0.027224
0.0289973
0.0251689
0.0257354
0.0254715
0.0265315
0.0256027
0.0260693
0.0276644
0.028657
0.0250358
0.0253167
0.028917
0.0286806
0.0273722
0.0263235
0.0309316
0.0330269
0.032029
0.0301993
0.0302624
0.0298115
0.028494
0.0284231
0.0319079
0.0294991
0.027
0.0269728
0.0272803
0.028737
0.0282204
0.0302833
0.0310259
0.028666
0.0291211
0.0272762
0.0285886
0.0287353
0.0304089
0.0265729
0.0249051
0.0304855
0.0292062
0.0249474
0.0257595
0.0271255
0.02717
0.0278207
0.0253056
0.0258099
0.0250947
0.0267691
0.0278997
0.0260188
0.0257947
0.0227461
0.0261859
0.0266675
0.0253822
0.0253617
0.0254533
0.026294
0.0275262
0.0278256
0.0240918
0.026289
0.025469
0.0240203
0.0251677
0.0257449
0.0263705
0.0271066
0.0292047
0.0280019
0.0259497
0.0261919
0.0270125
0.0276158
0.0260914
0.0251581
0.0297525
0.0294284
0.0304482
0.0255045
0.0288907
0.0280651
0.0270532
0.0261735
0.0275334
0.0279769
0.0264692
0.0253332
0.0279729
0.0283673
0.0263568
0.028423
0.0292224
0.0268004
0.02818
0.0301805
0.0292724
0.0291093
0.0299446
0.0276537
0.0281001
0.0304859
0.0270866
0.0286356
0.029195
0.0272851
0.0315555
0.0307439
0.0283998
0.025971
0.0276183
0.0280652
0.0274949
0.0237873
0.0268561
0.0290839
0.0242652
0.0259366
0.0256721
0.0240784
0.0259258
0.0262963
0.0244072
0.0236672
0.0255349
0.0256053
0.0236382
0.028014
0.0264791
0.0247089
0.024287
0.0282217
0.0277528
0.0248137
0.0266624
0.0269622
0.0260091
0.0297628
0.0281471
0.0268396
0.0322369
0.0291816
0.0263945
0.0287204
0.0286385
0.0259247
0.0280666
0.0279023
0.0254463
0.026838
0.0273386
0.0276976
0.0242672
0.0267547
0.0276325
0.0261424
0.0283237
0.0295552
0.0267979
0.0296544
0.0310372
0.0266036
0.0303781
0.0309104
0.0301418
0.0263444
0.0313673
0.0289224
0.0270259
0.0283341
0.0306986
0.0307025
0.0283975
0.0264078
0.0315402
0.0282395
0.0277001
0.0257857
0.0283863
0.0285534
0.0268587
0.0287291
0.0309215
0.0309699
0.0261992
0.0247856
0.0269842
0.0285135
0.025937
0.0265921
0.0278366
0.0254363
0.0272709
0.0274566
0.0266819
0.0257832
0.0271446
0.0297172
0.0279242
0.0266021
0.0292476
0.0305831
0.0300988
0.0308499
0.0294713
0.0310222
0.0295913
0.0291208
0.0287128
0.0307032
0.0266262
0.0290449
0.0295854
0.0283043
0.031964
0.0311285
0.0298372
0.0282329
0.0287366
0.0295774
0.0288057
0.0267963
0.0291695
0.0286465
0.0331835
0.0270765
0.0311832
0.0301005
0.0294164
0.0277026
0.02823
0.0297088
0.0288202
0.026599
0.0294101
0.0317478
0.0305325
0.0296695
0.0333946
0.03352
0.030571
0.0285128
0.033975
0.0337878
0.0330532
0.0292448
0.0298419
0.0311828
0.0305561
0.0320441
0.0297721
0.030994
0.0306383
0.0303322
0.0285805
0.0310384
0.0310532
0.0310392
0.0287009
0.0321719
0.0326577
0.030164
0.0327948
0.0323977
0.0328996
0.0317948
0.0334246
0.0355875
0.0337041
0.0320391
0.0310683
0.0332947
0.033024
0.0334629
0.036643
0.0311489
0.0331553
0.0337297
0.0338294
0.0318269
0.0333041
0.0359707
0.0383179
0.0351926
0.0315378
0.0326449
0.0322212
0.0321939
0.0317919
0.0299902
0.0313471
0.0341572
0.0310511
0.030419
0.0287382
0.0277517
0.0282064
0.0292186
0.0302394
0.0313143
0.0298706
0.028743
0.0319396
0.0317026
0.0307253
0.0368961
0.0299674
0.031838
0.0312012
0.0336491
0.0285921
0.0276326
0.0307421
0.0297877
0.0292045
0.0273596
0.0267424
0.0284639
0.0286324
0.0303023
0.0281284
0.0274688
0.0276025
0.0280419
0.0249011
0.0246667
0.0261983
0.0266772
0.0264542
0.0258946
0.025131
0.0251441
0.025467
0.0287656
0.0261571
0.0251496
0.0253394
0.0250033
0.0246367
0.0254886
0.0247309
0.0248343
0.0248411
0.0291728
0.0292727
0.028397
0.0280038
0.0252606
0.0259426
0.0266083
0.0254416
0.0295105
0.0308672
0.0291685
0.0264662
0.0266574
0.028156
0.0286943
0.028503
0.0270051
0.0272821
0.026003
0.0262465
0.0259934
0.0280238
0.0276571
0.0259622
0.0256249
0.0257539
0.0254486
0.0251648
0.0243156
0.0250517
0.0262828
0.0266893
0.0256894
0.0243555
0.0275647
0.0264381
0.0270453
0.0281093
0.0259542
0.0275154
0.0253159
0.0270371
0.026572
0.0261945
0.0240162
0.0254743
0.0257939
0.0272307
0.030547
0.030506
0.0251862
0.0306088
0.0285053
0.0290751
0.0257381
0.0273589
0.029385
0.0286784
0.0257218
0.0275796
0.0273953
0.028337
0.0245549
0.0312238
0.0276613
0.0262491
0.0248001
0.0252025
0.0261131
0.0267094
0.0284169
0.0232962
0.0247717
0.0266215
0.0250786
0.0267132
0.0238878
0.0301523
0.0318781
0.0302674
0.025689
0.0251702
0.0248199
0.026017
0.027487
0.0265315
0.025972
0.0272537
0.0272586
0.0274331
0.0273654
0.0260637
0.0248332
0.0260528
0.0279488
0.0251821
0.0242223
0.0256683
0.0246454
0.0218793
0.0237133
0.0248698
0.0230039
0.0208978
0.0224563
0.022699
0.0244123
0.0262086
0.0241619
0.0262121
0.0267031
0.0266965
0.0270262
0.026954
0.0258706
0.0266298
0.0275827
0.0260973
0.0267404
0.0262663
0.0247973
0.0272726
0.0266175
0.0246349
0.0261113
0.0276595
0.0262593
0.0245009
0.0270144
0.0260103
0.0236823
0.0264484
0.0273841
0.0248983
0.0264157
0.0274694
0.0299058
0.0284927
0.0278268
0.0277559
0.0293269
0.0272002
0.0264697
0.0281672
0.0287419
0.0291561
0.0323753
0.0298933
0.028042
0.02811
0.0288574
0.0263244
0.028649
0.0307336
0.0272041
0.0288449
0.0289944
0.0263827
0.0293768
0.0289432
0.0293939
0.028594
0.0289837
0.0263267
0.0279059
0.0278416
0.0261284
0.0273994
0.026981
0.0256686
0.0263271
0.0266847
0.0248237
0.0290416
0.0259449
0.0238292
0.0260804
0.0269198
0.0235954
0.0248279
0.0266698
0.0241512
0.0267127
0.0268071
0.0272731
0.0251938
0.0256454
0.0264065
0.0277923
0.0250363
0.025534
0.0259448
0.0262128
0.0274924
0.0255858
0.0253963
0.0264404
0.0273994
0.0257129
0.0267826
0.0267854
0.0268743
0.0274332
0.0288831
0.0258391
0.0288209
0.0283857
0.0259019
0.0282097
0.0310428
0.0293412
0.0301709
0.0322249
0.0273012
0.0297944
0.0296126
0.0280167
0.0308752
0.0296169
0.0276476
0.0310026
0.028915
0.0269526
0.0286368
0.0326365
0.0284602
0.0296781
0.0294742
0.0277369
0.0269306
0.0292487
0.0309407
0.029762
0.0303896
0.030025
0.0298986
0.0289584
0.0286009
0.0277448
0.0264685
0.0294425
0.0294703
0.0289587
0.0266867
0.0301549
0.0275809
0.0289169
0.0295722
0.0286718
0.0317526
0.0333773
0.0288809
0.0322147
0.0307235
0.031356
0.0278229
0.0281269
0.0294247
0.0305192
0.0320912
0.0291595
0.0304813
0.0309227
0.0287618
0.0299265
0.0317273
0.0303987
0.0279949
0.0290608
0.0300778
0.0294019
0.0269062
0.0284521
0.0284566
0.0281229
0.0292796
0.0311677
0.0276338
0.0324502
0.0298948
0.0296158
0.0250955
0.0281253
0.0317632
0.0294142
0.0261349
0.0260753
0.0278287
0.0275927
0.0268813
0.022975
0.0239567
0.0240821
0.0245995
0.0263204
0.024518
0.025168
0.0261279
0.0267555
0.028787
0.0282467
0.0297439
0.0280598
0.0263482
0.0264612
0.0288452
0.0274547
0.0294314
0.0294707
0.0267694
0.0256453
0.0278447
0.0284151
0.0272392
0.0273335
0.0286585
0.0291947
0.0282618
0.0260186
0.0306956
0.0318389
0.0275942
0.028185
0.0275456
0.0298237
0.0321154
0.0293366
0.0270374
0.0296318
0.0319429
0.0301238
0.0283385
0.0297195
0.0388213
0.0322377
0.0300415
0.0321222
0.0313683
0.0315935
0.0275513
0.032937
0.031419
0.0295925
0.0280747
0.0286437
0.029396
0.0296181
0.028428
0.0279603
0.0292757
0.0304844
0.0285209
0.0276721
0.0286696
0.030081
0.0321004
0.0308408
0.0273712
0.0296453
0.030082
0.0324569
0.0311317
0.0304001
0.0302071
0.0301763
0.0320331
0.0292019
0.0330017
0.030598
0.0311604
0.0293563
0.030028
0.0314411
0.0315572
0.031186
0.0353775
0.0292928
0.0298262
0.0315277
0.0324572
0.0326313
0.0287374
0.0330159
0.0324561
0.031777
0.0299583
0.0333993
0.0311138
0.0316368
0.0310997
0.0304639
0.0295799
0.0296709
0.0296187
0.0311172
0.0308166
0.0284317
0.02871
0.028917
0.0280048
0.026198
0.0291249
0.029868
0.0279871
0.0260701
0.028201
0.0280289
0.033069
0.0266177
0.0285391
0.0277693
0.0266778
0.0265619
0.0276186
0.0279938
0.0266552
0.0247427
0.0261669
0.0269529
0.0259934
0.0245392
0.0262692
0.0315997
0.0261079
0.0234993
0.0280631
0.0269932
0.0266467
0.0242394
0.0246608
0.0270255
0.0250335
0.0227259
0.023315
0.0249878
0.026208
0.0257799
0.0252375
0.0233579
0.024376
0.0255786
0.0273845
0.026213
0.0249782
0.0271714
0.0260419
0.0299648
0.0270772
0.026262
0.0266206
0.0283563
0.0295636
0.0285633
0.0270999
0.0282829
0.0281126
0.0286593
0.0289486
0.0282735
0.0275439
0.0315885
0.0280956
0.028994
0.0269012
0.0270123
0.0262316
0.0276295
0.0288789
0.0273846
0.0267229
0.0261237
0.0256745
0.0259276
0.0267426
0.0267879
0.0237873
0.0253934
0.0268368
0.0263275
0.0270674
0.0270008
0.0256216
0.0242083
0.0259288
0.0260025
0.0257863
0.0248988
0.0264628
0.0293404
0.0271355
0.0262673
0.0270718
0.0254198
0.02567
0.0280743
0.0312808
0.0307563
0.0273768
0.0301327
0.0319015
0.0299834
0.0290422
0.0284057
0.0292539
0.0305047
0.0309554
0.0305565
0.0284485
0.0293579
0.0289626
0.0297069
0.0286828
0.0289486
0.0301731
0.0298686
0.0308037
0.0307742
0.0279391
0.0291317
0.0312688
0.0295781
0.0290833
0.029015
0.0292384
0.029365
0.029096
0.031603
0.027227
0.0261761
0.0284437
0.0289764
0.0291048
0.029034
0.0272834
0.0290838
0.0279619
0.028344
0.0282875
0.0288526
0.0286679
0.0310875
0.0304034
0.0359645
0.0274243
0.0276881
0.0276224
0.0275975
0.0278787
0.0268115
0.0267189
0.0278953
0.030727
0.0283445
0.0265447
0.0276851
0.0270908
0.0274405
0.0270771
0.0272281
0.0300911
0.0277759
0.0301805
0.0302316
0.0294109
0.0273946
0.0264455
0.0278539
0.0269378
0.0273749
0.0276972
0.0279582
0.0291231
0.0282907
0.0278916
0.0283994
0.0285141
0.0300779
0.0284853
0.0277083
0.0275296
0.0278239
0.0298107
0.0295194
0.0282139
0.026899
0.0273019
0.0267965
0.0293295
0.0269765
0.026064
0.0271159
0.0287517
0.0281686
0.0271766
0.027625
0.0275424
0.0258253
0.0275157
0.0281925
0.028676
0.0271508
0.0281923
0.0304031
0.0326747
0.0291435
0.0275044
0.0277222
0.0312077
0.0300337
0.0280356
0.0260313
0.0305273
0.0302902
0.0306494
0.0298542
0.0289331
0.0272463
0.0312521
0.0323352
0.0282234
0.0276206
0.0300197
0.0316495
0.0314681
0.0295242
0.0310128
0.0330132
0.028764
0.0299905
0.0300355
0.0303198
0.0264996
0.0263083
0.0281552
0.0317598
0.0249849
0.0266634
0.0280489
0.0270807
0.025196
0.0247547
0.0243657
0.0240056
0.0259347
0.0262237
0.0236463
0.0258103
0.0258334
0.0243144
0.0215251
0.0226275
0.0240171
0.0231574
0.0274879
0.0268834
0.0258638
0.0230528
0.0235958
0.0224193
0.0233572
0.0222021
0.0216394
0.0239194
0.0249644
0.0223309
0.0254093
0.0251377
0.0225073
0.0237972
0.0244071
0.0244694
0.0238361
0.0231544
0.0239843
0.0255008
0.025056
0.0248631
0.0260739
0.0269448
0.0250582
0.0261306
0.0318084
0.0254975
0.0291121
0.0274896
0.026563
0.0276744
0.0269853
0.0289094
0.0271645
0.0315547
0.0354886
0.0288965
0.0281104
0.0291392
0.0297274
0.028178
0.0305567
0.0292049
0.0273207
0.0305934
0.0287258
0.02956
0.0280929
0.028569
0.0303144
0.0263729
0.0272612
0.0280643
0.0271501
0.0292626
0.0289591
0.0271991
0.0268694
0.0305345
0.028165
0.027614
0.0307817
0.0270581
0.027691
0.0327211
0.026022
0.0250285
0.025582
0.023298
0.0240642
0.0279433
0.0233228
0.0233584
0.0241045
0.0255132
0.0244037
0.0255706
0.029341
0.0254884
0.028978
0.0275575
0.0258123
0.027255
0.0276844
0.0263047
0.0287808
0.0290667
0.0267649
0.0321489
0.033101
0.0316713
0.0303811
0.0334697
0.0289757
0.0274253
0.0294643
0.03077
0.0330836
0.0282187
0.0298294
0.0298734
0.0299603
0.0294963
0.03077
0.030918
0.0317404
0.0296525
0.0311493
0.0313072
0.0332708
0.0319445
0.0303593
0.0329963
0.0316368
0.0327503
0.0309192
0.0304215
0.0319825
0.0324356
0.0323272
0.0322656
0.0294918
0.0282809
0.0330012
0.0305443
0.0266509
0.0292652
0.0282983
0.028095
0.027057
0.0284846
0.0290313
0.0309363
0.0318717
0.026509
0.0282019
0.0298143
0.0278106
0.0271996
0.0266559
0.0262752
0.0290428
0.0277892
0.0279411
0.0293948
0.0271611
0.0313582
0.0300541
0.0289595
0.029378
0.0310588
0.0310089
0.0292457
0.0289979
0.0308228
0.0316468
0.0319191
0.0295756
0.0303916
0.0305053
0.031019
0.0308302
0.0277732
0.0285287
0.0311783
0.0313136
0.0314232
0.0289527
0.0281577
0.0284345
0.0293111
0.0294746
0.0290606
0.0299695
0.0291927
0.0308641
0.0292871
0.0273221
0.0304334
0.0285608
0.0298031
0.0288423
0.0291362
0.0287556
0.0311799
0.0322604
0.0299927
0.0288149
0.0277071
0.0293339
0.0280501
0.0304727
0.0307115
0.0275014
0.027757
0.0298642
0.0323425
0.0308008
0.0281419
0.0294957
0.0325641
0.0308048
0.033659
0.0325843
0.0299101
0.0299555
0.0305224
0.0277347
0.026757
0.0278008
0.0285328
0.0301364
0.0282125
0.0285866
0.0289125
0.0295039
0.0312546
0.0338231
0.0290866
0.0299372
0.0295119
0.0298336
0.0283695
0.0295493
0.0312366
0.0311093
0.0311248
0.0315158
0.0321886
0.0300482
0.0271995
0.0281671
0.0308947
0.0288224
0.0319025
0.0270233
0.0309223
0.029869
0.0304666
0.0274009
0.0252427
0.0285755
0.0303727
0.0284581
0.0280198
0.0250524
0.0273363
0.0273051
0.0268776
0.0240017
0.0288623
0.030637
0.0260707
0.0264834
0.0267383
0.0256044
0.026727
0.0272493
0.0282254
0.024616
0.0262525
0.0246245
0.0285178
0.0303303
0.0298165
0.0247212
0.025906
0.0304027
0.0306307
0.028602
0.0258605
0.0251234
0.0273917
0.02696
0.0273113
0.0279161
0.028513
0.0268683
0.0259737
0.0268195
0.0264941
0.0259857
0.0247473
0.0245308
0.0261609
0.0252315
0.0272538
0.022361
0.0246283
0.0266011
0.027738
0.0260843
0.0229897
0.0235887
0.0238393
0.0274177
0.026191
0.0237566
0.0264299
0.0269217
0.0261227
0.0249687
0.0249556
0.0270843
0.0287474
0.025265
0.0283966
0.0313764
0.0272438
0.0254371
0.0278046
0.0280491
0.0288629
0.0243609
0.0259849
0.0269858
0.0244246
0.0264621
0.0271359
0.025834
0.0252367
0.0270618
0.0256749
0.0270985
0.0253402
0.0275372
0.0279357
0.0285794
0.0252512
0.0281508
0.0275096
0.0246765
0.0277075
0.0283989
0.0255891
0.0251763
0.0253657
0.0261132
0.0231704
0.0241987
0.0244385
0.022863
0.0233962
0.0249592
0.0236594
0.024136
0.0219457
0.0223722
0.0238783
0.023347
0.0222186
0.0213499
0.0225707
0.0231673
0.0229451
0.0233186
0.0228183
0.0223677
0.0227059
0.0232868
0.0229942
0.0228984
0.0212297
0.022243
0.0252836
0.0275865
0.0229163
0.0236192
0.0266704
0.023381
0.0255636
0.0228761
0.0290323
0.0255602
0.0238897
0.0260145
0.0253273
0.0248486
0.0266552
0.026332
0.0244779
0.0248851
0.0251467
0.0253922
0.0268959
0.0256507
0.0257541
0.0242947
0.0259533
0.025756
0.0238472
0.025869
0.0268318
0.0246853
0.025903
0.0265054
0.0246128
0.0256666
0.0253639
0.0275301
0.025495
0.0249104
0.0251755
0.0270157
0.0245158
0.0254752
0.0262526
0.0269407
0.0254099
0.0270296
0.0273689
0.0252457
0.0269633
0.0309389
0.0271603
0.0287812
0.0275824
0.0267227
0.0263905
0.0259759
0.0267789
0.0279785
0.0267906
0.0284361
0.0240858
0.0262998
0.0257217
0.0269128
0.0241318
0.0270267
0.0293264
0.0259061
0.0280226
0.0286547
0.0264017
0.0275465
0.0294223
0.0272815
0.0250566
0.0266627
0.0264731
0.0260302
0.0266677
0.0273475
0.0272717
0.0271812
0.0294471
0.0261188
0.0238277
0.025946
0.0287913
0.0254951
0.0248957
0.0253655
0.027799
0.0255419
0.024267
0.026142
0.0256099
0.0254751
0.02623
0.0271311
0.0257552
0.0270406
0.0274012
0.0260874
0.0268757
0.0276705
0.0274627
0.0289532
0.0309165
0.0270123
0.0261248
0.0279821
0.0298627
0.0248921
0.0245084
0.0253599
0.0257951
0.0244164
0.023509
0.0238027
0.0240969
0.0244353
0.0230281
0.0233779
0.0235232
0.0237757
0.0257957
0.0252156
0.0229796
0.0240317
0.0241653
0.0241158
0.0271148
0.0236077
0.0223493
0.0234296
0.0236197
0.0215392
0.0228691
0.0240463
0.0258862
0.0218459
0.0217782
0.021143
0.022897
0.0218032
0.02108
0.0216109
0.0229534
0.0234146
0.0230375
0.0218929
0.0235754
0.0212881
0.0219457
0.0223207
0.0228793
0.0225712
0.0225337
0.021691
0.022453
0.0232381
0.0231954
0.0244661
0.0264293
0.0250015
0.0230665
0.0238316
0.0251081
0.0251909
0.0250657
0.023249
0.0241585
0.0235386
0.0235756
0.0233129
0.0218517
0.0220917
0.0245682
0.0269638
0.0264422
0.0237225
0.0243215
0.0281163
0.026381
0.0250518
0.0239571
0.0250655
0.0258185
0.0240636
0.0251882
0.0246992
0.025664
0.0287612
0.0271393
0.0264735
0.0261446
0.0242374
0.0246118
0.0262779
0.0259567
0.0274546
0.0247131
0.0251439
0.0273815
0.0254522
0.0258158
0.0229244
0.0236587
0.0242866
0.0245843
0.0222656
0.0228432
0.0241037
0.0250604
0.0245807
0.0224241
0.0220871
0.0229962
0.0236515
0.0234994
0.0222419
0.0229957
0.0225582
0.0227577
0.0222089
0.0216741
0.0220041
0.0238276
0.0228613
0.0221846
0.0225558
0.0219317
0.0215716
0.0213031
0.0216042
0.0226423
0.0231383
0.0231133
0.0227195
0.0248051
0.0250614
0.0250531
0.0245842
0.0237937
0.0256394
0.0239781
0.0235941
0.0274609
0.0276872
0.0238438
0.0257571
0.0276696
0.0262428
0.0263297
0.0255164
0.0270769
0.0268884
0.0260971
0.0256826
0.025146
0.0246328
0.0277797
0.0250702
0.0254184
0.0242086
0.0259789
0.0258582
0.023888
0.0251487
0.0249533
0.0257241
0.0261273
0.0265556
0.0268431
0.0256433
0.0288815
0.0280095
0.0272586
0.026895
0.0284661
0.0267236
0.0253173
0.026547
0.0285151
0.0265603
0.0310756
0.0299407
0.0307184
0.0280353
0.0298464
0.029403
0.0284407
0.0272328
0.0290379
0.0292418
0.0274337
0.0272442
0.0284756
0.0287911
0.0277101
0.0270499
0.0280775
0.0296915
0.0309905
0.0254855
0.0309773
0.0293491
0.0298026
0.0289186
0.0275891
0.0279892
0.0285765
0.0331035
0.0322308
0.0295269
0.02929
0.0301785
0.0304434
0.0304583
0.0290911
0.0310526
0.0323699
0.0326726
0.0321051
0.0309544
0.0310955
0.0308397
0.0318989
0.0329008
0.0329127
0.0298973
0.0318287
0.0330036
0.0321065
0.0286487
0.0310353
0.02862
0.0278775
0.0284964
0.0299397
0.0316452
0.0287366
0.0277084
0.0275831
0.0286507
0.0291937
0.0288744
0.02726
0.026694
0.0269394
0.026969
0.0284906
0.0285821
0.0264751
0.0267819
0.0273893
0.0256958
0.0249894
0.0282742
0.0294393
0.0285505
0.0274993
0.0281036
0.0272077
0.0278418
0.0277583
0.0270208
0.0286263
0.0269188
0.0260689
0.0273744
0.0275869
0.0258028
0.0248135
0.0271327
0.02828
0.0248208
0.0270791
0.0262496
0.0262429
0.0234502
0.0257845
0.0293763
0.0262952
0.0238631
0.0246629
0.0252153
0.0265582
0.0251576
0.0233447
0.0266309
0.0249788
0.0252216
0.0266913
0.025567
0.0246548
0.0266315
0.0273206
0.0274213
0.0266911
0.0263368
0.0262917
0.0272734
0.0265373
0.0241946
0.0257161
0.0280317
0.0268074
0.0297303
0.0266648
0.0260849
0.0259683
0.0291888
0.0281082
0.0279808
0.0268212
0.03092
0.0290718
0.0323468
0.026284
0.0280666
0.028263
0.028032
0.0283265
0.0267974
0.0271279
0.0271931
0.0269207
0.0252715
0.0284878
0.0257053
0.0259671
0.0262923
0.0279101
0.024174
0.0244502
0.0266077
0.0271006
0.0265684
0.0231986
0.0254661
0.0283722
0.0264042
0.0278217
0.0241237
0.0257313
0.0259216
0.026496
0.0266085
0.0256508
0.026971
0.0287838
0.0308932
0.0290334
0.0272205
0.0286856
0.0303274
0.0315771
0.0280008
0.0273868
0.0295597
0.0313126
0.0306955
0.0289059
0.0305592
0.0335328
0.031534
0.0292264
0.0338679
0.0316144
0.0315678
0.0269215
0.031131
0.031232
0.0334382
0.0327917
0.0303929
0.0322833
0.0330782
0.031287
0.0311209
0.0293967
0.0319332
0.0335455
0.0314289
0.0305854
0.0330934
0.0320684
0.0304595
0.0280404
0.0304051
0.0307465
0.0302038
0.028529
0.0273716
0.0282045
0.0318806
0.0305662
0.0298567
0.0273366
0.0275207
0.0282652
0.0312684
0.0297876
0.0301613
0.0290776
0.0313162
0.0288827
0.0271779
0.0289386
0.0319975
0.0288887
0.0286368
0.0268903
0.0275491
0.0280447
0.0279044
0.0309486
0.0344573
0.0321596
0.0317747
0.0289169
0.0283702
0.0289284
0.029926
0.0303565
0.0289611
0.0311103
0.0297943
0.0275927
0.0285507
0.0294277
0.0292241
0.02764
0.0275912
0.0289221
0.0292222
0.0268551
0.0256965
0.0264713
0.0279036
0.0270815
0.027207
0.0252624
0.0283201
0.0270184
0.026783
0.0249206
0.0262519
0.0297665
0.0294566
0.0267577
0.026846
0.0288615
0.0286108
0.0283136
0.0296801
0.0294201
0.0304544
0.0266933
0.0276841
0.0282947
0.028168
0.0265234
0.0282485
0.0286277
0.0284582
0.0280711
0.0283174
0.0311662
0.0279892
0.0265813
0.0332807
0.0332188
0.0293612
0.0279008
0.0287952
0.0329056
0.0320178
0.0297815
0.0279726
0.028545
0.0301348
0.0308011
0.0316
0.0291904
0.029268
0.0320808
0.0293905
0.0251157
0.0283463
0.0281499
0.0276734
0.0279523
0.0286135
0.0286419
0.0279752
0.0337984
0.0265115
0.0274827
0.0315106
0.0279801
0.0278552
0.0300908
0.0292279
0.0281899
0.0265941
0.0267968
0.0287651
0.0302087
0.0285403
0.0285251
0.0281921
0.0327733
0.0324873
0.0316528
0.0307834
0.0317909
0.0341426
0.0329961
0.0309391
0.0347805
0.0344505
0.0346625
0.0305868
0.0326383
0.0328038
0.031997
0.0320965
0.0347489
0.0297895
0.0308042
0.0355667
0.0324199
0.0328778
0.0301405
0.030479
0.0321046
0.0350923
0.0345088
0.0315544
0.0325727
0.0323364
0.0355496
0.0331571
0.0360803
0.0345849
0.0337028
0.0343368
0.0338709
0.0340443
0.0338857
0.0333209
0.0347527
0.03403
0.0330079
0.0313054
0.033178
0.0311624
0.0319735
0.0303946
0.0310539
0.0323354
0.0313102
0.0284869
0.0303791
0.0311795
0.0314385
0.0296171
0.0304565
0.0318329
0.0346366
0.0284917
0.0310373
0.031718
0.0349169
0.028787
0.031161
0.0303066
0.0304259
0.0300004
0.0328234
0.0338211
0.0297913
0.0297522
0.0314499
0.0331526
0.0336263
0.0287862
0.0303144
0.0301109
0.0310839
0.0284866
0.0308198
0.0318622
0.0322072
0.0280238
0.0297805
0.0294245
0.0293577
0.0290544
0.0295898
0.0293965
0.0276501
0.0254855
0.0285611
0.0272806
0.0269993
0.0269648
0.0258874
0.0251738
0.0245091
0.0226492
0.0246934
0.0258285
0.0257579
0.023926
0.0202639
0.0194667
0.0216599
0.0176558
0.018771
0.0205101
0.0235264
0.0190869
0.0227512
0.024794
0.023986
0.0237877
0.0265291
0.0261643
0.0258314
0.0273153
0.0286261
0.0296197
0.0307375
0.0317294
0.0342933
0.0322479
0.0349226
0.0343119
0.0338185
0.0329476
0.0355892
0.0366675
0.035164
0.0347258
0.0388137
0.0364185
0.0355286
0.0331859
0.0378556
0.0389443
0.0354307
0.034876
0.0357814
0.0352306
0.0379028
0.033833
0.0327588
0.0332811
0.0337372
0.0353488
0.0359179
0.0342856
0.0374292
0.0372516
0.0356344
0.0329023
0.0322977
0.0341316
0.0386817
0.0337732
0.0343643
0.0339068
0.0325409
0.0345882
0.0349008
0.0277426
0.0271008
0.0268728
0.0276141
0.0257467
0.0255215
0.0255704
0.0277095
0.0255688
0.0241962
0.0251783
0.0249549
0.0266506
0.0285075
0.0246073
0.0226346
0.0250161
0.0260396
0.0248198
0.0248851
0.0235267
0.0240443
0.0257366
0.0255634
0.0275335
0.0251715
0.0269421
0.0264407
0.0270524
0.027962
0.0258314
0.0279352
0.0275074
0.0308265
0.0336016
0.0261343
0.0283439
0.0292454
0.0304182
0.029111
0.0266732
0.027838
0.0292363
0.0293085
0.0310158
0.0313732
0.0311772
0.0316896
0.0349829
0.0337498
0.0313176
0.032276
0.0325434
0.0331579
0.0317472
0.0302332
0.030928
0.031573
0.0303494
0.0284719
0.0293454
0.0295858
0.0300855
0.0273479
0.0292523
0.0290547
0.0279409
0.0269003
0.0285538
0.0285399
0.0288383
0.027401
0.0267143
0.0300564
0.0300997
0.0272883
0.0250413
0.0262099
0.0229802
0.0233228
0.0238804
0.0265316
0.0277443
0.0243957
0.0234759
0.0265698
0.0281421
0.0299869
0.0279566
0.0287861
0.0281451
0.0275877
0.0271221
0.030854
0.0304746
0.0318849
0.0294394
0.0331985
0.0336712
0.0351074
0.0328855
0.0328186
0.0336423
0.0332443
0.034339
0.0331723
0.0343516
0.0368543
0.0353818
0.0359057
0.0321893
0.0340605
0.0360887
0.03413
0.0314222
0.0313432
0.0319931
0.0315753
0.0322575
0.0314759
0.0325727
0.0293291
0.0342167
0.0287914
0.0263368
0.0273612
0.0295069
0.0278363
0.0270741
0.0254061
0.0241965
0.0278591
0.0274945
0.025971
0.0250612
0.0246189
0.0238841
0.0253215
0.0236666
0.0222408
0.0253296
0.0257087
0.024535
0.023944
0.0236928
0.0242318
0.0257036
0.0250326
0.0220679
0.0239263
0.0252649
0.0239245
0.0268894
0.026524
0.0273064
0.0278084
0.0250998
0.0276295
0.0264855
0.02821
0.0269703
0.032973
0.0315646
0.0324669
0.0304786
0.0288898
0.0338891
0.0322506
0.0309036
0.0299199
0.029316
0.0318913
0.0301021
0.0318696
0.0347174
0.0279205
0.0277958
0.0273517
0.0303596
0.0283964
0.0265105
0.0286754
0.0278084
0.0276453
0.0268372
0.0247317
0.0271064
0.028281
0.0276524
0.0302905
0.0277315
0.0258941
0.0267972
0.0291059
0.0304877
0.0283054
0.0267676
0.0290259
0.0291107
0.0323955
0.0263056
0.0302927
0.0306572
0.0339092
0.0282725
0.030512
0.0305105
0.0309037
0.0270808
0.0284722
0.0278433
0.0275067
0.0258306
0.025574
0.0301771
0.0295003
0.0309013
0.0251284
0.0282709
0.0280653
0.0280594
0.026603
0.0281105
0.0279885
0.0284333
0.028565
0.0276509
0.026689
0.0285127
0.0290846
0.0282662
0.0265206
0.0292384
0.028823
0.0316392
0.028442
0.0273977
0.0273545
0.0284447
0.0296011
0.0289232
0.0278408
0.0267319
0.0301885
0.029251
0.0301662
0.0267464
0.0276902
0.0274276
0.0274996
0.0253895
0.026676
0.0271188
0.0266694
0.0244304
0.0243127
0.0253815
0.0258119
0.0261102
0.023589
0.0245764
0.0257786
0.0264023
0.0257758
0.0234476
0.025405
0.0266085
0.0267275
0.0268419
0.0241376
0.025312
0.0281717
0.0298942
0.0294087
0.0249037
0.0265064
0.0279195
0.0284101
0.0245791
0.0270185
0.0269396
0.0271747
0.0288227
0.0284393
0.0261804
0.0262849
0.0254251
0.0238128
0.0262077
0.028016
0.0278135
0.0233304
0.0255653
0.0259459
0.0248132
0.0235021
0.0260901
0.0297286
0.0273072
0.023294
0.0250876
0.0267936
0.0259799
0.0263689
0.0310841
0.0291656
0.0296991
0.0271548
0.0273417
0.0296071
0.0346028
0.0308954
0.0296825
0.0321171
0.0285195
0.0326609
0.0275413
0.028562
0.0317904
0.0339872
0.0296077
0.0285736
0.0286112
0.0314185
0.0290242
0.030802
0.0317831
0.030216
0.0273979
0.0281844
0.0274887
0.0273248
0.0300685
0.0291116
0.0288574
0.0285912
0.0296695
0.0299519
0.0303855
0.0327157
0.0311517
0.0300732
0.030115
0.0297504
0.0291538
0.031257
0.0339276
0.0342597
0.0295077
0.032023
0.0347035
0.0331261
0.0337866
0.0338507
0.0331723
0.0350333
0.0328545
0.032172
0.0327629
0.0372107
0.0357539
0.0385644
0.0332525
0.0325799
0.0350478
0.0354718
0.0331204
0.0349979
0.0340912
0.0339249
0.0341129
0.0292944
0.0309606
0.0311757
0.0303894
0.0310078
0.0285121
0.0311084
0.0322786
0.0308907
0.0286827
0.0313846
0.0314239
0.0314559
0.0272071
0.0279181
0.0306758
0.0306305
0.0298951
0.0263688
0.0281161
0.0304501
0.0348127
0.0307063
0.0267484
0.0263573
0.0308903
0.0272956
0.0278864
0.0257016
0.0259755
0.0267377
0.0263472
0.0265525
0.0276239
0.0244017
0.0273589
0.0246089
0.0301142
0.023876
0.0260126
0.0248199
0.0267197
0.0249947
0.0290188
0.0296613
0.0254101
0.0253729
0.0235938
0.023583
0.0237901
0.0236173
0.0260876
0.0242868
0.0272329
0.0273896
0.0267923
0.0240199
0.0226539
0.0246231
0.0252176
0.02529
0.0246452
0.0242359
0.0257941
0.026637
0.028979
0.024148
0.0270726
0.0281877
0.0259389
0.0246573
0.0235264
0.0255641
0.0255065
0.0243453
0.0220092
0.0243972
0.024584
0.0242525
0.0215685
0.0253961
0.0230853
0.0212516
0.0208689
0.0240865
0.0226588
0.0225034
0.0232798
0.0226845
0.0233682
0.0212498
0.0208608
0.0239415
0.0238518
0.0242575
0.0212692
0.0235781
0.0210525
0.0223027
0.0227245
0.0236254
0.021145
0.024059
0.0243191
0.0210019
0.0200198
0.0211481
0.0214782
0.0298271
0.0210278
0.0211447
0.0206749
0.0203013
0.0203213
0.0216286
0.0220098
0.0235358
0.0214218
0.0213568
0.0227074
0.023762
0.0222769
0.0222903
0.0226946
0.023901
0.0239153
0.0233319
0.0237399
0.0225521
0.0241619
0.0240771
0.0222088
0.0229817
0.0266023
0.0239775
0.0220532
0.0232018
0.0226833
0.0226831
0.0242242
0.0243443
0.0230393
0.0236915
0.0245785
0.0247448
0.0233559
0.023279
0.0235361
0.0251338
0.0242806
0.0228886
0.0272931
0.0275732
0.0241634
0.0250635
0.0246409
0.0278833
0.02616
0.0256516
0.023333
0.0262392
0.0262982
0.0247211
0.0242433
0.0258991
0.0244529
0.0251163
0.0226135
0.0270373
0.0260903
0.0248627
0.0276711
0.0278995
0.025021
0.0239056
0.0246622
0.0244876
0.0219518
0.024788
0.0261924
0.0233003
0.0257949
0.024249
0.0258059
0.0247741
0.0235552
0.0224865
0.0236166
0.0233513
0.0245941
0.0204589
0.0222583
0.0225272
0.0206039
0.0236831
0.0222405
0.0217435
0.0224385
0.0241458
0.0225248
0.0248012
0.0250415
0.0233039
0.0237929
0.0233212
0.0237126
0.0236902
0.0272366
0.0254478
0.0260198
0.0242458
0.0232096
0.0232991
0.0240698
0.0248462
0.0225126
0.0229552
0.025454
0.0227967
0.0223533
0.0224408
0.0221782
0.0247563
0.0249621
0.0233841
0.0237881
0.025727
0.0246586
0.0250156
0.0245644
0.0244278
0.0248227
0.0222565
0.0232154
0.0242315
0.0282312
0.0247312
0.0239037
0.0238267
0.0241956
0.0240373
0.0236739
0.0242651
0.0241404
0.0225607
0.02299
0.0240398
0.0244399
0.0225378
0.0232979
0.0239048
0.0239834
0.0225572
0.0222774
0.0234789
0.0232329
0.0219202
0.0217415
0.0236389
0.0239745
0.0243138
0.022464
0.0230446
0.0221453
0.0223849
0.0212958
0.0221407
0.0242405
0.0236772
0.0219635
0.0241242
0.0225466
0.0217252
0.0218184
0.0215768
0.0233296
0.0209023
0.0206083
0.0214649
0.021888
0.0198422
0.0209786
0.020935
0.0206479
0.021006
0.0223493
0.0199609
0.021425
0.0217983
0.0203446
0.021511
0.0207448
0.0211881
0.0203783
0.0202965
0.0215928
0.0218658
0.020864
0.0213484
0.021347
0.0201549
0.0207674
0.0202696
0.0202858
0.0198364
0.021488
0.0211849
0.019515
0.0214823
0.0209417
0.0195708
0.0201704
0.0199063
0.0220192
0.020769
0.0216539
0.0210763
0.0211187
0.0212723
0.020507
0.0222906
0.0230368
0.0210361
0.0226195
0.0237265
0.0238211
0.0242245
0.0254207
0.0237182
0.0234184
0.0240201
0.0223233
0.0231591
0.024666
0.0241476
0.0230447
0.0254291
0.0257028
0.0241386
0.0238082
0.0280709
0.0275215
0.0270138
0.0256378
0.0282733
0.0266713
0.0269317
0.0243899
0.0277147
0.0269985
0.0275859
0.0258098
0.0301921
0.0299804
0.0262577
0.0269778
0.0305352
0.0283602
0.0258153
0.0272513
0.028042
0.0264533
0.0251338
0.0253426
0.0263098
0.0281141
0.0268879
0.0251023
0.0275907
0.025687
0.0271064
0.023806
0.0245646
0.0259627
0.02496
0.0240662
0.0248839
0.0279528
0.027657
0.0287234
0.0287199
0.0286743
0.028953
0.0272281
0.0271573
0.0300215
0.032957
0.0317561
0.0275551
0.0280659
0.0293996
0.0320946
0.0303858
0.028598
0.029977
0.0346907
0.0377625
0.0391366
0.0346881
0.0343651
0.0332185
0.034552
0.035862
0.0351192
0.0385132
0.0331959
0.0350603
0.0367496
0.0375553
0.0343487
0.0350189
0.0354093
0.0360209
0.041966
0.0363027
0.0342687
0.0363472
0.0373013
0.036707
0.0384146
0.0335188
0.0369837
0.0352091
0.0354683
0.0339872
0.0383208
0.0369708
0.0354217
0.0343949
0.0350481
0.0349399
0.0348441
0.0327672
0.0331289
0.0351066
0.0347019
0.0349507
0.0376935
0.0345442
0.0325433
0.0331468
0.0335171
0.0325456
0.0356627
0.0352765
0.035577
0.037787
0.0373802
0.0366505
0.0342452
0.035389
0.0362528
0.0363052
0.0341436
0.0355685
0.0394019
0.0408558
0.0411117
0.0406693
0.0375745
0.0402129
0.0378511
0.0394142
0.0378705
0.0387964
0.0398748
0.0393446
0.0376602
0.036885
0.0372667
0.0402645
0.0369694
0.0389351
0.0385638
0.0360695
0.0340658
0.0357777
0.0345071
0.0346208
0.0351893
0.0398288
0.0383857
0.0404297
0.0397611
0.0358301
0.03599
0.0356807
0.0397728
0.0372937
0.0383872
0.0370917
0.0369723
0.035051
0.0360673
0.0355948
0.0375491
0.0361411
0.033434
0.0326304
0.0374116
0.0369678
0.0351988
0.0332683
0.0328831
0.0323479
0.0340105
0.0349379
0.0357003
0.0348321
0.0325679
0.0344853
0.0363012
0.0348806
0.0352166
0.0363323
0.0334827
0.0346729
0.0388657
0.0368713
0.0346783
0.0333659
0.0333914
0.0331038
0.0352199
0.0362505
0.034252
0.0325451
0.0321779
0.033647
0.0342848
0.0344798
0.0375155
0.0329522
0.0306197
0.033375
0.0327592
0.0369381
0.0320375
0.0315208
0.0330818
0.0330372
0.0325564
0.0328969
0.0302452
0.0323127
0.0323565
0.0345196
0.0335003
0.0320719
0.0321577
0.0305303
0.033111
0.0313241
0.0342939
0.0327729
0.0346936
0.0339948
0.0384352
0.0363315
0.0341941
0.034384
0.0345458
0.0345006
0.0365298
0.0367015
0.0400494
0.0407904
0.0414233
0.0410556
0.0469653
0.0378301
0.0357824
0.0361582
0.0363762
0.0388248
0.0382849
0.0365897
0.0379712
0.035492
0.0355841
0.0343557
0.0338351
0.0340908
0.0364977
0.0351146
0.0358548
0.0356945
0.0371309
0.034866
0.0345663
0.0324663
0.0335463
0.0350081
0.0359363
0.0365178
0.0344745
0.0391985
0.0335812
0.0337839
0.0336608
0.0346116
0.0341018
0.0322893
0.0327202
0.0333369
0.0349394
0.0342078
0.0337216
0.0317405
0.0324123
0.0346068
0.0348432
0.0348227
0.034167
0.0319368
0.031725
0.034706
0.0360823
0.036119
0.0343152
0.0316479
0.0329808
0.0337403
0.0332674
0.0334715
0.0336174
0.0337108
0.0304188
0.0338472
0.0335359
0.0334214
0.0318162
0.0312298
0.0310538
0.0355866
0.0353776
0.0336712
0.0326005
0.0341909
0.0346797
0.0359936
0.0347119
0.0375428
0.0355094
0.0342399
0.0380646
0.0346941
0.0359261
0.033918
0.0333139
0.0376835
0.0358305
0.0366518
0.035529
0.0345359
0.0331103
0.0353759
0.0364515
0.0365172
0.0380578
0.0342698
0.0326811
0.0322979
0.0317917
0.0327126
0.037032
0.035596
0.0323553
0.0373274
0.0393573
0.0356035
0.0386099
0.0330294
0.0328083
0.0354556
0.0354922
0.0377442
0.0380656
0.0380096
0.0327715
0.0348576
0.0336259
0.0350349
0.0344294
0.0314929
0.0308352
0.0349474
0.0348679
0.0348661
0.0351045
0.034981
0.0335344
0.0340943
0.0337913
0.0370343
0.0353256
0.0393392
0.0406779
0.0388328
0.0344567
0.0336339
0.0341595
0.0358697
0.035989
0.0401854
0.0376759
0.035506
0.03434
0.033567
0.0320417
0.0333468
0.034612
0.0332575
0.033938
0.0359149
0.0311761
0.0303878
0.0322232
0.030563
0.031649
0.031594
0.0325321
0.0344918
0.0352031
0.0342106
0.0336224
0.0328045
0.0309622
0.0312616
0.0308561
0.0308881
0.0297161
0.0331058
0.0316345
0.032199
0.0318966
0.0302605
0.0291282
0.0286173
0.031122
0.0308057
0.0304255
0.0310614
0.0301292
0.0290506
0.0286204
0.0308423
0.0320207
0.0300757
0.0313755
0.0314466
0.0293637
0.0292305
0.0297739
0.0326399
0.0330625
0.035509
0.028602
0.0274741
0.030147
0.03167
0.0344546
0.0305172
0.0283734
0.0274285
0.0298754
0.0344175
0.0329346
0.0324489
0.0303373
0.0285266
0.0310508
0.0310734
0.0311904
0.0320796
0.0287397
0.028607
0.0331913
0.031869
0.0310288
0.0295945
0.0294095
0.0281514
0.0313523
0.0299182
0.0305403
0.029563
0.0295803
0.0268156
0.0283547
0.0315536
0.029894
0.0307987
0.0330703
0.0299074
0.0269637
0.0277104
0.0271845
0.0286092
0.0288484
0.0281847
0.0275131
0.0264957
0.027333
0.0277697
0.0329397
0.0271949
0.0278887
0.0305885
0.0279973
0.0277855
0.0262555
0.0240767
0.0262351
0.0283959
0.0268598
0.0268426
0.0237237
0.0242362
0.0266859
0.0291889
0.0287991
0.0270651
0.0281395
0.0292808
0.0291784
0.0273673
0.0281968
0.0285677
0.0307869
0.0254485
0.0273789
0.0290342
0.0277717
0.0264043
0.0259724
0.0255943
0.0281553
0.0278765
0.0275451
0.0266765
0.0299412
0.0285332
0.0302281
0.0308147
0.0339749
0.0331288
0.0320929
0.0339674
0.0316625
0.0313841
0.0312349
0.0298182
0.0293215
0.0308146
0.0287527
0.0272433
0.0276421
0.0281514
0.0310477
0.0271745
0.0255554
0.0267115
0.0275818
0.0278113
0.0300795
0.0280756
0.0288081
0.0257428
0.0250042
0.0249843
0.0251831
0.0247052
0.0239231
0.0264088
0.0255635
0.0229258
0.0244496
0.0239416
0.0243479
0.0263809
0.0230903
0.0236686
0.0232559
0.0226064
0.0251558
0.0284312
0.0244644
0.0253415
0.0255855
0.0267518
0.0248333
0.0286314
0.0273943
0.0277291
0.0266244
0.027865
0.0291029
0.0300544
0.0288645
0.0278427
0.0277891
0.0275345
0.0266514
0.0271796
0.0263957
0.0271357
0.0281798
0.0306158
0.0295723
0.0254036
0.0278803
0.0261696
0.026667
0.0271031
0.0264172
0.0292733
0.0260159
0.0268307
0.0294241
0.0321428
0.0256802
0.0269175
0.02745
0.0250593
0.0272481
0.029572
0.0290334
0.0302052
0.0268408
0.0294272
0.0311848
0.0311745
0.0299201
0.0317248
0.0309308
0.0300961
0.0290803
0.0290151
0.0284302
0.0291634
0.0282202
0.0252073
0.0268975
0.0247913
0.0244485
0.0267001
0.0262216
0.0264829
0.0265534
0.0266217
0.0267147
0.0265716
0.0263024
0.0245966
0.0245402
0.0249718
0.0233574
0.0299996
0.0287751
0.0262779
0.0275053
0.0274355
0.0279096
0.0264977
0.0251994
0.0265667
0.0278527
0.0252284
0.0242833
0.0270045
0.0268899
0.0265152
0.0281386
0.0251008
0.0250843
0.0243591
0.0244519
0.0248892
0.0245738
0.0237958
0.0246832
0.0256013
0.0272567
0.0294405
0.0275
0.0278135
0.0273535
0.0294218
0.0271284
0.0254517
0.0256874
0.0275618
0.0273912
0.0275949
0.0275123
0.0276647
0.0282478
0.0305167
0.0296075
0.0275893
0.0273268
0.0273005
0.0278404
0.0279644
0.0284983
0.0265758
0.0273621
0.0279619
0.0296432
0.0290978
0.028863
0.028112
0.0275829
0.0288711
0.0278492
0.0277356
0.0282805
0.0294868
0.0291214
0.0309608
0.0287994
0.0300444
0.0297387
0.0287835
0.0328515
0.029568
0.0277727
0.027864
0.0281979
0.0287213
0.0281858
0.0289915
0.0300532
0.0291709
0.0306426
0.0304943
0.0285649
0.029725
0.0295148
0.0299811
0.029666
0.031326
0.0306236
0.0290607
0.0302947
0.0302509
0.0313582
0.0286875
0.0298285
0.0292366
0.0289538
0.0306394
0.03058
0.0313451
0.0293089
0.029707
0.0324943
0.0312747
0.0292742
0.028783
0.0286264
0.0293353
0.0303269
0.0296212
0.0299495
0.0341529
0.0311395
0.0290245
0.0288782
0.0287277
0.0285258
0.0280234
0.0280936
0.0282086
0.028713
0.0290281
0.0303684
0.0267102
0.0263937
0.0289034
0.0265419
0.0277827
0.0273355
0.0278937
0.0279132
0.0288798
0.0292118
0.0296409
0.027439
0.0256874
0.0248873
0.025748
0.0240773
0.0271294
0.0277767
0.0260585
0.0288923
0.0314154
0.0320025
0.032458
0.0306674
0.033481
0.0325336
0.0324241
0.0302336
0.0317833
0.0318818
0.0322963
0.0327026
0.0332503
0.0315093
0.0336534
0.0297812
0.0290311
0.0257657
0.0259438
0.0285636
0.0254449
0.0242884
0.0247378
0.0258505
0.0282572
0.0277697
0.0290045
0.0276835
0.0275993
0.0277983
0.0279735
0.0297745
0.0287951
0.026995
0.0287677
0.028584
0.0291488
0.0288057
0.0300746
0.0293829
0.0288485
0.028222
0.0279567
0.0273239
0.0271428
0.0280381
0.0280151
0.0284999
0.0292315
0.0303115
0.0309204
0.030631
0.0310791
0.0294555
0.0306647
0.0291272
0.0291123
0.0283816
0.0287873
0.0295924
0.0279901
0.0273493
0.0282038
0.0277345
0.0274922
0.027917
0.0275742
0.025723
0.0273389
0.0282698
0.0265383
0.0266705
0.0260704
0.0269972
0.0272212
0.0264504
0.0259676
0.0269975
0.0265653
0.0264586
0.0259654
0.027698
0.0294034
0.0308442
0.032471
0.0320267
0.0288988
0.0281964
0.0287427
0.0331677
0.0321531
0.0304272
0.0290517
0.0285914
0.0289244
0.031289
0.0309035
0.0267686
0.0293481
0.0296123
0.0289409
0.0298609
0.0304776
0.031864
0.031354
0.0312731
0.0308106
0.0304994
0.0331939
0.0318552
0.0292735
0.0309861
0.0300779
0.0295148
0.0276031
0.0275543
0.0294974
0.0290388
0.0295085
0.0297013
0.0273955
0.0294321
0.0290474
0.028974
0.0298262
0.0299467
0.0305615
0.0327635
0.0288315
0.0279164
0.029027
0.0300081
0.0309542
0.0306329
0.0290359
0.0286176
0.0305772
0.0306337
0.0318409
0.0310515
0.0299588
0.0299561
0.0311461
0.0302876
0.0318046
0.0305136
0.0298226
0.0289801
0.0294838
0.0302471
0.0294793
0.0285245
0.0279917
0.0298429
0.0295184
0.0288233
0.0284334
0.028742
0.0312561
0.0340347
0.0303612
0.0281149
0.0294535
0.0302257
0.0309793
0.0296962
0.0307853
0.0300556
0.0323423
0.0307779
0.031052
0.0286708
0.0290985
0.030213
0.0304466
0.0299843
0.0295157
0.0288623
0.0307036
0.0301594
0.0314125
0.0305969
0.0288216
0.0292444
0.0292963
0.0298843
0.0311704
0.0320955
0.0298097
0.0299307
0.0324782
0.0300291
0.0297318
0.0309147
0.0294299
0.0295653
0.029758
0.0302487
0.0306495
0.0309863
0.0288486
0.0320937
0.0340925
0.0298658
0.0289352
0.0299903
0.0302524
0.0296271
0.0302597
0.0293068
0.0322179
0.0308425
0.0295465
0.0310035
0.0286904
0.0302895
0.029874
0.0309041
0.0317095
0.0305169
0.0311625
0.029819
0.0307168
0.0309133
0.0288561
0.0303998
0.0302481
0.0308299
0.0294586
0.0299904
0.030286
0.0291561
0.029606
0.0328718
0.0292169
0.0286314
0.0293695


