0.010442
0.017159
0.0201739
0.0208383
0.020914
0.0214729
0.0208158
0.0217205
0.0208862
0.0206518
0.0206915
0.0211937
0.0199889
0.0173649
0.0171235
0.0164875
0.0169954
0.0172811
0.0201958
0.0211247
0.0209368
0.0124302
0.0126017
0.021395
0.0209176
0.0207933
0.0180036
0.0189689
0.0179162
0.0205433
0.0207803
0.0208542
0.0211831
0.0178294
0.0188426
0.0188709
0.0178241
0.0192125
0.0179226
0.0172952
0.0170273
0.0172855
0.0164686
0.0083546
0.00860115
0.0172811
0.0172235
0.0173268
0.0184447
0.0168717
0.0172553
0.0172749
0.0171347
0.0170919
0.0176098
0.0171726
0.0171974
0.0182789
0.0175729
0.0170654
0.0175462
0.0171707
0.0171819
0.0171072
0.017131
0.008574
0.00847119
0.0174904
0.0173862
0.0176338
0.0181864
0.0182762
0.0178581
0.0181748
0.0179225
0.0181014
0.0197671
0.0187578
0.0183351
0.0188224
0.0190825
0.018709
0.0186909
0.0180358
0.0181052
0.0177329
0.0180624
0.0089343
0.00889733
0.018503
0.0179652
0.018689
0.0191477
0.0184865
0.0178992
0.0185373
0.0188307
0.0189181
0.0184311
0.0189838
0.0185119
0.0184893
0.0187394
0.0194452
0.0198258
0.0193162
0.0192966
0.0187541
0.0199262
0.010456
0.0114132
0.0203171
0.0202259
0.0197119
0.0182474
0.0365397
0.0161215
0.0111042
0.0142549
0.0150912
0.0145477
0.0163937
0.0169154
0.0178865
0.0165991
0.0139995
0.0158994
0.0158566
0.0165608
0.0166219
0.0147746
0.0143192
0.015774
0.0155232
0.0169056
0.0157417
0.0164024
0.0163471
0.0187813
0.0217311
0.0204705
0.0213779
0.0170019
0.0189837
0.019684
0.0178751
0.0179218
0.017697
0.0180516
0.0190702
0.0200363
0.0170746
0.0181771
0.0191861
0.0184371
0.0189925
0.0213695
0.0226494
0.0214021
0.0220211
0.0198409
0.0194438
0.0217354
0.0210927
0.0158667
0.0229327
0.018403
0.0180196
0.0153491
0.0168576
0.0158125
0.0171269
0.0156053
0.0201664
0.0161874
0.0201918
0.0146158
0.0159179
0.0162353
0.0152031
0.0161796
0.0167471
0.0171978
0.0171536
0.0176025
0.0177177
0.0188097
0.0211025
0.0213841
0.0202284
0.0215039
0.0216281
0.0206076
0.02194
0.0212636
0.0180593
0.0185997
0.0177844
0.0174157
0.0196793
0.0184289
0.0210696
0.0219582
0.021986
0.0187557
0.0225048
0.0223581
0.0181109
0.0182676
0.0173265
0.0175119
0.0175784
0.0227556
0.0225879
0.0232157
0.0207085
0.0197608
0.0190207
0.0223222
0.0231513
0.017938
0.02306
0.0226479
0.0229726
0.022908
0.0178276
0.0224542
0.023659
0.0178248
0.0226774
0.0227924
0.0179045
0.0195345
0.0199717
0.018144
0.0234595
0.0228563
0.0177244
0.0221289
0.022944
0.0181022
0.0187096
0.0208664
0.016756
0.0213975
0.0223859
0.0169768
0.0203755
0.0175265
0.0177051
0.0176902
0.0184561
0.0169532
0.022639
0.0231527
0.0178913
0.0227219
0.023368
0.0211173
0.023357
0.0240837
0.0216686
0.0189727
0.019422
0.0178252
0.0181472
0.0184497
0.0170957
0.0210408
0.020077
0.0184419
0.0204114
0.0201561
0.0148168
0.0186009
0.0187191
0.0148205
0.0166874
0.0159032
0.015094
0.0157276
0.0168771
0.0176177
0.0169375
0.0172807
0.0179718
0.0227019
0.0224966
0.0173566
0.0228842
0.0223533
0.0171215
0.0179924
0.0185063
0.0193946
0.0213757
0.0215544
0.0182145
0.0216217
0.0216732
0.0207632
0.0213272
0.0161313
0.0210844
0.0218544
0.0225706
0.0237484
0.0226504
0.0177259
0.0225542
0.0230718
0.0180816
0.0220831
0.0211785
0.0192488
0.0195887
0.0193238
0.0171317
0.0212349
0.0198127
0.0143068
0.0169622
0.0159765
0.0158506
0.0177858
0.0189778
0.0159539
0.0137102
0.0139386
0.0197727
0.0200115
0.0176655
0.0209727
0.0217951
0.0171319
0.016899
0.0176982
0.0159914
0.0165977
0.0165273
0.0143924
0.0191086
0.0205787
0.0158076
0.0166903
0.0174574
0.0159477
0.0208085
0.0207825
0.0161649
0.0164747
0.0168143
0.0172049
0.0170943
0.017193
0.0192072
0.018678
0.0196225
0.0199007
0.0196526
0.0186514
0.0226539
0.0233921
0.017513
0.0181745
0.0193977
0.0175537
0.0226883
0.0238825
0.0184645
0.0232679
0.0231639
0.020631
0.0218388
0.0218466
0.0172923
0.0200516
0.0213378
0.0176357
0.02259
0.0239084
0.0182623
0.0194119
0.0197472
0.019384
0.0192406
0.0192838
0.0179587
0.0223902
0.0230262
0.0173506
0.0226916
0.0236004
0.0181391
0.0200141
0.0226585
0.0219549
0.0227635
0.0238445
0.0223099
0.0246702
0.0238344
0.022832
0.0229764
0.0242478
0.0229711
0.023362
0.0247884
0.0201435
0.0234443
0.0210746
0.0196325
0.0261978
0.0250756
0.021208
0.0220091
0.0216799
0.0184794
0.0200644
0.0217744
0.0178287
0.0208876
0.0222463
0.0169079
0.0174335
0.0187236
0.0166888
0.0213384
0.0230636
0.016411
0.0168375
0.0166274
0.0147543
0.018717
0.0195043
0.0137325
0.0193573
0.0199953
0.0148703
0.0150556
0.0188412
0.0199107
0.0148346
0.0188333
0.0173355
0.0142097
0.017112
0.0169042
0.0151758
0.0203054
0.0212415
0.0181285
0.0201238
0.0188825
0.015296
0.0163869
0.0177795
0.016108
0.0159063
0.0172584
0.0155211
0.0165607
0.0171488
0.0155979
0.0213299
0.0213026
0.017805
0.0203898
0.0227959
0.0191059
0.0209293
0.0222204
0.0199931
0.0215627
0.0227654
0.018277
0.0216606
0.022272
0.0201892
0.0165678
0.0192235
0.0198761
0.0181275
0.0175021
0.0189776
0.0143639
0.0160734
0.0166428
0.01437
0.0150975
0.0154418
0.0138222
0.019135
0.0195296
0.0185076
0.0144755
0.0149078
0.0160413
0.0145815
0.01499
0.0155456
0.0197027
0.0196387
0.0179608
0.0195952
0.0197803
0.0179913
0.0206942
0.0194909
0.0257212
0.0208583
0.0195788
0.0147381
0.0186618
0.016059
0.0137395
0.015139
0.0150242
0.0134003
0.0141322
0.0144578
0.0132615
0.0184331
0.0182797
0.0125301
0.0171678
0.0146061
0.0131624
0.0177698
0.0179187
0.016675
0.0173921
0.0170298
0.0114186
0.0162237
0.012492
0.0112867
0.0169049
0.0175702
0.0100973
0.0113739
0.0100945
0.00874488
0.0117467
0.00910313
0.00796799
0.0132562
0.0123869
0.0136616
0.0129172
0.00909951
0.0100688
0.0104505
0.00898935
0.0149838
0.013868
0.00995534
0.00978057
0.014998
0.0136866
0.00964034
0.0149583
0.0137187
0.0165594
0.0141476
0.0151571
0.0140977
0.015043
0.013831
0.0133579
0.0113887
0.0111904
0.0160624
0.015306
0.0165023
0.0153894
0.0107349
0.0158292
0.0148617
0.0161182
0.0150791
0.015783
0.0133177
0.0158218
0.015286
0.0162232
0.0154891
0.0168814
0.0161054
0.0118211
0.0127364
0.0184485
0.0186167
0.0160352
0.0175723
0.0175955
0.0174455
0.0176086
0.0182676
0.0158438
0.013233
0.0124147
0.0172664
0.0130619
0.0133357
0.0125979
0.0173259
0.0163027
0.0175594
0.0160274
0.0167601
0.0153204
0.0151859
0.01396
0.0103241
0.015678
0.0147905
0.00974091
0.0153208
0.0127501
0.0152185
0.0121227
0.014748
0.0129819
0.0135636
0.00887245
0.0102595
0.00945928
0.0107199
0.00980723
0.0112482
0.0103408
0.0111869
0.0108216
0.0160691
0.0153772
0.0146925
0.0160778
0.0154719
0.01142
0.0170891
0.0156311
0.0124003
0.0176707
0.0156377
0.0171107
0.0159819
0.0126826
0.0163523
0.0155888
0.011582
0.0163547
0.0155447
0.0114518
0.0162114
0.0164287
0.0114454
0.0165728
0.0164247
0.0171735
0.0162884
0.0122444
0.0170502
0.0162536
0.0128994
0.0169561
0.0158617
0.0154156
0.0179327
0.0174021
0.0165356
0.0174916
0.0166445
0.0167148
0.0171556
0.0160519
0.0133
0.0126752
0.011913
0.011933
0.0170973
0.0128401
0.0129175
0.0115608
0.0112375
0.0160342
0.0120493
0.0127501
0.011437
0.0127874
0.0119999
0.0127572
0.0124189
0.0117807
0.0172907
0.0165055
0.0175442
0.0163745
0.0179943
0.0163378
0.0175183
0.0165543
0.017706
0.0168645
0.0130417
0.0160945
0.0168061
0.0180447
0.0168077
0.0181451
0.0167702
0.0185396
0.017758
0.0167771
0.0178616
0.018224
0.0165757
0.0190374
0.0183896
0.012407
0.0176397
0.0169027
0.016559
0.0178997
0.0164643
0.0130021
0.0174845
0.0162592
0.0127796
0.0151591
0.0138755
0.0119418
0.0148174
0.0151642
0.0130133
0.0138659
0.0137247
0.0127245
0.0138859
0.0139548
0.0129696
0.0140293
0.0146869
0.0131871
0.0145372
0.0136329
0.0133952
0.0182013
0.0191956
0.0133307
0.0181931
0.0175409
0.0128091
0.018253
0.0177859
0.0130472
0.0140893
0.0156548
0.0136646
0.0152794
0.0151876
0.0138863
0.0146648
0.0149227
0.0142172
0.0150548
0.0148182
0.0133761
0.0184112
0.0180111
0.0140601
0.0195278
0.0166638
0.0128473
0.0140999
0.0138123
0.0129934
0.0175403
0.0183394
0.0168222
0.0179028
0.0180213
0.017625
0.018493
0.0189287
0.0137879
0.0185947
0.0200136
0.0185573
0.0194139
0.0204879
0.0189502
0.0195458
0.0206637
0.018774
0.0196187
0.0201625
0.0197256
0.0200636
0.0200573
0.0195857
0.0195961
0.0203209
0.0186259
0.0196682
0.0203255
0.0178149
0.0194171
0.0205944
0.0189162
0.0194031
0.0208416
0.0170878
0.0154106
0.0157984
0.0170881
0.0149103
0.0152034
0.0154197
0.016668
0.0153194
0.0152622
0.0200145
0.0206424
0.0215466
0.0171508
0.0166368
0.0181278
0.0173259
0.017318
0.0166266
0.0171937
0.0172141
0.0173909
0.0189298
0.0184376
0.0180126
0.018218
0.0195234
0.0191215
0.0190694
0.0225792
0.0246176
0.0230869
0.020847
0.0217866
0.0226554
0.0214526
0.0170248
0.0163906
0.0176242
0.0185985
0.0140211
0.013634
0.0139293
0.0115791
0.0112976
0.016344
0.015594
0.0118241
0.0114898
0.0109281
0.0171252
0.0163897
0.0137554
0.0165186
0.0147847
0.0160874
0.016283
0.0149055
0.0123777
0.0165843
0.0171909
0.012012
0.0137642
0.0147144
0.0127642
0.0129498
0.0128842
0.0192033
0.0190089
0.0160014
0.014701
0.0179524
0.0182354
0.0188566
0.0136614
0.0182496
0.0174381
0.0156547
0.0172102
0.0172416
0.0149153
0.0170219
0.0173742
0.0160183
0.0169096
0.0174978
0.0162283
0.0174268
0.0172307
0.0122633
0.0172235
0.0175077
0.0120177
0.0178843
0.0180665
0.0172662
0.0180529
0.0183193
0.0170359
0.0180846
0.018696
0.0172581
0.0186734
0.0186014
0.0172982
0.0180022
0.0183588
0.0153911
0.0139783
0.014515
0.0131607
0.0184841
0.0188059
0.0136424
0.017915
0.018343
0.0173567
0.0181384
0.0185544
0.0130158
0.0142217
0.0174757
0.0131081
0.0145508
0.0141352
0.0139552
0.0180737
0.0172946
0.0152799
0.0140174
0.0141738
0.0132788
0.0184787
0.0190693
0.0146323
0.0156422
0.0138036
0.0137534
0.0250722
0.0201282
0.0167321
0.018317
0.0179934
0.0129616
0.0179561
0.0172149
0.0182497
0.0178754
0.0131067
0.0183315
0.0191146
0.0135637
0.0149103
0.0149718
0.0135034
0.0194519
0.0178671
0.013404
0.0170433
0.0176257
0.0181819
0.0189004
0.0177861
0.0130185
0.014268
0.0127135
0.0123011
0.0172249
0.0162015
0.0126629
0.0161998
0.0157264
0.014579
0.0160338
0.0149351
0.0151032
0.0175393
0.0160984
0.0110216
0.0162025
0.0151057
0.0120831
0.0127856
0.0153046
0.0109226
0.0163967
0.0153944
0.0117881
0.0162048
0.0157949
0.0167459
0.0170479
0.0120691
0.0144291
0.0140623
0.0125264
0.0184506
0.0172082
0.0129715
0.0156995
0.0141673
0.0130133
0.018707
0.0185
0.012675
0.016696
0.0161266
0.0109002
0.0162444
0.0154936
0.0106479
0.0158829
0.0146214
0.0102819
0.0112784
0.00988215
0.00969405
0.0145152
0.0129428
0.00961767
0.0148325
0.00977876
0.0105119
0.00948665
0.0109646
0.0103496
0.010623
0.0116259
0.0107354
0.0124633
0.0122248
0.0124083
0.0179357
0.0169713
0.0133871
0.014663
0.0167692
0.0137076
0.0130905
0.0147975
0.013791
0.0137557
0.018757
0.0179821
0.0145894
0.0150542
0.0153058
0.0140341
0.0193511
0.0184574
0.0144802
0.0192738
0.0207864
0.0148528
0.0177505
0.0154719
0.0142005
0.014978
0.0154202
0.0141332
0.0188564
0.0189508
0.0165811
0.0191071
0.0182724
0.0177473
0.0193525
0.0185227
0.0133453
0.0174303
0.016304
0.0125958
0.0137248
0.0130731
0.0124197
0.0138425
0.012743
0.0130674
0.0184136
0.016913
0.0188877
0.0172645
0.0132891
0.0184664
0.0170574
0.0174314
0.0138528
0.013951
0.0185274
0.0174472
0.0138047
0.0151263
0.0160582
0.0132648
0.0164917
0.0159381
0.0132423
0.0190224
0.0189287
0.014139
0.0191673
0.0198377
0.0165534
0.0151675
0.0161921
0.016213
0.0200031
0.0208747
0.0152561
0.0202026
0.0212237
0.0159071
0.0197899
0.0205638
0.0193136
0.019443
0.0210277
0.0192975
0.0159199
0.0191741
0.0175264
0.0164272
0.0217827
0.0166072
0.0151205
0.0151564
0.0151925
0.0157389
0.0148916
0.0152007
0.0159335
0.0143265
0.019743
0.0194413
0.0147858
0.0188777
0.0196084
0.0180609
0.0183842
0.0187647
0.01811
0.0178247
0.018209
0.0145935
0.017737
0.0181429
0.0159541
0.0144777
0.0144641
0.0159171
0.0196325
0.0181275
0.0138605
0.0140838
0.0144014
0.0128592
0.0185624
0.0184499
0.0135222
0.0185453
0.0187117
0.0155042
0.0144313
0.0156304
0.0129916
0.0186677
0.0189799
0.0147722
0.0190503
0.0190375
0.0174184
0.0191082
0.0192246
0.0143748
0.015012
0.0150841
0.0137555
0.014675
0.0181118
0.0174754
0.018746
0.0193351
0.0176882
0.0194122
0.0199539
0.0155646
0.0190396
0.019756
0.017453
0.0192319
0.0195422
0.0185166
0.0196886
0.0210085
0.0188705
0.0190347
0.020867
0.0203023
0.0185667
0.0185648
0.0159126
0.017743
0.0156907
0.0149947
0.0190967
0.0201096
0.0176548
0.0195552
0.019715
0.0183551
0.0218565
0.0216126
0.0186734
0.0193903
0.019724
0.0180013
0.0164423
0.0201081
0.0213811
0.0159342
0.0204946
0.0215176
0.0195252
0.0213618
0.0221847
0.0189366
0.0212187
0.019055
0.0208487
0.017996
0.0216006
0.0222584
0.0205457
0.0215688
0.0232022
0.0174089
0.0176174
0.0216221
0.0236437
0.0207434
0.0176596
0.0215538
0.022957
0.0210269
0.0173838
0.0237662
0.0235365
0.0215967
0.0207011
0.0216901
0.0234674
0.0216591
0.0217372
0.0225274
0.0228676
0.0227023
0.0193687
0.0177196
0.0185763
0.0178445
0.0175076
0.0174288
0.0209102
0.0210606
0.019174
0.0224494
0.0244371
0.0233363
0.0181843
0.0210976
0.0227315
0.0224032
0.0201017
0.0200962
0.0223086
0.0220081
0.0204594
0.021309
0.0228262
0.0219908
0.021505
0.0209548
0.0223156
0.0210687
0.0207974
0.0213978
0.0231931
0.0231127
0.0213352
0.0211195
0.0230852
0.0238916
0.0239864
0.0213159
0.0174666
0.0213334
0.0231146
0.0218936
0.0174125
0.0160457
0.0174907
0.0175523
0.0141199
0.014884
0.0148774
0.0135795
0.0140782
0.018732
0.0201479
0.0178858
0.0139421
0.0151302
0.0156974
0.0144161
0.0136497
0.0180933
0.0186595
0.0177027
0.013451
0.0183882
0.0196295
0.0168325
0.0136071
0.0181859
0.0188455
0.0169359
0.0154148
0.017286
0.0180117
0.016898
0.0148145
0.0139687
0.0169557
0.0135547
0.012743
0.0135593
0.0145328
0.0126373
0.0128846
0.0180639
0.0186571
0.0158538
0.0121216
0.0175131
0.0175303
0.0158858
0.0178195
0.0181321
0.0162402
0.0117522
0.0127704
0.0160181
0.0118233
0.0111697
0.0120913
0.0115442
0.0105632
0.0127132
0.0126549
0.0110855
0.0120907
0.0121724
0.0105145
0.011809
0.0113601
0.0112307
0.0164446
0.0166925
0.0111581
0.0132896
0.0125499
0.0116433
0.0172654
0.016562
0.0126157
0.0134217
0.0142934
0.01224
0.0147986
0.0149319
0.0133799
0.0143285
0.0140693
0.0131382
0.0138249
0.0147737
0.0171469
0.0186959
0.021428
0.0219587
0.0173222
0.0176352
0.0126469
0.0179049
0.0181481
0.0133928
0.0185188
0.017513
0.0129942
0.0183711
0.0170387
0.0131383
0.0185837
0.0174824
0.0137279
0.0148818
0.0133665
0.0132826
0.0156334
0.0143557
0.0140261
0.0183394
0.0170685
0.0133624
0.0178768
0.0176616
0.0158496
0.0128632
0.0140187
0.0138435
0.0144911
0.0129523
0.0136632
0.0183755
0.0139085
0.0131072
0.0185939
0.0171564
0.0140973
0.0187818
0.0169387
0.0139708
0.019361
0.01467
0.0143622
0.0193273
0.0180122
0.0160874
0.0151677
0.0147387
0.0158471
0.0146315
0.019101
0.0152102
0.0193775
0.0190176
0.0183641
0.0195428
0.0292137
0.0182301
0.0189836
0.0187731
0.0146008
0.0189643
0.0183851
0.0155138
0.01891
0.0144264
0.0140854
0.0185746
0.0169503
0.0140506
0.0174133
0.0163626
0.0138381
0.017878
0.0172917
0.0135508
0.0182906
0.0186331
0.0140754
0.0193612
0.019064
0.0149963
0.01931
0.0190433
0.0146358
0.0191665
0.0196557
0.0179139
0.0137534
0.0187556
0.018683
0.0175852
0.01808
0.0176542
0.0153871
0.01637
0.0155946
0.0130967
0.0175616
0.0144147
0.0134362
0.0166849
0.0158309
0.0155898
0.0131077
0.0132934
0.0136467
0.0134137
0.0125257
0.0178305
0.0170422
0.0127816
0.0176118
0.0158226
0.0158931
0.0174786
0.0166018
0.016445
0.0171813
0.0184097
0.0161781
0.0177222
0.0165098
0.0137628
0.0167636
0.016767
0.0117441
0.0172598
0.0149505
0.0181093
0.0176471
0.0179232
0.0173507
0.0186603
0.0174971
0.0129908
0.0176433
0.0173735
0.0123192
0.0180202
0.0169966
0.0124961
0.0175478
0.0173863
0.0123525
0.0176278
0.0170544
0.0122073
0.0172803
0.0179134
0.0121908
0.0142478
0.0130048
0.0113078
0.0167223
0.0155345
0.0164511
0.0161981
0.0115321
0.0160508
0.0166741
0.0114527
0.017348
0.0153074
0.0124685
0.018188
0.0162711
0.0168303
0.0128188
0.0128556
0.017024
0.0154163
0.016975
0.0158373
0.017245
0.0158214
0.017231
0.0164675
0.0143961
0.0162151
0.0150693
0.0166075
0.0151746
0.011218
0.0166035
0.0142318
0.0177123
0.0154927
0.0117318
0.0128512
0.0121049
0.012577
0.0124711
0.0123281
0.0115249
0.0132979
0.0120955
0.0118401
0.016983
0.0188878
0.0174162
0.0163306
0.0123711
0.0176642
0.0164626
0.0126991
0.0180913
0.0164559
0.0182081
0.0174494
0.0131988
0.0145913
0.0140187
0.01307
0.0145922
0.0134105
0.012843
0.0162203
0.013336
0.0125822
0.0173551
0.015556
0.0121652
0.0167065
0.0157815
0.0166672
0.0142972
0.0171618
0.0164458
0.0178803
0.0150335
0.0166073
0.0141315
0.0126932
0.0178197
0.0165607
0.0136331
0.0187569
0.017045
0.0126803
0.0181669
0.0140848
0.0140192
0.0127848
0.0131409
0.0132844
0.0126992
0.013859
0.0130418
0.0134477
0.0176527
0.0167253
0.0128783
0.0175617
0.0139791
0.0125236
0.0175129
0.0161536
0.0127784
0.0174464
0.0157329
0.015282
0.017481
0.0168757
0.0158554
0.0128428
0.0136789
0.0135064
0.0141985
0.0140229
0.0148909
0.0153709
0.015601
0.0161341
0.0150408
0.0159087
0.0162941
0.0146975
0.0166535
0.0179547
0.015585
0.0197002
0.0198785
0.0150293
0.0187372
0.016369
0.0143569
0.0153939
0.0166541
0.0155536
0.016343
0.019179
0.0200633
0.0179278
0.0196581
0.0198041
0.0171788
0.0148471
0.0149735
0.0143397
0.0147921
0.0196438
0.0213946
0.0190015
0.0162898
0.0171786
0.0171673
0.0172218
0.0185802
0.0167881
0.0177263
0.0190076
0.0171477
0.0215614
0.0225804
0.0208183
0.0214176
0.021624
0.0219342
0.0163751
0.019794
0.0214967
0.0194435
0.0155979
0.0154519
0.0167462
0.0149423
0.0185657
0.0195387
0.0147302
0.0153563
0.016156
0.0151844
0.0159589
0.0170741
0.0147652
0.0152227
0.0160582
0.0150341
0.0145497
0.0186467
0.0193992
0.0174907
0.0184289
0.0186601
0.0150277
0.0181107
0.0181043
0.0131145
0.0177698
0.017671
0.0161904
0.0170153
0.0168998
0.0154603
0.017074
0.0165864
0.0150947
0.0163905
0.016089
0.0148301
0.0159321
0.0148001
0.0095877
0.0146252
0.0142756
0.00939965
0.0145331
0.0131446
0.0148097
0.0142529
0.00907721
0.0105757
0.00944892
0.0112802
0.0104898
0.0109674
0.0116337
0.0111168
0.0116341
0.0165562
0.0173545
0.0145055
0.0126023
0.0161221
0.0151814
0.0161011
0.0159949
0.0167441
0.0163165
0.016156
0.0193328
0.0176369
0.0166743
0.0174025
0.0186167
0.0179993
0.0139642
0.0181133
0.0191112
0.0171406
0.0136744
0.0177394
0.0179441
0.0166973
0.0133808
0.0170452
0.0207217
0.0169667
0.012285
0.0175896
0.0177805
0.0157746
0.0121797
0.0174126
0.0175071
0.0165021
0.0169571
0.0182017
0.0159036
0.0126686
0.0170901
0.0179891
0.0143308
0.0168345
0.0173042
0.0126089
0.0131752
0.0135511
0.0116975
0.0123809
0.0173802
0.0165352
0.0127553
0.0136926
0.0135205
0.0117545
0.0134936
0.0133024
0.0127505
0.017968
0.0180488
0.0167104
0.0178572
0.0178004
0.0171629
0.0182434
0.0175326
0.016913
0.0171491
0.0177925
0.0124397
0.0173726
0.015932
0.0123986
0.0178299
0.0160742
0.0119559
0.0174543
0.0162134
0.0121813
0.0131575
0.0125313
0.0132762
0.0177539
0.0180605
0.015411
0.017577
0.0175524
0.0134269
0.014187
0.0155323
0.017778
0.0168457
0.0125091
0.0175946
0.016758
0.012746
0.01365
0.0143535
0.0122908
0.0136777
0.0122471
0.0143717
0.0126064
0.0123546
0.0168419
0.0136855
0.0155372
0.0173168
0.0127335
0.0139905
0.0158307
0.0182105
0.0179221
0.018522
0.0173907
0.0185238
0.0173064
0.0188328
0.0176591
0.0190282
0.0173024
0.0153558
0.0139254
0.013312
0.0140137
0.0120809
0.013666
0.0123927
0.0138919
0.0136427
0.0125272
0.0167441
0.0123204
0.0124872
0.0115089
0.0116898
0.0166707
0.0143849
0.0169333
0.0162166
0.0176246
0.0185204
0.012622
0.0169855
0.0157971
0.0181519
0.0154467
0.0137213
0.0151179
0.0142211
0.0154333
0.0139047
0.0147115
0.0100577
0.0144944
0.0101009
0.00961972
0.00821405
0.00870482
0.00767024
0.012197
0.00853691
0.00937775
0.00831954
0.014568
0.011858
0.0159434
0.0141763
0.016007
0.01503
0.0155473
0.0176402
0.0162673
0.0113114
0.0173199
0.0160287
0.0176461
0.0168905
0.0126332
0.0176948
0.0168265
0.0127462
0.0179458
0.0165732
0.0182139
0.0185959
0.0180581
0.0164395
0.0123475
0.0172765
0.013505
0.0178684
0.0165956
0.0125294
0.0170513
0.0169737
0.0108565
0.0149587
0.0105894
0.0119086
0.0105306
0.0104286
0.0122484
0.0110962
0.0124741
0.0157749
0.0185637
0.0162943
0.0172301
0.0168664
0.0123713
0.0171229
0.0163997
0.0174707
0.0162281
0.015154
0.018678
0.0117476
0.0125394
0.0144691
0.0159838
0.0156793
0.0181623
0.017593
0.018186
0.0189806
0.0176132
0.0172691
0.0134566
0.01571
0.0184172
0.0196705
0.0193616
0.0188172
0.0192231
0.0196765
0.0167773
0.020048
0.0190271
0.0183631
0.0200238
0.0199327
0.0183291
0.0203482
0.0196579
0.0183508
0.0169969
0.0182448
0.0185358
0.0143611
0.0188943
0.0174045
0.0159404
0.0173472
0.0136733
0.0176534
0.0189651
0.0161505
0.0175004
0.0170073
0.0159975
0.0195431
0.0186087
0.018472
0.0193537
0.0197445
0.0146417
0.0161639
0.0164946
0.0155127
0.0160614
0.0167592
0.0154593
0.0163679
0.0177422
0.0158182
0.0203823
0.0216869
0.0205052
0.0193859
0.0167469
0.0176883
0.0163024
0.0173405
0.0157271
0.0158993
0.0206601
0.0227596
0.0188331
0.0201592
0.0209226
0.019184
0.0155914
0.0158928
0.0166947
0.0161257
0.0154352
0.0227528
0.0211309
0.0208423
0.0200252
0.021834
0.0194737
0.0187098
0.0197446
0.0204864
0.0193226
0.0208149
0.0205896
0.0211564
0.0195382
0.0170919
0.0183063
0.0174083
0.0161245
0.0156759
0.020472
0.0209926
0.0194018
0.0158307
0.0205931
0.0210456
0.0199792
0.0164554
0.0196087
0.0176033
0.0165883
0.0175445
0.021005
0.0220018
0.0219556
0.0172575
0.0161004
0.0208914
0.0225398
0.0216077
0.0184109
0.0178197
0.0184249
0.0178151
0.0191328
0.0218738
0.0226956
0.0210726
0.0199159
0.0155986
0.0165248
0.0153855
0.0145946
0.0188499
0.0220529
0.0189269
0.0135109
0.0144291
0.0139773
0.0153382
0.0128022
0.019038
0.0175734
0.014412
0.0127346
0.0163542
0.0134957
0.01257
0.0124538
0.0168188
0.018309
0.0179927
0.0166788
0.0169736
0.0172115
0.0179446
0.02002
0.0171802
0.0167153
0.0171894
0.0170743
0.0186473
0.016738
0.0164217
0.0168254
0.0180467
0.0182659
0.0152689
0.0168942
0.0180278
0.018513
0.0173964
0.0151358
0.0174079
0.015344
0.0131787
0.0136537
0.018573
0.0194055
0.0173034
0.0141039
0.0143415
0.0180113
0.0133118
0.0137876
0.0182846
0.0191301
0.0177032
0.019045
0.0193527
0.0183688
0.0143314
0.0184107
0.0182471
0.0167948
0.0174296
0.0188842
0.0192531
0.0175099
0.0138549
0.0184303
0.0179958
0.0166759
0.0118636
0.0175992
0.0169464
0.0146995
0.0124839
0.0165198
0.0135903
0.0117371
0.0141895
0.0134062
0.0123238
0.0127095
0.0162458
0.0165549
0.0123931
0.013685
0.014207
0.0135276
0.018541
0.0197186
0.013305
0.0187697
0.0198012
0.0135824
0.0182747
0.0187349
0.0131298
0.018973
0.0180477
0.0138747
0.0184969
0.0171759
0.016305
0.0184916
0.0178293
0.0128304
0.0179935
0.0171841
0.013297
0.0143193
0.0137086
0.0134063
0.0141046
0.0139604
0.0119486
0.0134843
0.0126647
0.011553
0.0162105
0.013072
0.0170271
0.0151938
0.0170879
0.0146877
0.0147452
0.0158027
0.0126954
0.0124012
0.0111441
0.0130749
0.0164513
0.0130359
0.0150482
0.0172932
0.0143558
0.0176877
0.0164072
0.0187157
0.0157521
0.0178378
0.016567
0.018194
0.0285153
0.0197528
0.0185383
0.0130812
0.0182917
0.0164962
0.018752
0.0267726
0.0189758
0.0176057
0.0145641
0.0145148
0.01291
0.0128238
0.0175543
0.0164006
0.012187
0.016131
0.0129776
0.012973
0.0183132
0.018055
0.0141548
0.0190932
0.0178258
0.0136785
0.0191293
0.0179369
0.0136649
0.0182032
0.0169152
0.0136208
0.0192866
0.0151433
0.0137915
0.0188506
0.0170178
0.0151151
0.0186254
0.0176033
0.0178929
0.0186781
0.0178801
0.0138534
0.0150878
0.0134472
0.0136578
0.0154044
0.0142255
0.0130015
0.0181039
0.0176017
0.0127379
0.0134588
0.0124896
0.0124475
0.0131239
0.0113751
0.0127089
0.0115107
0.0115408
0.0172307
0.0165021
0.0127907
0.0129432
0.0140369
0.0142167
0.0132782
0.0131671
0.0137822
0.0138981
0.0156787
0.0137709
0.0152158
0.0153001
0.0141828
0.0156779
0.0182127
0.0172004
0.017417
0.0158099
0.0142918
0.0150394
0.0151775
0.0136307
0.0157646
0.0149943
0.015158
0.0149651
0.0176285
0.0164278
0.0191471
0.0187515
0.014297
0.0179801
0.018516
0.0140281
0.0198453
0.0189361
0.0146425
0.0152035
0.0189122
0.0146793
0.0151569
0.0159927
0.014722
0.0201689
0.0205467
0.0149266
0.0201168
0.0202729
0.0181711
0.0200408
0.022321
0.0166051
0.0210249
0.0207125
0.0179705
0.0198576
0.0204862
0.0182958
0.0198513
0.0201894
0.0186861
0.0215479
0.0206873
0.0146157
0.0209681
0.0206245
0.02523
0.0207187
0.0213975
0.0193543
0.016263
0.0162534
0.0179581
0.0180757
0.0216637
0.0222267
0.0213855
0.0165906
0.0182941
0.0185958
0.0182713
0.0176385
0.0205064
0.0223719
0.0204979
0.0170826
0.0216114
0.0231141
0.0197322
0.0171992
0.0174931
0.0195508
0.017737
0.0175677
0.0216455
0.0227036
0.0212484
0.0177999
0.0214912
0.022145
0.0208412
0.016999
0.0208515
0.0226473
0.0211471
0.0172187
0.0213604
0.0200139
0.0183637
0.0181127
0.0180167
0.0170042
0.0210086
0.0232123
0.0214721
0.0162963
0.0218162
0.0211086
0.0200579
0.0166589
0.0186024
0.0194767
0.0175259
0.0136525
0.018083
0.0190031
0.0162142
0.0130158
0.014067
0.0141788
0.0132238
0.0131779
0.0166135
0.016934
0.0152906
0.0124958
0.0163088
0.0152181
0.0167388
0.0136163
0.0183726
0.0186351
0.0171753
0.0137816
0.0184778
0.0186843
0.0169609
0.0139092
0.0151752
0.0157199
0.0141074
0.0134732
0.0179876
0.0157658
0.0141453
0.013589
0.0186876
0.022397
0.0155956
0.0172889
0.0190762
0.0196673
0.0200885
0.0154607
0.0159575
0.0215317
0.0189539
0.0196994
0.0192234
0.0211218
0.0186393
0.0152042
0.014376
0.0148866
0.0132996
0.013826
0.0180702
0.0186654
0.0168703
0.013038
0.0147873
0.0145131
0.0144713
0.0136713
0.0189005
0.019074
0.0179026
0.0145359
0.0185048
0.0195684
0.0178899
0.0142225
0.0184546
0.016077
0.0139366
0.0138068
0.0179759
0.0191499
0.0158497
0.0131973
0.0183603
0.0183365
0.0176803
0.018175
0.0184324
0.0140716
0.019419
0.0204464
0.0178168
0.0201601
0.0187083
0.0169264
0.0181974
0.0190104
0.0142606
0.0182943
0.01714
0.01544
0.0143219
0.0151397
0.0137624
0.0139605
0.0141552
0.0130344
0.0175482
0.0145458
0.0128743
0.0146729
0.014585
0.017064
0.018638
0.0185997
0.0239255
0.0181015
0.0186501
0.0173882
0.0190722
0.01754
0.0139335
0.0141454
0.0147747
0.013375
0.014704
0.0144953
0.0161206
0.0177001
0.0169129
0.0130973
0.0127315
0.0119947
0.0113959
0.0165456
0.0154774
0.0170647
0.0165906
0.0172859
0.0162911
0.0124429
0.0138412
0.0142701
0.0122967
0.0176166
0.0165091
0.0198721
0.0181056
0.0128256
0.0140186
0.0174475
0.0163323
0.0178398
0.0164435
0.0162918
0.0137858
0.0130814
0.0119476
0.0140117
0.0129943
0.0120752
0.0139167
0.0176639
0.0128269
0.0179911
0.0173931
0.01345
0.0181281
0.0171642
0.0133335
0.0148661
0.013672
0.0152163
0.0141055
0.0139879
0.0156864
0.0146765
0.0135898
0.0182317
0.0135763
0.0133531
0.0137873
0.0147432
0.0126356
0.0137822
0.0133129
0.0133163
0.0169048
0.0173425
0.012857
0.0167386
0.0157823
0.0129855
0.0176552
0.016505
0.0127128
0.0174147
0.0162499
0.0150629
0.0142814
0.0120206
0.0173416
0.0159502
0.0119585
0.0171764
0.0158851
0.0176705
0.0169679
0.0124246
0.0174213
0.0165572
0.012565
0.0167181
0.0138061
0.0121791
0.0134909
0.0122643
0.0122775
0.0138195
0.0135346
0.0124686
0.0169494
0.0155549
0.0132443
0.0182003
0.0172526
0.0122672
0.0135969
0.0133561
0.0174644
0.0161163
0.017589
0.0163953
0.0125354
0.0174553
0.0162015
0.0125751
0.0163119
0.0150299
0.0130252
0.018053
0.0170326
0.013586
0.0180705
0.0167751
0.0181009
0.0171819
0.0130865
0.0176556
0.0174814
0.0141195
0.0185853
0.0165739
0.0152988
0.018317
0.0176531
0.0135925
0.0182575
0.0184073
0.0172631
0.0192646
0.0161697
0.0167116
0.0194943
0.0182679
0.0196855
0.0189533
0.0148244
0.0159119
0.0147429
0.0152335
0.0158672
0.0157097
0.0144582
0.016619
0.0152949
0.0152665
0.0160711
0.0150466
0.0153907
0.0198995
0.0204123
0.0149547
0.0197161
0.0195524
0.0142493
0.0196962
0.0197611
0.0181427
0.0196657
0.0207204
0.014273
0.0164721
0.0156872
0.0143694
0.0194681
0.0186195
0.019439
0.0185953
0.0194042
0.018954
0.0176041
0.0185375
0.0185174
0.0269509
0.018272
0.0181969
0.0175437
0.0137144
0.0183413
0.0182707
0.0132339
0.0177657
0.017904
0.0136473
0.0141852
0.0138336
0.0126829
0.0144871
0.0144764
0.0128152
0.0145575
0.0144452
0.0128086
0.0149301
0.0142739
0.0126555
0.0151597
0.0150419
0.0130957
0.0205031
0.0185052
0.0170664
0.0184717
0.0181313
0.0170431
0.0178809
0.0178507
0.0168075
0.017493
0.0171729
0.015789
0.0160993
0.013882
0.0139369
0.0140163
0.01473
0.0131051
0.016807
0.0191812
0.0152611
0.017578
0.0191721
0.0182555
0.0188872
0.0199744
0.0149238
0.0183068
0.0200068
0.0203079
0.0188829
0.0192482
0.0189757
0.0157449
0.0191856
0.0193339
0.0204688
0.0186201
0.0197875
0.0206124
0.0188902
0.0196608
0.0203033
0.0185669
0.0196747
0.0211508
0.0187739
0.0198201
0.0200816
0.018793
0.0199305
0.0176285
0.0147015
0.0155646
0.019214
0.0198699
0.0180874
0.0166379
0.0160904
0.0149566
0.0163877
0.0170807
0.0151132
0.0196273
0.0191424
0.0161676
0.0162014
0.0206176
0.0213155
0.0197102
0.0171267
0.0208298
0.0216663
0.0204464
0.0172963
0.0211202
0.0217364
0.0201352
0.0169714
0.0205703
0.0218447
0.0201879
0.0160127
0.020519
0.0214438
0.020176
0.016244
0.0202555
0.0211259
0.0191671
0.0157478
0.0201051
0.0210322
0.0191251
0.0166017
0.0185301
0.0212529
0.0187319
0.0179694
0.0190552
0.0197669
0.0178014
0.0182962
0.0184817
0.0217378
0.0175183
0.0180704
0.0191355
0.0191408
0.0175395
0.0169563
0.0197188
0.0193055
0.0181018
0.0137728
0.0139575
0.0153238
0.0136877
0.0156512
0.0141397
0.0166351
0.0128573
0.0124475
0.01731
0.0172936
0.0154274
0.0119683
0.0172642
0.0171854
0.0153503
0.0127392
0.0123445
0.0121329
0.0113832
0.0122491
0.0117141
0.0188806
0.0188128
0.0167734
0.0127734
0.0171738
0.0180997
0.0162548
0.0126424
0.0177686
0.0197818
0.0177226
0.0148685
0.0187112
0.0189016
0.018645
0.0175189
0.019734
0.0191984
0.0183986
0.0144076
0.0157711
0.0170807
0.0156985
0.0161818
0.0201024
0.0206681
0.0181055
0.0141721
0.0194817
0.0198787
0.018031
0.0139959
0.0155252
0.0153471
0.0142206
0.0142766
0.0149533
0.0156323
0.0139134
0.0127917
0.0140476
0.0147939
0.0165105
0.0141245
0.0127161
0.017341
0.017639
0.0164848
0.0137659
0.0161076
0.0185907
0.0190219
0.0179773
0.0192664
0.0192359
0.0185244
0.0160484
0.0164364
0.0165277
0.0204235
0.018398
0.0194962
0.0169389
0.018298
0.0165823
0.0164306
0.0169038
0.0194482
0.0174163
0.0179205
0.0183806
0.0173528
0.0180597
0.0193875
0.0175462
0.0172217
0.0157852
0.0187365
0.0178
0.0171046
0.0213641
0.0214866
0.0198523
0.0202605
0.0230138
0.0189402
0.0181552
0.0197752
0.020566
0.0158939
0.0159289
0.0158464
0.0143706
0.0173639
0.0204859
0.018959
0.0192847
0.0197112
0.0186406
0.019366
0.0215439
0.0204303
0.0181866
0.0203289
0.0192098
0.0182877
0.0188655
0.019996
0.020705
0.0188797
0.0187706
0.0181916
0.0164442
0.0191049
0.0201853
0.0186587
0.0192735
0.0192412
0.0198375
0.019042
0.0192368
0.0267529
0.0209345
0.0202376
0.0147763
0.017769
0.0170881
0.0153756
0.0169649
0.0165751
0.0149648
0.0163091
0.0167482
0.0145392
0.015871
0.020115
0.0201674
0.0158614
0.0181552
0.019992
0.0151942
0.0216223
0.0204616
0.0155837
0.0205055
0.0201635
0.0191262
0.0200856
0.019326
0.0153616
0.0195226
0.0180273
0.0144164
0.0157369
0.0158346
0.0130105
0.0134602
0.0189551
0.0177112
0.013993
0.0202728
0.0196767
0.0150247
0.0161161
0.0137078
0.0139116
0.0193109
0.0185854
0.015518
0.0176732
0.0180119
0.0137969
0.0157168
0.0167966
0.0148872
0.0136896
0.0139691
0.014633
0.014173
0.0141619
0.0148717
0.0151359
0.0262889
0.0175297
0.0181101
0.016503
0.0174333
0.0165526
0.0151852
0.017099
0.0178303
0.0165686
0.0163899
0.0172202
0.0166115
0.0180162
0.015391
0.0141552
0.0130579
0.0186858
0.0176654
0.0130918
0.013973
0.0137116
0.0111909
0.0163761
0.0157037
0.0163862
0.0147465
0.0108226
0.0152452
0.0150299
0.0103363
0.0146234
0.0135032
0.0156405
0.0131715
0.0155476
0.0118905
0.0162797
0.0148505
0.017006
0.0159599
0.0174697
0.0148004
0.0182574
0.0180749
0.018369
0.0185154
0.0164804
0.0181535
0.0171096
0.0188221
0.0181132
0.0194979
0.0183054
0.0141995
0.0192458
0.0179054
0.0193127
0.0184889
0.0195333
0.0189951
0.0183294
0.0215742
0.0197179
0.0199412
0.0200991
0.0151578
0.016979
0.017948
0.0160035
0.020933
0.0200547
0.0208494
0.0210876
0.0158637
0.0207909
0.0199656
0.0156834
0.0199372
0.0190073
0.0170096
0.0158329
0.0145987
0.0199825
0.0184727
0.0193301
0.0187651
0.0183454
0.0205055
0.0224757
0.0164964
0.016449
0.0159665
0.0154901
0.0206689
0.0191294
0.0147278
0.019333
0.0177381
0.0138675
0.0131798
0.012264
0.0144968
0.0166139
0.0153159
0.0119835
0.0165038
0.0154653
0.0164336
0.0159514
0.0118208
0.0163387
0.0151081
0.016336
0.0171457
0.0113538
0.0172798
0.0163528
0.0124446
0.0172901
0.0165794
0.012462
0.0139738
0.0136323
0.012608
0.0185139
0.0152024
0.0135146
0.0155143
0.0144862
0.013303
0.0147023
0.014719
0.0135161
0.0192771
0.0197834
0.0160787
0.0143454
0.0159846
0.016351
0.0154923
0.0207115
0.021592
0.0167172
0.0169504
0.0180235
0.0170901
0.022998
0.021218
0.0204344
0.0215601
0.0221485
0.0182021
0.0187486
0.0228731
0.0214218
0.0224778
0.023988
0.0224835
0.0223253
0.0229145
0.0218406
0.0195094
0.0167853
0.0187399
0.0165859
0.0133746
0.0140305
0.0190727
0.0190706
0.0167018
0.0177743
0.0173245
0.0164045
0.0126029
0.0127015
0.0126835
0.0131042
0.0165301
0.0168007
0.0144028
0.0147786
0.0152227
0.0139553
0.0147011
0.0151659
0.0168122
0.0171457
0.0177072
0.0178407
0.0190719
0.0179766
0.0180809
0.0193593
0.0177519
0.0178892
0.0191469
0.0186921
0.0178107
0.0189198
0.0166794
0.0169291
0.018329
0.0204852
0.0213501
0.0220648
0.0189967
0.0208922
0.0165893
0.0175263
0.0167883
0.0164138
0.0205104
0.0189048
0.0170046
0.0169099
0.0167303
0.0173279
0.0166913
0.0158915
0.0161294
0.0171292
0.0162406
0.0152959
0.0158758
0.0169952
0.015922
0.015667
0.0159874
0.0160907
0.0152464
0.0153932
0.0186239
0.0189287
0.0181236
0.0154318
0.0196479
0.0210823
0.0201705
0.0185381
0.0153702
0.0200277
0.0203361
0.0197756
0.018202
0.0202348
0.021434
0.0215943
0.0206879
0.0176231
0.0189362
0.0181096
0.0171992
0.015772
0.0161902
0.0223762
0.0227267
0.0231085
0.0229641
0.0162586
0.0184237
0.0206864
0.0184185
0.0174349
0.0189349
0.0218983
0.0246009
0.023339
0.0195178
0.0162152
0.0205038
0.0232039
0.021394
0.0200932
0.0167076
0.0204008
0.0221512
0.0214256
0.0196751
0.0158281
0.0165168
0.0186198
0.0167885
0.013055
0.0152975
0.0203775
0.0207369
0.023422
0.016504
0.0152722
0.0147483
0.0164841
0.0146469
0.0144267
0.0203065
0.0187248
0.0181627
0.0168773
0.0189614
0.0193348
0.0213314
0.0185184
0.0208638
0.0195375
0.019458
0.0181879
0.0206726
0.0197246
0.0177993
0.0147493
0.0189591
0.018956
0.0175353
0.0136069
0.0185724
0.0188144
0.0172527
0.0134022
0.0137862
0.0139722
0.0123142
0.0117192
0.017613
0.0142473
0.0120361
0.0139886
0.0139998
0.01201
0.018086
0.0168385
0.0144679
0.0143225
0.0126964
0.0125967
0.0148948
0.0138926
0.0135524
0.0183545
0.0182254
0.0171124
0.0203643
0.0193255
0.0159678
0.0188353
0.0180566
0.0161401
0.0181174
0.0188569
0.017261
0.0233679
0.0190179
0.0173522
0.0173954
0.0197478
0.0178043
0.0155336
0.0182888
0.0178168
0.0130732
0.0177186
0.020466
0.0232825
0.0182148
0.0187787
0.0191221
0.0196738
0.022156
0.0161829
0.0187893
0.0173923
0.0173609
0.0178783
0.0169697
0.0126886
0.0136928
0.0150987
0.0128039
0.0177413
0.0163238
0.0156014
0.0178801
0.0159289
0.017084
0.014233
0.0152333
0.0184812
0.0168717
0.0179532
0.0174586
0.0181773
0.0177344
0.0128983
0.0137418
0.0146109
0.0136982
0.0133732
0.0124776
0.0131636
0.0121537
0.0134226
0.0130882
0.0137252
0.0124104
0.0131911
0.0123439
0.0120469
0.0166519
0.0124088
0.0130794
0.0121514
0.013406
0.0127032
0.0135022
0.0122244
0.0175232
0.0165626
0.0178711
0.0181583
0.0128965
0.017547
0.0165666
0.0181442
0.0170932
0.0162459
0.0180873
0.0173447
0.0181321
0.0179227
0.0161516
0.01469
0.0146386
0.0126107
0.017799
0.0186185
0.0134423
0.0241212
0.020281
0.0164364
0.0158482
0.0155208
0.0181098
0.0155683
0.0158045
0.0143791
0.0195397
0.0202056
0.0140544
0.0154956
0.0143072
0.0148119
0.0149399
0.015922
0.0191455
0.0188147
0.0171377
0.0206043
0.016896
0.0161501
0.0139637
0.0135864
0.0123589
0.0180082
0.0175794
0.0134943
0.01703
0.0153115
0.0176779
0.0186345
0.0208995
0.0130693
0.0148915
0.0147122
0.0133845
0.0142749
0.0140624
0.0131966
0.0181892
0.0185057
0.0168602
0.019499
0.0187159
0.0139696
0.0187571
0.0185386
0.01682
0.0191677
0.0192487
0.0120576
0.013787
0.0122188
0.0152556
0.0173655
0.0170873
0.0120045
0.0138027
0.0143521
0.0137448
0.0142262
0.0134561
0.012583
0.0141355
0.0130994
0.0135803
0.0177405
0.0183478
0.0133802
0.0133565
0.0147746
0.0150117
0.0131065
0.0137899
0.0137206
0.0125813
0.0185309
0.0176474
0.0121572
0.0172632
0.0171218
0.0120026
0.0177292
0.0163863
0.0121662
0.0165323
0.0166919
0.0125234
0.0135734
0.0131657
0.0120858
0.0177319
0.0186863
0.0142932
0.017248
0.0161399
0.0138802
0.0166324
0.0156473
0.0137745
0.0164699
0.014951
0.0105931
0.0116554
0.0102747
0.0108364
0.00938899
0.00901528
0.0136049
0.00973238
0.0132811
0.00931277
0.013806
0.0128155
0.0151955
0.00988926
0.0125422
0.0150017
0.0144582
0.0106523
0.0132899
0.0159351
0.0174493
0.0170648
0.011386
0.0173475
0.0181857
0.0131445
0.0176148
0.0177418
0.0123524
0.0178863
0.0165223
0.0180165
0.0182836
0.0127774
0.0173205
0.0133126
0.0154837
0.015661
0.0113792
0.0170871
0.0141179
0.0166825
0.0157444
0.0115777
0.0129103
0.011793
0.0120106
0.0176785
0.0165705
0.0165545
0.0181231
0.0172969
0.0173169
0.0201393
0.0179682
0.0168812
0.0186208
0.0177578
0.0184287
0.0184893
0.0170121
0.0181809
0.0155819
0.0136567
0.0151166
0.014556
0.0133934
0.0179492
0.0169167
0.0128307
0.0171099
0.016524
0.0121263
0.017348
0.0163734
0.0172276
0.0170218
0.0127599
0.0178521
0.0170028
0.0182286
0.0158826
0.0125045
0.0173359
0.0139063
0.0129972
0.017611
0.0168471
0.0131984
0.017642
0.0166051
0.0173796
0.0173177
0.0122313
0.0169361
0.0165692
0.0123501
0.0136608
0.0125551
0.0140685
0.0140251
0.0130544
0.0183646
0.0171891
0.0127605
0.0180871
0.0186531
0.0170484
0.0157326
0.0165838
0.0189974
0.0194178
0.0139647
0.0185646
0.0182672
0.0175418
0.0203918
0.0188694
0.0172389
0.0172714
0.0145554
0.0131881
0.0168402
0.0147884
0.0138178
0.0155725
0.0172809
0.0142215
0.0155391
0.0157369
0.0146234
0.0164634
0.0159712
0.0143563
0.0207646
0.0192856
0.0194427
0.0205239
0.020637
0.0195996
0.0215453
0.0193092
0.0182992
0.0181093
0.0188887
0.0217388
0.022337
0.0181786
0.0190633
0.0194937
0.0184103
0.019854
0.0191129
0.0174522
0.0191534
0.0197794
0.0190649
0.019667
0.0215231
0.0180252
0.0182142
0.0187858
0.0187938
0.0200987
0.0202249
0.0152582
0.0195909
0.0191675
0.0154757
0.0169421
0.0166201
0.0151144
0.0171637
0.0172944
0.0151394
0.0177739
0.0173794
0.0147418
0.0158045
0.0163871
0.0244123
0.019887
0.0203625
0.0189212
0.0221497
0.0215865
0.0208687
0.0206444
0.02126
0.0189193
0.015808
0.0170705
0.02192
0.0165304
0.0175804
0.0191199
0.0170707
0.0160035
0.0158841
0.0167322
0.0155853
0.0156991
0.0203575
0.0210905
0.0174666
0.0155661
0.0152307
0.0148176
0.0163018
0.0168421
0.0173894
0.0160412
0.0172641
0.0153879
0.0159383
0.016586
0.0152751
0.0154236
0.0160613
0.0138123
0.0152318
0.0165514
0.0149083
0.0206099
0.0209378
0.0191906
0.0158593
0.0168165
0.014902
0.0197294
0.0196567
0.0177224
0.0195731
0.0194601
0.0179419
0.0193161
0.0186129
0.0167848
0.0184111
0.0182141
0.0129341
0.0197543
0.0172988
0.0117101
0.0135998
0.0161863
0.0127705
0.0183992
0.0177815
0.0122747
0.0180553
0.0175225
0.0170857
0.0183455
0.0176064
0.0137157
0.016504
0.0162813
0.0123476
0.0130751
0.0134641
0.0122616
0.0133602
0.0142742
0.0129882
0.0123697
0.0184927
0.0183247
0.0174614
0.0156721
0.0136997
0.0137998
0.0138418
0.0137253
0.0136912
0.0147915
0.0186
0.0195476
0.0187727
0.0183256
0.0180164
0.0148002
0.0191686
0.019766
0.0173794
0.0140769
0.0188567
0.0202856
0.0179095
0.014407
0.0185215
0.0189898
0.0166208
0.0179218
0.0186626
0.0168398
0.0141839
0.0152473
0.0129854
0.0157405
0.0149231
0.0133828
0.014793
0.014816
0.0138636
0.0147793
0.0145017
0.0130063
0.0133873
0.0179711
0.0171784
0.0132827
0.0129073
0.0129647
0.0112458
0.0133674
0.0192628
0.0135409
0.0139396
0.0145331
0.0173122
0.0203305
0.0197548
0.0194472
0.0153565
0.0198952
0.0214228
0.0190577
0.0159006
0.0202485
0.0208615
0.0193288
0.0158063
0.0202488
0.0221603
0.0183882
0.0179576
0.0198978
0.020732
0.0176758
0.0171097
0.0182557
0.0165237
0.0191461
0.0190756
0.0179843
0.0175161
0.0223129
0.0224675
0.0198499
0.0158983
0.0192705
0.0205257
0.0194369
0.0152585
0.0197632
0.022439
0.0189122
0.0214169
0.0209006
0.0201226
0.0171516
0.0172031
0.0172321
0.0148657
0.0154181
0.0211426
0.0228171
0.0180905
0.0191682
0.0200126
0.0188635
0.0148453
0.0188739
0.0203307
0.0202752
0.015668
0.0194562
0.0183006
0.019291
0.0174386
0.0204526
0.0221107
0.021495
0.02067
0.021011
0.0220463
0.0207576
0.0167779
0.0192839
0.0186445
0.0172127
0.0170249
0.0208271
0.0218934
0.020195
0.0163995
0.0196636
0.0211499
0.0176554
0.0144313
0.0189253
0.019172
0.0177731
0.0136711
0.017926
0.0187466
0.01752
0.0170864
0.0196663
0.0196073
0.0172243
0.0166214
0.0176622
0.018456
0.0177718
0.016721
0.0178984
0.016362
0.0118885
0.0168191
0.016404
0.014999
0.0185979
0.0179898
0.0254986
0.0121455
0.0127199
0.0117983
0.011836
0.0171978
0.0168423
0.0155164
0.0172157
0.0166944
0.0159534
0.0183425
0.0175599
0.0157983
0.0174931
0.0172911
0.0167112
0.0178163
0.0177064
0.0130389
0.0154038
0.0136602
0.0133789
0.0178203
0.0186974
0.0118683
0.0177523
0.015944
0.0123672
0.0172755
0.0167516
0.0126643
0.0143652
0.013484
0.0133056
0.0147215
0.0130731
0.0129347
0.0180626
0.0164914
0.0148669
0.0192759
0.0197434
0.0147027
0.0189414
0.0154428
0.014111
0.0197799
0.0195704
0.0153698
0.0201358
0.0211347
0.0189698
0.0221876
0.0215704
0.0185769
0.0214
0.0215875
0.0200334
0.0212225
0.0226705
0.0213045
0.0210266
0.023009
0.0202441
0.0211627
0.0228601
0.021546
0.0227567
0.0244415
0.0218666
0.0221723
0.0233438
0.0225688
0.0183458
0.0219976
0.0237181
0.0225699
0.0236742
0.0253326
0.0239819
0.0232023
0.0230481
0.0258422
0.0233519
0.0196514
0.019144
0.0216524
0.0190012
0.0193316
0.0228657
0.0253459
0.0246081
0.0226332
0.0185892
0.019542
0.0208714
0.0212525
0.0196708
0.0190375
0.0202721
0.0225916
0.0175536
0.0176588
0.021438
0.0221129
0.0206284
0.0169823
0.0210508
0.0224709
0.0217241
0.0190175
0.0175337
0.0187262
0.0173397
0.0162185
0.0153938
0.0173877
0.0159496
0.0157041
0.0191379
0.0201086
0.0199699
0.0194573
0.020204
0.020791
0.0185272
0.0156523
0.0179972
0.0182839
0.0155759
0.0151981
0.0151216
0.0172292
0.0160464
0.0155108
0.0151603
0.0160081
0.0155387
0.014056
0.0182922
0.0193284
0.0193191
0.0174962
0.0184464
0.0190387
0.015817
0.0143766
0.0152027
0.0154733
0.0131345
0.0146249
0.0140242
0.0141435
0.00771496
0.00642483
0.0076962
0.00705927
0.00884861
0.00807401
0.00904037
0.00780044
0.0129389
0.00985453
0.0151675
0.0123307
0.0117379
0.01336
0.0124443
0.0135207
0.0159485
0.0176494
0.0162951
0.0167357
0.0172492
0.018825
0.0180636
0.0189881
0.0186045
0.020485
0.0224546
0.0192786
0.021317
0.0199109
0.0195409
0.0191947
0.0184629
0.0200379
0.0187496
0.018379
0.0184365
0.0198135
0.019788
0.0183497
0.0212588
0.0212526
0.0195706
0.0203223
0.0203531
0.0234925
0.0214336
0.0197463
0.021306
0.0236978
0.0225297
0.0207687
0.021449
0.0210311
0.0209564
0.0190225
0.0224239
0.0232895
0.0228339
0.0205908
0.0206043
0.0234751
0.0198502
0.0194501
0.0202936
0.0192637
0.0176641
0.0142325
0.0171133
0.0174362
0.0133442
0.0141914
0.0191868
0.0197162
0.0152721
0.0110272
0.0172573
0.0151874
0.0117198
0.0123286
0.0181646
0.0176965
0.012632
0.0166967
0.0136658
0.0116595
0.0121309
0.0164168
0.0170088
0.0156989
0.0113841
0.0167257
0.0145198
0.0117026
0.0169265
0.015021
0.0106628
0.0149716
0.012098
0.0166007
0.0169177
0.0153806
0.0121896
0.0166332
0.0174897
0.0160709
0.0171616
0.0174223
0.0174454
0.0219174
0.0240029
0.0231551
0.020975
0.0173716
0.0219785
0.0227385
0.0242453
0.0198052
0.0171121
0.0189428
0.0202676
0.0167684
0.0161975
0.0170913
0.0149914
0.0180601
0.0188237
0.0149648
0.0155324
0.0181046
0.0154633
0.0188879
0.0203931
0.0193061
0.0238733
0.0189185
0.0188763
0.0174877
0.020067
0.0163711
0.0153956
0.0180467
0.0182475
0.0175165
0.0132203
0.016639
0.0188733
0.01785
0.0173953
0.0189761
0.0193399
0.0191545
0.0184221
0.0186401
0.0215748
0.0239753
0.0202133
0.0212451
0.0214417
0.0209711
0.0219723
0.0239896
0.0239885
0.0222952
0.0212123
0.0226036
0.0231464
0.0221216
0.0226393
0.0225076
0.0235207
0.0226175
0.0194855
0.0158503
0.0160462
0.014648
0.0148397
0.0189058
0.0197169
0.0184579
0.0158132
0.0191694
0.0179635
0.016824
0.0134258
0.0125859
0.0134946
0.0128442
0.011058
0.0112586
0.0119923
0.010039
0.0111189
0.00961412
0.0116263
0.00985614
0.0109926
0.00944083
0.0114584
0.00943168
0.00974208
0.00906907
0.0108435
0.00906634
0.0149543
0.0088298
0.00759592
0.00921923
0.0137471
0.00755411
0.0124335
0.0106597
0.0130285
0.0106526
0.0178824
0.0177162
0.0169645
0.0202411
0.0192626
0.0176697
0.0139512
0.0219848
0.0231711
0.0203904
0.0208046
0.0223187
0.0221199
0.0231504
0.0202563
0.0201253
0.0199972
0.0175164
0.0147501
0.0160382
0.0168261
0.0182104
0.016792
0.0158729
0.0199942
0.0198994
0.0185128
0.0137397
0.0184666
0.0181094
0.01648
0.0124411
0.0165951
0.0179566
0.0126327
0.0175948
0.0166389
0.0129665
0.0137106
0.0130926
0.0122843
0.0178968
0.0163062
0.0124996
0.0175905
0.0168239
0.0121503
0.019256
0.0169741
0.0141799
0.0187303
0.0169513
0.0157508
0.0185947
0.0176768
0.0170267
0.0194066
0.0169539
0.0134643
0.0187201
0.017594
0.0131676
0.0145602
0.0128322
0.013941
0.0186704
0.0171783
0.0173072
0.0162303
0.0157143
0.0177554
0.0175607
0.0157907
0.0179826
0.0172858
0.0168761
0.0186291
0.0174837
0.0168448
0.0194471
0.0170859
0.0122043
0.0139104
0.0128161
0.0131395
0.0179857
0.0187867
0.0133483
0.0192802
0.0175685
0.0160119
0.0172983
0.0181887
0.0116027
0.016746
0.015373
0.0113405
0.0154355
0.0146165
0.0148092
0.014903
0.0114858
0.0159438
0.014029
0.0148194
0.0140999
0.0157689
0.0147028
0.0111143
0.016116
0.0121073
0.0178728
0.0154116
0.015904
0.0130238
0.012385
0.0174105
0.0165143
0.0175251
0.0164304
0.012859
0.0176029
0.0166698
0.0136566
0.0188647
0.0161186
0.0139907
0.014865
0.0148295
0.0143393
0.0192929
0.0171318
0.0187239
0.0177198
0.0150228
0.0158474
0.0150047
0.0153137
0.0154053
0.0140015
0.0140289
0.0151522
0.0137547
0.0157846
0.0160864
0.0144376
0.013052
0.0126859
0.0167745
0.0145375
0.0113624
0.0168672
0.0152647
0.0115255
0.0158303
0.0141154
0.0149108
0.0140913
0.0153183
0.012959
0.0101601
0.0148888
0.0131052
0.0163805
0.0157413
0.0115898
0.015322
0.0139308
0.0153908
0.0145328
0.0161731
0.0179521
0.0154695
0.0156985
0.0182804
0.0159859
0.0138133
0.0171634
0.0157508
0.0118532
0.0174469
0.0162351
0.0176772
0.0169641
0.0128421
0.0181359
0.0163003
0.0133501
0.0155497
0.0124682
0.014033
0.0141619
0.0134181
0.0133592
0.0171814
0.0150392
0.0177646
0.0185947
0.0171075
0.019586
0.017932
0.0175858
0.0190806
0.0163944
0.0160633
0.0154464
0.0130384
0.0126566
0.0173721
0.0169827
0.0130825
0.0178013
0.016523
0.0129119
0.0141692
0.0167747
0.0167101
0.018391
0.0161371
0.0132286
0.0181679
0.016492
0.0126089
0.0179977
0.0168355
0.013155
0.0184519
0.0170663
0.0132191
0.018389
0.017276
0.0136861
0.0186387
0.0173922
0.0182694
0.0170943
0.0132842
0.017181
0.0124091
0.0129704
0.0187731
0.015879
0.016822
0.0157855
0.0127679
0.0114017
0.0122111
0.0134448
0.0113406
0.012569
0.0120849
0.0119262
0.0168344
0.0161599
0.0159926
0.0146475
0.0109817
0.0160497
0.0143152
0.0104077
0.0138012
0.0145556
0.0145167
0.0156829
0.0143464
0.0130848
0.0111087
0.0110783
0.0109695
0.0160617
0.0151095
0.0119044
0.0132181
0.0123715
0.0130459
0.0140167
0.0129285
0.013373
0.0177908
0.016932
0.0139476
0.0195015
0.0165635
0.0130202
0.0174768
0.0169096
0.0137638
0.0176883
0.0160574
0.0129487
0.0190921
0.01741
0.0137874
0.0166532
0.0157665
0.0131818
0.0178578
0.0163209
0.0117404
0.0131938
0.0124673
0.0113519
0.0178095
0.015911
0.0130552
0.0119774
0.0107887
0.0105092
0.0119339
0.0153579
0.015909
0.0176957
0.0153624
0.0147616
0.0160203
0.0140852
0.0101325
0.01482
0.0109367
0.0108154
0.0093228
0.0113637
0.00881191
0.0092423
0.0132433
0.008429
0.00921733
0.00941203
0.0140227
0.0130646
0.0144656
0.00947488
0.015111
0.00980482
0.0147396
0.00994235
0.015325
0.0148788
0.0159436
0.0149066
0.010767
0.0120956
0.0143321
0.0158744
0.0116069
0.0163014
0.0152678
0.0117378
0.0124686
0.0118499
0.0167869
0.0154695
0.0170692
0.015788
0.0176078
0.0152603
0.0112339
0.0126555
0.015995
0.0128291
0.0120961
0.0135813
0.0117632
0.0119011
0.0165876
0.0159204
0.0125338
0.0169458
0.0163438
0.0128903
0.0180147
0.0163718
0.0179403
0.0177142
0.0130795
0.0171381
0.0129266
0.0184113
0.0162311
0.0161191
0.0172583
0.0155887
0.0168167
0.0177405
0.0155623
0.0119323
0.0131429
0.0123806
0.0134911
0.0124014
0.0128847
0.0163043
0.0167285
0.011665
0.0177713
0.016936
0.0162319
0.0153463
0.0116956
0.0177524
0.0153065
0.0111656
0.0137987
0.0125822
0.0136511
0.0170268
0.0167111
0.0129325
0.0164725
0.0155527
0.0114931
0.0168406
0.015372
0.0165399
0.0166185
0.0158351
0.0172328
0.0162729
0.0121214
0.0185949
0.0168604
0.0130819
0.0172704
0.0167959
0.0132094
0.0177362
0.0172423
0.0131316
0.0124331
0.0109074
0.0110902
0.0118256
0.0106069
0.0116483
0.0126221
0.0151682
0.014497
0.0151751
0.0135168
0.015992
0.0141125
0.0160071
0.0148773
0.0164081
0.0143627
0.0156224
0.0140773
0.0149455
0.0140872
0.0151245
0.0133064
0.0152408
0.0109023
0.0152846
0.0145118
0.0162973
0.0145593
0.0154815
0.0147558
0.0109947
0.0161392
0.0155245
0.0110593
0.0116782
0.0113075
0.0103462
0.0154939
0.0131805
0.0117158
0.0154732
0.0158499
0.0155795
0.0150324
0.0170436
0.014922
0.0100837
0.0114164
0.0106198
0.0118947
0.0110229
0.0123038
0.0112701
0.0162181
0.0119405
0.0123016
0.0115151
0.0161013
0.0135296
0.0155061
0.0110147
0.0158198
0.0107438
0.0160648
0.0110705
0.0202791
0.0141869
0.0144066
0.00959744
0.01448
0.0127884
0.0104644
0.0130917
0.0148375
0.0101482
0.010537
0.00951717
0.0110632
0.0100646
0.0149182
0.0100489
0.00986095
0.0105263
0.0094133
0.0142778
0.00939247
0.0145059
0.00993831
0.0102248
0.0148039
0.0110024
0.0120216
0.0132541
0.0122176
0.0144799
0.0159993
0.0112958
0.0160005
0.0136003
0.0120149
0.0114487
0.0117648
0.0121974
0.0117302
0.01281
0.0157164
0.0167097
0.0147116
0.0170731
0.0161244
0.0189956
0.0157119
0.0162082
0.0149036
0.0135837
0.0120845
0.0170589
0.012785
0.0129322
0.0118928
0.0168912
0.0159638
0.0174435
0.0160171
0.0172469
0.0162163
0.0123703
0.0169518
0.0159457
0.0172603
0.0164343
0.0126568
0.0169543
0.0169007
0.0168591
0.0181644
0.012482
0.0171449
0.0158899
0.0178264
0.017249
0.0177006
0.0174496
0.0125006
0.018063
0.0174472
0.0127272
0.0167653
0.0167615
0.0127099
0.017272
0.0160793
0.0232523
0.01874
0.0164877
0.0162133
0.0178975
0.0181114
0.0156312
0.0177151
0.0156818
0.0122157
0.0162767
0.0150767
0.0106742
0.0155742
0.014087
0.0154641
0.0131896
0.0152241
0.0102849
0.010446
0.0152078
0.0137731
0.0159536
0.0149673
0.0107533
0.015637
0.0249984
0.0162884
0.0113843
0.0099619
0.011225
0.0107958
0.0110655
0.0163714
0.0154182
0.013323
0.0186792
0.016152
0.0173069
0.0163212
0.0152239
0.0182367
0.0160202
0.0160358
0.0180847
0.0168021
0.0141415
0.0128446
0.0174768
0.0163356
0.0167502
0.0196512
0.0166137
0.0125232
0.0181448
0.0177796
0.0131883
0.0131548
0.012467
0.0115
0.0160399
0.0144006
0.0134001
0.0150514
0.0135019
0.00970537
0.0149466
0.0136407
0.0111836
0.00984114
0.0111912
0.0100884
0.0111455
0.00986699
0.0150261
0.0135518
0.015156
0.0105609
0.0155521
0.0144261
0.016063
0.0148509
0.0165735
0.0152212
0.0128793
0.017032
0.0161925
0.0171552
0.016834
0.0174106
0.0170749
0.0170452
0.019183
0.0164206
0.0162069
0.01592
0.013668
0.0141729
0.0178725
0.0198825
0.0126834
0.0172151
0.0119489
0.0177948
0.0160187
0.0171193
0.0158037
0.0121517
0.0227587
0.0166762
0.0121974
0.0169745
0.0156013
0.0123429
0.0170752
0.015193
0.0172207
0.0160618
0.0164527
0.017089
0.0160534
0.0140262
0.0143144
0.0121497
0.0129
0.0136199
0.0125898
0.0200407
0.0127182
0.0201912
0.0144636
0.0244871
0.0326701
0.0208531
0.0217406
0.0195803
0.0196264
0.0187648
0.0192508
0.0205399
0.018578
0.0196877
0.0191871
0.0195586
0.0194671
0.019758
0.0195535
0.0242106
0.0227547
0.0233269
0.0216685
0.084497
0.0207663
0.0232239
0.0241686
0.0227817
0.0196144
0.018017
0.0182234
0.0200166
0.0201501
0.0206068
0.0191069
0.0229958
0.0249902
0.0244126
0.0228489
0.0240022
0.0254003
0.0256282
0.0224282
0.0193003
0.0233797
0.0251016
0.0245928
0.0223673
0.0189999
0.0229681
0.0239384
0.0233358
0.0220398
0.0208123
0.0206573
0.0218687
0.0215995
0.01921
0.017823
0.0197387
0.0203413
0.0197713
0.018647
0.0224516
0.0228572
0.0250128
0.0223166
0.0216701
0.0223172
0.0202339
0.019776
0.0195964
0.0218335
0.0219118
0.0271937
0.0241093
0.0240689
0.0223104
0.0217788
0.0208855
0.0209294
0.0213942
0.0255091
0.0196604
0.0198107
0.0201745
0.0213317
0.0235303
0.0224275
0.0190099
0.0188767
0.0203725
0.0203809
0.0191344
0.0182547
0.0184418
0.0240776
0.0230019
0.0219971
0.0222835
0.021875
0.023485
0.023288
0.0213227
0.0212428
0.0213565
0.02261
0.0224615
0.0224129
0.0202001
0.0221419
0.0223504
0.0218322
0.0208097
0.0204731
0.0209233
0.0230975
0.0230993
0.0212488
0.0171251
0.020949
0.0228974
0.0218411
0.0218734
0.0328862
0.0217995
0.0221644
0.0220415
0.0180103
0.0176968
0.0170581
0.020823
0.0218567
0.0223852
0.0211356
0.0212877
0.0209726
0.022504
0.0228337
0.0216927
0.0203317
0.0173199
0.0216098
0.0234373
0.0241359
0.0271362
0.0226791
0.0204027
0.0215714
0.0241658
0.0264072
0.0262979
0.0297158
0.0264071
0.0273256
0.024114
0.0225337
0.0240484
0.024136
0.0245663
0.0222509
0.021966
0.0217665
0.0214661
0.0221642
0.0238855
0.0238272
0.0251013
0.0283544
0.0204147
0.0260299
0.0289625
0.033203
0.0237035
0.0265715
0.0291648
0.0255773
0.0247291
0.0308519
0.0290142
0.0325037
0.0321391
0.0263149
0.0299679
0.0275052
0.0251461
0.0271817
0.0229448
0.0256224
0.0252381
0.0256233
0.0197188
0.0207181
0.0212654
0.0214284
0.0226498
0.020128
0.0216927
0.0232311
0.0236697
0.0262249
0.0205147
0.02053
0.0214212
0.0205194
0.0187788
0.0187427
0.0199647
0.0209996
0.0272287
0.0283213
0.0201543
0.0190235
0.0177638
0.0193242
0.0180388
0.0177408
0.0164997
0.0169559
0.0179684
0.0174205
0.0183021
0.013643
0.0139957
0.0146996
0.0152436
0.0151306
0.0135451
0.0138973
0.0131209
0.0143901
0.0158599
0.0147641
0.0151253
0.0145448
0.0147003
0.0152646
0.0177477
0.0139381
0.0136892
0.0137874
0.0174478
0.0199772
0.0167187
0.0182712
0.0166637
0.0155105
0.0185814
0.0175039
0.0168548
0.0156058
0.0166012
0.0167464
0.019205
0.0175241
0.016554
0.0172462
0.0176363
0.0146777
0.0138479
0.0128772
0.0149591
0.0119644
0.0122222
0.0132558
0.0129209
0.0145403
0.0124565
0.0165611
0.016713
0.0158182
0.0132913
0.0181214
0.0173562
0.0124789
0.0158586
0.0185974
0.0151617
0.0255442
0.0185068
0.0271249
0.0337237
0.0271969
0.0211207
0.0205025
0.0219787
0.0297616
0.0246983
0.0243051
0.0239239
0.0209228
0.0215542
0.0226446
0.0207689
0.0204675
0.019155
0.0180692
0.0174879
0.0180429
0.0161476
0.0160144
0.0160037
0.0169204
0.0163157
0.0181303
0.016026
0.0198692
0.0202878
0.0203371
0.0191744
0.105104
0.0170714
0.0195334
0.0206337
0.0196244
0.0156385
0.0188647
0.0182658
0.017389
0.0138362
0.0172281
0.0137272
0.0123126
0.0129226
0.0166897
0.0174388
0.0132704
0.0118438
0.016406
0.0166063
0.0132241
0.0123743
0.0126534
0.0125201
0.0126489
0.0122789
0.0117003
0.0131987
0.0127752
0.0150286
0.0170052
0.0174035
0.0134649
0.0132603
0.0146751
0.0130766
0.0180261
0.0191572
0.0171478
0.0182084
0.0178118
0.0133095
0.0185355
0.0179839
0.0144629
0.0190637
0.0177177
0.0139743
0.0143423
0.0165804
0.0141749
0.0188934
0.0209417
0.0139211
0.0198115
0.0188243
0.0135125
0.0187578
0.0184659
0.013074
0.0178786
0.018435
0.0173598
0.0183842
0.0186063
0.0170046
0.0193908
0.0173839
0.0140848
0.0133128
0.0134406
0.0141905
0.017671
0.0166672
0.0152656
0.0179309
0.0168393
0.0143064
0.0162445
0.015229
0.0109193
0.0156751
0.0150499
0.0112756
0.0155942
0.0164233
0.0179017
0.0160655
0.0124336
0.0168361
0.0144546
0.0172076
0.02301
0.0129517
0.0177615
0.01589
0.0135424
0.0145558
0.014491
0.0140442
0.0142582
0.0138141
0.0130917
0.0177742
0.0179638
0.0134738
0.0179773
0.0185004
0.0126789
0.0180432
0.0172339
0.0130274
0.0176697
0.0159366
0.0155447
0.01543
0.0166098
0.0148254
0.0150238
0.0211455
0.0196188
0.0211486
0.0255514
0.0142834
0.0142416
0.0181401
0.0197789
0.0192281
0.0178881
0.0190905
0.0147382
0.0186267
0.0162209
0.0183143
0.0179797
0.017438
0.0185
0.0175546
0.0168968
0.0190214
0.0216752
0.0156304
0.0164063
0.0171377
0.0120301
0.0138243
0.0163487
0.0130206
0.0183065
0.0176471
0.0138959
0.0136863
0.0179769
0.0171387
0.0187793
0.0168148
0.014321
0.0177627
0.0172177
0.0131983
0.0135335
0.0141803
0.0136254
0.0193074
0.0176726
0.0130866
0.0174862
0.0177261
0.0136368
0.0150367
0.0152258
0.017163
0.0145009
0.0143149
0.0138756
0.0122549
0.0166841
0.0187026
0.012901
0.0172503
0.0138954
0.0132387
0.0138332
0.0135571
0.0144823
0.0161363
0.0134229
0.0179537
0.0160513
0.0126006
0.0173091
0.0163467
0.0166687
0.0178749
0.0165631
0.013368
0.0142592
0.0181208
0.0191688
0.0139727
0.0182245
0.0185613
0.0139047
0.0187059
0.017278
0.0179918
0.0183629
0.0190178
0.0168131
0.0190245
0.0186565
0.0180166
0.0195443
0.018655
0.0161788
0.0180871
0.0177524
0.0192502
0.020032
0.0185088
0.0141027
0.0150368
0.0155192
0.0145655
0.0152604
0.0161119
0.0143227
0.0186984
0.0197103
0.0150535
0.014204
0.0152486
0.0139027
0.0182118
0.0191016
0.0148234
0.0150559
0.0142616
0.0148828
0.0181048
0.01773
0.0136864
0.0178206
0.017018
0.0132587
0.018005
0.0179153
0.0143016
0.0178173
0.017382
0.0149543
0.0189167
0.018818
0.0143961
0.0190367
0.0181368
0.020928
0.0193309
0.0181948
0.0190347
0.020203
0.0193133
0.0173159
0.0175533
0.0182438
0.0135355
0.0180965
0.0171493
0.0175112
0.0179655
0.0167061
0.0168875
0.0178707
0.0168451
0.0176872
0.0179892
0.0156373
0.0173744
0.017265
0.0164209
0.0168336
0.017684
0.013382
0.013872
0.0140901
0.0136364
0.0176805
0.0179693
0.0124884
0.0165419
0.0159617
0.0117911
0.0163922
0.0158695
0.0123855
0.0131139
0.013907
0.0141256
0.0145845
0.0151841
0.0143374
0.0144759
0.0143689
0.0189672
0.022381
0.0153875
0.0153775
0.0153128
0.0153105
0.0151234
0.0145838
0.018899
0.0178152
0.013308
0.0123353
0.0118968
0.010263
0.0150575
0.0142975
0.0158714
0.0149021
0.0132367
0.0130275
0.013871
0.0146543
0.0133059
0.0185251
0.0201279
0.0148471
0.0176904
0.0185085
0.0137379
0.0184064
0.0194551
0.0180934
0.0144968
0.0182953
0.0191475
0.0139502
0.0139417
0.0136844
0.0135317
0.0175544
0.0183186
0.0134628
0.019844
0.0189875
0.0152942
0.0150864
0.0194722
0.0201673
0.015259
0.0156225
0.0146175
0.0131558
0.0175497
0.0145991
0.0130154
0.0142148
0.0163451
0.0139057
0.0140287
0.0137412
0.0123131
0.0179328
0.0169431
0.0127981
0.013296
0.0138957
0.012561
0.0129814
0.0132998
0.0119325
0.0169048
0.0170209
0.0121048
0.0167838
0.0159046
0.0129447
0.0171938
0.0176027
0.0128791
0.0178185
0.0168457
0.0135021
0.012959
0.0138431
0.013807
0.0135979
0.0180942
0.0172998
0.0142658
0.0179871
0.0174055
0.0140997
0.0179992
0.0185226
0.0133905
0.0187827
0.0191703
0.0140746
0.0146645
0.0137147
0.0140763
0.0145492
0.0148939
0.0138333
0.0154068
0.0155918
0.0145772
0.015722
0.0136977
0.0124734
0.0183835
0.0178236
0.0135804
0.0137168
0.0146356
0.0168906
0.0179631
0.0186733
0.0175127
0.0177594
0.0190734
0.0162039
0.0177621
0.0181246
0.0158284
0.0170573
0.0159482
0.0145296
0.0150038
0.0184703
0.0199119
0.0187392
0.0161315
0.0160764
0.0151603
0.0158805
0.0154234
0.0150059
0.0157218
0.0153632
0.0160374
0.0142543
0.0175375
0.0150521
0.0136999
0.01639
0.0156163
0.0137345
0.0140748
0.0146418
0.0134238
0.0145374
0.0131368
0.0138839
0.0135849
0.0141402
0.013311
0.0146527
0.0142417
0.0141127
0.0147347
0.0162645
0.0143586
0.0146067
0.0159299
0.0141584
0.0141173
0.0158536
0.0142655
0.0149409
0.0140759
0.0150955
0.0151688
0.0136713
0.0149697
0.014279
0.0140946
0.0146163
0.0165062
0.0185964
0.0204288
0.0141221
0.0188974
0.0191049
0.0139879
0.0173864
0.0173835
0.0133944
0.0178531
0.0191019
0.0153509
0.0138031
0.018614
0.0175055
0.013911
0.0179152
0.0188347
0.0143965
0.0151172
0.014983
0.0135286
0.0183399
0.0188621
0.0135252
0.01849
0.0190465
0.0141999
0.0175476
0.0186398
0.0146534
0.0147561
0.0178277
0.0132842
0.01363
0.0145091
0.0136409
0.0138557
0.0149524
0.0133664
0.0134981
0.0147072
0.013219
0.0136999
0.0150744
0.0133141
0.0194835
0.0171499
0.013455
0.0147827
0.0151455
0.0136053


