0.01072
0.0173338
0.0178309
0.0178868
0.0177356
0.0210675
0.0205496
0.0216899
0.0203768
0.0206355
0.0208338
0.0198008
0.0177806
0.0189993
0.0188655
0.0172724
0.0177944
0.0180253
0.0170796
0.0169222
0.0200091
0.0123671
0.0127119
0.0213031
0.0208739
0.0207585
0.0213966
0.0207269
0.0205413
0.020624
0.019034
0.0190561
0.0189886
0.0190552
0.0186392
0.018699
0.0185317
0.017088
0.0168817
0.016469
0.016931
0.0172592
0.016604
0.00842968
0.00870782
0.0174737
0.0172437
0.0173188
0.0175598
0.0167778
0.017299
0.0171904
0.0173636
0.0172492
0.0177176
0.0171435
0.0171432
0.0176476
0.0170009
0.0168952
0.0170936
0.017766
0.0172317
0.0171341
0.0170828
0.00853412
0.00845789
0.0173474
0.0175765
0.0175637
0.0180898
0.0184994
0.0180441
0.0181416
0.0178052
0.0175942
0.0173473
0.0177865
0.0176745
0.0178974
0.0181205
0.0179347
0.0178126
0.0180419
0.0173951
0.0173955
0.0179971
0.0085548
0.00879673
0.0183137
0.0188143
0.019156
0.0187116
0.0183432
0.0180013
0.0184317
0.0183569
0.0186847
0.0183365
0.0186061
0.0184257
0.0183101
0.0183005
0.0184184
0.0188908
0.0183062
0.0182837
0.0183629
0.0179426
0.00867877
0.00948583
0.0184278
0.0184789
0.0179929
0.0180827
0.0366113
0.0159891
0.0110198
0.0109878
0.0106607
0.0106989
0.0119626
0.013601
0.0137618
0.013485
0.0129487
0.0159358
0.0159828
0.0160034
0.0154197
0.01503
0.0148284
0.0192207
0.0205535
0.0201485
0.0189118
0.0191162
0.0203649
0.0209627
0.0219798
0.0209313
0.021335
0.0203475
0.0225837
0.0225984
0.0204628
0.0204905
0.0176052
0.0182125
0.0186381
0.0178367
0.0202843
0.0182076
0.0191221
0.0221027
0.0183288
0.0186628
0.0184646
0.0179723
0.0158543
0.0152021
0.0201036
0.021148
0.0159887
0.0168384
0.0178218
0.0166215
0.0154604
0.0166468
0.0152141
0.0204001
0.0154549
0.0206121
0.0150763
0.0196876
0.0182254
0.0195498
0.0181226
0.0202365
0.0152564
0.0180358
0.0154441
0.0159092
0.0151606
0.0160075
0.0151713
0.0163957
0.015619
0.0159237
0.0157825
0.0154501
0.0157688
0.015947
0.0155387
0.0163943
0.0169121
0.0169682
0.0162923
0.0169636
0.0172104
0.0171478
0.0212881
0.0202455
0.0215435
0.0201565
0.0216634
0.021192
0.0223217
0.0202479
0.0220509
0.021596
0.0199384
0.0189988
0.0221554
0.0227139
0.0235319
0.0210593
0.0199679
0.0190114
0.0185605
0.0222816
0.0217474
0.0221433
0.0229142
0.0171814
0.0184483
0.018534
0.0178024
0.01865
0.020905
0.0177354
0.0193026
0.0195394
0.017882
0.0186426
0.0195082
0.0178003
0.0226605
0.0226453
0.0242702
0.0219985
0.0218726
0.0202453
0.022441
0.0204095
0.0211133
0.0209843
0.0162214
0.0177689
0.0165607
0.0180493
0.0181993
0.0168477
0.0224262
0.0228935
0.0184399
0.0189539
0.0225188
0.017893
0.0232002
0.0240624
0.0184793
0.0189072
0.0199507
0.0182802
0.022454
0.0225396
0.0196452
0.0206323
0.021916
0.01507
0.0161828
0.0155982
0.016036
0.0148195
0.0198104
0.0185988
0.0204132
0.0196029
0.0158309
0.0157428
0.0158391
0.017006
0.016898
0.0181834
0.0180579
0.0193648
0.0198518
0.0188194
0.0186434
0.0214344
0.0171993
0.0183187
0.0182961
0.0164782
0.0222453
0.0216274
0.016067
0.0187218
0.0181054
0.0163766
0.0184263
0.0176807
0.0162999
0.0180528
0.0180553
0.0168393
0.0187374
0.0195574
0.0189369
0.0184519
0.0215995
0.0198184
0.0184824
0.0189936
0.0236832
0.019313
0.0166669
0.0201969
0.0194478
0.0153555
0.0183487
0.0177581
0.0168663
0.0174655
0.0181897
0.0129911
0.0148781
0.0155964
0.0184713
0.0159053
0.0158181
0.0164402
0.0175743
0.0171145
0.0169816
0.0177233
0.0161414
0.0212337
0.0197073
0.0147534
0.0204073
0.0206252
0.0182225
0.0167414
0.0161011
0.0168462
0.0167243
0.0169952
0.0212907
0.0209511
0.0153261
0.0165697
0.0176817
0.0188522
0.0228745
0.0258064
0.021066
0.0231595
0.023961
0.0189112
0.0187229
0.0195479
0.0173509
0.0227212
0.0238552
0.0185061
0.0232642
0.0243933
0.0189239
0.0235114
0.0233647
0.0218408
0.0170781
0.0216193
0.0224884
0.0169401
0.0221273
0.0230802
0.0181742
0.0259582
0.023796
0.0212139
0.0227293
0.0235509
0.021979
0.0231365
0.0244048
0.0181979
0.0186635
0.0217865
0.0195296
0.0183676
0.0231347
0.0241057
0.0196336
0.0197979
0.0203386
0.0211269
0.0228415
0.0242357
0.0224672
0.0193649
0.0209948
0.0198671
0.0242455
0.0245688
0.0226036
0.023531
0.0255431
0.0191398
0.0194366
0.0204386
0.0178042
0.0180698
0.017861
0.0170684
0.0172157
0.0219279
0.0221403
0.0204867
0.0222373
0.0224266
0.0168366
0.0210976
0.0222897
0.0176442
0.0215844
0.0227741
0.0204334
0.0211568
0.0206495
0.0154405
0.0188387
0.0192198
0.0139786
0.0198069
0.0198715
0.0143993
0.0198312
0.0199799
0.0147597
0.0195335
0.0204261
0.0153419
0.0150812
0.0173318
0.0148994
0.0228781
0.0209789
0.0183084
0.0204309
0.021174
0.0189522
0.0206408
0.0209289
0.0192229
0.0201409
0.0209251
0.0189796
0.0152323
0.0160748
0.0177281
0.0159626
0.0161644
0.0174276
0.0160001
0.0171834
0.0178397
0.0157507
0.0170626
0.0186507
0.0176968
0.0176591
0.0219608
0.0234301
0.0210868
0.0207743
0.0217495
0.0207014
0.0158106
0.0190276
0.0196664
0.0182604
0.0152016
0.0146355
0.0165453
0.0151265
0.0160512
0.0167283
0.0147951
0.015678
0.0161859
0.0145758
0.019742
0.0198336
0.0178657
0.0153037
0.0168934
0.017861
0.0169108
0.0146159
0.0154185
0.0160032
0.0149878
0.0150106
0.0185353
0.0199502
0.0185071
0.0204736
0.0196701
0.0182637
0.0195154
0.0194535
0.0191625
0.0194568
0.0192834
0.0141963
0.0148419
0.0148893
0.0133473
0.0177366
0.0183637
0.0168555
0.0179708
0.0182677
0.0176709
0.0162984
0.0175668
0.0174085
0.016147
0.0169598
0.0166869
0.0150186
0.0176492
0.0162841
0.0109383
0.0138644
0.0122194
0.0101825
0.014887
0.0151705
0.00952033
0.0111423
0.0124223
0.00850334
0.00885535
0.00903984
0.00809705
0.00951772
0.0117876
0.0132218
0.0158938
0.0141583
0.00912523
0.0108792
0.0107062
0.0094153
0.0108538
0.0108311
0.00984971
0.0111723
0.0107113
0.0104016
0.0108929
0.00992572
0.0100809
0.0107255
0.0102746
0.0101246
0.0152499
0.01338
0.0105911
0.0111408
0.0155405
0.0139475
0.015618
0.0121182
0.011621
0.0138692
0.0146571
0.0139083
0.0109043
0.0114371
0.0112246
0.0111423
0.0120038
0.0115688
0.0129202
0.0119954
0.0136954
0.012975
0.0140734
0.0171831
0.0149421
0.0172153
0.0130131
0.0136556
0.0125888
0.0135066
0.0119366
0.0172304
0.0120598
0.0173327
0.0133845
0.0176548
0.0133172
0.0183554
0.0154503
0.0123884
0.0128054
0.0113252
0.0124837
0.0109054
0.0117848
0.0106372
0.0107184
0.0114597
0.0108419
0.00989246
0.01133
0.0102131
0.0106755
0.00911529
0.010215
0.00902779
0.0103521
0.00930783
0.0105039
0.0100502
0.00989593
0.0110527
0.0108381
0.0102942
0.0119505
0.0124016
0.0110132
0.0119164
0.0115134
0.0111012
0.0162943
0.0153973
0.016618
0.0154434
0.0151616
0.0175703
0.0157468
0.0119815
0.0121776
0.0119529
0.0115053
0.0121617
0.0114938
0.0114914
0.0122281
0.01216
0.0116837
0.0161624
0.0133566
0.0145008
0.0172492
0.0160948
0.0125769
0.0133484
0.0123698
0.0125637
0.016885
0.0173807
0.0176344
0.016473
0.0125187
0.0134813
0.0127208
0.0128189
0.0128367
0.0123552
0.0132259
0.013185
0.0119763
0.017038
0.0159548
0.0170879
0.0162533
0.0114883
0.0161263
0.0150847
0.0164572
0.0160516
0.0109091
0.0125079
0.0123552
0.0109761
0.0128706
0.0128507
0.0118254
0.0135397
0.0128207
0.0165879
0.0124196
0.0133396
0.0130954
0.0124025
0.0138227
0.0124974
0.0140381
0.0129683
0.0127697
0.0139533
0.0147648
0.0130798
0.0131249
0.0138603
0.0152837
0.0171902
0.0167032
0.0165705
0.0177058
0.0167657
0.0126448
0.0174089
0.0165451
0.0125538
0.0177417
0.0168787
0.0124324
0.0176269
0.0144282
0.0181689
0.0188684
0.0131526
0.0132617
0.0164704
0.0121016
0.0177394
0.0174232
0.0133275
0.018145
0.0170044
0.013207
0.0176095
0.0146132
0.0157505
0.0183996
0.0189546
0.0173556
0.0179267
0.0175522
0.0146829
0.0152559
0.0150982
0.0162075
0.0186165
0.0174541
0.0131853
0.0172308
0.0136224
0.0133436
0.0144452
0.0142002
0.014035
0.0147483
0.0151662
0.0149162
0.0134122
0.018239
0.0178635
0.0155263
0.0185503
0.0173523
0.0137762
0.017964
0.0165562
0.0127364
0.0177942
0.016562
0.0180251
0.0179547
0.0127919
0.0144631
0.014226
0.0127766
0.0179056
0.0167199
0.0133631
0.014189
0.0149019
0.0175445
0.0202709
0.0193417
0.0183069
0.0193566
0.0202317
0.0154218
0.0152661
0.0160451
0.0153262
0.015403
0.0170474
0.0148326
0.0186566
0.0197359
0.0145331
0.0179573
0.0182452
0.0143955
0.0190509
0.0198576
0.017096
0.0195058
0.0198769
0.0163723
0.0197859
0.0206686
0.0192479
0.0193015
0.0204379
0.0190577
0.0147644
0.019411
0.0203241
0.019025
0.0161023
0.0157766
0.0168962
0.0153519
0.0164693
0.016306
0.0175161
0.0167687
0.0169535
0.0162207
0.0162909
0.0161439
0.0166969
0.0190361
0.0180322
0.0175248
0.0224612
0.0240047
0.0223864
0.0185942
0.0179467
0.018287
0.0220715
0.0229183
0.0222446
0.0174955
0.0212675
0.0222002
0.0204314
0.0160202
0.0204176
0.0193075
0.0171406
0.0120391
0.0163761
0.016699
0.0153515
0.0116151
0.0128398
0.0122243
0.0112345
0.0175153
0.0162048
0.0108191
0.0124676
0.0125632
0.0103771
0.012122
0.0113349
0.0114469
0.0162464
0.0167807
0.0115364
0.0178374
0.018521
0.0146698
0.0126941
0.0127428
0.0142258
0.0143569
0.0131117
0.0144351
0.0145936
0.0130834
0.0210669
0.0184838
0.0169367
0.0175737
0.0177916
0.0170515
0.0125207
0.0210863
0.0167538
0.0149612
0.0162189
0.0165009
0.0175117
0.0147512
0.0167246
0.0170922
0.0118544
0.0130374
0.0132184
0.0119921
0.0174614
0.0177944
0.013472
0.0139449
0.0176568
0.0131027
0.0140535
0.0140764
0.0132769
0.0144544
0.0144273
0.0133216
0.0143177
0.0142054
0.0127319
0.0137197
0.0141666
0.0129439
0.014148
0.0143436
0.012725
0.0138893
0.0139353
0.0132008
0.014443
0.014242
0.0129999
0.0140338
0.0138718
0.0127252
0.0181099
0.0173505
0.0132295
0.0181561
0.0186034
0.0133402
0.0177512
0.0172899
0.0135267
0.0183582
0.0175142
0.014518
0.0186416
0.0178276
0.0137897
0.0192215
0.0180727
0.0131296
0.0183324
0.0187008
0.0132953
0.0181303
0.017398
0.0133375
0.0195265
0.017957
0.0134097
0.0156617
0.0139383
0.0124583
0.0180868
0.0171129
0.0135671
0.0149903
0.0165844
0.0154666
0.014099
0.0142205
0.012574
0.0184086
0.0190182
0.0131263
0.0168501
0.0157135
0.0119626
0.0164241
0.0164122
0.0114513
0.0120534
0.0111664
0.0109492
0.0162041
0.0142871
0.011151
0.0121731
0.0112632
0.0120647
0.0112083
0.0118301
0.0168008
0.0156519
0.0109992
0.0159388
0.0149321
0.0148084
0.0159018
0.0157611
0.0121871
0.0170363
0.0164048
0.0122777
0.0180603
0.0169363
0.0133026
0.0179604
0.0183309
0.0130295
0.0183785
0.0179272
0.0137184
0.0155406
0.0134281
0.0113054
0.0167829
0.0156385
0.0109211
0.0117737
0.010618
0.0106469
0.0113476
0.010689
0.00970868
0.0104004
0.00917851
0.00925524
0.0100271
0.00900374
0.0109515
0.00911407
0.010731
0.00955939
0.0146499
0.0129194
0.0118984
0.0112529
0.0110322
0.0159044
0.0128051
0.0139158
0.0129961
0.0132179
0.0145113
0.0144142
0.0130985
0.0131846
0.0147052
0.0146997
0.0141844
0.0196051
0.0189645
0.0190068
0.0189339
0.014184
0.0192026
0.0183734
0.0148988
0.0150754
0.0182187
0.0142981
0.0187492
0.01815
0.0185715
0.0187671
0.0190127
0.0168234
0.0207559
0.019031
0.0178562
0.0202548
0.0188321
0.0174626
0.0175626
0.0189187
0.0180646
0.0167121
0.0184514
0.0166684
0.0163989
0.0175605
0.0170808
0.0172225
0.0199257
0.0187372
0.0167088
0.0192032
0.0192281
0.018427
0.0164153
0.0153716
0.0152575
0.0137732
0.0203021
0.0201997
0.0179375
0.0200761
0.019896
0.0161582
0.0200037
0.0198973
0.0219349
0.019743
0.0199532
0.0156099
0.0201854
0.0188655
0.0154788
0.0210074
0.0201736
0.0169579
0.0176788
0.0180488
0.0168821
0.0171795
0.0189574
0.0167697
0.0166351
0.0213885
0.0208243
0.0193646
0.0199173
0.0215891
0.019342
0.0197357
0.0208438
0.0192783
0.0190994
0.0200654
0.0191463
0.0155369
0.0191939
0.0202067
0.0185979
0.0187093
0.0198411
0.0191188
0.0185973
0.0198572
0.0186962
0.0184531
0.0195034
0.0180047
0.0190441
0.0195252
0.0165492
0.0189934
0.0193291
0.016019
0.0181596
0.0190336
0.0171271
0.0188662
0.0177695
0.0150108
0.0177126
0.0176737
0.016609
0.0176011
0.0178502
0.0166458
0.0193399
0.0178872
0.0138822
0.0148661
0.0140652
0.0132995
0.0132242
0.0181898
0.0183033
0.0135058
0.0201552
0.0181744
0.0136639
0.0177503
0.0148817
0.013843
0.0150988
0.0151728
0.0134449
0.0189709
0.0196688
0.0146593
0.0184178
0.0150773
0.0132961
0.0149065
0.0152208
0.0139319
0.0159033
0.0152018
0.0136337
0.0151743
0.0159947
0.0144277
0.0141548
0.0189373
0.0191783
0.0145016
0.0197221
0.0199419
0.0178268
0.0197
0.0198606
0.0182435
0.0202703
0.0214169
0.0197263
0.0204998
0.0214498
0.0194068
0.0162185
0.0158801
0.017184
0.0156325
0.014628
0.0188686
0.0158637
0.0165854
0.014203
0.0191947
0.0209079
0.017904
0.0138867
0.0170628
0.0195041
0.0162989
0.0156113
0.0145711
0.0144659
0.0142737
0.0140373
0.0196703
0.0200502
0.0187896
0.0148921
0.0197811
0.021355
0.0196615
0.0162877
0.0168799
0.0181997
0.0165885
0.0171885
0.0211065
0.0228144
0.0210485
0.0175018
0.0171828
0.0195211
0.0176889
0.0205313
0.0177916
0.0188325
0.0175354
0.0184821
0.0225209
0.0234283
0.021368
0.0191069
0.0235471
0.0237477
0.0213529
0.0174795
0.0216841
0.0221164
0.0211372
0.017517
0.0169806
0.0190048
0.0185534
0.0186177
0.0184332
0.0209464
0.0195426
0.018115
0.0172649
0.020408
0.0191201
0.0167533
0.0169558
0.0181675
0.0184084
0.0162216
0.0170043
0.0185599
0.018472
0.0164058
0.0168762
0.0177588
0.0177944
0.0162269
0.0172441
0.0191214
0.0183932
0.0182987
0.0178851
0.019961
0.0193709
0.0176709
0.0177623
0.0209019
0.0271778
0.0196018
0.0208028
0.0232985
0.025233
0.0237358
0.021549
0.0168769
0.0167624
0.0179868
0.0172823
0.0138987
0.0153608
0.0195657
0.0210147
0.0214769
0.0174948
0.0200805
0.0198628
0.0181643
0.0191495
0.0200773
0.0196212
0.0200298
0.018202
0.0193043
0.0204885
0.0206376
0.0210796
0.0166434
0.0147794
0.015952
0.0146659
0.0166812
0.0142326
0.0148668
0.0142322
0.0174602
0.019202
0.0149433
0.0181124
0.0130945
0.0174581
0.0229945
0.0174484
0.0128334
0.0181206
0.0185588
0.0160384
0.0128528
0.0181294
0.0193476
0.0180342
0.014937
0.0177477
0.0135285
0.0133342
0.0117654
0.0132498
0.0133542
0.0140042
0.0121583
0.0193778
0.0186944
0.0230953
0.0172337
0.0190548
0.0150538
0.0108586
0.012149
0.0148528
0.0116371
0.0121559
0.012536
0.0135874
0.0162131
0.0195794
0.0146466
0.0146534
0.0131886
0.0163554
0.0131082
0.0139871
0.0131952
0.0149524
0.0152503
0.0139067
0.0149837
0.0127423
0.0176754
0.0176743
0.0172987
0.0181745
0.0177571
0.01603
0.0167185
0.0138104
0.0123314
0.0142096
0.0152255
0.0143186
0.0143046
0.0147849
0.0134305
0.0148142
0.0142597
0.0130763
0.0138458
0.0137318
0.012969
0.0188782
0.0181101
0.0138295
0.0179387
0.017682
0.0132164
0.0181975
0.0170132
0.0128971
0.0139405
0.0131234
0.0125219
0.0175607
0.0164102
0.0131181
0.0139648
0.0134975
0.0126163
0.0179692
0.0165888
0.012897
0.0178077
0.0171063
0.0136954
0.0182764
0.0174446
0.0148151
0.0176862
0.0176326
0.014921
0.0146704
0.0207566
0.0184919
0.0141053
0.0155364
0.0164535
0.0140223
0.0150055
0.0148295
0.0134303
0.0188539
0.0179373
0.0145547
0.0150867
0.0169561
0.0148183
0.0145244
0.0157912
0.0210037
0.0201971
0.0140747
0.0194819
0.0182515
0.0144086
0.0146306
0.0165769
0.0137589
0.015691
0.0146803
0.013024
0.0141243
0.0150327
0.0149409
0.0145504
0.0146611
0.0133091
0.0150148
0.017593
0.0180224
0.0206888
0.0199384
0.0164005
0.0169527
0.0234115
0.0166488
0.0168829
0.0204293
0.021063
0.0192277
0.0187765
0.0241664
0.0198649
0.0178398
0.0215507
0.0187309
0.0162898
0.0122816
0.0165822
0.0171592
0.012276
0.0150905
0.012203
0.0126115
0.0140862
0.0134568
0.0134006
0.0118696
0.0118121
0.0134693
0.0134494
0.0117368
0.0134385
0.0134392
0.0130065
0.0181961
0.0167119
0.0139637
0.0163892
0.0158456
0.0124156
0.0126859
0.0121476
0.0114023
0.0127706
0.0125561
0.011447
0.0138201
0.0137178
0.0141554
0.0136872
0.0127416
0.014243
0.0168684
0.01261
0.0132948
0.0133299
0.0123496
0.0132268
0.0148607
0.0126021
0.013645
0.0131923
0.0120525
0.0130873
0.012936
0.0150072
0.0168691
0.0169141
0.0139419
0.0168944
0.0160726
0.0158235
0.0160245
0.0156491
0.0155244
0.0162925
0.0154215
0.0150877
0.0159231
0.0174649
0.0156247
0.0134987
0.0172494
0.0162025
0.0163144
0.016838
0.0161779
0.0154366
0.0168049
0.0162886
0.0152099
0.0162662
0.0157112
0.0149165
0.0165
0.0153818
0.0152511
0.0182048
0.0151143
0.0179782
0.0153533
0.0166186
0.0153425
0.0172118
0.0162249
0.0172621
0.0160081
0.0171714
0.0169618
0.0174415
0.0163646
0.0173997
0.016209
0.0177133
0.016678
0.0178456
0.0165397
0.014018
0.0139244
0.0131616
0.0121592
0.0181307
0.0172583
0.0128883
0.0180813
0.0170783
0.0129654
0.0180796
0.017543
0.0131572
0.0186905
0.0177194
0.0136367
0.0189812
0.0185767
0.0166693
0.0125252
0.0138432
0.0127439
0.0151206
0.0171234
0.0157108
0.0121755
0.0169677
0.014992
0.0112758
0.0163447
0.0153013
0.0113558
0.0147914
0.0141076
0.0137812
0.012363
0.0127583
0.0170604
0.0158214
0.0174813
0.0169321
0.0128986
0.017734
0.0164678
0.0130455
0.0174248
0.0150219
0.0117677
0.017402
0.0162524
0.0172631
0.0183228
0.0130405
0.0171351
0.0131706
0.0126888
0.0176698
0.0164405
0.0125177
0.017202
0.0139042
0.0118904
0.0170248
0.0170026
0.0127391
0.013752
0.0130829
0.0162154
0.0135847
0.0136207
0.0138417
0.0151719
0.014476
0.0143456
0.014528
0.0151984
0.01591
0.0147792
0.019669
0.0189895
0.0217676
0.0156823
0.0163976
0.0148624
0.01923
0.0203179
0.0182215
0.0191705
0.0196961
0.0189982
0.0197105
0.0202314
0.0157741
0.0157452
0.0161497
0.0143585
0.0159767
0.0161991
0.0145398
0.0151477
0.0152998
0.0139836
0.019068
0.0199774
0.0153675
0.0152294
0.0170455
0.0168399
0.0219501
0.0224623
0.0208918
0.0215732
0.0224295
0.020189
0.0213657
0.0223155
0.0212898
0.0171674
0.0166229
0.0175581
0.0159392
0.0160746
0.0170954
0.0159129
0.0164473
0.0200677
0.0207301
0.0168285
0.0153703
0.0163522
0.015826
0.0152459
0.0148453
0.0163383
0.0146264
0.0147273
0.0188584
0.0198176
0.01798
0.0143217
0.01843
0.0195489
0.0172336
0.0137849
0.0185497
0.0186
0.0134762
0.0179698
0.0176706
0.0159327
0.0173427
0.017492
0.0135794
0.0164566
0.0170716
0.0123371
0.014831
0.0160369
0.0141394
0.0156782
0.0124225
0.0108275
0.0122273
0.011165
0.00948489
0.0149634
0.0136532
0.00875979
0.0145331
0.0132619
0.0149522
0.0139812
0.0088711
0.0103188
0.0100049
0.00886255
0.0153152
0.0139875
0.00923306
0.0112444
0.0113739
0.00979906
0.0103006
0.0101208
0.0101104
0.0115185
0.0116773
0.0103496
0.0103789
0.0120392
0.0115688
0.0101551
0.0150536
0.0146045
0.0114617
0.0149192
0.0143197
0.0142855
0.0150441
0.010468
0.0136237
0.015546
0.0137407
0.017544
0.0195988
0.0171699
0.0164123
0.039589
0.017877
0.0171265
0.0168281
0.0168386
0.0178005
0.0177532
0.0161629
0.0124063
0.0174103
0.0182912
0.0164966
0.0176997
0.0178939
0.0155445
0.0190098
0.0186511
0.0155702
0.0183748
0.0188752
0.0163873
0.0183277
0.019534
0.0139507
0.0183396
0.017673
0.0155928
0.0150527
0.0147691
0.0125776
0.0141253
0.0143983
0.0129602
0.0148108
0.0133989
0.0137464
0.0186048
0.0176507
0.0132607
0.0199114
0.0177346
0.014024
0.0186143
0.0170705
0.013525
0.018354
0.0179892
0.017653
0.0177374
0.0189768
0.0153653
0.0170136
0.0171609
0.0159793
0.014451
0.0164157
0.012903
0.0185667
0.0167575
0.013564
0.0135762
0.0142718
0.0127375
0.0191618
0.019471
0.0175504
0.018708
0.0170344
0.0176504
0.0168419
0.0169145
0.0160938
0.0170001
0.016289
0.0166698
0.0171757
0.0170043
0.0154442
0.0173023
0.01664
0.0157021
0.0167448
0.017019
0.0156909
0.0178409
0.0155253
0.0127446
0.0127156
0.0123109
0.0138398
0.0129906
0.0185891
0.0156458
0.0142084
0.0192179
0.0171318
0.0182313
0.0171317
0.0188125
0.0177972
0.0175873
0.0166596
0.0126239
0.0174347
0.0158246
0.0173713
0.016627
0.0177569
0.0165244
0.0161437
0.0159762
0.0158844
0.0152658
0.0178317
0.0153218
0.014531
0.0132072
0.0118105
0.0119417
0.0131649
0.0123874
0.0111955
0.0123702
0.0111819
0.0104963
0.0149892
0.0139923
0.0166736
0.0121112
0.0142267
0.0135508
0.0157357
0.010965
0.013216
0.0119929
0.0122475
0.011589
0.0128728
0.0118094
0.013656
0.0125042
0.0144
0.0136735
0.0153641
0.0143298
0.016035
0.0150512
0.0163802
0.015992
0.0168021
0.0161545
0.0165931
0.0167056
0.0164333
0.0169953
0.0165081
0.016173
0.017768
0.0168567
0.01662
0.0180821
0.0169059
0.0160779
0.0177014
0.0159077
0.0156861
0.0176939
0.01611
0.0119235
0.0135173
0.0142943
0.0120518
0.0130599
0.00963638
0.00948154
0.0143882
0.0130821
0.0155444
0.0128586
0.0106737
0.0120224
0.0113606
0.0137191
0.0126273
0.0136162
0.012041
0.0136549
0.0158704
0.0122267
0.0129729
0.0126966
0.0160925
0.0121122
0.0118049
0.0182361
0.0151043
0.0147073
0.0152733
0.0132264
0.015193
0.0133986
0.0135503
0.0145831
0.0173227
0.0140064
0.0148248
0.0150896
0.0143391
0.017095
0.0165516
0.0153029
0.016324
0.0168827
0.0148426
0.015841
0.0164383
0.0149588
0.0156494
0.0166733
0.0141462
0.0153696
0.0156097
0.0143895
0.0131132
0.017448
0.0168669
0.0133558
0.015155
0.0188664
0.0179652
0.0183092
0.017019
0.017385
0.0184739
0.0172764
0.0165465
0.0169098
0.0159253
0.0188486
0.0187558
0.0184521
0.0145355
0.0144597
0.0149805
0.0159654
0.0144508
0.0157075
0.0167863
0.0150776
0.020244
0.0211703
0.0196614
0.0212032
0.0207783
0.0195894
0.0199708
0.0221402
0.0193746
0.0157827
0.019926
0.0206452
0.0170394
0.0154558
0.0200086
0.0208088
0.0192726
0.0174648
0.0198986
0.0157736
0.0157699
0.0210444
0.02033
0.0194072
0.019562
0.0201993
0.0214262
0.0154123
0.0161386
0.0171241
0.015681
0.0155731
0.0195432
0.0206825
0.0191905
0.0191431
0.0202199
0.0217142
0.0197623
0.0170395
0.0209382
0.0215456
0.0200197
0.0171545
0.0208933
0.0213133
0.0212132
0.0167046
0.0194604
0.0182131
0.0173558
0.016562
0.0172381
0.01958
0.0178801
0.0174941
0.022413
0.0231012
0.021613
0.017406
0.0169168
0.0167048
0.0180532
0.0178887
0.016831
0.0179841
0.0192819
0.0202177
0.0169301
0.0172129
0.018156
0.017567
0.0160055
0.0197669
0.0206244
0.0201706
0.0191081
0.0184806
0.0196835
0.0218782
0.0144918
0.0136935
0.0140745
0.0162646
0.0127262
0.017725
0.0176653
0.0171226
0.0124041
0.0175663
0.017153
0.0151139
0.0124869
0.0137199
0.0132181
0.0126886
0.0123715
0.017173
0.0173139
0.0166763
0.0142112
0.0140139
0.0151317
0.0131331
0.0135348
0.0146935
0.012867
0.0130715
0.0182151
0.0182917
0.0168084
0.0136092
0.0161803
0.0176533
0.0170911
0.0148745
0.018353
0.018944
0.0199154
0.0185496
0.0194141
0.0190682
0.0182453
0.0143671
0.0145
0.0168405
0.0143855
0.0144935
0.0194498
0.0206298
0.0182013
0.0147387
0.0156496
0.0199235
0.0144732
0.0139938
0.0189413
0.0178627
0.0172842
0.0142611
0.0184551
0.018571
0.0171582
0.0153507
0.0140379
0.0145955
0.0124916
0.0120343
0.016733
0.0176279
0.0161485
0.0127638
0.0179174
0.0178631
0.0167591
0.0182132
0.0180554
0.0161662
0.0177419
0.0177955
0.0162773
0.0184294
0.0169108
0.0147554
0.0153106
0.014796
0.0127321
0.0187014
0.0190277
0.0171155
0.0140676
0.0144282
0.0139033
0.0141853
0.0181235
0.0171038
0.0133703
0.0176801
0.0171774
0.0137026
0.0189278
0.0193799
0.0134895
0.0133332
0.0141765
0.0128216
0.0144724
0.0143264
0.0130481
0.0141209
0.0132775
0.0126732
0.0181665
0.0178189
0.0126341
0.0131932
0.0165133
0.013476
0.017769
0.0163485
0.0114356
0.016898
0.0165368
0.01188
0.0165825
0.0152309
0.0165716
0.0156309
0.0118597
0.0174492
0.0169122
0.012243
0.0177729
0.0162242
0.018009
0.0282812
0.0177825
0.0171421
0.0156293
0.0149671
0.0129436
0.0175961
0.0140908
0.0136133
0.0157425
0.0186188
0.0129995
0.0143537
0.013634
0.0132286
0.013985
0.0139213
0.0129268
0.0165225
0.0125195
0.0117987
0.0126175
0.0115414
0.0152257
0.016577
0.0172965
0.016185
0.018934
0.017149
0.0140815
0.0155985
0.0171126
0.015347
0.0188656
0.0173061
0.0136978
0.0185402
0.0177267
0.0137021
0.0183828
0.0185913
0.0135982
0.0209272
0.0178533
0.0137044
0.014327
0.0136355
0.0132369
0.0144873
0.0135879
0.0137809
0.0192639
0.0175762
0.0126947
0.0143886
0.0130416
0.0119512
0.0177701
0.0160929
0.0117359
0.012635
0.0113119
0.0116625
0.0167286
0.0149337
0.0118556
0.0116905
0.0174297
0.0169769
0.0144452
0.013707
0.0133075
0.0130329
0.0183632
0.0184895
0.0174698
0.0140634
0.0148513
0.0152639
0.0139836
0.0135125
0.0143883
0.0151315
0.0142342
0.0193085
0.0192092
0.0149895
0.0155716
0.0183924
0.0170903
0.0189516
0.0187757
0.0172506
0.0182427
0.0182283
0.0132663
0.0148608
0.0150359
0.014529
0.019507
0.0197762
0.0150641
0.0147536
0.0153973
0.0144923
0.0152599
0.0153593
0.0140229
0.0195668
0.0206099
0.0177036
0.0153423
0.0159626
0.014938
0.0162476
0.01632
0.0151277
0.0207525
0.0210218
0.0183886
0.019571
0.0224223
0.0181517
0.0145497
0.019966
0.0203693
0.0182822
0.0146191
0.0176366
0.016751
0.0157187
0.0192424
0.0158535
0.0144254
0.014932
0.0170459
0.0156128
0.015541
0.0171163
0.0178028
0.0176673
0.0216264
0.0214287
0.0198006
0.0207442
0.0212105
0.0201
0.017689
0.0174143
0.0192287
0.0182429
0.0169205
0.0208255
0.0219692
0.0217417
0.0165272
0.0212629
0.0213878
0.0214324
0.0167703
0.0212437
0.0226973
0.0189095
0.0180117
0.0216353
0.022561
0.0205081
0.0165825
0.0204645
0.0219404
0.0215983
0.019443
0.021014
0.0219817
0.0225167
0.0173082
0.0205431
0.0236869
0.0201612
0.017192
0.0161244
0.0206483
0.0207308
0.0192927
0.0156313
0.0195395
0.0190666
0.0180913
0.0160858
0.0167432
0.0181967
0.0178568
0.0175514
0.0174862
0.0187021
0.0168825
0.0172346
0.0188284
0.0177121
0.0162624
0.0155855
0.016383
0.0169158
0.0161473
0.0164447
0.0177932
0.0200439
0.0223793
0.0157084
0.0157827
0.0150266
0.014667
0.0148385
0.0136578
0.0130862
0.0198502
0.0193904
0.0168682
0.0145985
0.019093
0.0206997
0.0176205
0.0148628
0.014608
0.0174723
0.0157124
0.0171859
0.0207275
0.021252
0.0192883
0.0153073
0.0213218
0.022439
0.020411
0.0172015
0.0222211
0.022426
0.0213647
0.0191129
0.0193087
0.0200475
0.0179339
0.0184098
0.0172345
0.0151158
0.0134532
0.0136658
0.0191181
0.0194524
0.0174378
0.0142349
0.0132505
0.0196515
0.0196305
0.017779
0.0156923
0.0179076
0.0159379
0.014748
0.0141756
0.0141467
0.0158341
0.0139827
0.0137106
0.0194222
0.0184773
0.0170498
0.0132995
0.0140382
0.0166286
0.0165382
0.0186546
0.018767
0.0139048
0.0172167
0.0148217
0.0148422
0.0146959
0.0151632
0.0142488
0.0129017
0.012984
0.0171583
0.0205337
0.0135337
0.018629
0.0197677
0.0140592
0.02085
0.0197243
0.0181286
0.0188247
0.0197004
0.0174982
0.0206053
0.0186074
0.0172867
0.015195
0.0163968
0.0148044
0.015832
0.0167453
0.0145176
0.0154749
0.0152586
0.0142937
0.0199452
0.0181739
0.0141393
0.0139981
0.0141205
0.0141068
0.0181931
0.0169264
0.0159534
0.0167628
0.0166995
0.0118891
0.0127918
0.01449
0.0117399
0.0128474
0.0122487
0.01309
0.0130401
0.0137571
0.012947
0.0127415
0.0178302
0.017911
0.0177055
0.0185412
0.0129266
0.0178772
0.0177127
0.0129389
0.0174137
0.0168301
0.0124425
0.0132938
0.0169706
0.0160155
0.0185444
0.0174232
0.012489
0.0178877
0.0168297
0.0158682
0.0175504
0.017433
0.0134047
0.0139057
0.0139609
0.01282
0.0184396
0.018115
0.0130569
0.0184317
0.017956
0.0164077
0.0182759
0.019527
0.0177241
0.0180856
0.018014
0.0168152
0.0179937
0.0175844
0.0163752
0.0189556
0.0176407
0.0148885
0.0174166
0.0176233
0.0124083
0.0162882
0.0150555
0.0120435
0.0178139
0.0190973
0.0126983
0.0177323
0.0162916
0.0122512
0.0171681
0.0165148
0.0134557
0.0131381
0.012853
0.0144929
0.0182575
0.0169943
0.0121713
0.0175226
0.0164918
0.0126278
0.0179095
0.0167055
0.0124843
0.0172056
0.0164777
0.0140276
0.0179605
0.017893
0.0132893
0.0178734
0.0177043
0.0132417
0.016647
0.0142182
0.0121271
0.013699
0.0131658
0.0127333
0.0135622
0.0134079
0.0120218
0.0170493
0.0160924
0.0123309
0.0140088
0.0134637
0.0120331
0.0147223
0.0173348
0.0165615
0.0166022
0.017351
0.0175894
0.0165654
0.0159259
0.0173668
0.0160289
0.0160747
0.0173645
0.0161166
0.0164726
0.0183928
0.0183171
0.0125053
0.0176392
0.0166937
0.0128711
0.018581
0.0184907
0.0132887
0.0193194
0.0184087
0.0142993
0.0193332
0.0184702
0.0144905
0.0195614
0.0186389
0.0156619
0.0154898
0.0160466
0.0143384
0.0199438
0.0194136
0.0150487
0.0156049
0.0158669
0.0143709
0.0197965
0.0196586
0.0150859
0.0154482
0.0156435
0.0138915
0.0150047
0.0154728
0.0141083
0.0184865
0.015577
0.0145928
0.0190282
0.0192867
0.0159784
0.0152738
0.0178647
0.0137324
0.0185941
0.0185481
0.0140394
0.0145131
0.0147885
0.013046
0.0184998
0.0179451
0.0169025
0.0180295
0.0190864
0.0171676
0.0175711
0.0182496
0.0165442
0.0171865
0.0180109
0.0139712
0.0137867
0.0139038
0.0122027
0.0133039
0.0133511
0.0123461
0.0138227
0.014831
0.0124961
0.0179819
0.0177695
0.0139984
0.0137289
0.0144931
0.0130577
0.0179218
0.0182522
0.0175483
0.0177657
0.0181647
0.0222985
0.013142
0.0159246
0.0117731
0.0142917
0.0150191
0.012062
0.0137101
0.0138131
0.012765
0.0189623
0.018991
0.0202297
0.0202417
0.0191545
0.0179082
0.018995
0.0198268
0.018383
0.0188092
0.0190551
0.019948
0.0184983
0.0210576
0.0205381
0.019213
0.0197891
0.0174939
0.0195611
0.0148753
0.0175793
0.0193522
0.0203441
0.0186815
0.0150736
0.0182175
0.0197431
0.0151602
0.0147866
0.0190464
0.0193912
0.0188112
0.014777
0.0187233
0.019075
0.0180275
0.0142051
0.0191494
0.0191144
0.0179352
0.014182
0.0189127
0.0192525
0.0183404
0.0148301
0.0189515
0.0201266
0.0182084
0.0148892
0.0214489
0.0207031
0.0192027
0.0157198
0.0201101
0.0211669
0.0200922
0.0203798
0.0208223
0.0216567
0.0206338
0.0189373
0.0206084
0.021425
0.0205784
0.0168713
0.016238
0.0213317
0.0202575
0.0197462
0.021394
0.0209317
0.0194207
0.015592
0.0210115
0.0208156
0.0190507
0.0161334
0.0166492
0.0167871
0.0150216
0.018053
0.0189022
0.0197086
0.0187337
0.018568
0.0183327
0.0191294
0.0174198
0.0176861
0.0180464
0.0184842
0.0177427
0.0171194
0.0134926
0.0140702
0.0143953
0.0137358
0.0142133
0.0146474
0.0141998
0.01338
0.0179777
0.0189206
0.017354
0.0141071
0.0184223
0.017348
0.0158476
0.0160391
0.0179707
0.0170078
0.0161382
0.0142373
0.0127276
0.013545
0.0129361
0.0130477
0.0122673
0.0123981
0.0131639
0.0191073
0.0174297
0.013006
0.0179906
0.0160946
0.0181062
0.0171893
0.0168704
0.0170227
0.0207761
0.0197849
0.0182104
0.0189787
0.0183863
0.0208914
0.0190733
0.0175195
0.0206817
0.0202247
0.0188895
0.0203343
0.0215308
0.0229573
0.0220284
0.020046
0.0165103
0.0218432
0.018861
0.0186844
0.0209095
0.0206871
0.0202003
0.0146402
0.0155789
0.0165496
0.0156679
0.0176893
0.0199954
0.0203755
0.0177804
0.0171568
0.0205313
0.0181121
0.0180055
0.0132324
0.0185937
0.0194453
0.0185836
0.0138337
0.0133701
0.0193726
0.0193256
0.018894
0.0149444
0.0155447
0.0166568
0.0150849
0.0154746
0.0196314
0.0197366
0.0202478
0.0206825
0.0165075
0.015125
0.0218163
0.0222556
0.0217379
0.0215939
0.0235866
0.0212695
0.0192315
0.0219727
0.0241896
0.0207697
0.0175808
0.0221989
0.0214594
0.0217956
0.0186013
0.0226663
0.0242388
0.0204642
0.0175102
0.0173369
0.02061
0.0174747
0.0178525
0.0210141
0.0217023
0.0200138
0.0194911
0.020876
0.0171554
0.0139266
0.021719
0.0195507
0.0185216
0.0192189
0.0199998
0.0183659
0.0203473
0.0200215
0.0186678
0.0184053
0.0182433
0.01555
0.0188833
0.0201966
0.0165665
0.0198896
0.018785
0.0168897
0.0191548
0.0192998
0.0156356
0.019559
0.0202884
0.017419
0.0200999
0.0199883
0.0160388
0.0209242
0.0199365
0.0192615
0.0195875
0.0206472
0.0187702
0.0197938
0.0207805
0.0191687
0.0225838
0.0209909
0.0216334
0.0171811
0.0161977
0.0156201
0.0158041
0.0168457
0.0156707
0.0162533
0.017024
0.0162252
0.0162871
0.0159036
0.0165133
0.0154378
0.0160628
0.0162235
0.0145418
0.0160186
0.0158907
0.0137331
0.0141337
0.0154348
0.0132177
0.0147639
0.0160159
0.0129695
0.0186203
0.0218293
0.0154871
0.0205194
0.0189675
0.0177949
0.0188117
0.0190234
0.0167991
0.0190502
0.0187539
0.0210646
0.019733
0.0186551
0.0170667
0.0199374
0.0186273
0.0176885
0.0195435
0.0196688
0.0176064
0.0197577
0.0198997
0.016659
0.0195742
0.0207544
0.0190639
0.0170272
0.0195906
0.0171981
0.0174438
0.0173203
0.0165317
0.0152894
0.0228281
0.0220897
0.019912
0.0212915
0.0218437
0.0180431
0.0136222
0.0185969
0.0175291
0.0160513
0.011922
0.0168608
0.0149136
0.0141956
0.0117784
0.0114422
0.0106287
0.016172
0.0142483
0.0106278
0.0150433
0.0149525
0.0100747
0.0150366
0.0142454
0.0100416
0.0117421
0.0163668
0.0146427
0.0170478
0.0156322
0.0170621
0.0168131
0.0150684
0.0173281
0.0162175
0.0183059
0.0172564
0.0183681
0.0174103
0.013471
0.0139619
0.0138282
0.0125901
0.0181114
0.0175342
0.0186337
0.0192387
0.013867
0.0188732
0.0185441
0.0138252
0.0192343
0.0209356
0.0144261
0.0139287
0.0181584
0.0158851
0.0153135
0.0215393
0.0202032
0.0178869
0.02002
0.0202672
0.0150208
0.019981
0.0202848
0.0156704
0.0169094
0.0159541
0.0146463
0.0194425
0.0190981
0.0160354
0.0187229
0.0180492
0.0138944
0.0187238
0.0203067
0.0150504
0.0197713
0.0205445
0.018691
0.020279
0.0192498
0.0141043
0.0158614
0.0148716
0.0132398
0.0179644
0.0168174
0.0121579
0.016462
0.0163665
0.011471
0.0167754
0.0158877
0.0115304
0.0165777
0.015603
0.0164917
0.016283
0.0120548
0.0171068
0.0162541
0.0116509
0.0170774
0.01645
0.0124182
0.0173343
0.016606
0.013805
0.0175341
0.0167501
0.0127771
0.0180146
0.0179027
0.0146913
0.012874
0.0175623
0.016737
0.0130101
0.0148878
0.0147574
0.0135808
0.0164657
0.0162773
0.0149799
0.0160263
0.0170442
0.0158604
0.0160693
0.0162002
0.0161022
0.0162471
0.0174585
0.0164398
0.0171536
0.0180571
0.0168545
0.0213642
0.0225399
0.0188758
0.0220932
0.0230139
0.0218519
0.02221
0.0215557
0.0194824
0.0190043
0.0210839
0.022575
0.0183959
0.0187513
0.0204573
0.0186261
0.0167413
0.0180864
0.0165512
0.0133732
0.0121929
0.0123278
0.0173388
0.0180984
0.0200745
0.0170747
0.0164235
0.0157899
0.0113473
0.0169844
0.0167269
0.012742
0.0137319
0.0138521
0.0204584
0.0199863
0.0204727
0.0172469
0.0171862
0.0169905
0.0169313
0.0212614
0.022895
0.0218741
0.0178194
0.0213265
0.0224773
0.0218091
0.0175761
0.0212372
0.0214587
0.0205083
0.0165496
0.0211937
0.0215873
0.0214138
0.0189348
0.0206809
0.0211406
0.0220113
0.016889
0.0161038
0.0176879
0.0171575
0.0167319
0.0170647
0.0171783
0.0164366
0.0159535
0.0179978
0.0173798
0.0172825
0.0156356
0.0163911
0.0170637
0.0197589
0.0154638
0.0186171
0.0169105
0.0160061
0.0153629
0.0149608
0.0163331
0.0167039
0.0150887
0.0150737
0.0164062
0.0182486
0.0163644
0.0156376
0.0164405
0.0184256
0.0182183
0.0162802
0.0165582
0.021379
0.0219008
0.0210109
0.0213283
0.0243128
0.0236123
0.0196395
0.0195231
0.0167963
0.0192419
0.0203784
0.0191001
0.0178833
0.0200547
0.0179146
0.0182688
0.0191864
0.0211647
0.0197287
0.0246337
0.0256948
0.0245017
0.0216308
0.0184563
0.0165283
0.019881
0.0185412
0.0169585
0.0168041
0.0207961
0.0225591
0.0227655
0.0205227
0.0164926
0.0178151
0.0175115
0.0191412
0.0171454
0.0157305
0.0152315
0.0165143
0.0164223
0.0145693
0.0143408
0.0188654
0.0193888
0.0178469
0.016354
0.0145397
0.0192725
0.0197025
0.0195535
0.0185787
0.0145327
0.019304
0.0206937
0.0205418
0.0180535
0.0198359
0.0219162
0.0207854
0.0188816
0.0156471
0.0198676
0.0208153
0.0203278
0.0178448
0.0145251
0.0191377
0.0198909
0.0185044
0.017619
0.0180187
0.0179736
0.0174854
0.0175507
0.0181175
0.0175749
0.0173475
0.0157899
0.0177527
0.0171808
0.0153321
0.0119105
0.017334
0.0184129
0.0155583
0.0170693
0.0180979
0.0164855
0.0183577
0.0184278
0.0178836
0.0180891
0.0174841
0.0172567
0.0136806
0.0192429
0.0180897
0.0134771
0.0187629
0.0184657
0.016905
0.0180881
0.0186351
0.0186849
0.0134783
0.0143566
0.0145256
0.0145415
0.0132986
0.0145263
0.0128701
0.0155723
0.0134823
0.0122888
0.0178316
0.0177015
0.0126742
0.0190645
0.0183118
0.0177517
0.0179022
0.0189421
0.0132295
0.0187551
0.0167506
0.0132272
0.0176432
0.0166504
0.0129858
0.0174555
0.0163927
0.0126716
0.017559
0.0178881
0.0131968
0.0136693
0.0129033
0.0125887
0.0177473
0.0168653
0.0127455
0.0136524
0.0131814
0.0152502
0.017851
0.016813
0.0131998
0.017731
0.0158276
0.0175269
0.0154536
0.0172653
0.0140674
0.0125556
0.0138481
0.0121036
0.0123613
0.0167707
0.0160475
0.0171153
0.0160336
0.0171202
0.0158638
0.0162764
0.0153663
0.0120972
0.0161876
0.0129137
0.0135782
0.0128672
0.0127171
0.017569
0.0163528
0.0128508
0.0174656
0.017322
0.0178054
0.0148087
0.0123279
0.0137537
0.0124621
0.0129648
0.0177725
0.0166987
0.0149933
0.0173329
0.017339
0.0155468
0.0188864
0.0176658
0.0170802
0.0193264
0.0194365
0.0141542
0.0194447
0.0195003
0.0184046
0.018744
0.0190141
0.0164695
0.0185112
0.018414
0.0172028
0.018217
0.0175869
0.0176824
0.0192565
0.0177798
0.0137223
0.0201376
0.0177583
0.0132198
0.0181536
0.0169508
0.013245
0.0160928
0.0184551
0.0127972
0.0195824
0.0208662
0.0191
0.0179121
0.0176098
0.0182298
0.0177126
0.0164702
0.0181966
0.0191361
0.0145593
0.0156315
0.0150156
0.0126095
0.0180043
0.0180583
0.0172383
0.0180289
0.0189894
0.0125113
0.0139137
0.0131054
0.0126543
0.0133651
0.0129883
0.0118237
0.0177077
0.0158201
0.0166945
0.017414
0.0159109
0.0182881
0.0171412
0.0134542
0.0141754
0.0135659
0.0124069
0.0179086
0.0176093
0.0127051
0.0174435
0.0155298
0.0170175
0.0202314
0.0182006
0.0169959
0.0174107
0.0181553
0.0165305
0.0172503
0.0170508
0.0150625
0.0161933
0.017074
0.0161144
0.0168966
0.0166388
0.0152122
0.0171866
0.0145489
0.0147629
0.0121787
0.0171277
0.0165619
0.0148709
0.0148203
0.0152292
0.0129763
0.0114501
0.0166074
0.0156427
0.0148255
0.0156851
0.014453
0.0145827
0.0150044
0.0140443
0.0136075
0.0144743
0.0125131
0.0139167
0.0122762
0.0154471
0.0129426
0.0135912
0.010995
0.0101233
0.00943779
0.00946419
0.0112524
0.01044
0.0109232
0.010412
0.0120842
0.0114502
0.0115602
0.0130272
0.0120877
0.0109674
0.0133251
0.0136354
0.0117947
0.0133572
0.0123039
0.0128763
0.0133632
0.0138858
0.0126029
0.0129851
0.0127508
0.0111039
0.0129713
0.0137458
0.0131691
0.014112
0.0139536
0.0113386
0.0138629
0.0119277
0.0132808
0.0147542
0.014348
0.0139841
0.0152686
0.013652
0.0137753
0.0187813
0.0179795
0.0142792
0.015957
0.0156753
0.0156314
0.0206323
0.0193954
0.0152798
0.016241
0.0159559
0.0146439
0.0150028
0.0148678
0.0134437
0.0146175
0.0151318
0.0137895
0.0140818
0.0134639
0.0121301
0.0169268
0.0169977
0.0127112
0.0177085
0.0171895
0.0127786
0.0189819
0.0181231
0.0131705
0.0135656
0.0138738
0.0123874
0.0134366
0.013524
0.0126402
0.0129888
0.0126895
0.0119163
0.0130046
0.0121203
0.0120245
0.0174792
0.01704
0.0120665
0.0136032
0.016185
0.0127628
0.0177477
0.0172103
0.0162015
0.018282
0.0171608
0.0174319
0.0183052
0.0185734
0.0175203
0.0179611
0.0182047
0.0181316
0.0178656
0.0182631
0.0170095
0.0185145
0.0182023
0.0131461
0.0141425
0.0139605
0.0129248
0.0151007
0.0138034
0.0135948
0.0186914
0.0184986
0.0135522
0.0189753
0.0201106
0.0142315
0.0188554
0.0187241
0.0138569
0.0185728
0.018499
0.0143653
0.0148802
0.0148155
0.0149347
0.0190736
0.0186156
0.0171011
0.0179286
0.0186167
0.0142062
0.0176691
0.0184042
0.0180899
0.0143722
0.0150324
0.0141936
0.0144764
0.0156294
0.0151244
0.0191735
0.018999
0.0149465
0.0184854
0.0185721
0.0184861
0.0202492
0.018862
0.0152854
0.0158905
0.0163066
0.0134264
0.0153356
0.0158825
0.015208
0.0167431
0.0152218
0.0157304
0.0217689
0.0208489
0.0173379
0.0169067
0.0198015
0.0158565
0.0208643
0.0212616
0.0174903
0.0205351
0.0209693
0.0195735
0.0198569
0.0213349
0.0194806
0.0193091
0.0204327
0.0195853
0.0207748
0.020318
0.0167829
0.0168943
0.0179118
0.0187887
0.0198537
0.0209656
0.0203582
0.0191661
0.0199784
0.0205391
0.0186808
0.0157887
0.0150693
0.0146912
0.0143032
0.015462
0.0168579
0.0165192
0.0154247
0.01612
0.0173283
0.015497
0.0165678
0.0170897
0.0152516
0.0159033
0.0164095
0.0144022
0.0189147
0.0188213
0.0176869
0.0192409
0.0205202
0.0188687
0.0199112
0.0202617
0.0183607
0.01834
0.0191165
0.017707
0.0139445
0.0181294
0.0211902
0.0179989
0.0175599
0.0178878
0.0183626
0.0158875
0.0161446
0.0139673
0.012497
0.0131706
0.016026
0.0132322
0.0174765
0.0180225
0.0160287
0.018533
0.0177209
0.0163561
0.017965
0.0187381
0.0164337
0.0173191
0.0171315
0.0154379
0.0167943
0.0163643
0.0172157
0.0159601
0.01719
0.0170834
0.0159214
0.0158741
0.0176483
0.0186504
0.01775
0.0176941
0.0173395
0.0173422
0.0184597
0.0185122
0.0158349
0.0163299
0.0148711
0.01583
0.0157089
0.0147573
0.0146223
0.0150056
0.0161982
0.0176684
0.0142493
0.0150636
0.0155325
0.0137466
0.0150135
0.0147742
0.0164
0.0155758
0.0151384
0.0137785
0.0168134
0.0144322
0.0140854
0.0149931
0.0158406
0.0158942
0.0146444
0.0162492
0.0178432
0.0159186
0.0144325
0.0146995
0.0155874
0.0138194
0.0143766
0.0142302
0.0155964
0.0171391
0.0137806
0.0140662
0.0150433
0.0141765
0.0134994
0.0146352
0.0153795
0.0138307
0.0141654
0.0142429
0.0148974
0.013385
0.0139079
0.0188711
0.02075
0.0176328
0.0144196
0.0151197
0.0152346
0.0152776
0.0191021
0.0208146
0.0161249
0.0156261
0.0203762
0.0226784
0.0210266
0.0204731
0.021845
0.0209386
0.0205815
0.0242178
0.0230159
0.0214967
0.0171883
0.0169875
0.017383
0.0170073
0.0151576
0.015325
0.0171048
0.0182799
0.0144861
0.0159075
0.0174122
0.0184731
0.0159876
0.0161271
0.0179003
0.0176488
0.0267374
0.0170875
0.0170095
0.0172691
0.0149792
0.0167382
0.0165307
0.0151898
0.0151415
0.0158421
0.0170788
0.0144149
0.0149982
0.0144104
0.0143413
0.0173414
0.0170882
0.0159376
0.0161647
0.0209545
0.0224656
0.0209113
0.0219157
0.0213802
0.0227948
0.0233134
0.0176106
0.021079
0.0227868
0.0213195
0.0204636
0.0206524
0.0229244
0.0219983
0.0196424
0.0196072
0.0207151
0.0199326
0.0174969
0.0131903
0.0176836
0.0193079
0.0163057
0.0129704
0.0139924
0.0150709
0.0129194
0.0128859
0.0138321
0.0140507
0.0129169
0.0126928
0.0129835
0.0131812
0.014711
0.0119765
0.0173956
0.0165561
0.0158034
0.0162135
0.0166388
0.0129789
0.0166414
0.0165616
0.0111909
0.0170325
0.0171816
0.0135327
0.013591
0.0135515
0.0144246
0.0178546
0.0175569
0.0162116
0.0180271
0.0182814
0.0174762
0.0138933
0.0138521
0.013266
0.0141067
0.0143596
0.0129026
0.0178441
0.0175826
0.0122759
0.0132873
0.0130774
0.011161
0.0128497
0.0123797
0.0107916
0.0130952
0.0130652
0.0108197
0.0120847
0.0112421
0.00990515
0.0116115
0.0129169
0.0102723
0.011177
0.0100851
0.0111083
0.0125777
0.0131468
0.0113084
0.0169233
0.0155569
0.0114555
0.0168532
0.0167794
0.0126494
0.017652
0.0164018
0.0177901
0.0167651
0.0132597
0.0180079
0.0164799
0.0181191
0.0166518
0.012976
0.0135768
0.0122825
0.012327
0.0186941
0.0164958
0.0181921
0.0170061
0.0180935
0.0167271
0.0183413
0.0168866
0.013536
0.0179943
0.0188801
0.0166256
0.0180686
0.0169292
0.0175631
0.016368
0.0168422
0.0182162
0.0166775
0.0173105
0.0133816
0.0175236
0.0135827
0.0176474
0.0164584
0.0197384
0.0142272
0.0151842
0.0139029
0.0147017
0.0133615
0.0200532
0.0180655
0.0132885
0.0139733
0.0139019
0.0130761
0.0173895
0.0168153
0.0122521
0.0173665
0.0165258
0.0182883
0.0169655
0.01583
0.0169351
0.0164736
0.0157123
0.0180696
0.0159506
0.0178436
0.0169904
0.0123455
0.0178426
0.0160738
0.0135428
0.0172413
0.0162617
0.0153139
0.0157184
0.0137591
0.0120461
0.0167265
0.0121506
0.012051
0.0166576
0.0158299
0.0140446
0.0168666
0.015957
0.0162749
0.0170604
0.0166398
0.0155909
0.0168047
0.0175565
0.0158145
0.0178712
0.0161349
0.0144754
0.0157904
0.0118539
0.0113278
0.0143333
0.012482
0.013901
0.00963384
0.0136221
0.0120319
0.0131502
0.00798433
0.00565591
0.0052838
0.00947907
0.00547106
0.00575011
0.00632814
0.00634148
0.00613073
0.00661577
0.00739403
0.00862622
0.0130868
0.00829425
0.0100705
0.00910793
0.0145216
0.0135125
0.0155773
0.0138358
0.017015
0.015951
0.0179562
0.0126756
0.0180476
0.0168211
0.0183644
0.0171099
0.0158208
0.0179649
0.0160443
0.0187212
0.0167165
0.0160092
0.0185642
0.0162393
0.0172188
0.0151812
0.0190706
0.0161281
0.018505
0.0226363
0.0161144
0.0153451
0.0185189
0.0173569
0.0185341
0.0174824
0.0184711
0.0179752
0.0187315
0.0178236
0.017507
0.0193527
0.0167657
0.0166102
0.0178414
0.0164253
0.0176454
0.0170032
0.0125327
0.0178085
0.0145342
0.0130185
0.0113601
0.0112285
0.0146659
0.0136664
0.0106459
0.01593
0.0140575
0.0110002
0.015978
0.0112632
0.0168224
0.0137122
0.00967503
0.0148423
0.0100572
0.0122378
0.0112981
0.0110209
0.0159457
0.0146181
0.0109125
0.0156981
0.0148844
0.0108036
0.0154154
0.0170799
0.0111449
0.0153156
0.0140769
0.0100561
0.0145039
0.00956559
0.013437
0.0137627
0.0145864
0.0102419
0.0156563
0.0141716
0.0102483
0.0152705
0.0125538
0.0155207
0.015041
0.0142708
0.0142698
0.0141726
0.014537
0.016557
0.0153239
0.0150854
0.0207473
0.0198198
0.0156426
0.0202981
0.0196002
0.0146826
0.015459
0.0147013
0.0134478
0.0186286
0.0177052
0.012949
0.0130721
0.0164526
0.0154375
0.0167181
0.0181131
0.0160647
0.017845
0.0159983
0.0185702
0.018048
0.0132429
0.0180137
0.0189901
0.0130248
0.0153796
0.0154549
0.015479
0.0163377
0.0173763
0.0159529
0.0183948
0.0176427
0.0165187
0.0166238
0.0168746
0.0158056
0.0170261
0.01755
0.0155164
0.0153933
0.0188619
0.0167814
0.0144279
0.0177968
0.0151227
0.0145451
0.0150787
0.0154554
0.0152024
0.0186238
0.0189546
0.0145324
0.0153733
0.0154043
0.0141062
0.01448
0.0150267
0.0137257
0.0166971
0.0165231
0.0121249
0.0161143
0.0158728
0.0145777
0.0164923
0.015472
0.0105916
0.0156802
0.0141881
0.0123087
0.0157881
0.0146168
0.0107488
0.0149081
0.0147606
0.00937542
0.0123987
0.00855251
0.00930649
0.00905772
0.0129653
0.00913172
0.0133158
0.00956404
0.00797824
0.00778064
0.0121055
0.0092312
0.0121914
0.00785654
0.00749023
0.00670472
0.0101388
0.00762019
0.00625809
0.00745639
0.00538573
0.00621541
0.00754399
0.0112821
0.0141447
0.0149168
0.0137559
0.0147929
0.0156343
0.0143291
0.0168706
0.0158576
0.0169181
0.0168403
0.0140867
0.0140165
0.0139773
0.0142333
0.0129831
0.0177986
0.0165513
0.0128597
0.0145417
0.0153811
0.0136064
0.0201005
0.0170497
0.0134024
0.0178429
0.0168073
0.0124794
0.0182399
0.0152933
0.0119055
0.0159198
0.0147672
0.0161402
0.015166
0.0162677
0.0151062
0.0123373
0.0126999
0.0117355
0.0140129
0.0119663
0.0134229
0.0122589
0.0142157
0.0126524
0.0126644
0.0176869
0.0130568
0.0174904
0.0163141
0.0131853
0.0169516
0.0126099
0.014362
0.0134005
0.0131509
0.0195162
0.0168973
0.0132303
0.0182081
0.0166113
0.0127252
0.0181051
0.0157399
0.0125476
0.017211
0.0155355
0.0131927
0.0128235
0.0179903
0.0169045
0.0127446
0.0178305
0.0179657
0.0132601
0.0186564
0.0173702
0.0131916
0.0184926
0.0169105
0.0125284
0.0180421
0.0169842
0.0127105
0.018093
0.0165305
0.0147182
0.0181916
0.0165365
0.0123506
0.0127112
0.0122271
0.0117166
0.0171092
0.0155027
0.0125688
0.0118526
0.0106717
0.0101625
0.0157825
0.0143204
0.0110228
0.0154227
0.0138212
0.0149906
0.0106158
0.0105966
0.0157837
0.011559
0.0161551
0.0150985
0.011328
0.0171816
0.0158768
0.0166085
0.0160996
0.0154284
0.0170495
0.0166644
0.0127588
0.0169818
0.0159384
0.0122472
0.0174234
0.0163182
0.0130429
0.0167534
0.0126749
0.0128481
0.01796
0.0174284
0.0184585
0.0173356
0.0135136
0.0191489
0.0173533
0.0179326
0.0183512
0.0172086
0.0180549
0.0171626
0.01298
0.0168204
0.0127892
0.0124606
0.0165065
0.0157463
0.0136872
0.0170192
0.0144944
0.0143709
0.0142625
0.0140247
0.0150319
0.0141068
0.0092767
0.0145598
0.00928096
0.0140793
0.00992618
0.0101574
0.0133854
0.0155016
0.013977
0.0152386
0.0131774
0.0142573
0.0125855
0.015098
0.0184343
0.0169071
0.0148916
0.0111051
0.0155551
0.0158727
0.012098
0.0166043
0.0157493
0.0183824
0.0163794
0.012582
0.0185546
0.0163939
0.0152843
0.0178003
0.0166209
0.0159457
0.0177095
0.0183291
0.0125934
0.0176672
0.0159597
0.0122475
0.0131023
0.0156053
0.0130338
0.0199783
0.0168495
0.0131752
0.0193358
0.0169194
0.0139973
0.0141249
0.0134437
0.0132895
0.0184522
0.0170743
0.0128804
0.0183765
0.0168863
0.0125202
0.0175643
0.0159089
0.0127627
0.013337
0.0121361
0.0125866
0.0181039
0.0164885
0.0179973
0.0174205
0.0130143
0.0142582
0.0134527
0.0131739
0.0182564
0.0175335
0.0137109
0.0184452
0.017703
0.0142634
0.0185596
0.0172091
0.0135968
0.0168646
0.0133375
0.0128169
0.0169978
0.0170626
0.0131907
0.017316
0.0167177
0.0124666
0.0151918
0.0178522
0.0116284
0.0165214
0.0158048
0.0114304
0.0125859
0.012793
0.0127403
0.0158909
0.0155489
0.0150274
0.0175379
0.0148736
0.0138103
0.0159691
0.0128265
0.0172229
0.0147737
0.0139907
0.0165907
0.0146565
0.0159635
0.0145104
0.0114774
0.0138014
0.0116915
0.0122446
0.0166681
0.0162743
0.0122697
0.0167748
0.0162614
0.0122417
0.0186079
0.0168776
0.0135081
0.0149245
0.0153053
0.0128049
0.0176417
0.013346
0.0176623
0.0144266
0.0176507
0.0166421
0.0127811
0.0167838
0.0136445
0.0115517
0.012443
0.0115209
0.0117679
0.0164051
0.0168836
0.0120908
0.0117841
0.010673
0.0113445
0.0162715
0.0156149
0.0110144
0.0133249
0.0127923
0.0111435
0.0168191
0.0152779
0.0173844
0.015822
0.0156151
0.0167443
0.0146489
0.0114321
0.0112128
0.010246
0.0110763
0.00989693
0.00886132
0.0123944
0.00910366
0.00866613
0.00907948
0.0133078
0.0138669
0.013401
0.0154072
0.01345
0.0150403
0.0138805
0.0157215
0.0143382
0.0105127
0.0111215
0.012063
0.0125252
0.0104768
0.0111079
0.0118412
0.0111101
0.0116331
0.012045
0.0110304
0.0111538
0.0118164
0.0115694
0.0128952
0.0118983
0.0133969
0.0118098
0.0111578
0.0158739
0.0163878
0.0152585
0.0178715
0.0158122
0.0162255
0.0161566
0.0121058
0.0169501
0.0153575
0.0163569
0.0157961
0.0122093
0.0131593
0.0150424
0.0127299
0.0172322
0.0160018
0.0120203
0.0165677
0.0157758
0.017032
0.0160588
0.0128101
0.0173241
0.0161558
0.0122133
0.0172001
0.0160951
0.0123773
0.0169204
0.0157503
0.0128211
0.0192971
0.0172052
0.0120546
0.0173182
0.0160785
0.0110615
0.0166755
0.0150282
0.0113661
0.0168158
0.0150175
0.0112257
0.0154226
0.014733
0.0110279
0.0160671
0.0157103
0.0117223
0.0163247
0.0152748
0.0120892
0.0120633
0.0115077
0.0111963
0.0164439
0.0153564
0.0115633
0.0173685
0.0161539
0.0128349
0.0135965
0.012795
0.0120028
0.017385
0.0167051
0.0128325
0.0141268
0.014183
0.013134
0.013686
0.0133324
0.0114516
0.011653
0.0105341
0.0108944
0.015867
0.0145477
0.0153728
0.0139241
0.0156424
0.016021
0.0152433
0.0143047
0.0160141
0.0146127
0.0154824
0.0134586
0.0151344
0.0139147
0.0146661
0.0107257
0.0152861
0.0150191
0.00952057
0.0146535
0.0142291
0.0104912
0.0117332
0.0104242
0.0106058
0.0161674
0.0150131
0.011228
0.0159688
0.0153608
0.0107892
0.0156524
0.0118301
0.0160762
0.0147028
0.0156438
0.0149751
0.0163175
0.0153637
0.0165011
0.0153027
0.0102824
0.0152142
0.012276
0.0153665
0.0114648
0.0159302
0.0116823
0.0161255
0.0119436
0.0162133
0.0128239
0.0164671
0.0156494
0.0165264
0.0154174
0.0164652
0.0146615
0.0158836
0.0148463
0.0157694
0.0145681
0.0154081
0.0134036
0.0142229
0.011072
0.0105882
0.0127143
0.0143278
0.00913437
0.0103059
0.0126537
0.0143076
0.0107401
0.011262
0.0103069
0.0146401
0.0150099
0.0100717
0.0149284
0.0130332
0.0149614
0.0141161
0.0156829
0.011152
0.0146483
0.0146366
0.0160194
0.0134336
0.0146451
0.0112693
0.0120806
0.0139921
0.015869
0.0127274
0.0114833
0.0115269
0.0113151
0.016154
0.0135882
0.0165993
0.0176613
0.0185107
0.0162068
0.0172944
0.0138954
0.0170302
0.0165871
0.0170794
0.0161855
0.0182869
0.0165761
0.0174632
0.0164122
0.0175562
0.0171176
0.0171168
0.0162901
0.0162928
0.0173213
0.0162502
0.015234
0.0171458
0.0165579
0.0170316
0.0164304
0.0167929
0.017653
0.0163756
0.0176407
0.0159766
0.0126454
0.0142533
0.0128409
0.0138227
0.0135836
0.0144004
0.0134899
0.0139495
0.0134945
0.0124782
0.0172811
0.0177107
0.0128059
0.0175748
0.0168044
0.0185522
0.0169205
0.0126355
0.0175771
0.0165165
0.012702
0.0180552
0.0169205
0.0128857
0.0164567
0.0164729
0.0120194
0.0164011
0.0123556
0.0154298
0.0171039
0.0150948
0.0117056
0.0140967
0.0105442
0.0115105
0.0111885
0.0100772
0.0101252
0.0149247
0.0144332
0.0105499
0.0157677
0.0136533
0.0157078
0.0148155
0.011001
0.0155043
0.0143124
0.0110326
0.0159442
0.0158252
0.0114839
0.0164227
0.015606
0.0123379
0.0178854
0.0167555
0.0119384
0.0185661
0.0164003
0.0132488
0.0180454
0.0167634
0.0129575
0.0179476
0.0169869
0.012766
0.0141817
0.0164107
0.0125634
0.013809
0.0137537
0.0111438
0.016716
0.0152681
0.0110987
0.0153027
0.0144099
0.0106144
0.0149403
0.0134312
0.00958566
0.0148437
0.0137453
0.0101793
0.0149062
0.0132449
0.0100154
0.0144832
0.0137529
0.0150529
0.0230325
0.0147795
0.014376
0.010446
0.0151245
0.0141009
0.0160226
0.0130338
0.0165391
0.0152592
0.0156009
0.0128144
0.0128282
0.017066
0.0146139
0.0171124
0.0160357
0.0177698
0.0162096
0.0175423
0.0164533
0.0178252
0.0173572
0.0125955
0.0133691
0.0124783
0.0136143
0.0124981
0.0203297
0.0330351
0.0236506
0.0250165
0.0250862
0.0263051
0.0243654
0.0255053
0.0249637
0.0229696
0.0246839
0.0217979
0.0224901
0.0236368
0.021109
0.0240291
0.0236718
0.0218136
0.0208606
0.0215315
0.0210131
0.0212696
0.0205427
0.0211959
0.0216941
0.0208551
0.0204811
0.0203686
0.0201252
0.0205324
0.0208757
0.0766088
0.0190751
0.0239545
0.0264327
0.0233237
0.022635
0.0245998
0.0247887
0.0232451
0.0228077
0.0236217
0.0251877
0.0242081
0.0244143
0.0182769
0.0225863
0.024522
0.0218229
0.0181276
0.0233902
0.0244527
0.0240533
0.0225001
0.0187494
0.0180979
0.020415
0.0202785
0.0195383
0.0188387
0.018553
0.0199471
0.0205048
0.0198961
0.0181883
0.0188042
0.0215134
0.0220283
0.0182545
0.0194827
0.0210227
0.0205347
0.0187141
0.0189504
0.0219414
0.023816
0.0234331
0.0176473
0.0172436
0.0201519
0.0220352
0.0212265
0.0193109
0.0162429
0.0235096
0.023744
0.025586
0.021687
0.0221116
0.0222054
0.0238928
0.0242407
0.0244881
0.0236246
0.0253152
0.0261579
0.0254471
0.0294102
0.0255309
0.0255733
0.0276075
0.0272207
0.0271603
0.0251449
0.0247974
0.0197221
0.0197992
0.0193942
0.0203232
0.0211949
0.020064
0.0182514
0.0186691
0.0227924
0.0236607
0.0245414
0.0234674
0.021624
0.0187507
0.0222817
0.023796
0.0235998
0.0229867
0.0213477
0.0177273
0.0223717
0.02327
0.0227172
0.0219215
0.0210686
0.0214804
0.0227072
0.0225663
0.0215372
0.020184
0.016825
0.0172578
0.0188049
0.0174954
0.0171645
0.0160333
0.0161789
0.0210603
0.0218024
0.0216498
0.0241298
0.020234
0.0163161
0.0205926
0.0229507
0.0194009
0.0225065
0.0224423
0.0216767
0.0207384
0.022626
0.0250139
0.0231267
0.0201225
0.0203114
0.0198686
0.0208436
0.0227848
0.0215945
0.0222577
0.0183066
0.0280931
0.0218189
0.0260522
0.0253164
0.0207471
0.0215395
0.019266
0.0209988
0.0191413
0.0210653
0.0206387
0.0207921
0.0255487
0.0243265
0.0211905
0.0226998
0.021126
0.024682
0.0286258
0.0291757
0.0231485
0.034599
0.024098
0.0229226
0.0244067
0.0234716
0.0224839
0.0204117
0.0204975
0.0210622
0.0214559
0.0215279
0.0228892
0.0235995
0.0216862
0.0234327
0.0292967
0.0302368
0.0289073
0.0284572
0.0266631
0.0274885
0.0223204
0.0236344
0.0282091
0.0210251
0.0221517
0.0295072
0.0305865
0.0288375
0.0434473
0.0223629
0.0215473
0.0197526
0.020794
0.0210577
0.0247166
0.027822
0.0288176
0.0277282
0.0265774
0.0289197
0.0265874
0.0280288
0.0222762
0.0236961
0.0198882
0.0188009
0.0204355
0.021091
0.0197588
0.0201798
0.0187983
0.0189509
0.0184492
0.0193017
0.0241328
0.0205786
0.0185147
0.0158665
0.0156729
0.0150332
0.0139353
0.0174868
0.0168246
0.0179707
0.0187464
0.0190328
0.0182257
0.0159941
0.014579
0.0177267
0.0164578
0.020013
0.0212496
0.0155336
0.015191
0.0184065
0.0178605
0.0165929
0.0197744
0.0134605
0.0131626
0.0136908
0.0139491
0.0118542
0.0114565
0.0130343
0.0119432
0.0125185
0.0175689
0.0128837
0.0121457
0.012573
0.0139023
0.0119598
0.011096
0.0121981
0.0124496
0.0123268
0.0150494
0.0248523
0.0158009
0.015084
0.0182362
0.0184805
0.0238551
0.0164549
0.0133737
0.0124492
0.0214083
0.0238423
0.0176525
0.017511
0.019809
0.0184617
0.023233
0.0162459
0.0209754
0.0129739
0.0174145
0.0160997
0.0184854
0.024746
0.0159755
0.0152282
0.0158709
0.0160743
0.0125602
0.029817
0.0159762
0.016817
0.0207065
0.0197757
0.0217486
0.0183949
0.0152972
0.0173695
0.0160072
0.0160422
0.0159415
0.0178081
0.0186361
0.0169052
0.0155758
0.0153992
0.015752
0.0157583
0.0153043
0.0170345
0.0148648
0.104452
0.0143653
0.0161765
0.0154775
0.0155862
0.0146386
0.0137778
0.0139819
0.0145235
0.0135069
0.012455
0.01209
0.0171629
0.0197146
0.0140103
0.0115274
0.0162607
0.016186
0.0152225
0.01131
0.0163551
0.0168394
0.0140167
0.0125342
0.013173
0.011154
0.0120324
0.0120332
0.0111035
0.0129221
0.0128768
0.0119639
0.0115988
0.0173054
0.0177962
0.0150682
0.0126745
0.0127776
0.0131249
0.0146013
0.0131488
0.0122342
0.0143052
0.0146637
0.0132219
0.014368
0.0151451
0.0136658
0.01473
0.0152103
0.0151618
0.014996
0.0184602
0.0136692
0.0197913
0.0185074
0.0133851
0.0187579
0.0181546
0.013112
0.0142698
0.0151079
0.0170545
0.0183236
0.0185841
0.0177736
0.0183493
0.0175209
0.0123365
0.0135731
0.0138521
0.011872
0.0168034
0.0158329
0.0153461
0.0165944
0.0163569
0.0151018
0.0160476
0.0155756
0.0104733
0.0155632
0.0128043
0.0115965
0.0123795
0.0136764
0.0124042
0.0112896
0.0164999
0.0161096
0.012087
0.0175333
0.016679
0.0131659
0.0177679
0.0173059
0.013665
0.0138234
0.0134547
0.0121512
0.019264
0.0176137
0.0173277
0.019295
0.0196978
0.0168597
0.0198615
0.0180929
0.015764
0.0186073
0.0148837
0.014017
0.0141428
0.0144483
0.013557
0.0179719
0.0183859
0.0131049
0.0187751
0.0164066
0.0134121
0.0185763
0.0158575
0.0142028
0.0138599
0.0128745
0.0170452
0.0168925
0.0133731
0.0141101
0.014065
0.0138516
0.0196619
0.0195039
0.015128
0.0205769
0.0205917
0.0153005
0.0151593
0.0155693
0.0116344
0.0165495
0.0159327
0.0121164
0.0169591
0.017663
0.0134641
0.0182499
0.0180818
0.0142196
0.0149916
0.0135207
0.0123409
0.0172172
0.0160717
0.0113576
0.0174618
0.0167794
0.0131868
0.0180073
0.0184231
0.0142214
0.0182581
0.0177758
0.0130333
0.017453
0.0166758
0.0140643
0.0138405
0.0144206
0.0156784
0.019365
0.0186746
0.0132305
0.0129071
0.0124942
0.014971
0.017274
0.0176398
0.0170275
0.0192146
0.0185953
0.0175314
0.0174915
0.0190537
0.0176877
0.0150701
0.0188528
0.0163843
0.0130191
0.0172203
0.0156248
0.0172235
0.0140427
0.0164495
0.0172206
0.0151111
0.0144144
0.0139472
0.0135341
0.0176338
0.0175936
0.0141646
0.0182577
0.0170295
0.0137204
0.0195811
0.018762
0.0145926
0.0173957
0.0188357
0.0138866
0.0133279
0.0136656
0.0131088
0.0178287
0.0183971
0.0133936
0.0186044
0.0202996
0.0148805
0.0183068
0.0196448
0.0146264
0.020274
0.0194482
0.0147285
0.0144359
0.0150791
0.0133975
0.0183491
0.0192752
0.0141212
0.0142116
0.0149609
0.0138821
0.0145652
0.0148592
0.0133251
0.0178477
0.0178785
0.0128407
0.0172302
0.0181371
0.0130506
0.0179973
0.0188305
0.0142464
0.0191177
0.018887
0.0143293
0.0151471
0.0153637
0.0141172
0.0189532
0.0196722
0.0147108
0.0160013
0.0165107
0.0138505
0.0182842
0.0187843
0.0139466
0.0144873
0.0150058
0.0135835
0.014044
0.0154125
0.0137037
0.017412
0.0161751
0.0130771
0.0180636
0.0170233
0.0174348
0.0178382
0.0163948
0.0170852
0.0176211
0.0122525
0.0132467
0.0129502
0.0135094
0.0180029
0.0182132
0.0174769
0.0172351
0.0167423
0.0154676
0.0150147
0.0161078
0.0111276
0.0166456
0.0170796
0.0128836
0.0132733
0.0140941
0.0143036
0.0156616
0.0143267
0.0191191
0.0198795
0.0172836
0.0183478
0.0194273
0.0187701
0.0188
0.0190718
0.0198848
0.0187442
0.0189194
0.0145149
0.0126624
0.0129074
0.012708
0.010737
0.0151024
0.014405
0.0111246
0.0147168
0.0163183
0.0130751
0.0166331
0.0154216
0.013404
0.0187772
0.0194392
0.0145786
0.0140571
0.0135963
0.0181436
0.0199365
0.0149717
0.0148941
0.0149007
0.0140471
0.0167543
0.0154732
0.0125715
0.0133458
0.014332
0.0127751
0.0134063
0.0140948
0.0178969
0.0184434
0.0190871
0.0185799
0.0183782
0.0179582
0.0178037
0.0178567
0.0185044
0.017952
0.0167232
0.0178159
0.0179294
0.0170016
0.0179492
0.0182196
0.0173383
0.0166926
0.0170005
0.0184397
0.0175243
0.0174203
0.0162501
0.0188128
0.0175011
0.0166476
0.0167363
0.0167502
0.0162956
0.0187136
0.0165326
0.0119378
0.0121128
0.0129015
0.0126358
0.0130256
0.0144691
0.0127009
0.0134726
0.0138996
0.0123245
0.0146228
0.013108
0.0141392
0.0184745
0.0169842
0.0176989
0.018144
0.0134809
0.0185837
0.0178979
0.0179379
0.0189428
0.0186242
0.0146132
0.0150286
0.0189902
0.0136166
0.014711
0.0148843
0.0142249
0.0146168
0.0158503
0.0144728
0.0148732
0.0156795
0.0125175
0.0131369
0.0142984
0.0135882
0.0142436
0.0144504
0.0133681
0.0143054
0.0150627
0.0135253
0.0142467
0.0200353
0.0172633
0.0141673
0.0146043
0.0129006
0.0138796
0.0140459
0.013923
0.0184116
0.0179977
0.0143476
0.0189445
0.0147078
0.0155671
0.0161256
0.014605
0.0188635
0.0200116
0.0165243
0.0149055
0.0158328
0.013614
0.0140474
0.0150329
0.0135856
0.0176237
0.0146589
0.0132641
0.013608
0.0138052
0.0129865
0.0172363
0.0179959
0.0126507
0.0138664
0.0143426
0.0162017
0.0125142
0.0143642
0.0150158
0.0167475
0.0175084
0.0179559
0.0180419
0.0178721
0.0201903
0.0173474
0.0176157
0.0187402
0.0181308
0.0193377
0.0188825
0.0134337
0.017766
0.0143166
0.0132719
0.0179323
0.0184847
0.0141609
0.0176802
0.0185512
0.0142095
0.0134733
0.0140055
0.0149492
0.0140294
0.0141439
0.0137567
0.0178145
0.0170289
0.013684
0.0187202
0.0178666
0.0133965
0.0179661
0.0189308
0.0138715
0.0137193
0.0147092
0.0131521
0.0188067
0.0185728
0.013277
0.0144555
0.0176905
0.0162365
0.0137629
0.0176412
0.0184389
0.0139732
0.0158629
0.0228327
0.0231395
0.0173854
0.0182317
0.0160096
0.0186836
0.0188017
0.0159888
0.0179122
0.0182382
0.0174689
0.0174253
0.0171748
0.0174907
0.0169152
0.0178851
0.018297
0.0171701
0.0171833
0.0179775
0.0167634


