0.0104256
0.0170855
0.02015
0.0205001
0.0190568
0.0190852
0.0181721
0.0182323
0.0184631
0.0189311
0.0197691
0.0181481
0.0190391
0.0194462
0.0184528
0.0188124
0.018702
0.0182848
0.0185696
0.0192065
0.0197375
0.0093089
0.0087118
0.0174833
0.016947
0.0171452
0.0170638
0.0182733
0.0184425
0.0182556
0.0181902
0.0173208
0.0180179
0.0176482
0.0185998
0.0210911
0.0228634
0.0227904
0.0222322
0.021321
0.0216781
0.0215081
0.017801
0.00842409
0.00896652
0.0174678
0.0185262
0.0182618
0.0181144
0.0169217
0.0186029
0.0187444
0.0192823
0.0184096
0.018455
0.0187019
0.0177327
0.0216779
0.023149
0.019163
0.0247739
0.0212008
0.0187173
0.0198522
0.0207243
0.013384
0.011496
0.0176862
0.0214771
0.0184951
0.019043
0.0217444
0.0225664
0.0201719
0.0200822
0.019464
0.0186463
0.0208424
0.0186741
0.0197545
0.0224392
0.0208489
0.0184261
0.0185478
0.0183314
0.0180665
0.0212032
0.0126309
0.0126545
0.0224521
0.0199348
0.0209488
0.0190401
0.022382
0.021912
0.0222363
0.0219524
0.0217153
0.020418
0.0187067
0.0199907
0.0185153
0.0183067
0.0189135
0.0195096
0.0186026
0.0185201
0.0186265
0.0183916
0.00870219
0.00901777
0.0207891
0.0201667
0.0190395
0.0200762
0.03664
0.0157061
0.0112888
0.0112205
0.0108329
0.0107736
0.0152063
0.0175562
0.0172707
0.0178083
0.0171169
0.0202252
0.0200892
0.019596
0.0168353
0.0153695
0.0148198
0.0160147
0.0163432
0.0162383
0.0150656
0.0152339
0.0162456
0.0175675
0.0170275
0.01727
0.0182077
0.0177281
0.0182204
0.0223246
0.0211447
0.0225958
0.0185779
0.0216817
0.0219435
0.0199413
0.0191416
0.0194078
0.0177224
0.0185887
0.0186476
0.0200489
0.0195278
0.0194897
0.0198865
0.0153317
0.016565
0.0199867
0.0157053
0.0171086
0.0158374
0.0174267
0.0157287
0.0167993
0.0160026
0.0167091
0.0159347
0.0172884
0.0163726
0.0156282
0.0164666
0.0146002
0.0157148
0.0147017
0.0200086
0.0150873
0.0161751
0.0163619
0.0163036
0.0156163
0.0156415
0.0166812
0.0165062
0.0217147
0.0209914
0.0207863
0.0201972
0.0165071
0.020123
0.0165613
0.016949
0.0167958
0.0178625
0.0168883
0.0169437
0.0211849
0.0222691
0.0183627
0.018089
0.0168984
0.0191952
0.0176892
0.0180327
0.0174944
0.0179456
0.0181193
0.0235537
0.0238766
0.0234246
0.0222401
0.0223008
0.0232644
0.0240529
0.0200953
0.0226406
0.0218921
0.0222708
0.0227013
0.019602
0.0225834
0.0225102
0.0179684
0.0226913
0.0220437
0.024985
0.0231597
0.0222695
0.0222168
0.0226304
0.0178481
0.0187219
0.0204144
0.0169088
0.0237954
0.0250986
0.0185647
0.0209876
0.0251889
0.0215063
0.0185636
0.0177483
0.0183408
0.0181716
0.0185861
0.020654
0.0217735
0.0215169
0.0212341
0.0242434
0.0228437
0.0211495
0.0239777
0.0272841
0.0228373
0.0204785
0.0214328
0.0302522
0.0269416
0.025538
0.0271979
0.0240596
0.0248763
0.0250002
0.0216581
0.0216528
0.021532
0.0184328
0.0166386
0.0161652
0.0148896
0.0197599
0.0183915
0.0251061
0.018448
0.0195448
0.0195862
0.0221052
0.0200025
0.0229602
0.0204676
0.02073
0.0174878
0.0181297
0.0187662
0.0180988
0.0207258
0.0230734
0.0201808
0.0175134
0.0170624
0.0154659
0.0171952
0.0152027
0.0168949
0.0157541
0.0166238
0.0155183
0.0168196
0.0157088
0.0176231
0.0178897
0.0167317
0.0182721
0.018868
0.0175318
0.0219523
0.022461
0.018826
0.0186443
0.0206391
0.0199882
0.0222584
0.0213837
0.0161839
0.0197297
0.0203015
0.0141713
0.0152592
0.0143252
0.013849
0.0142878
0.0143539
0.0134462
0.0163207
0.0162792
0.022115
0.0210316
0.019495
0.016954
0.0171829
0.0172986
0.0160401
0.0183076
0.0186418
0.0223516
0.0159427
0.0219702
0.0182251
0.0227882
0.0222207
0.018223
0.0218535
0.0200851
0.0158664
0.0167859
0.016908
0.0151916
0.0173936
0.0175877
0.0159188
0.0195788
0.0235098
0.0229072
0.0206732
0.0201266
0.018435
0.0203813
0.0210218
0.0178323
0.0189381
0.018871
0.0190473
0.0182992
0.0182255
0.0194774
0.0180942
0.0175347
0.0217161
0.0200795
0.0166034
0.0180295
0.0164226
0.0178651
0.0190301
0.0178331
0.0183587
0.0191807
0.0176001
0.0181238
0.0191071
0.0173671
0.0177922
0.0186717
0.0170295
0.0179535
0.0185765
0.017362
0.0181869
0.01881
0.0174045
0.0182436
0.0189079
0.0179293
0.0193892
0.0193821
0.0179118
0.0188251
0.0196834
0.018063
0.0191096
0.0200733
0.0186611
0.0196691
0.0203038
0.0189445
0.0191106
0.0202779
0.0189136
0.0230066
0.0236217
0.0209727
0.0214179
0.0214911
0.0212593
0.0214241
0.0205912
0.0212062
0.0200122
0.0184227
0.0168844
0.0178288
0.0163274
0.0177917
0.0177551
0.0195606
0.0207405
0.0204659
0.017391
0.0185863
0.0190535
0.0131991
0.014718
0.015823
0.0154218
0.0160235
0.0149547
0.0146866
0.0154195
0.0148859
0.015271
0.0178293
0.0187892
0.0175225
0.0148436
0.0168179
0.0169471
0.015341
0.0199224
0.0201585
0.01484
0.0196673
0.0207637
0.0188748
0.0198624
0.0202475
0.0228858
0.0200424
0.0207558
0.0192845
0.020897
0.0210126
0.0213596
0.0204051
0.019324
0.0155979
0.0166065
0.0181616
0.0164369
0.0172786
0.0187783
0.0182656
0.0168548
0.0205122
0.0209451
0.0187146
0.0187868
0.0204746
0.0167633
0.0181367
0.0191671
0.0150452
0.0189921
0.0197
0.0184049
0.0189329
0.0196849
0.0167539
0.01998
0.0194667
0.015065
0.0188224
0.0187024
0.0141384
0.0141753
0.014716
0.0148971
0.0141186
0.0195288
0.0195453
0.0140402
0.0157186
0.0154005
0.0146702
0.0158448
0.0159096
0.014595
0.0142078
0.0149603
0.0150838
0.0132314
0.0149719
0.0149149
0.0133727
0.0141231
0.0142339
0.0128623
0.0182664
0.0180769
0.0160463
0.0178515
0.0179244
0.0126528
0.0176892
0.0175769
0.011822
0.0136031
0.013305
0.0122213
0.0125621
0.0124223
0.0114609
0.0168894
0.0162212
0.0104521
0.0117707
0.0105087
0.00840604
0.0136576
0.0127098
0.00853757
0.0128931
0.0120395
0.008908
0.0132569
0.00852525
0.0089842
0.0142975
0.0123481
0.00953868
0.00900896
0.0147108
0.0141774
0.00923736
0.0161185
0.0134396
0.0101208
0.0147357
0.0139094
0.00969493
0.014928
0.0135652
0.0149755
0.0132626
0.0127216
0.0117562
0.0156999
0.0119932
0.0159438
0.0132301
0.0109459
0.0121377
0.0109366
0.0156961
0.0123221
0.0147945
0.0107603
0.0159184
0.0104913
0.0114304
0.0108292
0.0119745
0.0111967
0.0165002
0.014285
0.0171323
0.0130025
0.0130465
0.0150921
0.0169651
0.0158923
0.0173664
0.0155976
0.0174775
0.0164204
0.0174123
0.0170843
0.0120608
0.0129169
0.0120113
0.0135659
0.0126466
0.0174627
0.0167053
0.0121948
0.0183756
0.0152221
0.0162504
0.0143987
0.0157204
0.0108652
0.0101836
0.0161719
0.0145044
0.0102236
0.0154628
0.0116667
0.0163113
0.0131742
0.0142064
0.0119332
0.0101415
0.00911531
0.0141925
0.0100012
0.0137573
0.00979837
0.0132877
0.0101155
0.0121281
0.0111606
0.0124124
0.0115204
0.0112867
0.0163448
0.0128965
0.0140657
0.0125618
0.0115783
0.012204
0.0112645
0.0126434
0.0117519
0.0117948
0.0164334
0.0152614
0.0164049
0.0156741
0.0117524
0.0163935
0.0154852
0.0115636
0.0137701
0.0121049
0.0118978
0.0170544
0.0158304
0.0170819
0.0163331
0.0122673
0.0173369
0.0164165
0.012091
0.0169579
0.0164716
0.0126504
0.0170898
0.017322
0.0127969
0.0176534
0.0160841
0.0123075
0.0168769
0.019704
0.0157709
0.0168487
0.0159822
0.0159997
0.0177865
0.0152417
0.0115286
0.0118406
0.0112044
0.0129253
0.0119149
0.0166567
0.0137658
0.0153329
0.0164315
0.0175635
0.0172214
0.0167865
0.0176988
0.0183873
0.0165857
0.0184308
0.0163962
0.0164396
0.0175807
0.0161755
0.0175807
0.0164413
0.0127539
0.0178786
0.0167844
0.0172672
0.0142438
0.012634
0.01776
0.0171319
0.0127516
0.0179181
0.0172864
0.0124671
0.0144804
0.0134987
0.0127891
0.0173585
0.0167694
0.012945
0.0172547
0.0163257
0.0132537
0.0177219
0.0173538
0.0126034
0.0171204
0.016462
0.0190017
0.0173665
0.0125627
0.0180883
0.0171128
0.018282
0.0197023
0.0134432
0.0140608
0.0141156
0.0163371
0.0148352
0.01339
0.0133618
0.0181643
0.0142077
0.0177216
0.0168379
0.0130712
0.0174862
0.0179037
0.0125945
0.0182433
0.0174126
0.0135028
0.0151686
0.0194986
0.0139365
0.0136998
0.0140493
0.0179862
0.0149695
0.0126562
0.0185363
0.0180794
0.0131568
0.0180584
0.0170297
0.0127825
0.0182447
0.0169376
0.0123658
0.01356
0.0154462
0.0130571
0.0140335
0.0141523
0.0127601
0.0177771
0.0167296
0.0125406
0.0184663
0.0175056
0.0139899
0.0189391
0.0188932
0.0141918
0.0160408
0.0185881
0.0146336
0.0155969
0.0160237
0.0144959
0.0152322
0.0186082
0.0147327
0.0152066
0.0157367
0.0145872
0.0151161
0.0158356
0.0143427
0.0153257
0.0155277
0.0146892
0.0190277
0.0198661
0.0181991
0.0193011
0.0201526
0.0205369
0.0152092
0.0155165
0.0163654
0.0149609
0.0144836
0.0191652
0.0203199
0.0188171
0.0175568
0.0201981
0.0208408
0.0191964
0.0154927
0.0163909
0.0176833
0.0161223
0.0168606
0.0177084
0.0166625
0.0164561
0.0171418
0.0166921
0.0167606
0.0174613
0.0190392
0.0176598
0.017946
0.017275
0.0177169
0.0189152
0.0196344
0.0202254
0.0175888
0.018719
0.0177448
0.0168303
0.0203286
0.0208816
0.0189144
0.014412
0.0181248
0.0169907
0.0148033
0.0112742
0.016494
0.0150777
0.0113561
0.0110597
0.0167703
0.017858
0.011176
0.0172475
0.0158722
0.0139674
0.0161079
0.0159383
0.0118463
0.0153924
0.012183
0.0113445
0.0128638
0.0130873
0.0122727
0.012252
0.0118729
0.0119399
0.012046
0.0177469
0.0179235
0.013848
0.0180512
0.0179875
0.0166879
0.015739
0.0135371
0.0124318
0.0155021
0.0171626
0.0174962
0.013482
0.0125812
0.0130336
0.011335
0.0170503
0.0167305
0.0117719
0.012911
0.0129239
0.011737
0.0127979
0.0129577
0.0118397
0.0133179
0.0139899
0.0129372
0.0182587
0.0183914
0.0139106
0.0149502
0.0147377
0.0145753
0.0138198
0.0178931
0.0181569
0.0134193
0.0182611
0.0180584
0.0134124
0.0147443
0.0143283
0.0130165
0.0141771
0.0142084
0.0129172
0.014011
0.014696
0.0133232
0.017741
0.0178134
0.0163558
0.0178371
0.0172428
0.0158515
0.0197992
0.0166443
0.0132385
0.0186584
0.0172667
0.0134421
0.0181751
0.0177124
0.0139683
0.013452
0.0180529
0.0184361
0.0143183
0.0146408
0.0149378
0.0136575
0.0186011
0.0174532
0.0184892
0.017799
0.013732
0.0187442
0.0143425
0.0188159
0.0184835
0.0129497
0.01799
0.01518
0.0151397
0.0169772
0.0138645
0.0189038
0.0167656
0.0130786
0.0181624
0.0180563
0.0132104
0.0180813
0.018168
0.0128139
0.0171544
0.0157894
0.011628
0.0166567
0.0161745
0.011347
0.0159634
0.0149709
0.0163151
0.0150798
0.0114822
0.01669
0.0152876
0.0164455
0.014829
0.0162459
0.014807
0.0168197
0.0166278
0.0165856
0.0160068
0.0104681
0.0163564
0.0153269
0.0142791
0.0174256
0.0169274
0.012363
0.0169889
0.0180226
0.0126387
0.0178218
0.0184052
0.0130307
0.0180799
0.0176966
0.0133942
0.0185558
0.0184281
0.0166094
0.0122744
0.0166599
0.0167167
0.0133574
0.0127926
0.0122801
0.0109018
0.0158389
0.0149863
0.0103831
0.0155613
0.0126597
0.0100016
0.0146739
0.0134189
0.0148746
0.0106567
0.0145369
0.0137695
0.010319
0.011095
0.0102197
0.0107656
0.0153456
0.0147524
0.0104474
0.0171889
0.016099
0.0121244
0.0124535
0.0135316
0.0124003
0.0128168
0.0183188
0.0174371
0.0138159
0.0151304
0.0140615
0.0148991
0.0146495
0.0143533
0.0197995
0.0190308
0.0148457
0.0195994
0.0185979
0.0144216
0.0190778
0.0184162
0.0144479
0.0196344
0.0183358
0.0141779
0.0192415
0.0186274
0.013954
0.0192346
0.0188945
0.0141371
0.0183392
0.0188309
0.0140986
0.015051
0.0150721
0.0131073
0.0175189
0.0161108
0.0126427
0.01773
0.0164643
0.0128345
0.0181266
0.0177807
0.0177414
0.0202991
0.0187142
0.017935
0.0194957
0.0197478
0.0218093
0.0190574
0.0198876
0.0134276
0.0186416
0.0175402
0.0134105
0.0186844
0.0173397
0.0136846
0.0179207
0.0176182
0.0148798
0.0184177
0.0191407
0.0148726
0.0205953
0.0198933
0.0187735
0.0205615
0.021938
0.019706
0.0203787
0.0226037
0.0206963
0.0206448
0.0203784
0.0195676
0.0206538
0.0212352
0.0212665
0.0201236
0.0206217
0.019001
0.0198169
0.0212004
0.019504
0.0200781
0.0205542
0.0190473
0.0152531
0.0194406
0.0199186
0.0150468
0.0189015
0.019898
0.0162176
0.01894
0.019427
0.0150342
0.0190398
0.0196429
0.0179725
0.0187236
0.0193405
0.018208
0.0181609
0.0190511
0.0171578
0.0130341
0.0174305
0.0173471
0.0121207
0.0140774
0.0137785
0.0146432
0.0140142
0.0139574
0.0122544
0.0182288
0.0201406
0.0130648
0.0144255
0.0147143
0.0134764
0.014537
0.0147153
0.0132653
0.0185666
0.018257
0.016543
0.0189302
0.0200588
0.0177304
0.01888
0.0191953
0.0146702
0.0151404
0.0155086
0.0142951
0.0152189
0.0155933
0.0139083
0.0162867
0.0149144
0.0136669
0.0192677
0.0190136
0.0178414
0.0198102
0.0197482
0.0179934
0.0187793
0.0200099
0.0184197
0.0188567
0.019866
0.0180782
0.0185295
0.0196008
0.0199555
0.0182976
0.0187134
0.0187593
0.0208855
0.0188265
0.0191835
0.020395
0.0209842
0.019062
0.0202148
0.0200677
0.0200029
0.0191595
0.020394
0.0187593
0.0199993
0.0198414
0.0183008
0.0215112
0.0198086
0.0179903
0.0187062
0.0187362
0.0197977
0.0196772
0.0190777
0.0192959
0.019762
0.0211598
0.0195229
0.0199789
0.0179976
0.0207499
0.0198011
0.0205413
0.0183688
0.0168155
0.0167992
0.0173038
0.0185916
0.0196926
0.0191607
0.0176931
0.0195296
0.0173027
0.0179171
0.0179397
0.0209598
0.0185808
0.01783
0.0175931
0.0195419
0.0181599
0.0177171
0.0218603
0.0235166
0.0218638
0.0179284
0.0233587
0.0225542
0.0210018
0.0173253
0.0219616
0.0226303
0.0208458
0.0176745
0.0184086
0.0199011
0.0192323
0.0189053
0.0226368
0.0242265
0.023282
0.01877
0.017908
0.0196439
0.0189474
0.016628
0.0172565
0.0183541
0.0175155
0.0162503
0.0165155
0.0180195
0.0180486
0.0161251
0.016295
0.0177901
0.0181036
0.0172916
0.0171349
0.0224291
0.0226335
0.0220266
0.0217028
0.0171981
0.0181708
0.0198928
0.0197622
0.0178824
0.0173833
0.019389
0.019172
0.0166914
0.0165245
0.020248
0.0215512
0.0217456
0.0184798
0.0195231
0.0206562
0.0177847
0.0141637
0.0184996
0.020311
0.0179194
0.0139156
0.0184836
0.0192774
0.0176394
0.0137783
0.0173105
0.0192194
0.0175796
0.0136107
0.0170254
0.0178526
0.0154498
0.0140968
0.0180963
0.0183584
0.0172182
0.0166859
0.0183683
0.018233
0.0167427
0.0128793
0.0140567
0.0144698
0.0123774
0.0134896
0.0140471
0.0128708
0.0182865
0.0185451
0.0175538
0.018735
0.0179993
0.0169229
0.0183036
0.018298
0.0168748
0.0167271
0.0187831
0.0175815
0.0145099
0.0175639
0.016974
0.0133525
0.0163066
0.0167312
0.0132962
0.0133871
0.0126583
0.0106742
0.016585
0.0148991
0.0109086
0.0155595
0.0143279
0.0104035
0.0168385
0.0149442
0.0112089
0.0166661
0.0158071
0.012021
0.0168224
0.0156028
0.0123893
0.013764
0.0193642
0.0127592
0.0132398
0.0136384
0.0128457
0.0136061
0.0133968
0.0127481
0.0139595
0.0131081
0.0131051
0.0180906
0.0167901
0.0129967
0.0184136
0.0167724
0.0128013
0.0164771
0.0136905
0.0164085
0.0191616
0.0180639
0.0142331
0.0140543
0.0140805
0.013044
0.0142506
0.0147119
0.0130762
0.0145471
0.0136242
0.0127886
0.0189695
0.0178869
0.0132475
0.0173536
0.0164518
0.0130512
0.0142054
0.0124705
0.0125228
0.0178167
0.0163769
0.0126815
0.0176956
0.0165767
0.0137246
0.018969
0.0167399
0.0191184
0.0178082
0.0135952
0.0125971
0.0146741
0.0151088
0.0136985
0.0184984
0.017406
0.0142255
0.019108
0.0180379
0.0148573
0.0148442
0.0173564
0.0167679
0.0185872
0.0178061
0.0143763
0.0157087
0.0162925
0.0145231
0.0192433
0.0178823
0.0145865
0.014209
0.0143475
0.0144007
0.0190584
0.0196054
0.0186027
0.0212226
0.0178498
0.014691
0.0180654
0.0200317
0.0132649
0.0186868
0.0176354
0.013699
0.01436
0.014618
0.0135065
0.014898
0.0140931
0.014269
0.0147082
0.0148786
0.0140671
0.0192241
0.018775
0.0172538
0.0186044
0.0167597
0.0141522
0.0191534
0.0186773
0.0143746
0.0187477
0.0183802
0.0137911
0.01632
0.0135374
0.0118719
0.0117474
0.0129683
0.0116729
0.0164488
0.0156598
0.0114624
0.0142828
0.0124493
0.0114408
0.0136274
0.0133294
0.0156701
0.0158869
0.0178152
0.0169282
0.0154165
0.0174685
0.0173093
0.0121879
0.0133099
0.0132024
0.0124002
0.0134999
0.0133413
0.0121325
0.0129259
0.0126474
0.0116242
0.0127443
0.0133868
0.0118096
0.0168983
0.0168246
0.011925
0.0170877
0.0168894
0.0178579
0.0173921
0.0127185
0.0188665
0.0165871
0.0179702
0.0177801
0.0127741
0.0175219
0.0173162
0.0122548
0.0134786
0.0130534
0.0125173
0.0172018
0.0161111
0.0175049
0.0177648
0.0123118
0.0176392
0.018403
0.0119263
0.0125609
0.0120013
0.0115112
0.016175
0.0151829
0.0162423
0.0162155
0.0227669
0.017687
0.0172539
0.0160147
0.0175246
0.0162324
0.0160737
0.0168296
0.0160603
0.0111763
0.0162874
0.0128541
0.0165443
0.0142365
0.0169185
0.0158612
0.0177264
0.0155488
0.0167022
0.015808
0.0166753
0.0153531
0.0167331
0.0150456
0.0172045
0.0156106
0.0118438
0.0163368
0.0158505
0.0132107
0.0170066
0.0153291
0.017115
0.0167189
0.0127774
0.0175538
0.0168404
0.0124243
0.0170339
0.0157043
0.0174028
0.0167016
0.012849
0.0174393
0.0151785
0.0123585
0.0181658
0.0169821
0.0129915
0.0180696
0.0174971
0.0133844
0.0182093
0.0184738
0.0134265
0.0179095
0.0174844
0.0129283
0.0134011
0.0147452
0.0120352
0.0160955
0.0179937
0.0142344
0.0167022
0.0153672
0.0146131
0.0169776
0.01575
0.0170021
0.0160596
0.0121706
0.0172976
0.0159025
0.0175828
0.016255
0.0183062
0.0172775
0.0132014
0.0172669
0.0137141
0.0166237
0.0170928
0.0162528
0.0159854
0.0150419
0.0123151
0.0153437
0.0148952
0.0157397
0.0126468
0.0128247
0.0124298
0.0176682
0.0163334
0.0125461
0.0170578
0.0166371
0.0122146
0.0133383
0.0130765
0.0118594
0.0141874
0.0132413
0.0130438
0.0131828
0.0135479
0.0137372
0.0140162
0.0147127
0.0141887
0.0145774
0.0152951
0.0158509
0.0145343
0.0190002
0.0200072
0.0147526
0.0159696
0.0187516
0.0148445
0.0158283
0.0165395
0.0141581
0.0191391
0.0194658
0.0156627
0.019438
0.0205891
0.0192078
0.0193051
0.0204677
0.0182861
0.0191841
0.0203283
0.0183616
0.0200364
0.0188737
0.0174321
0.0156821
0.0194487
0.0156481
0.0152721
0.0163097
0.0210534
0.020678
0.0214423
0.0210728
0.020582
0.0213957
0.0225501
0.0206672
0.0215083
0.0220002
0.020521
0.0207308
0.0212008
0.0195681
0.0199973
0.0206999
0.0183951
0.0187236
0.0175272
0.0151283
0.0156523
0.017014
0.0149602
0.0154663
0.0191326
0.0195093
0.0186933
0.0145223
0.018638
0.0198201
0.0183943
0.0187717
0.0197045
0.0181389
0.0189808
0.0192378
0.0156786
0.015773
0.015464
0.0132966
0.014461
0.0139603
0.0121596
0.0136292
0.0135337
0.0118728
0.0134568
0.0127939
0.0114636
0.0129606
0.0129319
0.0116552
0.0124349
0.0125295
0.0107916
0.0119102
0.0115578
0.0093101
0.0140747
0.0142071
0.0124637
0.0139808
0.0094604
0.0146422
0.0139319
0.0128041
0.0148663
0.0138202
0.0126028
0.0148923
0.0140978
0.0121734
0.0101124
0.015365
0.0162095
0.0107616
0.0137404
0.0104432
0.0143631
0.0114679
0.0106121
0.0106773
0.0159015
0.0158769
0.0101013
0.0149535
0.0171154
0.0143097
0.014469
0.0144745
0.0148582
0.0179586
0.0161109
0.0158217
0.0142697
0.0182274
0.0180818
0.0167354
0.0130868
0.0174319
0.0182032
0.0159223
0.0127359
0.0177875
0.0165396
0.0130728
0.0135281
0.0177112
0.0181974
0.0164141
0.0180244
0.0185186
0.0159793
0.0177302
0.0183505
0.016802
0.0179444
0.0188736
0.0147471
0.0180155
0.0185191
0.0162804
0.0207227
0.0182244
0.0141072
0.015434
0.0139646
0.013669
0.0188981
0.0190584
0.0159647
0.0178932
0.0190571
0.0132546
0.0181754
0.017757
0.0132901
0.0150954
0.0139965
0.0135351
0.0185821
0.0171424
0.0137451
0.014593
0.0163044
0.0132157
0.0174646
0.0180222
0.0130664
0.0136184
0.0184671
0.0161242
0.0185587
0.0173486
0.0160893
0.017942
0.017224
0.0187226
0.0176959
0.0171584
0.0162522
0.0188441
0.0183467
0.0167961
0.0182907
0.0176175
0.013622
0.0138241
0.0133388
0.012764
0.0133892
0.017273
0.0157182
0.0178137
0.0175502
0.015873
0.0189661
0.0159383
0.0172007
0.0186906
0.0162682
0.0171713
0.0173426
0.0160042
0.0119316
0.013648
0.0128033
0.0133049
0.0193524
0.017108
0.018442
0.0180683
0.0182841
0.0170307
0.0182655
0.0171821
0.0185431
0.0176481
0.0134507
0.0184287
0.015833
0.0168842
0.0159591
0.0174138
0.0161969
0.0123261
0.0159744
0.012409
0.0130303
0.0118513
0.0115507
0.0162398
0.0141817
0.0166023
0.0123738
0.0168112
0.0181381
0.0124333
0.0171813
0.0159581
0.017108
0.0154799
0.0120376
0.0157899
0.0142992
0.0100969
0.0148511
0.0119792
0.0143404
0.0128282
0.0140246
0.0128961
0.0140287
0.0139192
0.0129167
0.00929883
0.00863766
0.00820353
0.01339
0.0085789
0.0134686
0.0122689
0.0148617
0.0138195
0.0153887
0.0111412
0.0150118
0.0155938
0.0163261
0.0156274
0.0164438
0.0165689
0.0158999
0.0190584
0.0166357
0.0179121
0.0166241
0.0184577
0.0169538
0.0182836
0.0173525
0.0184498
0.0165224
0.0181258
0.0161653
0.0176007
0.0161767
0.0175175
0.0152617
0.0179743
0.0161131
0.012227
0.0136737
0.0104081
0.0105716
0.0148441
0.0142793
0.0170594
0.0145125
0.0158
0.0158094
0.0160261
0.0174869
0.012571
0.0129105
0.0178304
0.016139
0.012018
0.0127456
0.011463
0.0113721
0.0162
0.0148698
0.011911
0.0167208
0.0157315
0.013165
0.0175675
0.014325
0.0129691
0.0148057
0.0147794
0.0129154
0.0129123
0.0127597
0.0146963
0.0140873
0.0132143
0.0154747
0.016393
0.0146348
0.0155627
0.0156261
0.0142569
0.0168773
0.0156349
0.0146064
0.015517
0.0160456
0.0142576
0.0159443
0.0153268
0.0142302
0.0131017
0.0143675
0.0147889
0.0132979
0.0154581
0.0153089
0.0142324
0.0144657
0.012922
0.0177891
0.0183709
0.0127911
0.0128083
0.0133515
0.0127616
0.0134477
0.0149519
0.0143397
0.0220296
0.020274
0.0191226
0.0212088
0.0181064
0.015507
0.0163842
0.0171806
0.0157936
0.0165806
0.0177959
0.0163133
0.0164794
0.0183043
0.016096
0.016684
0.0177495
0.0161046
0.0169198
0.0187224
0.0165974
0.0164631
0.0207204
0.0219756
0.0203047
0.0162495
0.0206881
0.0188591
0.0173857
0.0168468
0.0168039
0.0179973
0.0160499
0.0161761
0.0161645
0.0179364
0.0166453
0.0159071
0.0160228
0.0165263
0.0164198
0.0156756
0.0155298
0.015233
0.0152021
0.0149943
0.0146313
0.016592
0.0178536
0.016348
0.0160142
0.0187487
0.0175493
0.0184404
0.0168163
0.0163066
0.0172799
0.015992
0.017684
0.0169626
0.0186387
0.0201259
0.0166719
0.0174802
0.0192427
0.0224251
0.018603
0.0163216
0.0170789
0.0160038
0.0168819
0.0175537
0.0189653
0.0185215
0.0173535
0.0179383
0.0198459
0.0214373
0.0173421
0.0162395
0.0174684
0.0159648
0.0146279
0.0153822
0.0161057
0.0176127
0.014328
0.0187967
0.0186546
0.0174966
0.0136263
0.0178044
0.0176898
0.0173142
0.0134919
0.0131158
0.0136743
0.0142324
0.0125436
0.016628
0.0169935
0.0167165
0.015025
0.0173491
0.0182025
0.0169765
0.0127377
0.0119517
0.0185322
0.0181468
0.0167404
0.0173467
0.011817
0.0175257
0.0173676
0.0167956
0.0168488
0.0175733
0.0177074
0.0199906
0.0273787
0.019311
0.0207174
0.0199293
0.0182259
0.0192201
0.0202944
0.0238632
0.0245059
0.016574
0.0181727
0.0168336
0.0128706
0.0141563
0.0145448
0.0161677
0.0134679
0.0150524
0.0157009
0.0156652
0.0149488
0.0193562
0.0195633
0.0177576
0.0143974
0.018811
0.0193082
0.0179779
0.0142966
0.0197615
0.018975
0.0194084
0.0159547
0.0192408
0.0179871
0.0161074
0.0119699
0.0178352
0.0177613
0.0132654
0.0122598
0.0120013
0.0174852
0.0176002
0.0125937
0.0180686
0.0179274
0.0165316
0.0178278
0.0198878
0.017492
0.0138119
0.0192035
0.0179314
0.0173657
0.0177898
0.0183927
0.0196066
0.0187165
0.0160985
0.0137902
0.018647
0.0179626
0.0135343
0.0146065
0.0134647
0.0166819
0.0190808
0.0177799
0.0142802
0.0185207
0.0173603
0.0142976
0.01361
0.0155556
0.0136461
0.0145523
0.0140022
0.0122036
0.0180075
0.0158149
0.012694
0.0163008
0.0171933
0.0168926
0.0175544
0.0162903
0.0119092
0.0137168
0.0125801
0.0197075
0.0173815
0.014679
0.0146688
0.0158936
0.0158537
0.0151043
0.0170059
0.0162171
0.0154679
0.0170391
0.0165392
0.0173818
0.016105
0.0162864
0.0172503
0.016372
0.01877
0.0173916
0.0184837
0.0174536
0.0191049
0.0175926
0.018139
0.0175582
0.0137509
0.0138479
0.0138021
0.0130293
0.0145936
0.0135566
0.0123319
0.0132776
0.011523
0.0118585
0.0133791
0.0167316
0.012619
0.0147227
0.0140884
0.0138346
0.0125003
0.0149087
0.0126809
0.0133327
0.0190543
0.0196148
0.0137229
0.0149445
0.013587
0.0149879
0.0151918
0.0138461
0.0135532
0.0143489
0.0141169
0.0139866
0.0146513
0.0156724
0.0202484
0.018534
0.0177952
0.0176092
0.0200324
0.0177062
0.0131707
0.0182707
0.0166788
0.0127887
0.0135937
0.0122374
0.0122893
0.0174828
0.0152718
0.011908
0.0167733
0.0161122
0.0118257
0.0146113
0.012946
0.0127487
0.0129896
0.0201219
0.018813
0.0142439
0.0133701
0.0133073
0.0153951
0.0137264
0.0150135
0.0193336
0.0197592
0.0179368
0.0158637
0.0191409
0.0195106
0.0170851
0.0157326
0.0152924
0.0139502
0.0147035
0.0169072
0.0138935
0.0192563
0.0187056
0.0131513
0.0210782
0.0201156
0.0147246
0.0159017
0.0177356
0.0140471
0.0192544
0.0187164
0.0145019
0.0186289
0.0201249
0.014756
0.0160617
0.015981
0.0146922
0.0201555
0.0205562
0.015673
0.019927
0.0202488
0.0152217
0.0209291
0.0202229
0.0190096
0.0195773
0.0194856
0.0189477
0.0202224
0.0191192
0.018069
0.0193748
0.0206516
0.0171569
0.0210683
0.0199437
0.0189025
0.0156435
0.020734
0.020496
0.0181138
0.0198766
0.0205471
0.018698
0.0191446
0.0206781
0.0194697
0.0167239
0.021889
0.0225863
0.0202746
0.0158372
0.0204406
0.0226278
0.0211174
0.0200744
0.0218033
0.0236283
0.0206432
0.0203039
0.0207932
0.0232443
0.0203537
0.0161454
0.0200171
0.0213727
0.019875
0.0171168
0.0209089
0.0222863
0.0206122
0.0174888
0.0214293
0.0220404
0.0201819
0.0203995
0.0220457
0.0206456
0.0172122
0.0212216
0.0223627
0.0221313
0.0182937
0.0171159
0.0188517
0.0172196
0.0192806
0.0207045
0.0225622
0.0211895
0.0203579
0.0199403
0.0209883
0.0201417
0.0177781
0.018505
0.018878
0.0184072
0.0178676
0.0181166
0.0187554
0.0200446
0.0168534
0.0175588
0.018809
0.0178227
0.0170943
0.0168547
0.0167846
0.0158058
0.0158288
0.0127207
0.0136299
0.0138057
0.0136617
0.0191227
0.0199265
0.0183576
0.0146132
0.0132103
0.0129211
0.018954
0.0209465
0.0192027
0.0159124
0.0177758
0.0206565
0.0204768
0.0182927
0.0199143
0.0203803
0.0196767
0.0163825
0.0173476
0.0184012
0.0162397
0.0157293
0.020966
0.0206853
0.0205967
0.0194964
0.0211853
0.0224494
0.0205724
0.016501
0.0155235
0.0172158
0.0154528
0.0138169
0.0140647
0.0185963
0.0193711
0.0176904
0.0150042
0.0197084
0.0208523
0.0205624
0.0193239
0.0142198
0.0169732
0.01867
0.0158048
0.0155592
0.0215802
0.0217937
0.0177887
0.0138851
0.018482
0.019629
0.0174638
0.0171516
0.0187968
0.0183502
0.0168771
0.0130824
0.0180462
0.0183746
0.0163363
0.0130861
0.0197193
0.0203886
0.0166253
0.0145591
0.0192271
0.020062
0.0165271
0.019045
0.0197197
0.0151315
0.0188944
0.0198985
0.0175794
0.018783
0.0194079
0.0165944
0.0187428
0.0180348
0.0172888
0.0191378
0.0187305
0.0167159
0.0192122
0.0196752
0.0158493
0.0192595
0.0196667
0.0171089
0.0193051
0.017963
0.0179159
0.0178278
0.019408
0.0194655
0.0191223
0.0197046
0.0172254
0.0176503
0.0178883
0.0163188
0.0181902
0.0163753
0.016946
0.0183943
0.0158749
0.0115836
0.0156271
0.0144205
0.0148867
0.0119615
0.0124361
0.0172216
0.0159221
0.019748
0.0176888
0.0125544
0.0178851
0.0148528
0.0175594
0.0175271
0.0125528
0.014435
0.0163089
0.0127587
0.0174634
0.0169751
0.0160094
0.0179034
0.0163103
0.0124423
0.013596
0.0150051
0.0128092
0.0135812
0.0135812
0.0125824
0.0178066
0.0175293
0.0125699
0.0183003
0.0174118
0.0136621
0.0184939
0.0175491
0.013651
0.0183869
0.0179613
0.0141577
0.0190021
0.018595
0.0134815
0.0198627
0.0156864
0.0139824
0.0143718
0.0172925
0.0134077
0.0181504
0.0166432
0.0181755
0.0177208
0.0130527
0.0139213
0.0131863
0.0128006
0.013556
0.0135191
0.0122018
0.018106
0.0164759
0.0126929
0.0196591
0.0171796
0.0120861
0.0130243
0.0145929
0.0142192
0.0170644
0.0168941
0.0142356
0.0168837
0.0170494
0.012316
0.0131125
0.0130639
0.0125639
0.0130252
0.013006
0.0119564
0.0149694
0.0135906
0.0120062
0.0132581
0.0130559
0.0127018
0.0172498
0.0169589
0.0125889
0.0172784
0.0171926
0.0151775
0.0136706
0.0187174
0.0164261
0.0175268
0.0182783
0.0143856
0.0134458
0.0145735
0.0130294
0.0134341
0.0126658
0.0123476
0.017606
0.016609
0.0129547
0.0187855
0.0168366
0.012705
0.0188024
0.0141029
0.0128505
0.0136872
0.0134333
0.0122332
0.0133552
0.0126178
0.0125538
0.0178605
0.0168095
0.0130952
0.0183642
0.0173387
0.0141792
0.0190579
0.0190368
0.0173698
0.0160947
0.0160757
0.014408
0.0152651
0.0181788
0.0145401
0.0157729
0.01568
0.0144255
0.0199671
0.0197374
0.0150078
0.0199782
0.0196746
0.0145172
0.0199696
0.0199678
0.0161926
0.0174798
0.0159086
0.0146727
0.0157195
0.0158732
0.0143005
0.015264
0.0156175
0.0153491
0.0184988
0.0158838
0.0142568
0.0156061
0.015632
0.0135467
0.0153545
0.0152008
0.0187453
0.019952
0.0206236
0.0183641
0.0200673
0.0199578
0.017742
0.0175966
0.0182062
0.0143234
0.018344
0.0182691
0.0161442
0.0181562
0.0189823
0.0166619
0.0189601
0.0186809
0.0136961
0.0192917
0.017886
0.0160865
0.0188865
0.0155546
0.0126493
0.01431
0.0141381
0.0126796
0.0149534
0.0145947
0.0137759
0.0144147
0.0170838
0.0130668
0.0185755
0.0182602
0.0141075
0.0190498
0.0176394
0.0155454
0.0168189
0.0170839
0.0149661
0.0128052
0.0141773
0.0127271
0.0139641
0.0149572
0.0130996
0.0142872
0.0194287
0.0177182
0.0188132
0.0191433
0.0181018
0.0197616
0.0199014
0.0187495
0.0152872
0.0207844
0.0218194
0.0187991
0.017042
0.0198069
0.0202678
0.0198743
0.0193735
0.0204192
0.0177717
0.0157789
0.0178673
0.0168606
0.0152927
0.0151784
0.0156224
0.0162522
0.0161486
0.0142827
0.0144227
0.0187303
0.0179308
0.0180289
0.0187988
0.0191931
0.0180619
0.0177411
0.0189967
0.0198526
0.0187094
0.0183103
0.019527
0.0190561
0.0179425
0.0146058
0.0148585
0.0161415
0.0155705
0.0187341
0.0203831
0.0207367
0.0201519
0.0181332
0.0162838
0.0180717
0.0201244
0.0168855
0.0179561
0.0177755
0.0177283
0.0158247
0.0170996
0.0173156
0.0156891
0.0159158
0.0199924
0.0212466
0.0206005
0.0174469
0.0152106
0.0158107
0.0169749
0.0151674
0.0151849
0.0152847
0.0164284
0.0159909
0.016029
0.0150543
0.0155956
0.0142307
0.0139047
0.0186373
0.0192791
0.0180041
0.0138652
0.0184252
0.0190985
0.0173474
0.0135999
0.0180083
0.0183206
0.0168669
0.0141288
0.0162477
0.0185609
0.0173692
0.0140559
0.0142877
0.0154488
0.0140166
0.0132469
0.0133005
0.0136453
0.0137005
0.0128264
0.0122399
0.0123485
0.013197
0.0126715
0.0130238
0.0171992
0.0177319
0.0182142
0.0123572
0.0129269
0.0115699
0.0121289
0.0125172
0.0114583
0.0132299
0.0135938
0.0126798
0.0128605
0.0175366
0.0182608
0.0173582
0.0188193
0.0182891
0.0214462
0.0209603
0.0181241
0.0171769
0.0212655
0.0159479
0.0166388
0.0174533
0.0219253
0.0171635
0.0159025
0.0169625
0.0183362
0.0183309
0.0141178
0.0163223
0.0154322
0.0168268
0.0208223
0.0146806
0.0195359
0.0210158
0.0167627
0.0141739
0.0174757
0.0192249
0.0175057
0.0171214
0.0177687
0.0188914
0.0165086
0.0164947
0.0194415
0.0189324
0.0166934
0.0133394
0.0189151
0.0182837
0.0172512
0.0182037
0.0190488
0.0175111
0.0141287
0.0189654
0.0190839
0.0184771
0.0153324
0.0179922
0.0175774
0.0158278
0.0164651
0.0166031
0.016174
0.0163914
0.015163
0.0157186
0.0176421
0.0160442
0.0167851
0.0168106
0.0171462
0.0171084
0.0177636
0.0160522
0.015464
0.0208807
0.0226799
0.0204675
0.0201202
0.0215329
0.0205422
0.0169004
0.0208925
0.0191235
0.0187149
0.0163009
0.0195385
0.020622
0.0199866
0.0190578
0.0198923
0.0172927
0.0171046
0.0203298
0.0186464
0.0161336
0.0196339
0.0205252
0.0181457
0.021447
0.0194935
0.0175388
0.0206185
0.0215779
0.0166229
0.0162544
0.0160161
0.0144654
0.0187029
0.0199918
0.0172411
0.0187914
0.0159383
0.0166452
0.0200962
0.0202563
0.0183284
0.0190831
0.0200778
0.0157369
0.0206364
0.0194799
0.0264339
0.0164993
0.0155621
0.0148223
0.0161703
0.0174923
0.0153273
0.015708
0.0166339
0.0166252
0.0169487
0.020414
0.0205281
0.0183918
0.0213473
0.0229748
0.0196381
0.021011
0.021
0.0194893
0.0192369
0.0185259
0.0192538
0.0174161
0.0165117
0.0145662
0.0165897
0.0167971
0.0156869
0.0157035
0.0153473
0.0147117
0.0158028
0.0159499
0.0133321
0.0133365
0.0184659
0.0196839
0.0154677
0.0188836
0.0187685
0.0166843
0.0138834
0.0125754
0.0180431
0.0177226
0.016078
0.0148534
0.016206
0.0132319
0.013295
0.0209377
0.01814
0.0141374
0.0183758
0.0181611
0.0143076
0.0206408
0.0222933
0.0155689
0.0174691
0.0177123
0.0188
0.021803
0.020978
0.0207184
0.0208456
0.0218718
0.0202323
0.0235473
0.0231262
0.0192321
0.0205253
0.0209725
0.0176744
0.0191693
0.0173855
0.0161857
0.0174525
0.0184155
0.0128491
0.012765
0.0114348
0.0113394
0.0160937
0.0144868
0.0152821
0.0140783
0.0161273
0.0143924
0.015131
0.0123525
0.0142075
0.0139095
0.00999359
0.0154879
0.0119188
0.0162538
0.0178523
0.0129993
0.0125902
0.0147523
0.0180574
0.0164809
0.018491
0.0148912
0.0128531
0.014075
0.0130974
0.0142428
0.0136248
0.0132231
0.018473
0.0160555
0.018779
0.0180833
0.0141224
0.0187618
0.0180862
0.0195091
0.0187519
0.0140692
0.0165221
0.017909
0.0188287
0.0200545
0.0208816
0.0175409
0.0215072
0.0206106
0.015207
0.0200871
0.0198501
0.0149852
0.0204559
0.020271
0.0187792
0.0202325
0.0198636
0.0186262
0.0196163
0.0187901
0.0134431
0.0188438
0.0176849
0.0135733
0.0194202
0.0176786
0.0200859
0.018206
0.0140921
0.0193599
0.0194091
0.0144454
0.0191648
0.0179264
0.0132291
0.0183122
0.0167084
0.0123614
0.0167285
0.0159454
0.0118406
0.016535
0.0158007
0.0169447
0.0158419
0.0116099
0.0171789
0.0156357
0.0120184
0.0165784
0.016367
0.0121405
0.0164801
0.0156846
0.0120786
0.017366
0.0185315
0.0160193
0.0173843
0.0177651
0.0126151
0.0142222
0.0137545
0.0163563
0.0180998
0.0183072
0.0138584
0.0144323
0.014745
0.0144062
0.0150894
0.0199091
0.0185214
0.0150093
0.0147169
0.0152345
0.0168736
0.0155787
0.0155333
0.0198464
0.0208366
0.0167458
0.0169769
0.0189113
0.0168533
0.0213282
0.0222812
0.0176654
0.0217045
0.0230876
0.0200529
0.0185902
0.0199162
0.0204899
0.0218065
0.0197995
0.0180227
0.017662
0.0199529
0.0207559
0.0186767
0.0149147
0.0142669
0.0154557
0.0130593
0.0134394
0.019049
0.0184844
0.0163344
0.0166434
0.016395
0.0153857
0.0119832
0.0173416
0.0177864
0.0133286
0.0169477
0.0170949
0.0173508
0.0182526
0.0190609
0.0181038
0.0152594
0.016506
0.0166777
0.0169255
0.0215487
0.0225994
0.0218074
0.0177595
0.0177839
0.0190879
0.0175012
0.0174337
0.0227866
0.0218949
0.0223207
0.0208851
0.0213473
0.0212958
0.0174398
0.0171898
0.017852
0.0182926
0.0201399
0.0193351
0.0204126
0.0216878
0.020405
0.0205092
0.0214318
0.0212124
0.0218747
0.0208681
0.0213022
0.0214326
0.0242324
0.0198748
0.0209811
0.021104
0.02031
0.0184465
0.0199404
0.0202126
0.0218273
0.0163512
0.0156757
0.0166579
0.0155209
0.0150053
0.0188934
0.0212392
0.0199954
0.0152695
0.0151704
0.0188857
0.0203911
0.0167218
0.016755
0.0185183
0.0167822
0.0185046
0.0167003
0.0159904
0.0216796
0.022327
0.0232404
0.0217498
0.0176622
0.0184361
0.0204008
0.0214897
0.0240566
0.0210742
0.0179353
0.0225995
0.0240561
0.0231202
0.0205853
0.0175623
0.0191815
0.0192773
0.0195664
0.0162924
0.0160286
0.0163368
0.017947
0.0171741
0.0164894
0.0156822
0.0182646
0.0186591
0.0147704
0.0155629
0.0210265
0.0228297
0.0215904
0.0184496
0.0153702
0.0201974
0.0204054
0.0192566
0.0173152
0.0151794
0.0194547
0.0200654
0.0204736
0.0179578
0.014765
0.0154296
0.0157898
0.0160137
0.0134197
0.0141219
0.0192385
0.0192954
0.0181249
0.0168727
0.0192904
0.0197491
0.0236885
0.0161521
0.0194471
0.0205946
0.0197227
0.0181933
0.0197914
0.0202998
0.0188149
0.0153809
0.0154302
0.0158638
0.013703
0.0136361
0.0187895
0.0179383
0.0163515
0.0140538
0.0186062
0.0180835
0.0174129
0.012308
0.0147773
0.0142415
0.011745
0.0124706
0.0179633
0.0171981
0.0138173
0.0134177
0.0160595
0.01331
0.0186597
0.018682
0.0171598
0.0183324
0.018788
0.0166704
0.0177216
0.0199158
0.0187212
0.0169921
0.0190203
0.0189544
0.0143123
0.0194091
0.0188582
0.0174164
0.0176267
0.0178256
0.0184165
0.0176473
0.0179111
0.0182032
0.0168464
0.0169965
0.0179472
0.0181578
0.0165331
0.018637
0.0191728
0.0171008
0.0170671
0.015074
0.0121864
0.0145973
0.0133544
0.0132357
0.0131049
0.0134505
0.0120687
0.0132586
0.01327
0.0128462
0.0138332
0.0130682
0.01245
0.0139194
0.0156919
0.0126506
0.0135675
0.0134468
0.012654
0.0138362
0.012946
0.0178388
0.0169359
0.0180933
0.0166178
0.0181902
0.0170207
0.0180155
0.0165979
0.0173711
0.0174422
0.0174628
0.0173404
0.0166206
0.0182395
0.0170624
0.0149615
0.0167116
0.0168295
0.0158907
0.016697
0.0163307
0.0152288
0.016484
0.0158312
0.0155488
0.0168404
0.0158436
0.0175794
0.0166065
0.0163178
0.0177481
0.0168828
0.0119239
0.0172225
0.0160528
0.018858
0.01692
0.0133086
0.0134964
0.013282
0.0122144
0.0140089
0.0173199
0.0121493
0.0173308
0.0175016
0.0128628
0.0144407
0.0152856
0.0140071
0.01919
0.0182219
0.0145465
0.0193434
0.0201253
0.014838
0.0190172
0.0180873
0.0141495
0.0144719
0.0144223
0.0134137
0.0144166
0.0141266
0.0128436
0.0186101
0.0184449
0.0171087
0.020211
0.0178296
0.0125384
0.0185037
0.0170361
0.0127954
0.0173649
0.0177107
0.012096
0.0178037
0.0175696
0.0127084
0.0124982
0.018886
0.0183736
0.0130001
0.0186517
0.0180928
0.012898
0.0179035
0.0177824
0.0132846
0.0179993
0.01786
0.013143
0.0166029
0.0146428
0.0127911
0.017845
0.0173185
0.0119892
0.0167156
0.0186271
0.0123067
0.0171069
0.0169334
0.0115416
0.0173233
0.0173167
0.012211
0.0171579
0.0162488
0.0160861
0.0186897
0.0176904
0.0149761
0.0143053
0.0151981
0.0128394
0.012625
0.0179051
0.0184322
0.0165866
0.0173615
0.0179869
0.0139909
0.0169551
0.0173907
0.0124977
0.0128258
0.0137264
0.0121562
0.0129622
0.013505
0.011828
0.0127138
0.0122918
0.0112282
0.0169552
0.0168665
0.0120946
0.0115196
0.0122073
0.0172944
0.016436
0.012356
0.0170245
0.0156937
0.0196322
0.0173394
0.01629
0.015328
0.0169155
0.0152307
0.0110453
0.0113264
0.0095106
0.0103364
0.00908654
0.0100198
0.00926298
0.0102239
0.00932348
0.00885823
0.0125477
0.00879829
0.0142635
0.0118342
0.0111437
0.0102939
0.0107135
0.0166455
0.0158783
0.0118402
0.0172139
0.0162771
0.0116999
0.0166033
0.0162513
0.013388
0.0130693
0.0159482
0.0125825
0.0136148
0.0128424
0.0132379
0.0127786
0.0130557
0.011292
0.0165228
0.0127456
0.0112799
0.0167798
0.0166416
0.0143178
0.0164987
0.0157416
0.0128691
0.0114475
0.013219
0.0127024
0.0124413
0.0139582
0.0128094
0.0133616
0.014656
0.013541
0.0137643
0.0175214
0.0143162
0.0128809
0.0143269
0.0154856
0.0139133
0.0192344
0.0175449
0.0138818
0.0180173
0.0172488
0.0134474
0.0146305
0.0143681
0.0132041
0.0135703
0.0125039
0.0128471
0.0177343
0.0143876
0.0127545
0.0144844
0.013169
0.013272
0.0145059
0.01442
0.0134765
0.0179035
0.0171344
0.0130518
0.0184128
0.0170939
0.0131182
0.017373
0.0171782
0.0122668
0.0173295
0.0160051
0.0175933
0.0168571
0.0127875
0.0181625
0.0163363
0.0126312
0.0169562
0.0167597
0.0178336
0.0171009
0.0131837
0.018371
0.0181714
0.0138395
0.0184516
0.0173544
0.0188681
0.0186897
0.0138025
0.018846
0.0180963
0.0213823
0.0183989
0.0134392
0.0147113
0.0148254
0.0134259
0.0142132
0.0141252
0.0129623
0.015038
0.0177362
0.0139325
0.0154247
0.0144044
0.013727
0.0189493
0.0186815
0.0146749
0.0191445
0.0190229
0.0136086
0.0180934
0.0150275
0.0137208
0.0153762
0.0156058
0.0140723
0.0148606
0.0148513
0.0140559
0.0147179
0.0192706
0.01802
0.0195532
0.019931
0.0166094
0.0191205
0.0196764
0.017576
0.0185952
0.0159091
0.0156956
0.0197319
0.018913
0.0142892
0.0150576
0.0151529
0.014906
0.0156086
0.0165693
0.0138862
0.0163461
0.014089
0.0135433
0.0171291
0.0155107
0.0150231
0.0205181
0.0212621
0.0201679
0.0208972
0.0215486
0.0203107
0.0211713
0.0205788
0.0207421
0.0193377
0.0206764
0.0189872
0.0200868
0.019906
0.0212137
0.0205602
0.0195241
0.02169
0.0211418
0.0201433
0.0201272
0.02086
0.0168598
0.0177349
0.0221588
0.0210734
0.0192097
0.0160162
0.0200958
0.0208929
0.0175372
0.0197883
0.0215555
0.0195767
0.0158216
0.0148689
0.0147281
0.0196387
0.0201511
0.0159518
0.0160523
0.0171764
0.0157515
0.0159777
0.0167326
0.0158217
0.015233
0.0161179
0.0141839
0.0151318
0.0163078
0.0147369
0.0157819
0.0160158
0.0146125
0.0198806
0.0202182
0.0174078
0.0197593
0.0195982
0.0193884
0.0141506
0.0179982
0.018239
0.0174341
0.0182296
0.0191185
0.0178812
0.0132809
0.0131067
0.0129178
0.0116204
0.0115755
0.0160774
0.0169878
0.0227318
0.0183543
0.0181254
0.0131939
0.0176415
0.0177918
0.0175659
0.0177308
0.0174937
0.0165216
0.0187847
0.0172831
0.0156471
0.0114717
0.0174564
0.0171994
0.0178902
0.0130615
0.0176772
0.0181255
0.0165976
0.017416
0.0195538
0.0177407
0.0144172
0.0139098
0.013596
0.0139094
0.0153882
0.0140034
0.0138742
0.0145348
0.0150027
0.0139558
0.0140491
0.0191417
0.0182579
0.0185052
0.0147709
0.0138949
0.0188926
0.0192495
0.0179682
0.0144561
0.0200553
0.0209134
0.01919
0.0188294
0.0192403
0.0188485
0.0149099
0.0190839
0.0183842
0.0177122
0.0147574
0.0199691
0.0202896
0.0186407
0.0152112
0.019502
0.0201554
0.0144683
0.0156173
0.0183925
0.0189929
0.0182102
0.0148135
0.0205795
0.0194828
0.0163242
0.0128518
0.0198871
0.0199524
0.016714
0.0199256
0.01967
0.0190635
0.0150308
0.0199938
0.0196135
0.0190955
0.0155055
0.0204445
0.0209416
0.0190639
0.0165026
0.0213242
0.0198843
0.0178672
0.0151225
0.0207442
0.0220921
0.0182061
0.0214079
0.0236149
0.0174195
0.0164657
0.0230356
0.0229206
0.020496
0.0211009
0.0221317
0.0288807
0.0183885
0.0161124
0.0151601
0.0203139
0.0151499
0.013959
0.015659
0.0204581
0.0220737
0.0193914
0.0160496
0.017317
0.0171034
0.0182484
0.0167903
0.0186536
0.0177136
0.0171793
0.0168463
0.0143565
0.0162393
0.0146226
0.015086
0.0148239
0.020238
0.015946
0.0154581
0.0156585
0.01597
0.016475
0.0157463
0.0156252
0.0153648
0.0184152
0.0170561
0.0163296
0.0167519
0.021168
0.0195294
0.0187699
0.0238375
0.023463
0.0239334
0.0223482
0.021663
0.0211983
0.0245216
0.0224074
0.0148617
0.0145838
0.0140248
0.0153799
0.0146691
0.0150191
0.0137067
0.0149271
0.0130307
0.0135853
0.0168696
0.0217469
0.0186988
0.0169413
0.014568
0.0144835
0.0161588
0.0121732
0.0127103
0.0132417
0.0127645
0.0124328
0.0132801
0.0137127
0.0113641
0.0127921
0.0121406
0.0115511
0.012648
0.0126
0.0131121
0.0139498
0.0135679
0.0163215
0.0140451
0.014316
0.0142743
0.0128843
0.0126157
0.0157204
0.0139415
0.0125213
0.015291
0.0143721
0.0128634
0.0154429
0.015022
0.013884
0.0150281
0.0152169
0.0146891
0.0131026
0.0154971
0.0190344
0.011926
0.018058
0.0177976
0.0136413
0.014763
0.0140877
0.0126647
0.0133791
0.0153557
0.0130769
0.0139595
0.0188613
0.0186164
0.0176577
0.0231814
0.0217479
0.0178065
0.0173473
0.0164174
0.0157661
0.0139768
0.0139153
0.0168966
0.01626
0.0170809
0.0177284
0.0179455
0.024853
0.0165188
0.0161725
0.0201779
0.0242938
0.0200695
0.01845
0.026156
0.0252893
0.0257887
0.0219975
0.0320162
0.0280214
0.0238523
0.0226685
0.0232813
0.0248432
0.0272333
0.0227571
0.0233231
0.0251827
0.0266289
0.0228574
0.0206242
0.0205313
0.0226967
0.0276194
0.0270927
0.0257941
0.0240271
0.0237952
0.0276604
0.0396937
0.02545
0.0242419
0.0234124
0.0271786
0.0261505
0.0270415
0.0253415
0.0266879
0.0254882
0.034003
0.0226092
0.025046
0.0267365
0.0209385
0.0201046
0.0198313
0.0227563
0.0220774
0.0188269
0.0190411
0.0184604
0.0181903
0.0180371
0.0166041
0.0190203
0.0193705
0.0175778
0.0197325
0.0178799
0.0175819
0.0155546
0.0165991
0.0158896
0.0178937
0.0171058
0.0149982
0.0163882
0.0158545
0.0175263
0.016254
0.0144057
0.0150975
0.0142481
0.0192049
0.0167753
0.0185221
0.0199997
0.0215412
0.0246023
0.0172857
0.0190605
0.0209099
0.0196778
0.0188377
0.0183777
0.0194194
0.0195357
0.0166764
0.0149795
0.0153804
0.0124463
0.0108197
0.0114345
0.0111404
0.0101209
0.0105695
0.0106339
0.00808904
0.014845
0.0152338
0.00707221
0.00851683
0.00995912
0.0101558
0.00794202
0.00840449
0.00930181
0.0107489
0.0145544
0.0162547
0.0159576
0.0170593
0.0174149
0.0173872
0.0198775
0.0194864
0.0205471
0.0217626
0.022738
0.0245818
0.0239285
0.023192
0.0222561
0.0242388
0.0247429
0.0222693
0.0228865
0.0235584
0.024596
0.0224926
0.0218579
0.0262222
0.0240176
0.0224906
0.0230173
0.0230453
0.0242857
0.0249036
0.0228104
0.0185955
0.022049
0.0211659
0.0256917
0.0208231
0.021149
0.0202853
0.0216519
0.0218085
0.0221556
0.0215066
0.0199948
0.0203407
0.0211901
0.0215921
0.0179599
0.0183241
0.0184358
0.0195948
0.0177185
0.0159307
0.0158161
0.0203906
0.0190786
0.0162853
0.012513
0.0134048
0.0164539
0.0175259
0.0138194
0.0145397
0.0136699
0.0140759
0.0107505
0.0173717
0.015002
0.0115478
0.0123287
0.0116348
0.017771
0.0177566
0.0129539
0.0159078
0.0172958
0.0160858
0.0130788
0.0168627
0.01714
0.015989
0.012224
0.0126289
0.0109456
0.0121446
0.0129204
0.0135747
0.0112917
0.0114695
0.0129906
0.0121552
0.0129282
0.0133117
0.012238
0.0130894
0.0141135
0.0140607
0.0169265
0.0192681
0.0194894
0.021721
0.0241221
0.0241626
0.0212793
0.0229284
0.0238825
0.022872
0.0218389
0.0179879
0.0206397
0.0193601
0.0184875
0.015205
0.0147169
0.0179214
0.0193423
0.0196045
0.0163296
0.0157338
0.0175243
0.0158747
0.013049
0.017363
0.0187294
0.0140494
0.0188661
0.0202656
0.019592
0.0156601
0.0173888
0.0186762
0.0164797
0.0115475
0.0128532
0.0171202
0.0140582
0.0125456
0.0174067
0.0183991
0.0171252
0.0164736
0.0178037
0.0197908
0.0182851
0.0143099
0.0179901
0.0203133
0.0211728
0.0233465
0.0227287
0.0220817
0.0223753
0.0230638
0.0227231
0.0224174
0.0233806
0.0237871
0.0240627
0.0223215
0.0236194
0.0246353
0.0235578
0.0214931
0.0172698
0.0208448
0.0261641
0.0203229
0.0196537
0.0224138
0.0220334
0.0199407
0.015907
0.0146937
0.0181345
0.0190133
0.0170395
0.0137642
0.0138993
0.0140636
0.0126183
0.0113839
0.0160304
0.0149715
0.0106544
0.011235
0.0103621
0.0113562
0.0145319
0.0147912
0.014082
0.00912364
0.0144269
0.010656
0.0107315
0.00955478
0.0163716
0.00910117
0.00906272
0.00862783
0.0116228
0.00901598
0.0132527
0.00724203
0.0130598
0.0126172
0.0135699
0.0140351
0.0142407
0.0128986
0.0135284
0.0183095
0.0185752
0.0196331
0.0174849
0.0170335
0.0186543
0.0185236
0.0165971
0.0172914
0.019856
0.0167284
0.0154683
0.0167228
0.0173822
0.016414
0.0159345
0.0162702
0.0175202
0.0154344
0.015337
0.0186691
0.0203817
0.0141721
0.0136522
0.0136482
0.0145845
0.0121107
0.0121188
0.0182481
0.0177373
0.0117652
0.0131401
0.0131702
0.0116746
0.0130048
0.0138977
0.0124433
0.0168642
0.0174002
0.0141263
0.0142287
0.0147372
0.0117104
0.0185071
0.0173415
0.0130933
0.01407
0.0162071
0.0135041
0.0147462
0.0137734
0.0138033
0.0142749
0.0141998
0.0134787
0.018865
0.0170375
0.01369
0.0175365
0.0135446
0.0132125
0.0151649
0.0132759
0.0143277
0.0196021
0.0194488
0.0164138
0.0148059
0.0147568
0.0144351
0.0166632
0.0140865
0.0145888
0.0203907
0.0188509
0.0178369
0.0199347
0.0202022
0.0175624
0.0215672
0.0201726
0.0185858
0.0199068
0.0209172
0.0181098
0.0140177
0.0147201
0.0169511
0.0138309
0.0201206
0.0200555
0.0170452
0.0178269
0.0190742
0.0161511
0.0196525
0.0166547
0.0129036
0.0141955
0.0124346
0.0129393
0.0203147
0.0168415
0.0133908
0.0143357
0.013746
0.0131323
0.0123999
0.014691
0.0145739
0.0150088
0.0186589
0.0191918
0.0143389
0.0182251
0.0196208
0.0145998
0.0145922
0.0173415
0.0155968
0.014609
0.0146378
0.013435
0.0187993
0.01949
0.0145302
0.0145114
0.0157572
0.0141499
0.0150499
0.0150968
0.0134312
0.0144203
0.014856
0.0136854
0.0147736
0.0149841
0.013605
0.018344
0.0176444
0.0152278
0.0185819
0.0173353
0.0165512
0.0175892
0.018096
0.0176463
0.0164914
0.017506
0.014415
0.0164158
0.0157736
0.0136694
0.0155943
0.0146318
0.0155839
0.015863
0.0189701
0.0169393
0.0166134
0.0152861
0.0160212
0.0143675
0.0153291
0.0158551
0.0154871
0.0169874
0.0126629
0.0125021
0.0119946
0.0127471
0.0134642
0.0115948
0.0146395
0.012543
0.015535
0.017642
0.017214
0.0171721
0.0178373
0.0168749
0.0171994
0.0185303
0.016746
0.01316
0.0167178
0.0157897
0.013792
0.0179857
0.0165337
0.0128126
0.0131148
0.0141764
0.0127488
0.0133531
0.0139148
0.0137675
0.01425
0.0154036
0.0136051
0.0141936
0.0186702
0.0133153
0.0144693
0.0142943
0.0133017
0.0180456
0.0172679
0.0125948
0.0178124
0.0163847
0.0155634
0.0173559
0.0136565
0.0178384
0.0162055
0.0176729
0.0174696
0.0179653
0.017766
0.0181065
0.017248
0.0136242
0.0181759
0.0166476
0.0181119
0.017471
0.0133853
0.0185814
0.0171322
0.0183718
0.0169227
0.0130841
0.0149365
0.0135163
0.0163532
0.0196529
0.0165147
0.0177126
0.0159236
0.0156173
0.015767
0.0164594
0.0156479
0.0143376
0.0121391
0.0121177
0.0104095
0.0116268
0.011295
0.0110251
0.0148964
0.0124208
0.0106097
0.0113867
0.01058
0.0125494
0.0107379
0.0111541
0.0116017
0.0111634
0.010491
0.0112135
0.0106657
0.0111277
0.0124683
0.0117864
0.0121082
0.017219
0.0170455
0.0140428
0.0124313
0.0141158
0.0152002
0.0129631
0.0135232
0.0136683
0.0121427
0.0138603
0.0140008
0.0122659
0.0138228
0.0130181
0.0119288
0.0170476
0.0141496
0.0130054
0.0185003
0.0163441
0.0117455
0.0161112
0.0163786
0.0122112
0.0129617
0.0120705
0.011018
0.0122438
0.0127453
0.0109074
0.0131531
0.0118499
0.0116218
0.0128839
0.0116855
0.0116285
0.0137361
0.0135617
0.0115368
0.0163328
0.013337
0.016681
0.0101098
0.0107965
0.0123804
0.00957215
0.0102617
0.0085375
0.00943973
0.00884968
0.0114035
0.0103079
0.00948172
0.00974949
0.0147637
0.0102594
0.0148911
0.00973671
0.0150229
0.0100448
0.0153683
0.0138857
0.0150957
0.0143578
0.0155145
0.0164857
0.012568
0.0117037
0.0109902
0.0152916
0.0158436
0.0154399
0.0164657
0.0151095
0.0156629
0.0176961
0.0162068
0.011646
0.0125245
0.0109775
0.0117131
0.0161619
0.0150663
0.0119884
0.0127508
0.0122546
0.0121305
0.0164668
0.0151913
0.0122243
0.0157878
0.0158093
0.0126256
0.012991
0.0188693
0.0163816
0.0170302
0.0162134
0.0166748
0.0164997
0.0161554
0.0174413
0.0154992
0.0124408
0.0163325
0.0174711
0.0122334
0.0129585
0.0122895
0.0121811
0.0162802
0.0159139
0.0175761
0.0168347
0.0126424
0.0151409
0.014141
0.0119535
0.012285
0.0118262
0.0119475
0.0124501
0.0126395
0.0158713
0.0168284
0.015162
0.015939
0.0169035
0.0153636
0.0119533
0.0169522
0.0165137
0.0110536
0.0130197
0.0120869
0.0110539
0.0121723
0.0114815
0.0116131
0.0128139
0.0123643
0.0181427
0.0145619
0.0130306
0.0129883
0.0130599
0.0124586
0.0136856
0.0134821
0.0128431
0.0182855
0.0176851
0.0134442
0.0179397
0.0154438
0.0119977
0.0163221
0.0142222
0.0114889
0.0103261
0.0113309
0.0103625
0.0114568
0.0107585
0.0115559
0.014408
0.0144695
0.0148946
0.012315
0.00984146
0.0111383
0.0102411
0.010305
0.011288
0.0103746
0.0153462
0.0150511
0.0153387
0.0142392
0.0152054
0.0142904
0.0151288
0.0163856
0.0112403
0.0123189
0.0131559
0.0181073
0.0158486
0.015519
0.0104182
0.0156537
0.0122627
0.0155702
0.0146028
0.0110651
0.0164502
0.0137759
0.0108307
0.0161622
0.0138314
0.0102678
0.0111892
0.0101366
0.0104703
0.0120739
0.0110085
0.0113701
0.0120415
0.0114359
0.0114565
0.0120378
0.0115682
0.0122615
0.012018
0.0119685
0.0121946
0.010935
0.0117314
0.0108861
0.0118935
0.0103331
0.0103835
0.00922897
0.0106573
0.00973868
0.0106049
0.00962062
0.0103393
0.0107429
0.0141342
0.0105099
0.0103139
0.0128791
0.0132788
0.0104642
0.0167074
0.0136837
0.015069
0.0137727
0.0161153
0.0101609
0.0131256
0.0110556
0.0151952
0.010906
0.0145315
0.0109664
0.0119148
0.0108342
0.0127175
0.0110401
0.0163198
0.0149896
0.0167851
0.0151989
0.0165287
0.0154794
0.0174795
0.015765
0.016903
0.0162702
0.0178021
0.0162149
0.0171308
0.016692
0.0169563
0.0164027
0.0169728
0.0131323
0.0124915
0.0171634
0.0161795
0.0175691
0.017665
0.0122891
0.0168691
0.015852
0.0170767
0.0162012
0.0129528
0.0130839
0.0141258
0.0123834
0.0173766
0.0166418
0.0126908
0.0143282
0.0127946
0.0130463
0.0173713
0.0183062
0.0152929
0.0142342
0.0134539
0.0166576
0.0176557
0.0174022
0.0149331
0.0171568
0.0166053
0.0124704
0.0193139
0.0189691
0.0131702
0.0199275
0.0172541
0.0122202
0.0173616
0.0175676
0.0163128
0.0177617
0.0180891
0.0166701
0.0178875
0.0164487
0.0151471
0.0169645
0.0154014
0.0152392
0.0159772
0.0147757
0.0108895
0.0147535
0.0182947
0.0143876
0.014939
0.0130938
0.0102256
0.0148505
0.0140951
0.0107457
0.0124397
0.0113882
0.0100369
0.0164691
0.0144949
0.0109219
0.0139521
0.0113533
0.0111509
0.0151854
0.0112229
0.0114872
0.017141
0.0166423
0.0126385
0.012319
0.0117067
0.0166984
0.0165427
0.0155553
0.0117958
0.0153188
0.0126459
0.0123736
0.0174473
0.0165619
0.0125136
0.0172113
0.0171538
0.0129952
0.0135355
0.0124368
0.0111869
0.016334
0.0151863
0.0145314
0.0136297
0.0156045
0.013183
0.0106014
0.0112615
0.0137843
0.0148117
0.0144552
0.0142735
0.0149375
0.0134553
0.0142938
0.0145696
0.0149665
0.0140078
0.0131252
0.0105415
0.00977478
0.0118927
0.0156115
0.014067
0.0110126
0.0151396
0.01407
0.0117122
0.0130726
0.0116797
0.0125508
0.0135647
0.0121953
0.0125792
0.0170003
0.0165829
0.0166287
0.0164137
0.0169626
0.0192309
0.0160325
0.0161882
0.0174528
0.0160262
0.0146138
0.0142301
0.0155324
0.015804
0.0141142
0.0129436
0.0120404
0.0131382
0.0119104
0.0127943
0.0131352
0.0119702
0.0131081
0.0119691
0.0120992
0.0130592
0.0122219
0.0119945
0.0137472
0.0118775
0.0125846
0.0171833
0.0173496
0.0129559
0.0126763
0.0133792
0.0158235
0.0138871
0.0164328
0.0234257
0.0350944
0.0230314
0.0244434
0.0223015
0.0223714
0.0227109
0.0223339
0.0222043
0.0205646
0.0210303
0.0208742
0.0207895
0.0256255
0.0211496
0.0208855
0.0222346
0.0236346
0.0235318
0.0257756
0.0229827
0.0232976
0.0228411
0.0806149
0.0175375
0.0230127
0.024763
0.0231101
0.0232965
0.02267
0.0230837
0.0243585
0.0226076
0.0224268
0.0196408
0.0233353
0.0228372
0.0196429
0.0202729
0.0217832
0.0215513
0.0194897
0.0197542
0.0198565
0.0200708
0.0210562
0.0201231
0.0186374
0.0187762
0.0195045
0.0193395
0.0168583
0.0168066
0.0164593
0.017764
0.01822
0.0172714
0.0181617
0.0223505
0.0243327
0.0244812
0.0228661
0.0182558
0.0241318
0.0253295
0.024663
0.0246603
0.024832
0.0202659
0.0211361
0.0235542
0.0240394
0.0234801
0.0236277
0.0219664
0.0224249
0.0259704
0.0257966
0.0261794
0.0252778
0.0211483
0.0199883
0.0234769
0.0201235
0.0208539
0.0204349
0.0191058
0.0227705
0.0230979
0.0242234
0.0245341
0.0230828
0.021251
0.0196545
0.0192633
0.0186054
0.0228733
0.0244674
0.0231254
0.0287937
0.0224448
0.0177621
0.0221157
0.0227023
0.0229583
0.0223011
0.0200912
0.0171738
0.0208888
0.0224326
0.0215178
0.0214906
0.0201583
0.0165802
0.0211854
0.0225525
0.0220574
0.0216607
0.0218486
0.0176302
0.0168699
0.0160573
0.0228142
0.0233571
0.022064
0.0225772
0.0203455
0.0181452
0.0227602
0.0221353
0.0213476
0.0217279
0.0200666
0.0171592
0.0200205
0.0181689
0.0223525
0.0183847
0.0161959
0.0173644
0.0218126
0.0241658
0.0229987
0.0231185
0.0227826
0.0203187
0.0189035
0.0195198
0.0207827
0.0210258
0.0200019
0.0201562
0.0203152
0.0208207
0.0219294
0.0222712
0.02109
0.0204268
0.0207277
0.0271288
0.0244453
0.0248022
0.0226848
0.0219922
0.0203201
0.02012
0.0250185
0.025195
0.0255903
0.0253261
0.0264678
0.0256493
0.0233996
0.0233829
0.027075
0.0276358
0.0230761
0.0223884
0.0229685
0.0218161
0.0233716
0.0220627
0.0222141
0.0215065
0.0207483
0.0198757
0.0187504
0.0247965
0.0256268
0.0252531
0.0290625
0.0237603
0.0194862
0.0243892
0.0273092
0.0272582
0.0288782
0.0257113
0.0267738
0.0245384
0.0248981
0.0272023
0.0242519
0.0220151
0.0221856
0.0234312
0.0238789
0.0227021
0.0241462
0.0230805
0.0249357
0.0258082
0.0243072
0.0233359
0.0215217
0.024418
0.026
0.0260151
0.0263715
0.024234
0.0237155
0.0240899
0.025819
0.0233984
0.0241786
0.0235507
0.0241421
0.0260418
0.0248058
0.0245705
0.0227557
0.0237449
0.023512
0.0225861
0.0244665
0.0245603
0.024481
0.0202375
0.0195028
0.0206223
0.0210315
0.0213085
0.0208631
0.0194669
0.0195872
0.0221771
0.0216744
0.0203164
0.0218752
0.0233953
0.0319605
0.0235792
0.0240812
0.0245386
0.0242771
0.0223924
0.0195492
0.0232017
0.0221518
0.0235153
0.0198712
0.0179255
0.0179788
0.016896
0.0177253
0.0213136
0.0218773
0.0222781
0.0206831
0.0169612
0.01752
0.0217896
0.0207926
0.0176109
0.0171089
0.0173437
0.0184034
0.0182228
0.0177536
0.019672
0.0206193
0.0223039
0.0229496
0.0219284
0.0221085
0.0205226
0.0219226
0.0220723
0.0219734
0.0216739
0.0179591
0.0196055
0.0212824
0.017088
0.0160301
0.0158392
0.0205736
0.0221655
0.0215367
0.0205307
0.0186223
0.0230893
0.0220455
0.0209321
0.0185224
0.0161045
0.0189871
0.0174612
0.0189118
0.0156289
0.0157967
0.0192934
0.0205245
0.0207496
0.0183088
0.0176187
0.0192036
0.018382
0.0187337
0.0160398
0.012358
0.0172154
0.0179861
0.0163744
0.0154667
0.016653
0.0170549
0.0167455
0.0154857
0.0170504
0.0176721
0.0170636
0.0159706
0.0121596
0.0115039
0.016136
0.0175758
0.0140729
0.0119723
0.0170835
0.017189
0.015696
0.0119269
0.0128652
0.0133573
0.0147162
0.0128264
0.0121733
0.0173874
0.0177104
0.0191136
0.0158894
0.0183285
0.0186985
0.0184474
0.0165831
0.0177074
0.0183355
0.0179295
0.0136918
0.0140811
0.0143161
0.0133748
0.0147465
0.0146786
0.0135233
0.0151137
0.0145691
0.0136512
0.0136506
0.0193617
0.0183292
0.0178381
0.0182713
0.0187639
0.0160075
0.0136426
0.0139161
0.0125536
0.0131292
0.0147653
0.0122257
0.0128825
0.0125214
0.0111407
0.012991
0.011956
0.0108752
0.0118537
0.011974
0.0109092
0.0114007
0.0126302
0.0112637
0.0176726
0.0123181
0.0115037
0.0162988
0.0181273
0.011921
0.0167027
0.0176463
0.0165601
0.0197483
0.0181676
0.0173242
0.018563
0.0190562
0.0168914
0.0179548
0.0179089
0.018185
0.0203838
0.0182346
0.0140732
0.0147989
0.0139483
0.0125188
0.0139018
0.0138108
0.0132814
0.0143394
0.0142764
0.0132914
0.0135551
0.0144758
0.0135441
0.0131991
0.01324
0.0130292
0.0155271
0.0138903
0.0124623
0.0174617
0.0166377
0.0156179
0.0173064
0.0182338
0.0161444
0.0138773
0.0148629
0.0147386
0.0145433
0.0163105
0.0158313
0.0149065
0.0193946
0.0186721
0.0158297
0.0119296
0.0122462
0.0117283
0.0163273
0.0169523
0.0124255
0.0142421
0.0157673
0.0151624
0.0176457
0.0179784
0.0165519
0.0171075
0.0157329
0.015799
0.0158981
0.0169915
0.0124822
0.0176715
0.01603
0.0143191
0.0133886
0.0176561
0.0182208
0.0131089
0.017426
0.0174223
0.0158252
0.0167757
0.0177574
0.0156011
0.0149033
0.0190219
0.0187663
0.0168589
0.0167763
0.0168735
0.0177399
0.0173514
0.0170522
0.017984
0.0144522
0.0170817
0.0144932
0.0151863
0.0131414
0.0178187
0.0162478
0.013152
0.0171071
0.0154299
0.012872
0.0178307
0.0171165
0.0138611
0.0193375
0.0185946
0.0276707
0.0135537
0.0139279
0.0148334
0.0137944
0.015909
0.0150397
0.0163785
0.0203753
0.0191237
0.0182499
0.0189932
0.0158285
0.0138952
0.0172519
0.014063
0.0137636
0.017752
0.0177095
0.0136705
0.0183335
0.0182941
0.014491
0.0191571
0.0181208
0.0148431
0.0187688
0.0186221
0.0148585
0.0191968
0.0189471
0.0168958
0.0187534
0.0195027
0.0143593
0.0143023
0.0179867
0.0178741
0.0196145
0.0192937
0.018137
0.0197088
0.0188213
0.0168115
0.0178191
0.0179642
0.0172596
0.0183947
0.0185976
0.0138105
0.0185923
0.0186398
0.0182988
0.0180201
0.0200512
0.0144112
0.0141859
0.0150516
0.0145754
0.0143772
0.0154033
0.0141336
0.0180965
0.0178026
0.0149256
0.0142751
0.014908
0.0132441
0.0138109
0.014322
0.0130636
0.017009
0.018492
0.0160474
0.0169802
0.0170916
0.0138163
0.0132185
0.0171343
0.0169771
0.0122235
0.0135999
0.0124151
0.0127713
0.0174389
0.0171906
0.0143142
0.015107
0.0143607
0.0127571
0.0162518
0.0160242
0.0106878
0.0169216
0.0154519
0.0125783
0.0135231
0.0131715
0.0140218
0.0144039
0.013885
0.0140674
0.0132917
0.0139484
0.0142621
0.0150156
0.0140512
0.0151937
0.0151497
0.0159684
0.0152148
0.0158611
0.0154369
0.0147282
0.0143565
0.012445
0.0124689
0.0119735
0.0103158
0.0111741
0.0105724
0.0113856
0.0163287
0.0164939
0.0224609
0.0183135
0.0177335
0.0144567
0.0155613
0.0142641
0.0150344
0.014543
0.0153239
0.017325
0.0158775
0.0152288
0.0186658
0.0190847
0.0179692
0.0176076
0.0178707
0.0138283
0.017963
0.0181906
0.0169459
0.0177609
0.017658
0.0151626
0.0167208
0.0149467
0.0152042
0.0152903
0.0143415
0.0149027
0.014142
0.0186196
0.0184288
0.0165145
0.0159601
0.0170083
0.0131396
0.0138183
0.0143826
0.0135342
0.0131671
0.0163418
0.0164685
0.0175067
0.0175657
0.0162523
0.0186304
0.0183032
0.0164656
0.0157595
0.014818
0.0127564
0.0129752
0.013896
0.0119752
0.0123337
0.0137889
0.0124554
0.0178062
0.0176549
0.013085
0.0187475
0.0178191
0.0129001
0.0179593
0.0196877
0.0135873
0.0182052
0.0149524
0.013852
0.018993
0.0175369
0.0143215
0.0185264
0.0182926
0.0147396
0.0149408
0.0155143
0.0159507
0.0155257
0.0147814
0.0136816
0.0181193
0.0187992
0.0169036
0.0188278
0.019853
0.0189749
0.019031
0.0176512
0.01577
0.0175709
0.0183564
0.01731
0.0189998
0.0186408
0.0175743
0.0179754
0.0187981
0.0163541
0.0175137
0.0190611
0.0154365
0.0183631
0.0172937
0.0146055
0.0186601
0.0184231
0.0176726
0.0177414
0.0175992
0.0175945
0.0172134
0.0173216
0.0162917
0.0164866
0.0281286
0.015059
0.016258
0.0146676
0.0147967
0.0150016
0.0138273
0.0178598
0.0192822
0.0143461
0.0174967
0.0183975
0.0165115
0.0179946
0.018308
0.013164
0.0134676
0.014077
0.0132685
0.0138345
0.0145242
0.012939
0.014152
0.0151666
0.0140617
0.0152378
0.01539
0.0138632
0.0187087
0.0192935
0.0143907
0.0197194
0.0184362
0.013328
0.0139561
0.0138492
0.0148011
0.0134225
0.0133798
0.0146494
0.0134126
0.0135821
0.0146909
0.0138791
0.0179645
0.0184472
0.0142088
0.0136191
0.0153512
0.0137494
0.0140117
0.0146252
0.0161653
0.0179792
0.0184989
0.0156114
0.0141781
0.0144114
0.0131362
0.0137425
0.0149614
0.0133804
0.0136799
0.0144406
0.0133366
0.0166221
0.0183333
0.0183859
0.0187758
0.0153815
0.0152038
0.0140123
0.0139424
0.0149212
0.0138193
0.0143759
0.0150096
0.0133424
0.0175137
0.0182496
0.0166783
0.0166147
0.0172403
0.0139646
0.017131
0.018623
0.0174402
0.0171636
0.0147149
0.0129421
0.0137079
0.0171001
0.0198065
0.0168074
0.0131978
0.0182346


