0.014574
0.014755
0.0151764
0.030911
0.0262106
0.0290004
0.0280385
0.0284764
0.030796
0.0301356
0.032039
0.0308702
0.0286844
0.0299321
0.0317257
0.0329744
0.0309278
0.0315383
0.0329206
0.0356674
0.0324675
0.0329606
0.0316971
0.0332217
0.0347683
0.0328572
0.0329269
0.0302534
0.0325844
0.0313142
0.0320382
0.0341741
0.0325399
0.031723
0.036145
0.0331243
0.033265
0.035528
0.0369121
0.0319872
0.0325429
0.0332572
0.0342476
0.0341845
0.0322137
0.0334474
0.0314498
0.0355611
0.033475
0.0352441
0.0223993
0.0227718
0.0226784
0.0236199
0.0226953
0.0275947
0.0230253
0.0239254
0.0138932
0.0286455
0.0146998
0.0139738
0.0153611
0.0144118
0.014584
0.0152785
0.0286048
0.0239001
0.0256317
0.0276448
0.0276364
0.0292494
0.0292416
0.0298518
0.0301723
0.0304181
0.0310379
0.0314329
0.0267766
0.0293751
0.0297529
0.0313548
0.0307362
0.0332689
0.0298431
0.0321121
0.0313645
0.0329911
0.0335206
0.0352183
0.0324975
0.0306816
0.0313023
0.0319117
0.0312837
0.0314492
0.0338646
0.0322659
0.0331649
0.0354575
0.0346745
0.0334233
0.0350597
0.0326975
0.0348675
0.0360123
0.0352929
0.0370426
0.034925
0.0346267
0.0317283
0.0361825
0.0341935
0.033878
0.0222441
0.0209056
0.0224687
0.0237215
0.0263025
0.0244578
0.025461
0.0242291
0.0303512
0.0263211
0.0304736
0.0300864
0.0317092
0.027755
0.0272071
0.0274626
0.0281449
0.0263975
0.0279263
0.0319519
0.026466
0.028926
0.0292241
0.0268653
0.028364
0.0287315
0.0302549
0.0296255
0.0309503
0.0283165
0.0299352
0.0294002
0.0305515
0.0281236
0.0306536
0.0304349
0.0279956
0.0296502
0.0317203
0.0287811
0.0295959
0.0302182
0.0321325
0.0311118
0.0296744
0.0330072
0.030735
0.0306586
0.032465
0.0316264
0.0287113
0.0309827
0.0293064
0.0290815
0.0307897
0.0323215
0.0290144
0.0299225
0.0294099
0.0292348
0.0334473
0.0312684
0.0301618
0.0310953
0.0344331
0.0294365
0.0330336
0.0326949
0.0332168
0.0322772
0.0352602
0.0304941
0.0315075
0.031198
0.0338253
0.0329936
0.0299179
0.032551
0.0305363
0.030405
0.0310349
0.0310517
0.0302469
0.0297558
0.0330187
0.0291252
0.0308513
0.0311353
0.0318907
0.0287908
0.0307694
0.0301898
0.0302211
0.0314834
0.0305959
0.0318259
0.0311184
0.0321802
0.0324353
0.0332107
0.0326514
0.0324512
0.0299701
0.0305694
0.0311554
0.0305844
0.0326793
0.029712
0.0320587
0.0328626
0.0325044
0.0302172
0.0308241
0.0309526
0.0304307
0.0309785
0.0296248
0.0305227
0.0294225
0.033679
0.0281297
0.0287567
0.030107
0.0271293
0.028297
0.0293271
0.0262624
0.0305325
0.0356933
0.0282334
0.031273
0.0326855
0.0294049
0.0337194
0.0323089
0.0286826
0.0300955
0.0307161
0.0282094
0.0297787
0.0308346
0.0327573
0.0324183
0.0305428
0.0321941
0.0345307
0.0294983
0.0324135
0.0333209
0.0323709
0.0307829
0.0331139
0.0332407
0.0309184
0.0321663
0.0312183
0.0348756
0.0289373
0.0307583
0.0323227
0.0322481
0.0316958
0.033197
0.0302787
0.0324297
0.0326046
0.0322771
0.0304362
0.0314016
0.0323461
0.0317615
0.031531
0.0320212
0.0327652
0.0317235
0.0322732
0.0298477
0.0300873
0.0285267
0.0290733
0.0266101
0.0296595
0.02758
0.0237081
0.0256672
0.0275146
0.0231802
0.0264573
0.0283169
0.0258949
0.0263236
0.0231394
0.0284387
0.0283875
0.0258359
0.0300079
0.030414
0.0305802
0.0289251
0.0303387
0.0345124
0.0319898
0.0351858
0.0316429
0.0313901
0.0292597
0.0298418
0.0323419
0.0250935
0.0309081
0.0300246
0.0301427
0.0287892
0.031952
0.029398
0.0324389
0.0315974
0.0299405
0.0317071
0.0325638
0.0305102
0.0309215
0.0313074
0.0288183
0.0299488
0.0301268
0.0291664
0.0268725
0.030161
0.031074
0.0288113
0.032379
0.0298185
0.0323761
0.0302144
0.0276516
0.0278317
0.0291856
0.026788
0.0290076
0.0300912
0.034764
0.0334581
0.0333957
0.0335142
0.0342828
0.0329561
0.0335075
0.0314516
0.0305168
0.0293837
0.0306609
0.0296565
0.0307684
0.0309097
0.031471
0.0315678
0.0301059
0.0301589
0.0291838
0.0289718
0.0293265
0.0315472
0.0271491
0.0292761
0.0282292
0.0319951
0.0310259
0.0305961
0.0299606
0.0304693
0.0311683
0.0318279
0.0314719
0.0277239
0.0288569
0.0282565
0.0287417
0.0283114
0.0304154
0.030573
0.0301643
0.0288438
0.0296488
0.0302121
0.0282145
0.0290349
0.0295173
0.03109
0.0300285
0.0305089
0.0300356
0.0303248
0.0320926
0.0298983
0.0318229
0.0316219
0.0314448
0.0330673
0.0315428
0.0314225
0.0316507
0.0311651
0.0314677
0.0301542
0.0316756
0.0300459
0.0310761
0.0310464
0.0311744
0.0313548
0.0312373
0.031919
0.0311251
0.0352253
0.0334535
0.0289002
0.0302321
0.030089
0.0296572
0.0292944
0.0288758
0.029131
0.0303965
0.0312539
0.030851
0.0298835
0.0303737
0.0314902
0.0324106
0.0296827
0.029007
0.0278121
0.0293117
0.0299591
0.0296109
0.0296273
0.0309788
0.0295334
0.028085
0.0280096
0.0261846
0.0267452
0.0282312
0.0303065
0.0250694
0.0269036
0.0298912
0.0299573
0.0308965
0.0284835
0.0302856
0.0302553
0.0304256
0.0317184
0.0325011
0.0316384
0.0313442
0.0315107
0.0304179
0.0302791
0.0303143
0.0302405
0.0298826
0.029846
0.0294246
0.0295354
0.0308123
0.0305598
0.0283454
0.0296962
0.0292566
0.0322676
0.0312337
0.0298199
0.0323885
0.0353171
0.0330298
0.0314264
0.0319294
0.0296059
0.0291911
0.0300064
0.0287518
0.0294033
0.0278079
0.0297503
0.0309084
0.0303113
0.0303045
0.0303725
0.0302947
0.0292813
0.0288604
0.0298638
0.0339482
0.0316205
0.0303635
0.0340101
0.0328426
0.029348
0.0291506
0.0305749
0.0292659
0.0265567
0.029779
0.0299201
0.0266842
0.0286339
0.0265006
0.028372
0.027966
0.0248457
0.0284171
0.0308286
0.0261494
0.0268822
0.0270678
0.0255758
0.0292981
0.0277097
0.0235637
0.0243461
0.024389
0.0219953
0.0236136
0.0239759
0.0191171
0.0234583
0.0240743
0.0180442
0.0196588
0.0204792
0.017901
0.020795
0.0199909
0.0189716
0.0205899
0.0223223
0.0193251
0.0211617
0.0209423
0.0206938
0.0215954
0.0204081
0.0226029
0.0250692
0.0200946
0.0212278
0.0209107
0.0205074
0.0203487
0.0223986
0.0217364
0.0205283
0.0223574
0.0213064
0.0209928
0.0208868
0.0217171
0.0227269
0.0198808
0.0221843
0.0241702
0.0218841
0.0223359
0.0224105
0.0236594
0.0255538
0.0212657
0.0223506
0.0220446
0.0221034
0.0217491
0.0239721
0.0230512
0.0207862
0.0224413
0.0225533
0.0215008
0.0229171
0.0232595
0.0214568
0.0228574
0.0225707
0.0222668
0.0218644
0.0254794
0.0206263
0.0225413
0.0234315
0.0263213
0.0211529
0.0223532
0.0221482
0.0250575
0.0262694
0.0207264
0.0261065
0.0261896
0.0223834
0.021868
0.0222075
0.0216046
0.0219525
0.0212398
0.0210935
0.0218673
0.0208326
0.0207935
0.0200691
0.0223928
0.0210231
0.0203245
0.0207586
0.020509
0.0204455
0.0232672
0.0198295
0.0218692
0.0217109
0.024012
0.0226504
0.0235609
0.022251
0.0226064
0.0222498
0.0220722
0.0302792
0.0231236
0.0221885
0.0231508
0.0225831
0.0237163
0.025513
0.0233286
0.0231218
0.0230879
0.0238166
0.0236386
0.024026
0.0240186
0.0238836
0.0247023
0.0240274
0.024616
0.0240545
0.0226386
0.023542
0.0238368
0.0237887
0.0244118
0.0234666
0.0242596
0.022803
0.0227412
0.0237846
0.0240678
0.0249096
0.0246948
0.022201
0.0236835
0.0224591
0.0221504
0.0220363
0.0228559
0.0215323
0.0212534
0.0253534
0.0213866
0.0217694
0.0205963
0.0202272
0.0200946
0.019787
0.0207558
0.0190641
0.0205702
0.0252151
0.0211343
0.0229796
0.0226644
0.0217416
0.0213104
0.0210356
0.0220505
0.0209685
0.0238914
0.0245508
0.0241604
0.0230893
0.0232791
0.022222
0.0223878
0.023756
0.0242843
0.023427
0.0264982
0.0233224
0.0237275
0.0256717
0.0252229
0.027851
0.0256086
0.0270151
0.0269577
0.0274553
0.0288995
0.0271746
0.0273403
0.0255146
0.0312936
0.0311405
0.0257955
0.0292641
0.0300224
0.026654
0.0265597
0.0266683
0.0287422
0.0280799
0.0250824
0.0293563
0.0317982
0.0265027
0.0269903
0.0275203
0.0270613
0.0279445
0.0260001
0.0273028
0.0285452
0.0279301
0.0258605
0.0265072
0.0288123
0.0273772
0.0268678
0.0280817
0.0251884
0.0281484
0.0275634
0.0265773
0.0312693
0.0303863
0.0262471
0.0269854
0.0273153
0.0291267
0.0265057
0.0277646
0.030216
0.0245402
0.0262696
0.0249458
0.0248144
0.0255101
0.022845
0.0243233
0.0243151
0.0264437
0.0230088
0.0248453
0.0254428
0.0260451
0.025289
0.0252707
0.0252439
0.0258066
0.0276542
0.0313432
0.0242907
0.0262322
0.0271534
0.0295294
0.0265302
0.0311251
0.0330304
0.0273715
0.0279181
0.0274397
0.0283452
0.029
0.0266534
0.0288081
0.0314261
0.0278465
0.0293677
0.0299397
0.0290245
0.0267623
0.0280532
0.0294002
0.0273347
0.030232
0.0303765
0.0290801
0.0291096
0.0319425
0.0309365
0.0298064
0.0296138
0.0304244
0.0285241
0.0294798
0.0297304
0.031152
0.0305209
0.031076
0.0300661
0.0287883
0.0297117
0.028085
0.0306455
0.030959
0.0319001
0.0304579
0.0299157
0.0305737
0.0326255
0.0338236
0.0337913
0.0322131
0.0303806
0.0315315
0.0310488
0.0301921
0.0323947
0.0302716
0.0299051
0.0302752
0.028339
0.0315552
0.0363122
0.0285113
0.0285004
0.0285756
0.025689
0.0266925
0.0265862
0.023327
0.0282524
0.0254814
0.0217889
0.0240222
0.0240425
0.0215944
0.0249583
0.0226953
0.0242472
0.0218187
0.0271258
0.0245618
0.0213196
0.025062
0.0224113
0.0230273
0.0264106
0.0274582
0.0233278
0.024561
0.0243235
0.024943
0.0273648
0.0302952
0.0274887
0.0264438
0.0249358
0.0261954
0.0266856
0.024163
0.0253199
0.0243118
0.0250885
0.0255751
0.0237254
0.0243844
0.0250674
0.0248944
0.0226318
0.0238269
0.0248112
0.0269009
0.0226756
0.0239834
0.0271122
0.027411
0.0219657
0.025926
0.0259241
0.0269819
0.0280382
0.0286129
0.0285372
0.0319319
0.031583
0.0276437
0.030016
0.0292512
0.028052
0.0296316
0.0295536
0.0307127
0.0278111
0.0272157
0.027943
0.0266928
0.0284782
0.0292011
0.0262516
0.0284514
0.0288231
0.0265881
0.0285154
0.02911
0.0261999
0.0289788
0.0285289
0.0270393
0.0302911
0.0293372
0.0276712
0.0269309
0.0274655
0.0280453
0.0279432
0.0319399
0.0305027
0.0293007
0.0269335
0.0283757
0.0305857
0.0280079
0.0319713
0.0304456
0.028976
0.0296995
0.0301267
0.0264378
0.0282932
0.031772
0.0271214
0.0284233
0.0291238
0.0304154
0.0296351
0.0278585
0.0263213
0.0295273
0.0294459
0.0256003
0.0268906
0.0278576
0.0295228
0.0246462
0.0257154
0.0260279
0.0255189
0.0261176
0.0287728
0.0273948
0.0252822
0.0258497
0.0262792
0.0237974
0.0250779
0.0244793
0.0266195
0.0257961
0.0229254
0.0260004
0.0246506
0.0252487
0.0229003
0.0252708
0.0274296
0.0242765
0.0255212
0.0266763
0.0244483
0.0257812
0.0271467
0.0255435
0.0258178
0.026442
0.0240579
0.0247822
0.0279057
0.0248757
0.0268906
0.0277658
0.0255655
0.0266976
0.0287331
0.0247731
0.0264354
0.0271453
0.0281662
0.0270282
0.0286429
0.028945
0.0261547
0.0270633
0.0253959
0.02676
0.0254809
0.0256673
0.0260366
0.0259868
0.0242611
0.0252596
0.0251605
0.0248691
0.0236796
0.0242515
0.0220243
0.0259944
0.0246354
0.021701
0.0283515
0.023142
0.0214499
0.0246251
0.0265959
0.0226472
0.0248206
0.0254624
0.0235886
0.0281842
0.0283526
0.0271981
0.027394
0.0270135
0.0305665
0.0283838
0.0283001
0.0284392
0.0275791
0.0270582
0.0272043
0.0313011
0.0283953
0.0308256
0.0303553
0.030068
0.0285497
0.0289214
0.0327429
0.0314847
0.0284204
0.0303586
0.030065
0.0303775
0.0282035
0.028922
0.0285518
0.0281257
0.0286818
0.0289772
0.0298291
0.0287965
0.0286706
0.0298372
0.0278857
0.027831
0.0309245
0.0295322
0.0281074
0.0272299
0.0277998
0.0295661
0.0287808
0.0286662
0.0311612
0.0343999
0.0302122
0.0288345
0.029822
0.0319247
0.0285632
0.0292476
0.0293838
0.0329644
0.0354052
0.030343
0.0288553
0.0285987
0.0282151
0.0326036
0.0288049
0.0275813
0.0292226
0.0282615
0.0294372
0.0271778
0.0283301
0.0283868
0.0269813
0.0283571
0.0308216
0.0321907
0.0294238
0.0321487
0.030142
0.0316002
0.0331334
0.030772
0.031154
0.0318818
0.0317086
0.0320899
0.0282434
0.0293733
0.0290754
0.0306382
0.0336184
0.0333658
0.0306724
0.0304229
0.0309853
0.0299593
0.028136
0.029364
0.0300076
0.0331376
0.0301847
0.0272818
0.0303496
0.0302616
0.0317016
0.0283321
0.0287983
0.0295767
0.0304688
0.0311066
0.0293008
0.0298379
0.0290626
0.0291719
0.0292635
0.0278943
0.0255972
0.0274344
0.0284438
0.0263098
0.0275697
0.0285791
0.025825
0.0277427
0.0314431
0.0262135
0.0293666
0.0309557
0.0269365
0.0281429
0.0314088
0.030515
0.0285547
0.030955
0.0270314
0.027348
0.0281421
0.0298253
0.0270969
0.0297084
0.0292508
0.0292034
0.0270814
0.0297661
0.0289801
0.0262115
0.0297677
0.0297837
0.0290831
0.0287731
0.0289711
0.0266515
0.0280177
0.0284719
0.0264832
0.0292145
0.0296559
0.0278706
0.0305212
0.0297705
0.0299373
0.0277998
0.0303733
0.0312366
0.0321065
0.0313267
0.0312517
0.0297245
0.0279759
0.0308948
0.0356124
0.029948
0.0312039
0.033238
0.0317495
0.0320976
0.031938
0.0310379
0.0281421
0.0323148
0.0323214
0.0317353
0.0286466
0.0319915
0.0323524
0.0343065
0.0282448
0.0316375
0.0321178
0.029655
0.0286005
0.0302319
0.0310311
0.0329382
0.0330666
0.0316625
0.032329
0.0318096
0.0304484
0.0311323
0.0304524
0.0335607
0.0367839
0.0345377
0.030756
0.0321471
0.0321563
0.0337685
0.0332155
0.0323179
0.0372387
0.0344825
0.036928
0.0317931
0.0363417
0.0353512
0.0349085
0.0353756
0.0351656
0.0363501
0.0358038
0.0329347
0.0339558
0.0350107
0.0342999
0.034392
0.0340483
0.034979
0.0357331
0.0326365
0.0340934
0.0327919
0.0329463
0.0310457
0.0337236
0.0334297
0.0312542
0.0333605
0.030646
0.0295799
0.0312658
0.0313627
0.0308919
0.02759
0.0287359
0.0304891
0.0302659
0.029913
0.027715
0.0320045
0.0296545
0.0330978
0.0278186
0.0275664
0.0291768
0.0290973
0.0307838
0.0283866
0.0316735
0.0324161
0.0333164
0.0318353
0.0302045
0.0295851
0.0314723
0.0295941
0.0292184
0.0290331
0.031844
0.0309971
0.0312572
0.0289791
0.0284884
0.0274933
0.0306983
0.0305368
0.0281931
0.0265333
0.0271817
0.027955
0.0278935
0.0263904
0.0259757
0.0260718
0.0280771
0.0277771
0.0272081
0.0244748
0.025702
0.0274998
0.030832
0.0267507
0.024411
0.0266262
0.0261452
0.023525
0.0262015
0.0258537
0.0286746
0.0240936
0.0264365
0.0271563
0.0252466
0.0251984
0.0283335
0.0302794
0.0262959
0.0236592
0.0248821
0.0251541
0.0254036
0.0251153
0.0226524
0.0255186
0.0252507
0.0249009
0.0238461
0.0231423
0.0230398
0.025175
0.0264039
0.0252211
0.0234909
0.0229093
0.0220129
0.0224191
0.0229522
0.0249787
0.0223973
0.0211321
0.0214161
0.0211379
0.025614
0.0229319
0.0202286
0.0227817
0.0231444
0.0209156
0.0229531
0.0236183
0.0244266
0.0224548
0.0232192
0.0228049
0.0212537
0.0230412
0.0231735
0.0274419
0.0231873
0.0230724
0.023368
0.0226511
0.0229465
0.025958
0.0257103
0.0267269
0.0243658
0.0233542
0.0221855
0.0227238
0.0246544
0.0262571
0.0261332
0.0257204
0.028463
0.030931
0.0276574
0.0237879
0.027503
0.026726
0.0248423
0.024816
0.0242358
0.0249114
0.02483
0.0263694
0.025468
0.026211
0.0267651
0.0236221
0.0249941
0.0259704
0.0276218
0.024643
0.0251258
0.0247673
0.0244846
0.0257684
0.0256227
0.0238134
0.0251391
0.0243875
0.0244143
0.0244279
0.0237622
0.024344
0.0259381
0.0233718
0.0253855
0.0248798
0.0245637
0.0248518
0.0258201
0.024426
0.0254064
0.0279835
0.0289879
0.0248427
0.0264676
0.0263658
0.0260778
0.0262982
0.0261569
0.0259959
0.0259314
0.0278211
0.0305805
0.0258269
0.0257453
0.0262367
0.02744
0.0270588
0.0266722
0.0276444
0.0272281
0.0270264
0.0286721
0.0251783
0.0261712
0.0269626
0.0260521
0.0255574
0.026299
0.0259869
0.0250051
0.0252216
0.0283551
0.0264228
0.0254129
0.0255375
0.0248091
0.0259101
0.0256852
0.0256204
0.0255026
0.0289805
0.0276654
0.025205
0.0281145
0.0263059
0.0264956
0.026
0.0258012
0.0257084
0.0258311
0.0265162
0.0252357
0.0225964
0.0238267
0.0240186
0.0218192
0.0222528
0.0227463
0.0211071
0.025098
0.022228
0.0211096
0.0214378
0.02376
0.0227762
0.0212617
0.0218358
0.0216459
0.0215635
0.0240206
0.0218048
0.0218265
0.0216232
0.0201084
0.0217259
0.0217139
0.0212036
0.0218772
0.0219198
0.0219193
0.0215336
0.0232321
0.0228781
0.0235346
0.0236041
0.0243857
0.024783
0.0223667
0.0258007
0.0273988
0.0248893
0.0274426
0.0275478
0.0258482
0.0281112
0.0281481
0.0254763
0.0300397
0.028511
0.0259879
0.0311556
0.0289836
0.0266539
0.0291293
0.0306893
0.0262258
0.0264391
0.0267699
0.0296854
0.0255324
0.027288
0.0276718
0.0253854
0.0268511
0.026571
0.0245165
0.0265548
0.0265465
0.0251843
0.0263433
0.0270141
0.0241487
0.0265648
0.027742
0.0253168
0.0277469
0.028019
0.0256078
0.0276375
0.0282325
0.0255319
0.0280349
0.0278737
0.0247872
0.0270373
0.0286883
0.0248636
0.0264103
0.0264738
0.0238852
0.0259882
0.0264798
0.0241068
0.0260513
0.0282418
0.0242303
0.0258995
0.0272202
0.0244346
0.0255242
0.0262538
0.0239227
0.0258
0.0250351
0.0260277
0.023857
0.0261807
0.0269482
0.0245843
0.0273662
0.0271887
0.0243113
0.0254076
0.0258807
0.0266867
0.0243224
0.0256975
0.0267781
0.0245702
0.0287078
0.028054
0.0269032
0.0260066
0.0248833
0.0250537
0.0262527
0.0249361
0.0243038
0.0248075
0.0261389
0.0239056
0.026019
0.026557
0.0249151
0.0257932
0.0288698
0.0252593
0.0256163
0.0281353
0.0298234
0.026206
0.027847
0.0294279
0.0268037
0.0286707
0.0304072
0.0292035
0.0299772
0.0272225
0.0264379
0.0250155
0.02473
0.0261085
0.0258419
0.025415
0.0253652
0.0227567
0.0239787
0.0248146
0.0240835
0.0244762
0.0239592
0.0246763
0.0263222
0.0253078
0.0236617
0.0246354
0.0253711
0.0243748
0.0252095
0.0241044
0.0246607
0.025144
0.0251203
0.0255032
0.0265281
0.0259787
0.0294793
0.0302145
0.0286976
0.0312652
0.0308576
0.0311075
0.031392
0.0328364
0.0336459
0.0307868
0.0300943
0.031548
0.031067
0.0293276
0.029453
0.0295982
0.0313007
0.0307895
0.0304598
0.0290283
0.0302823
0.0300738
0.0294675
0.0315644
0.0289822
0.0291842
0.0291254
0.0303686
0.0310153
0.0285556
0.0310189
0.0326368
0.0344073
0.0296471
0.0301954
0.0313417
0.0313725
0.0316424
0.0335661
0.0309915
0.0320386
0.0333111
0.0356193
0.0330678
0.0317965
0.0329353
0.0332121
0.0324229
0.0313076
0.0348219
0.0324686
0.030385
0.027961
0.0286057
0.0313104
0.0280583
0.0286907
0.0285359
0.0284428
0.0291695
0.0275861
0.027565
0.0282638
0.0288981
0.0294502
0.0261795
0.0278331
0.0273884
0.0303495
0.028346
0.0273208
0.0277205
0.0282703
0.0267216
0.0282542
0.0285231
0.0262251
0.0275602
0.0274814
0.0259172
0.0262429
0.0289053
0.0271412
0.0242248
0.0265418
0.0257285
0.0228819
0.0243545
0.0235163
0.0240948
0.0216967
0.0237154
0.0261298
0.0276608
0.0225027
0.0227088
0.0222688
0.022751
0.0246907
0.0242689
0.0222454
0.0231232
0.0230391
0.0226917
0.0232491
0.0260826
0.0261684
0.0226585
0.0231821
0.0272844
0.0262033
0.027613
0.0245872
0.0246508
0.0249486
0.0261547
0.024571
0.0250881
0.0250893
0.0252439
0.0272775
0.0286264
0.027338
0.0262265
0.026789
0.0262354
0.0266926
0.025436
0.0260361
0.0252493
0.0253333
0.0285072
0.0278118
0.0273862
0.0261589
0.0289285
0.0301693
0.0264214
0.0233583
0.0253725
0.0273599
0.0260201
0.0256409
0.0261074
0.0271581
0.0261009
0.0266158
0.0243534
0.0254997
0.0260824
0.026766
0.025835
0.0238611
0.0261717
0.0264297
0.0255047
0.0250726
0.0247627
0.0264445
0.0264292
0.0248719
0.0270149
0.0276997
0.0257422
0.026331
0.0283813
0.0280161
0.0283131
0.0256107
0.0274663
0.0283994
0.026409
0.0285709
0.0287423
0.0257805
0.0266558
0.0257632
0.026427
0.0277086
0.0255704
0.0282156
0.028405
0.0248108
0.0286245
0.0272453
0.0262099
0.026322
0.0267762
0.0249352
0.0245528
0.0235284
0.0244954
0.0255842
0.0233612
0.0255271
0.0262666
0.0252665
0.0280088
0.026827
0.0248457
0.0241986
0.0257909
0.0258585
0.0232187
0.0231872
0.0260657
0.0267826
0.0242147
0.0242748
0.0270945
0.028804
0.0231607
0.0245978
0.025178
0.0269379
0.0286411
0.0256267
0.0270579
0.0276324
0.0247285
0.0257612
0.0264705
0.0285724
0.0264141
0.0273329
0.02775
0.0253118
0.0266284
0.026609
0.02694
0.0262383
0.0238911
0.0250408
0.0268637
0.0278813
0.0257459
0.028272
0.0289106
0.024763
0.0259914
0.0257852
0.0252752
0.0263013
0.0263011
0.0240127
0.0262984
0.0265031
0.0234226
0.0246202
0.0249323
0.0227224
0.0250184
0.0259011
0.0236899
0.0248211
0.0270234
0.0241374
0.0250843
0.0266649
0.0215952
0.0269151
0.0248344
0.0227353
0.0233575
0.0238874
0.0233767
0.0212765
0.0234539
0.0230054
0.0216947
0.0220786
0.0217515
0.0230159
0.020316
0.0222802
0.0218969
0.0203532
0.0216484
0.021726
0.0242411
0.0227292
0.0210641
0.0222035
0.023879
0.0253166
0.0218653
0.0243288
0.0266035
0.022423
0.026123
0.0247217
0.0250584
0.0252672
0.0257887
0.0241478
0.0256709
0.0265004
0.0242709
0.027385
0.0271826
0.0250999
0.0258409
0.024758
0.0238051
0.0247772
0.0257836
0.0248364
0.029038
0.0271344
0.0235172
0.0249037
0.0248528
0.0241336
0.0239176
0.0257278
0.0221572
0.0240923
0.0241208
0.0226425
0.0237922
0.024563
0.0228803
0.0240541
0.0240471
0.0209965
0.0241266
0.0244317
0.0214753
0.0260452
0.0284181
0.0260485
0.0266852
0.0277652
0.0253488
0.0275625
0.0277714
0.0256217
0.028824
0.031896
0.0269134
0.0331148
0.0285769
0.0268491
0.0285705
0.0289457
0.0272489
0.0331381
0.0322615
0.0289072
0.0291626
0.0299071
0.0281946
0.0307039
0.0302551
0.0287236
0.0297263
0.029907
0.0306962
0.0310004
0.0290888
0.0286816
0.0298082
0.0260708
0.0286814
0.0284185
0.0268804
0.0282165
0.0291351
0.0268918
0.0261741
0.0278843
0.0275209
0.0259214
0.0255011
0.0281074
0.0273209
0.0297808
0.0277018
0.0284796
0.0294669
0.0290557
0.0278885
0.0323053
0.0314081
0.0304249
0.032267
0.0324883
0.0320625
0.0310016
0.0318892
0.0312847
0.0289375
0.0299393
0.0310694
0.029293
0.0325876
0.0303544
0.0296202
0.0302013
0.0325639
0.0280121
0.029899
0.0296882
0.030854
0.0322356
0.030087
0.0325193
0.0307612
0.0295051
0.0279162
0.0305506
0.0307532
0.0320175
0.0282608
0.0305956
0.0321101
0.0285298
0.0299026
0.0293743
0.029337
0.0305683
0.0293398
0.0291755
0.0273135
0.0310837
0.0304726
0.0289917
0.028933
0.0310875
0.0315204
0.0299895
0.0299306
0.0341898
0.0345497
0.0337206
0.0313964
0.032683
0.034512
0.0319123
0.0301254
0.0311252
0.0315376
0.0340006
0.0326273
0.0309823
0.0326386
0.034513
0.0375707
0.0307184
0.0317863
0.0342825
0.032434
0.0349854
0.0355845
0.0322552
0.030088
0.0314487
0.0310527
0.0302628
0.0325669
0.0305167
0.0291028
0.0316642
0.0321765
0.0309808
0.0266257
0.0270897
0.027832
0.0319519
0.0257168
0.0261226
0.0261921
0.0263936
0.0274289
0.0251929
0.0246374
0.0255063
0.0261025
0.0234274
0.0236305
0.0257714
0.0266974
0.0288872
0.0304675
0.0313669
0.0276398
0.0269704
0.0284316
0.0273265
0.0357197
0.0272609
0.0260939
0.0311017
0.0292213
0.0292861
0.0251963
0.0268197
0.0269772
0.0298438
0.0281186
0.0267128
0.0260951
0.0271156
0.026951
0.0306811
0.0242109
0.0273293
0.0274418
0.0270998
0.0250215
0.027629
0.028059
0.0284765
0.0250263
0.0256156
0.0272821
0.0259937
0.0237911
0.0254847
0.0266269
0.0269684
0.0272934
0.0278668
0.0258327
0.0259779
0.0264877
0.0253939
0.0239954
0.024416
0.0240221
0.026387
0.02748
0.0254299
0.0239988
0.0242498
0.0275053
0.0281982
0.0231799
0.0248424
0.0261843
0.0272275
0.0258469
0.0258141
0.0281392
0.0284067
0.0268077
0.0248473
0.0256521
0.0273606
0.0264015
0.0267594
0.0273126
0.025897
0.0295371
0.0284744
0.0294153
0.0272589
0.031056
0.028319
0.027521
0.0289509
0.0302744
0.0270733
0.0295273
0.0292764
0.0281211
0.0289281
0.0289357
0.0285868
0.0317338
0.0287554
0.0257751
0.0309524
0.028239
0.0282494
0.0287774
0.0296206
0.0278078
0.0291569
0.028969
0.0272383
0.0279068
0.0291313
0.0267845
0.0287712
0.0279862
0.0271615
0.0265376
0.0278544
0.024116
0.0261913
0.0248823
0.0232235
0.0245824
0.0260227
0.0242654
0.025352
0.0283817
0.0263893
0.0251011
0.0291266
0.0286291
0.0234738
0.0259463
0.0270065
0.0240251
0.0256951
0.0274928
0.0274667
0.0252627
0.0286361
0.0290767
0.0288488
0.0301771
0.0319027
0.0300034
0.0274648
0.0294781
0.0283058
0.0263899
0.0286934
0.0294563
0.0252004
0.0275329
0.0285783
0.0299595
0.0247543
0.0277538
0.028322
0.026398
0.0307135
0.0284289
0.0274344
0.0295882
0.028371
0.027875
0.0299138
0.0292133
0.0311846
0.0293711
0.0263247
0.0300637
0.0310434
0.0299991
0.025511
0.0287926
0.0324818
0.0289805
0.025549
0.0298235
0.0296731
0.027683
0.0292006
0.0298016
0.0272969
0.025682
0.027475
0.0288788
0.0263492
0.0259489
0.0258541
0.0262753
0.026501
0.0256632
0.0259881
0.0267473
0.0264074
0.026926
0.0253686
0.0274269
0.0296694
0.0282184
0.0268971
0.0318571
0.0301778
0.0277886
0.0272558
0.0287495
0.0302223
0.0295184
0.0301181
0.032461
0.0308212
0.0295889
0.0268728
0.0302153
0.0295721
0.0294233
0.0268505
0.0325008
0.0317882
0.0275314
0.0259073
0.0287641
0.0282568
0.0270082
0.026199
0.0282872
0.0290563
0.0301009
0.0261887
0.0284496
0.0307173
0.0280058
0.0259286
0.0274795
0.0287108
0.027673
0.0273447
0.0299421
0.0311575
0.0332887
0.0282523
0.0310368
0.0320718
0.03253
0.0321796
0.0328881
0.0326774
0.0305106
0.0288034
0.0329495
0.0323944
0.0307268
0.0285638
0.0307564
0.0305591
0.0320308
0.0307338
0.0311925
0.0321923
0.031137
0.0296555
0.0309963
0.0316897
0.0307614
0.0305797
0.0313121
0.033421
0.0347122
0.0299546
0.0320853
0.0312691
0.0329314
0.0348323
0.0315465
0.0324371
0.0351374
0.034511
0.0322163
0.0329429
0.0346498
0.0337576
0.0315626
0.0326224
0.0328018
0.0339039
0.0315128
0.0336623
0.0348047
0.0320136
0.0294542
0.0291836
0.0295537
0.0295336
0.0292395
0.0291052
0.030052
0.0291959
0.0284674
0.0297624
0.0318186
0.0285257
0.0307743
0.0311227
0.0303985
0.0330646
0.0347703
0.0308085
0.031147
0.0304421
0.0291043
0.0286754
0.0282956
0.0281109
0.0283171
0.029064
0.0292605
0.0268317
0.0273967
0.0303936
0.0297743
0.0290237
0.0272457
0.0277525
0.0258261
0.0277273
0.02777
0.0273735
0.0248656
0.0250866
0.0251433
0.0248839
0.0278642
0.0291269
0.0292134
0.0281748
0.0251088
0.0243927
0.0250254
0.026624
0.0282847
0.0277738
0.0327024
0.0257361
0.0263668
0.0260507
0.025415
0.02625
0.025355
0.0246695
0.024928
0.0276952
0.0267895
0.0276036
0.0264407
0.0278238
0.0253053
0.0255923
0.0285298
0.0315159
0.0282392
0.0265144
0.0260601
0.0259535
0.0251932
0.0263009
0.0293449
0.0268897
0.0278166
0.0242092
0.0278753
0.0267284
0.0264372
0.0243467
0.0246282
0.0259507
0.0280588
0.029136
0.0237454
0.026023
0.0296205
0.0276686
0.0288111
0.0245321
0.0258129
0.0255299
0.0260047
0.0291327
0.0276167
0.0272816
0.0246325
0.0249566
0.0292028
0.027418
0.0284075
0.0257225
0.0276015
0.0274987
0.0268196
0.0253196
0.0273316
0.0279458
0.0286824
0.0257163
0.027928
0.0287575
0.0254455
0.0248626
0.0284362
0.0269239
0.0253189
0.0247556
0.0250637
0.0245017
0.0256778
0.0271882
0.0302266
0.0235006
0.025013
0.026619
0.0248569
0.0250979
0.0259818
0.0261212
0.0289261
0.0245719
0.0233858
0.0250213
0.024174
0.0283258
0.0281385
0.0268334
0.025716
0.0254772
0.0247516
0.028675
0.0300775
0.0228044
0.0230736
0.0231349
0.0247762
0.0244311
0.0219271
0.0231471
0.0239175
0.0243317
0.0216756
0.0240415
0.0245093
0.0223862
0.0244498
0.0248188
0.025592
0.0241984
0.0258276
0.0298926
0.0252258
0.0253969
0.0262064
0.0264924
0.0237721
0.0251554
0.0254661
0.0262471
0.0236394
0.0268369
0.0266811
0.0255007
0.0307598
0.0262226
0.0243438
0.025744
0.0261926
0.0238665
0.0250801
0.026824
0.0275144
0.0249347
0.0290573
0.0274182
0.0257751
0.0262337
0.0269491
0.0276076
0.0262345
0.0269245
0.0267696
0.0264893
0.0276653
0.0278679
0.0253153
0.0281966
0.0307205
0.0265904
0.0289805
0.0317808
0.0270218
0.0300041
0.0297163
0.0271651
0.0322052
0.0292011
0.026684
0.0294069
0.0287083
0.0270931
0.0279477
0.0286601
0.0257107
0.0295812
0.0278712
0.0259666
0.0275448
0.0271696
0.0259096
0.0280076
0.0264891
0.0248573
0.0255427
0.0262134
0.0238629
0.0253727
0.0251607
0.0237869
0.0246642
0.0257142
0.0231437
0.0264113
0.026891
0.0283163
0.0249236
0.0261011
0.027088
0.0254738
0.0261338
0.0254177
0.0293691
0.0289557
0.0263594
0.0239481
0.025945
0.026983
0.0255291
0.0272615
0.026583
0.0258121
0.0272839
0.0270579
0.0252834
0.0288981
0.0316943
0.0295531
0.0280976
0.0299383
0.0326661
0.0265415
0.0313116
0.0320451
0.0275506
0.0337969
0.0335646
0.0294929
0.0298732
0.0312386
0.0280176
0.0323428
0.0294632
0.0275259
0.0284083
0.0335612
0.027817
0.0291271
0.0287089
0.0296836
0.0271427
0.0283063
0.0305978
0.0283369
0.0288628
0.0298335
0.028918
0.0297865
0.0312347
0.0274287
0.0285591
0.0297404
0.0288107
0.0273707
0.027612
0.0273223
0.0290979
0.0304214
0.0290468
0.0286788
0.028815
0.0317793
0.0321781
0.0305914
0.0315955
0.03228
0.0298856
0.028802
0.0295243
0.0323176
0.0288722
0.0308423
0.0313375
0.0298045
0.0288055
0.0291313
0.0323313
0.0290488
0.0263787
0.0295413
0.0297149
0.0284177
0.0323545
0.0322747
0.0291113
0.0296315
0.0293273
0.0294418
0.0270376
0.0283687
0.0295154
0.0282684
0.0263443
0.025606
0.0263109
0.02754
0.0257756
0.0243967
0.024837
0.0260104
0.0282516
0.0268319
0.0243114
0.0251874
0.0261513
0.0249682
0.0262867
0.0266359
0.0261326
0.0267128
0.0305414
0.0292215
0.0274173
0.0320381
0.027516
0.0290205
0.032109
0.0278733
0.0255749
0.0271206
0.0276603
0.0268813
0.0270069
0.0288673
0.0283148
0.0272556
0.0254294
0.0271522
0.0318456
0.0287078
0.025751
0.0264236
0.0276991
0.0285064
0.0307386
0.027915
0.0303009
0.0310614
0.0318085
0.0305668
0.0294465
0.0306002
0.0301516
0.0282858
0.0329833
0.0315043
0.0303104
0.0277878
0.0293744
0.0302487
0.0293725
0.0279459
0.030617
0.0308304
0.0306121
0.0291231
0.0296371
0.0295293
0.0286193
0.0269966
0.0295872
0.031981
0.0307446
0.0277226
0.0288003
0.0293703
0.0305733
0.0283653
0.0273768
0.0300521
0.0303823
0.0290905
0.028261
0.030574
0.0308964
0.0299206
0.0290076
0.0304351
0.0303339
0.0352244
0.0313548
0.0291687
0.0305346
0.0300747
0.0314734
0.0333218
0.0337985
0.0287052
0.0301362
0.0311157
0.0333701
0.0312131
0.0287038
0.0310624
0.0313656
0.030916
0.032155
0.0313638
0.0313172
0.0336589
0.0309265
0.0282481
0.0306383
0.0323176
0.0303296
0.0311292
0.0316369
0.0303471
0.0305198
0.0278355
0.0292607
0.0288297
0.0288188
0.0268912
0.0304306
0.0296027
0.0279752
0.0260493
0.0290709
0.0299059
0.0271643
0.0243624
0.027761
0.0283621
0.0282946
0.0265736
0.0273227
0.0269815
0.0291877
0.0247466
0.0265739
0.0274877
0.0289436
0.0252114
0.0268278
0.0270641
0.0252797
0.0233658
0.0257437
0.0251189
0.0244262
0.0232888
0.0257686
0.0285532
0.0272586
0.0270428
0.0250083
0.0273579
0.0270198
0.0289729
0.0243304
0.024171
0.0237886
0.0251531
0.0250801
0.028533
0.0270523
0.0269345
0.0275367
0.0292248
0.0253989
0.026172
0.0262458
0.0267637
0.0296973
0.027869
0.0279631
0.0302785
0.0296872
0.0298984
0.0281433
0.0275214
0.0257086
0.0264471
0.0268083
0.0251813
0.0291496
0.0272054
0.0293708
0.0261776
0.0240219
0.0265547
0.0248085
0.0245735
0.0265026
0.0258644
0.0267698
0.0240516
0.0243968
0.0242476
0.0238951
0.0287546
0.0272345
0.0248624
0.02616
0.026183
0.0251014
0.0248612
0.0254357
0.0256199
0.0254123
0.0255583
0.0319466
0.029994
0.0262248
0.028265
0.0290429
0.030242
0.0296819
0.0285844
0.0271624
0.0286808
0.02956
0.0287995
0.0288737
0.029065
0.0298305
0.0303195
0.0279415
0.0275167
0.028718
0.0273752
0.0281339
0.0277857
0.028148
0.0289925
0.0310174
0.032066
0.0279665
0.0290261
0.0294823
0.0291446
0.0291056
0.0285275
0.0279769
0.0273226
0.0300559
0.0304699
0.0284207
0.0275891
0.0286812
0.0291707
0.0288142
0.0275801
0.0294967
0.0317098
0.0283053
0.027739
0.0284324
0.0285041
0.027929
0.0285127
0.0319799
0.0284622
0.0288181
0.0293106
0.0299244
0.0277374
0.0278939
0.0298925
0.0294125
0.028685
0.0279941
0.0286945
0.0279217
0.0272701
0.0294507
0.02797
0.0286534
0.0290787
0.0274899
0.0287865
0.0275981
0.0279566
0.0279495
0.0276099
0.0276534
0.028675
0.0302409
0.0306927
0.0274398
0.0285834
0.0287351
0.0306351
0.02902
0.0309662
0.029204
0.0298507
0.0304073
0.0315273
0.027666
0.0286588
0.0294977
0.0285074
0.0280733
0.0276473
0.0290634
0.0267695
0.026104
0.027514
0.0285937
0.0284094
0.0261311
0.0270272
0.0290833
0.0281185
0.0253482
0.0280169
0.0285708
0.0266832
0.0263378
0.0268011
0.0273214
0.0302016
0.031728
0.0288643
0.0270618
0.0304791
0.0296301
0.0287565
0.0264118
0.0278011
0.028388
0.029858
0.0276
0.0266255
0.0288601
0.0300443
0.0305402
0.0307221
0.0307556
0.0305664
0.0296504
0.0316663
0.030947
0.0311128
0.0292862
0.0306697
0.0283151
0.0279876
0.0296328
0.0306925
0.0303633
0.0298366
0.0288679
0.0312313
0.0268096
0.0259116
0.0257837
0.0266509
0.0261075
0.0239549
0.0228611
0.0247803
0.0248122
0.0230564
0.0230685
0.0240672
0.0248656
0.0240249
0.0255451
0.02536
0.0232557
0.0250656
0.0237398
0.0272416
0.0219711
0.0218015
0.0229524
0.023163
0.0240582
0.0238279
0.027846
0.0230521
0.0232761
0.0230115
0.0242603
0.0244473
0.0223057
0.0234366
0.0227785
0.022678
0.024177
0.0258998
0.0263751
0.0238606
0.0256836
0.0258591
0.0242932
0.0249977
0.0288887
0.0273438
0.0241468
0.0249664
0.0281406
0.0281937
0.0248893
0.027597
0.027842
0.0267289
0.0288641
0.0291389
0.0280779
0.0294517
0.0300075
0.0271648
0.0281671
0.0285289
0.0265121
0.0283133
0.0301119
0.0268571
0.027603
0.0286112
0.0261232
0.0268181
0.0298977
0.0286635
0.0281739
0.030233
0.0312777
0.0284952
0.0262135
0.0288413
0.0287887
0.0268384
0.0294382
0.0320955
0.02912
0.0259965
0.0265394
0.0260811
0.0266268
0.0272379
0.0269873
0.0281694
0.026163
0.0257463
0.0254314
0.0231093
0.0240855
0.0248562
0.0254405
0.0245407
0.024975
0.0251547
0.0251037
0.0260639
0.0248089
0.0295414
0.0310445
0.0259565
0.0289511
0.02865
0.0269732
0.0296103
0.029382
0.0278448
0.0286685
0.029788
0.0281639
0.0279061
0.0275482
0.029993
0.0295629
0.0290396
0.0271715
0.0304251
0.0330149
0.0284353
0.0320539
0.0292693
0.0298635
0.0327111
0.0299736
0.0294525
0.0297751
0.0295119
0.0298396
0.0311838
0.0311649
0.02837
0.0299762
0.031908
0.0321735
0.0315809
0.0294819
0.0299433
0.0294355
0.0294054
0.0320618
0.0303486
0.0262909
0.0299619
0.0316688
0.0331681
0.0269963
0.0282722
0.0281795
0.0290362
0.0288938
0.0269167
0.0255118
0.0272046
0.029016
0.0294794
0.025475
0.0269338
0.0266057
0.0287171
0.0254281
0.0270569
0.0268741
0.0278097
0.0260359
0.0274624
0.027421
0.0273881
0.0280323
0.0289526
0.031215
0.0317379
0.028972
0.0317663
0.0324456
0.0322969
0.0292206
0.029803
0.0288849
0.0285033
0.0290138
0.0298825
0.033886
0.0279919
0.0309137
0.031767
0.0292729
0.0284351
0.0302752
0.0328351
0.0322511
0.0292145
0.0293422
0.0312108
0.0300228
0.028161
0.029364
0.0302647
0.0298454
0.0278198
0.0291361
0.0295679
0.0304319
0.0290544
0.0283062
0.0293942
0.0312933
0.0286318
0.0293173
0.0340087
0.029704
0.0283211
0.0298473
0.031166
0.0308491
0.0309927
0.0280945
0.0339569
0.0315316
0.0307696
0.0302064
0.029671
0.0327666
0.0302877
0.0353809
0.034512
0.0316333
0.0308969
0.0331431
0.0300311
0.0321705
0.0314745
0.0308969
0.0322379
0.0300201
0.0277702
0.0293204
0.0285846
0.0277604
0.0310011
0.0304311
0.0321113
0.0312151
0.0293222
0.0296599
0.0319132
0.0290041
0.0286966
0.0302972
0.0292063
0.028797
0.0292169
0.0274492
0.0276569
0.0280231
0.028713
0.0288452
0.0269054
0.0276414
0.0285006
0.0290918
0.0279977
0.0278468
0.0266527
0.0299773
0.0277129
0.0266856
0.0272039
0.0270441
0.0287923
0.0266928
0.0282825
0.0257317
0.0282449
0.0274505
0.0265254
0.0262744
0.0246769
0.0275175
0.0282306
0.0269567
0.0249524
0.0275628
0.0291477
0.0282485
0.026229
0.0318313
0.0316616
0.0297024
0.028711
0.0277315
0.0279134
0.0308849
0.0292999
0.0299163
0.031112
0.0277703
0.0261098
0.0282334
0.0312109
0.0280259
0.0387855
0.0320539
0.0323155
0.0305189
0.0291607
0.0243869
0.0324043
0.0325509
0.0284582
0.0250235
0.0299185
0.0305735
0.0316181
0.0325996
0.0255629
0.0265152
0.0264082
0.0270855
0.0246033
0.0281384
0.0281555
0.026961
0.0293526
0.0293877
0.0278162
0.0271827
0.030494
0.0284486
0.0287109
0.0281211
0.0283301
0.0265776
0.0301968
0.0274165
0.0286831
0.024534
0.0263385
0.0272857
0.0295405
0.0257074
0.0274166
0.0274169
0.0256009
0.0275932
0.0287848
0.0249802
0.025492
0.0259655
0.0272908
0.0252154
0.0246407
0.024139
0.025958
0.0251729
0.0235647
0.0240174
0.0268717
0.0275158
0.0241987
0.022984
0.023384
0.0221631
0.023732
0.0258733
0.0216108
0.0231796
0.023761
0.0226577
0.0199872
0.0213957
0.021501
0.0215586
0.0209777
0.0214075
0.0221683
0.0228415
0.0208175
0.0216823
0.0214778
0.0229522
0.0228592
0.0221831
0.0237859
0.0217463
0.0230454
0.023189
0.0222731
0.0250603
0.0247495
0.0230961
0.0236646
0.0254502
0.0251023
0.0246206
0.026006
0.028961
0.023866
0.0259328
0.0284715
0.0249428
0.0257673
0.025898
0.0229937
0.024423
0.0269085
0.0256717
0.0233593
0.0241732
0.0249355
0.0245314
0.025816
0.0249808
0.0243357
0.0243927
0.0245724
0.0242319
0.0242324
0.0251217
0.0268957
0.0253466
0.0255543
0.0267471
0.0271184
0.0247747
0.0283477
0.0307201
0.0261033
0.0269869
0.0269491
0.0254977
0.0273289
0.0277797
0.0284251
0.0269555
0.0269786
0.0262336
0.0288139
0.0257206
0.0285373
0.0280064
0.0253937
0.0253846
0.0261639
0.0251027
0.0272613
0.0260555
0.028743
0.0279194
0.027586
0.0258739
0.0273587
0.0286644
0.0276146
0.025109
0.0261476
0.0273694
0.0269346
0.0254412
0.0281239
0.0278972
0.0265926
0.0274926
0.0270561
0.0244517
0.0287606
0.0262897
0.024862
0.0261182
0.0268212
0.0262843
0.0251297
0.0247425
0.0285925
0.0269737
0.0252227
0.0301351
0.0257913
0.0263661
0.0265954
0.0275485
0.0275724
0.0271472
0.0279164
0.0303238
0.0312542
0.0271592
0.0342213
0.0310148
0.0302197
0.0276629
0.0272365
0.0278972
0.0256549
0.0259294
0.0257431
0.0249668
0.0250296
0.0234787
0.0247068
0.0249224
0.0239314
0.0233533
0.0232451
0.0241556
0.024824
0.0242364
0.0249185
0.0241669
0.0232344
0.0237008
0.026089
0.0221618
0.0232335
0.0250855
0.0234775
0.0234937
0.0217981
0.0222981
0.0236034
0.0214239
0.0216495
0.0207958
0.0211572
0.023521
0.0206397
0.0213332
0.021303
0.0238483
0.0221988
0.0252539
0.0232341
0.0212061
0.0215477
0.0219399
0.022904
0.0231181
0.0263726
0.0216278
0.0227075
0.0223416
0.0219568
0.0218707
0.0246232
0.0268915
0.0252599
0.0240446
0.0235659
0.0249681
0.0256497
0.0248023
0.0227162
0.0232033
0.0230994
0.0224607
0.0217509
0.0221076
0.0244409
0.0280266
0.0228804
0.0236886
0.023199
0.0250016
0.0254456
0.0249279
0.0238282
0.023494
0.0238044
0.0268286
0.0258721
0.0281262
0.0233466
0.024387
0.0243095
0.0239484
0.023613
0.0250261
0.0260729
0.0262736
0.0251565
0.0252588
0.0276411
0.0239485
0.0237819
0.0252058
0.0258213
0.025315
0.0253942
0.0259673
0.026327
0.0242197
0.0237991
0.0234739
0.0219005
0.0221888
0.0222178
0.0237379
0.0257653
0.0222498
0.0215652
0.0239764
0.0215321
0.0219279
0.0221228
0.0218093
0.0231774
0.022588
0.0219487
0.0218184
0.0222642
0.0234786
0.0239814
0.0224674
0.0226284
0.0225257
0.0221128
0.0219377
0.024679
0.0234914
0.0230446
0.0242143
0.0269337
0.0279957
0.0239977
0.0246444
0.0239598
0.0255819
0.0300953
0.0253134
0.0251693
0.0283873
0.0269286
0.0247634
0.0253699
0.0251234
0.0273085
0.0274325
0.025832
0.0256863
0.025143
0.0245526
0.0248998
0.0254573
0.0252488
0.0247736
0.0254749
0.0236603
0.0237029
0.0240477
0.0273279
0.0255236
0.0242734
0.0264471
0.0270447
0.0252859
0.0262695
0.0255866
0.0265964
0.029583
0.0252196
0.0291443
0.0305638
0.0262553
0.0261135
0.0273192
0.0282621
0.0284528
0.0261653
0.0312317
0.0311826
0.0266235
0.0272293
0.0317538
0.0290861
0.0310763
0.0295119
0.0302314
0.0269675
0.0261447
0.0278322
0.0287954
0.0274659
0.0260402
0.0284633
0.0312323
0.0302865
0.0270399
0.0289016
0.0286318
0.0298853
0.0293867
0.0335156
0.0278422
0.0284745
0.028232
0.0278499
0.0281319
0.028596
0.0287793
0.0279711
0.0292873
0.0310825
0.0313037
0.0304845
0.0316693
0.0347257
0.0340757
0.0295231
0.0297049
0.0295036
0.0304655
0.0327976
0.0305262
0.0301173
0.0290596
0.0293735
0.02866
0.0297897
0.0302721
0.0311899
0.0289667
0.0273261
0.0292934
0.0294362
0.0289482
0.0260607
0.0268745
0.0270812
0.0262478
0.0265668
0.0262035
0.0260577
0.0323669
0.0329161
0.0346224
0.0309406
0.029238
0.0284415
0.0331308
0.0323771
0.0307213
0.0314101
0.0300446
0.0292638
0.029113
0.0291803
0.0255364
0.0299405
0.0275789
0.026345
0.0403898
0.0592601
0.0453982
0.0364154
0.0302982
0.0281601
0.0327537
0.0339823
0.0274915
0.0304374
0.0318605
0.033122
0.0323027
0.035265
0.0297064
0.0282835
0.0283475
0.0336563
0.0286076
0.0305572
0.0270234
0.0280108
0.0298173
0.0325405
0.0283608
0.0306919
0.0379723
0.0335046
0.034157
0.0335989
0.0337998
0.0343399
0.0338703
0.0352146
0.0316867
0.031827
0.033158
0.0291838
0.0322458
0.0336451
0.0351685
0.0319577
0.032766
0.0293462
0.0337881
0.0356135
0.0336562
0.0326623
0.0342867
0.0308751
0.0327375
0.0333635
0.0361627
0.0363522
0.0325507
0.0328251
0.0291678
0.0286511
0.0332769
0.0303993
0.034324
0.0304803
0.0310683
0.0295066
0.03059
0.0342403
0.0304242
0.0317393
0.0330979
0.0334137
0.033877
0.0346113
0.0392633
0.0332682
0.0376443
0.0374363
0.0369229
0.0329445
0.0318419
0.0337062
0.0325442
0.0311161
0.0311199
0.0301484
0.032736
0.0360621
0.0327262
0.0355639
0.0353104
0.0348363
0.0300138
0.0303943
0.0339351
0.0311287
0.0309351
0.0318148
0.0365311
0.0346844
0.0347135
0.035159
0.0381679
0.0327804
0.0394033
0.0361091
0.0407837
0.0364051
0.038325
0.0440352
0.0366231
0.0351861
0.0383623
0.0334761
0.0330603
0.0381058
0.03804
0.0377426
0.0364059
0.0392075
0.0342568
0.0341006
0.0351445
0.033075
0.0332957
0.0294931
0.0341752
0.0322364
0.0324192
0.0364686
0.0296033
0.029703
0.0328745
0.0333099
0.0340801
0.0279686
0.0325757
0.0333155
0.0326169
0.0306316
0.0323702
0.0293345
0.0291913
0.0300112
0.0303252
0.0335674
0.0293388
0.0313224
0.0277851
0.028024
0.0279056
0.0295089
0.0292901
0.0299348
0.0289575
0.0279743
0.0302785
0.0298685
0.0335689
0.0274063
0.0292148
0.0282259
0.0311589
0.0303862
0.0292101
0.02865
0.0297633
0.0297224
0.0292751
0.0271343
0.0273512
0.0264273
0.0278072
0.0283145
0.0272144
0.0266629
0.028074
0.0290432
0.0283742
0.0263121
0.0290338
0.0308401
0.029636
0.027515
0.0288041
0.0293186
0.0272261
0.0277173
0.0283339
0.0300178
0.0273288
0.0246387
0.0264715
0.0264012
0.0270335
0.0260801
0.0281302
0.0279178
0.0285781
0.0250344
0.0298811
0.0300727
0.0271375
0.0267655
0.0307575
0.0305862
0.0291337
0.0280863
0.0264216
0.0282021
0.0291205
0.0290968
0.0281807
0.028375
0.0288996
0.0325595
0.0321084
0.0271208
0.0276463
0.0271988
0.0280264
0.0264806
0.0257566
0.0306036
0.0292789
0.029374
0.0247869
0.0261675
0.0290275
0.0276358
0.0310667
0.024746
0.0262295
0.026921
0.028507
0.0261786
0.0254518
0.027876
0.029829
0.0285844
0.0270936
0.0260178
0.0283236
0.0299177
0.030233
0.0289348
0.0292405
0.0307802
0.0318649
0.0328294
0.03113
0.031608
0.0340162
0.031823
0.0296678
0.0322392
0.0330494
0.0325355
0.0309833
0.0326324
0.03269
0.0345269
0.0302398
0.0298894
0.034297
0.0333966
0.0346398
0.0307839
0.031342
0.0317706
0.0370849
0.034089
0.0343524
0.0346582
0.0352651
0.037509
0.0320967
0.0321405
0.0345582
0.0361816
0.0337992
0.0314008
0.0324005
0.0328448
0.0330078
0.0338369
0.0340062
0.0326705
0.0340045
0.0325561
0.0320957
0.0312176
0.0322889
0.0331206
0.0329854
0.0307206
0.0300712
0.030438
0.0330958
0.0321525
0.0307948
0.0297798
0.0330045
0.0322771
0.0308712
0.0297499
0.0324291
0.032084
0.0315243
0.0285402
0.0304911
0.033868
0.0314962
0.0298587
0.0281062
0.0299544
0.0319033
0.0333099
0.0300515
0.0328244
0.0308315
0.0305119
0.0289996
0.0319513
0.0310118
0.0300963
0.0282389
0.0299049
0.0307271
0.0302701
0.0286963
0.0300685
0.0295067
0.0281462
0.0260034
0.0256775
0.0268007
0.0273134
0.0273736
0.0263978
0.025458
0.0263753
0.0259326
0.0255401
0.0226155
0.0249612
0.0240353
0.0240331
0.0218669
0.0215856
0.0208053
0.0183792
0.0178107
0.0186204
0.0198657
0.0241895
0.0199372
0.0222245
0.0239915
0.0244801
0.0247622
0.0248715
0.0254523
0.025777
0.0281321
0.029872
0.0277478
0.0293988
0.0300275
0.0322549
0.0344887
0.0337255
0.0348431
0.0349131
0.0387562
0.0336201
0.0359346
0.0357539
0.035517
0.0330766
0.0348086
0.0364142
0.0361135
0.034873
0.0335335
0.0352002
0.0357007
0.0348276
0.0320838
0.0341359
0.0440047
0.0370415
0.0381079
0.033825
0.0316911
0.0340251
0.0399899
0.0380233
0.0355358
0.0401326
0.0364815
0.0350333
0.0329264
0.0334563
0.0369504
0.0353696
0.031453
0.0320917
0.0344283
0.0307608
0.0309772
0.0318406
0.0319945
0.0310165
0.0262624
0.0282882
0.0283338
0.0261968
0.0242955
0.0261733
0.0250295
0.0258249
0.0259351
0.0256611
0.0274507
0.025264
0.0242761
0.0255235
0.0255644
0.026131
0.024342
0.0229533
0.0264978
0.0260877
0.0256725
0.0245071
0.026475
0.0259934
0.0262623
0.02534
0.024589
0.0269037
0.0266443
0.0273205
0.0272281
0.0258399
0.0278805
0.0317635
0.0287205
0.0270192
0.0280927
0.030006
0.0294332
0.0297184
0.0273746
0.0306482
0.0322698
0.033337
0.0327904
0.0338525
0.0309236
0.0335199
0.0335424
0.0317232
0.0296468
0.029138
0.031494
0.032876
0.0291217
0.0271384
0.0279755
0.0284322
0.0304821
0.0285891
0.0294628
0.0295411
0.0307347
0.0284854
0.0294809
0.0298843
0.0295985
0.0343583
0.032666
0.0325741
0.0344674
0.0302131
0.0317126
0.0287373
0.0288966
0.0238229
0.0247539
0.0232906
0.0235818
0.0270128
0.0259429
0.0261742
0.0271405
0.0240244
0.0264722
0.0263041
0.0260089
0.026433
0.0285122
0.0290373
0.0296621
0.0295492
0.0286507
0.0311092
0.0342362
0.0370805
0.0339945
0.0322741
0.0332185
0.0336388
0.0347272
0.0335719
0.0336407
0.0339508
0.0340755
0.0338307
0.0335407
0.0327169
0.0329517
0.0321501
0.0322905
0.032422
0.0299362
0.0344248
0.0309982
0.0319849
0.0361463
0.0294039
0.0297822
0.0307814
0.0301893
0.0312986
0.0308174
0.0303751
0.0254956
0.0272974
0.027079
0.0261896
0.0243459
0.0274804
0.0269645
0.0252235
0.0235798
0.0266796
0.0249034
0.0267777
0.0241818
0.0226776
0.0252267
0.0248536
0.0254564
0.0233457
0.0259033
0.0243091
0.0231005
0.0234958
0.0219331
0.0217363
0.0263608
0.0274481
0.0278176
0.0251996
0.0277165
0.0285043
0.0297984
0.0267236
0.0283134
0.0323944
0.0305345
0.032176
0.0288956
0.0283437
0.0329509
0.0296128
0.0291278
0.0323491
0.0284536
0.0294615
0.0292568
0.0298919
0.0295764
0.0272589
0.0288835
0.0284041
0.0289406
0.026446
0.0267251
0.0284196
0.0286867
0.028314
0.0246934
0.0252125
0.0288082
0.0277874
0.0284153
0.0273491
0.025408
0.0256327
0.0252143
0.0262569
0.0241428
0.0280401
0.0304776
0.0274851
0.0237067
0.0268036
0.0280388
0.0306568
0.0252438
0.0299105
0.0308911
0.0318024
0.0307074
0.0299599
0.0281937
0.0294711
0.0259302
0.0286831
0.0300296
0.0300684
0.0275931
0.0296819
0.0289126
0.0281755
0.0265361
0.0287901
0.0312366
0.0310218
0.0306498
0.0291536
0.0271479
0.0297929
0.0288217
0.0287208
0.0276067
0.0272919
0.0299469
0.0290222
0.0293338
0.0258232
0.0255649
0.0297029
0.0293682
0.0335392
0.0276385
0.0283042
0.0282228
0.0299063
0.0283363
0.0283327
0.0263638
0.0278868
0.0289287
0.0283237
0.0261066
0.0262154
0.0268587
0.028206
0.0266869
0.0245281
0.0253761
0.0259826
0.025038
0.0245582
0.0260242
0.0267765
0.0262441
0.0253258
0.0240218
0.0248624
0.0254865
0.0262614
0.0266512
0.0295374
0.0248372
0.0252835
0.0253814
0.0247335
0.0268525
0.0266348
0.0269028
0.0236857
0.0256785
0.0262293
0.0273539
0.0268379
0.0266896
0.0249135
0.0262769
0.0276206
0.0300256
0.0268899
0.0252328
0.0276828
0.0277423
0.026373
0.0287695
0.0299418
0.0312111
0.0259714
0.0250478
0.0273233
0.0291998
0.0286555
0.0261842
0.0302941
0.0316568
0.0294311
0.0270639
0.0274048
0.0286997
0.0298673
0.0259463
0.0324681
0.030976
0.0317594
0.029976
0.0287292
0.0282868
0.0285393
0.0254784
0.0300509
0.0296256
0.0271374
0.0268336
0.0280206
0.0312118
0.0274849
0.0284539
0.0320045
0.0342776
0.0355491
0.027583
0.0296768
0.0278486
0.0292548
0.0287777
0.0277755
0.0278607
0.0300032
0.032337
0.0344812
0.0332927
0.0297818
0.0310039
0.0282291
0.0311333
0.0332298
0.0317028
0.0332599
0.0306548
0.0313982
0.0333387
0.0331985
0.0293558
0.0322276
0.0363931
0.0351598
0.0325656
0.03442
0.0346258
0.0360028
0.032565
0.0331547
0.0344077
0.0360092
0.036082
0.0328686
0.0319073
0.0324664
0.0334655
0.0333663
0.0338535
0.033081
0.0329319
0.0322373
0.0343889
0.0316784
0.0299108
0.0311631
0.029192
0.0304347
0.0277147
0.0313749
0.0309215
0.0310922
0.0285721
0.0287129
0.0297408
0.0294898
0.02937
0.0274686
0.0305948
0.0312558
0.0298136
0.0272033
0.0288399
0.0314483
0.0291781
0.0266468
0.029976
0.0283479
0.0290764
0.0268135
0.0302073
0.0283694
0.0268573
0.0255627
0.0274551
0.0295398
0.0260987
0.024961
0.0290391
0.0320689
0.025657
0.0244219
0.0262825
0.0250766
0.0239695
0.02411
0.0262967
0.0259285
0.0230232
0.023992
0.0251563
0.0257686
0.0261327
0.0258715
0.0280676
0.0249482
0.0256364
0.0231835
0.0258497
0.0250924
0.0248679
0.0243817
0.0250379
0.0264642
0.0261101
0.0236695
0.0262181
0.0279228
0.0249765
0.0257643
0.0241937
0.0279028
0.028855
0.0254109
0.0234213
0.0251984
0.0272035
0.0296642
0.0272275
0.0223347
0.0246765
0.0240183
0.0265449
0.0232389
0.0254026
0.0242626
0.024736
0.023924
0.0253857
0.0243229
0.0233859
0.0220709
0.026855
0.0273382
0.0232353
0.0224686
0.0238013
0.0262144
0.0251537
0.02241
0.0219315
0.0216155
0.0235124
0.0226817
0.0248737
0.0205684
0.0229573
0.0214586
0.0208309
0.0210113
0.0188183
0.0199273
0.0206056
0.0192543
0.0200651
0.0201866
0.0188824
0.0204838
0.0199338
0.0197002
0.0195754
0.019704
0.0218031
0.0228061
0.0209744
0.02168
0.021777
0.0230226
0.0231865
0.0226458
0.0235077
0.023394
0.0233103
0.0222889
0.0226076
0.0228116
0.0241351
0.0219879
0.0225531
0.0227522
0.022658
0.0229821
0.0226244
0.0252262
0.0239552
0.0220749
0.0222286
0.0240306
0.0239336
0.0219611
0.0228667
0.0230507
0.0243235
0.0255359
0.0236227
0.0256444
0.0244595
0.0287906
0.0268943
0.024243
0.0234969
0.0255681
0.0259545
0.0255469
0.0284764
0.0279771
0.0248929
0.0280328
0.025249
0.0276214
0.0235181
0.0260656
0.0300786
0.0258761
0.0227172
0.0267887
0.0251662
0.0255737
0.0286975
0.0249222
0.0228504
0.0246189
0.0240166
0.0223465
0.0263912
0.0267452
0.022519
0.0253416
0.0233175
0.0217644
0.0241679
0.0231581
0.0218647
0.0215516
0.0218109
0.02236
0.0203015
0.0213156
0.0214602
0.0212714
0.0232305
0.0240064
0.0230646
0.0218995
0.0251991
0.0257682
0.022841
0.0259434
0.0250984
0.0241559
0.0248667
0.024669
0.0255692
0.0249117
0.0237338
0.0235343
0.0236287
0.0251925
0.0245778
0.0236464
0.0226947
0.0233073
0.023039
0.0225428
0.0264725
0.025831
0.0238573
0.0251398
0.0240872
0.0238046
0.0244101
0.0240794
0.0240818
0.0254478
0.0235367
0.0255912
0.025236
0.0240859
0.0242246
0.0231435
0.0235463
0.0241525
0.0234695
0.0241384
0.0238476
0.0227536
0.0245434
0.0218311
0.0247566
0.0265947
0.0226054
0.0227933
0.026866
0.0248637
0.0221832
0.026
0.0248885
0.0225221
0.0227268
0.0223644
0.0217832
0.0252507
0.0244288
0.0219831
0.0223413
0.0220187
0.0218421
0.0226989
0.0230008
0.0237393
0.0221205
0.0229513
0.0240475
0.0230889
0.0219271
0.0218321
0.0237633
0.0223763
0.0200268
0.0208976
0.020076
0.0208368
0.0220441
0.01959
0.0207277
0.0208912
0.0205758
0.0197253
0.0200616
0.0201959
0.0211225
0.0224986
0.0282253
0.0211866
0.0206196
0.0203313
0.020048
0.0214931
0.0212814
0.0220627
0.0210299
0.0208988
0.0207531
0.020331
0.0197345
0.0209839
0.0219829
0.0199666
0.0219893
0.0206086
0.0212375
0.0203252
0.0200066
0.0226414
0.0203318
0.0211008
0.0189302
0.020446
0.0205525
0.020496
0.0205211
0.0225989
0.0223305
0.021895
0.0219559
0.0228452
0.0220944
0.0234828
0.0234663
0.0216498
0.0247995
0.024561
0.0234601
0.02142
0.0226105
0.0235085
0.0241778
0.0218412
0.0233432
0.0244728
0.023942
0.0233073
0.0228043
0.02574
0.0267943
0.0244582
0.0244778
0.0252863
0.028724
0.0347642
0.0313014
0.0317914
0.0295637
0.0319234
0.0334732
0.0330662
0.0341841
0.0306699
0.0315927
0.0323836
0.0359681
0.0363957
0.0323388
0.0324171
0.0309573
0.030754
0.0305549
0.030815
0.0308184
0.029655
0.0309759
0.0343038
0.0324344
0.0355415
0.0304554
0.0339453
0.0324502
0.0349419
0.0313389
0.03399
0.0318409
0.0298534
0.0298305
0.0301376
0.0332925
0.0296837
0.0311841
0.030587
0.031449
0.0379456
0.0347287
0.0351259
0.0311441
0.0303373
0.0337764
0.0337338
0.0316895
0.0317554
0.0308901
0.0321713
0.0295465
0.0322926
0.0357668
0.0360156
0.0331335
0.0326652
0.0315485
0.0342884
0.0337801
0.0356811
0.0330886
0.0359978
0.0375688
0.0385196
0.0340404
0.0341955
0.0363848
0.0361108
0.0328996
0.0340002
0.0357688
0.0369667
0.0361279
0.0363186
0.0356134
0.0383646
0.0342795
0.0342545
0.0354523
0.035726
0.0387934
0.0347163
0.03346
0.0342056
0.0336706
0.0348639
0.0376935
0.037808
0.0348381
0.0328832
0.035401
0.032971
0.0341524
0.0364953
0.0362793
0.0370749
0.0357093
0.0344731
0.0349798
0.0362894
0.0369493
0.0377302
0.0387407
0.0399304
0.0373721
0.0358113
0.0371959
0.0369565
0.0403969
0.0388319
0.0393079
0.0443058
0.0390074
0.0393823
0.037877
0.037503
0.0390228
0.0377957
0.040564
0.040863
0.0377296
0.0394404
0.0369884
0.0394221
0.0379083
0.0404601
0.0386441
0.0357627
0.0342165
0.0354299
0.0363168
0.035791
0.0335549
0.0389789
0.0379333
0.039954
0.0375881
0.0352999
0.0355075
0.0377517
0.0388976
0.0446974
0.0414353
0.0363882
0.0378844
0.0397321
0.0395553
0.037669
0.0368746
0.0337428
0.032683
0.0359799
0.0344535
0.037764
0.0353411
0.0322232
0.0331123
0.0360341
0.0343858
0.0376605
0.0357151
0.0369021
0.0362953
0.0358833
0.0359244
0.0342284
0.0324186
0.0331245
0.0368426
0.03465
0.0376095
0.0357843
0.0352166
0.0332168
0.0367333
0.0371709
0.0365292
0.0350643
0.0341436
0.0331109
0.0391944
0.038885
0.0357961
0.0358601
0.0334601
0.0366332
0.0361829
0.0350038
0.0333089
0.0328101
0.0318333
0.0328016
0.0332161
0.0341382
0.033709
0.0346874
0.0318657
0.0303444
0.0326177
0.0324043
0.0336703
0.0319375
0.033905
0.0315476
0.0322021
0.0317297
0.0300807
0.0326494
0.0331801
0.0329978
0.0370861
0.0362845
0.0362273
0.0347878
0.0351259
0.0368878
0.0375347
0.0378905
0.0410131
0.0419008
0.0431752
0.0426181
0.0428718
0.0371733
0.0353205
0.0347607
0.037184
0.034648
0.0372225
0.0378838
0.0408385
0.0393235
0.0370882
0.0341254
0.0353029
0.0334084
0.0330654
0.0346591
0.0353265
0.0338387
0.0359363
0.0351451
0.0353383
0.0329807
0.0344788
0.0350567
0.0351608
0.0370707
0.0356789
0.0333133
0.0348624
0.0344546
0.0377628
0.0346017
0.0333707
0.0324471
0.0377015
0.0353722
0.035211
0.0386523
0.0320283
0.0334422
0.0335069
0.0373093
0.0360927
0.0337652
0.0339207
0.0338105
0.0336624
0.0344347
0.0315819
0.0334906
0.0330932
0.0348975
0.035491
0.0337938
0.0314945
0.0305188
0.0321935
0.0332242
0.0343404
0.0322429
0.0309903
0.032872
0.0324687
0.0352268
0.0327846
0.0324194
0.03386
0.0347207
0.0355279
0.0333212
0.0362927
0.0344834
0.0332193
0.0356111
0.0337507
0.0372048
0.0341428
0.0366736
0.0377693
0.0393176
0.0362386
0.0342555
0.0335312
0.0374311
0.037295
0.0380665
0.0377517
0.0333392
0.0344414
0.0337543
0.0353637
0.0337618
0.0393469
0.033912
0.0336845
0.0330072
0.0345998
0.0353772
0.0362068
0.0363185
0.0345127
0.0334035
0.0362674
0.0356447
0.0390387
0.0405839
0.0333823
0.0348
0.0355005
0.0368026
0.0332503
0.0332303
0.0317424
0.0347671
0.0358157
0.0365897
0.0349492
0.0362576
0.034565
0.0330854
0.033323
0.0339333
0.0338895
0.0349456
0.0368725
0.0372865
0.0375494
0.0337759
0.0334313
0.0362698
0.0338763
0.0336375
0.0372984
0.0363096
0.0404747
0.0343841
0.0343003
0.0332853
0.0332984
0.0330334
0.0326504
0.0337915
0.0361511
0.0409349
0.0363173
0.032325
0.0305549
0.0305741
0.0313566
0.0317149
0.0319555
0.0321985
0.0337927
0.0340804
0.0343503
0.0364431
0.0362151
0.0320984
0.0328835
0.0323983
0.0348195
0.0335781
0.03376
0.0337002
0.0356521
0.0307586
0.0340913
0.0334423
0.0326405
0.0333499
0.0294486
0.0286382
0.0311557
0.0314549
0.0329734
0.0356116
0.0290228
0.0306224
0.0335611
0.0332366
0.0345962
0.0308721
0.0298375
0.0287303
0.0318589
0.0319117
0.032085
0.0300306
0.0287182
0.0335399
0.0306927
0.0304224
0.0294692
0.0284513
0.0284346
0.0274095
0.031608
0.0307665
0.0314668
0.0308848
0.031081
0.0288671
0.0287536
0.0330939
0.0309574
0.0349284
0.0296319
0.0301599
0.0281839
0.0282661
0.0319893
0.0312541
0.0303177
0.0344559
0.0283574
0.0282703
0.0305158
0.0290737
0.0322194
0.0330112
0.027167
0.0272959
0.0271216
0.0274244
0.027171
0.0278093
0.0286615
0.0300264
0.0296768
0.0277751
0.0262274
0.0279032
0.0267829
0.0275618
0.0271178
0.0264788
0.0277817
0.0278612
0.0284242
0.0299207
0.0257466
0.0286308
0.0299153
0.0275953
0.0287311
0.0263831
0.0318475
0.0292772
0.0285178
0.0284845
0.0295874
0.0285149
0.0294067
0.0289558
0.0282904
0.0298095
0.0297403
0.0304215
0.0276003
0.0317592
0.0341532
0.0302658
0.027641
0.0287495
0.0322931
0.0319628
0.0327022
0.0285277
0.0300979
0.0311426
0.0304413
0.0266078
0.0278381
0.0304025
0.0289543
0.031849
0.032408
0.0337028
0.0342463
0.0321689
0.0327317
0.0318138
0.0344008
0.0293692
0.0314236
0.0326363
0.031969
0.0324557
0.0310851
0.0300756
0.0278671
0.0270248
0.0312433
0.0284764
0.0270627
0.0286567
0.0284901
0.0290964
0.0292739
0.027174
0.0252783
0.0261267
0.0252294
0.0251249
0.0277637
0.0257566
0.0250483
0.0233559
0.0265533
0.0242123
0.0271864
0.0244366
0.028767
0.0233894
0.0229915
0.0257234
0.0283488
0.0246135
0.024436
0.02597
0.0266707
0.0266918
0.0259021
0.0275105
0.0287358
0.031347
0.0307624
0.0301836
0.0285246
0.0276178
0.028862
0.0301634
0.0288218
0.0262737
0.0276488
0.0273094
0.0302506
0.0314612
0.030152
0.0264515
0.0274075
0.0279438
0.0279481
0.0264097
0.0276585
0.0271064
0.0275517
0.0273767
0.0281496
0.0277652
0.029953
0.0266807
0.0271135
0.0291795
0.0282204
0.0272163
0.0271617
0.0279127
0.027904
0.0286369
0.0304193
0.0278794
0.0298735
0.0314524
0.0337758
0.0329511
0.03289
0.0313317
0.030356
0.0291573
0.0292715
0.0299219
0.0297107
0.0257898
0.0251202
0.025379
0.0254625
0.0258789
0.0268132
0.0276381
0.0285465
0.0278595
0.0267347
0.0271136
0.0261645
0.0257033
0.0267354
0.0270312
0.0256737
0.0279433
0.0266678
0.0285289
0.0295859
0.0307035
0.0289636
0.026754
0.0267842
0.026689
0.0259039
0.0268829
0.0261696
0.0271586
0.0271488
0.0282289
0.0288867
0.0266354
0.027354
0.0282255
0.0281784
0.0298386
0.0267788
0.0314016
0.0292668
0.0291363
0.0311574
0.0315747
0.0291478
0.0293028
0.0296019
0.0287872
0.0265239
0.0273814
0.0269151
0.0263387
0.0270765
0.0270421
0.0284118
0.0286907
0.0300858
0.0316241
0.030724
0.0286425
0.0291047
0.0307708
0.0291551
0.0296178
0.0295373
0.0311136
0.0304101
0.0315179
0.0314543
0.0359981
0.0291862
0.0289147
0.0285452
0.0293536
0.0281387
0.0290197
0.0283606
0.028696
0.03035
0.0302954
0.0308039
0.0306657
0.029638
0.0293986
0.0305748
0.0301674
0.0293837
0.0300428
0.0299934
0.0302688
0.0301552
0.0307118
0.0300698
0.0300898
0.029823
0.0300885
0.0303096
0.0311224
0.0298309
0.0296928
0.0299458
0.0300994
0.0290348
0.0292254
0.0300799
0.0294961
0.0300719
0.0299662
0.0294351
0.0314891
0.0314789
0.0299209
0.0337804
0.0305941
0.0305361
0.0300002
0.0308837
0.0306893
0.029726
0.0299209
0.029369
0.0305098
0.0314874
0.0311103
0.0301508
0.0299728
0.0338295
0.029113
0.0285751
0.0284943
0.0284447
0.0283177
0.0291363
0.0329376
0.0281163
0.0284632
0.0280286
0.0288811
0.028107
0.0335749
0.0264845
0.0290183
0.0285102
0.0328095
0.0292333
0.0295322
0.0296523
0.0288315
0.0280984
0.0267756
0.0261056
0.0257305
0.0266172
0.0279691
0.0310293
0.0268505
0.0338899
0.0335226
0.0375835
0.0354292
0.0360022
0.0393198
0.0415312
0.0400239
0.0354681
0.0344138
0.0346917
0.0337878
0.0344194
0.0357165
0.0350641
0.0327014
0.0281854
0.0281021
0.0270613
0.0281746
0.0260211
0.0264995
0.0243357
0.0281467
0.0281772
0.0305745
0.0266863
0.0298569
0.0305372
0.0276974
0.0278901
0.0293395
0.0301373
0.027789
0.0276272
0.0290175
0.0295899
0.0293053
0.0308058
0.0303606
0.0304199
0.0290684
0.0313787
0.0302217
0.0313025
0.0277918
0.0291678
0.0285751
0.030052
0.0337184
0.0322537
0.0339422
0.0344468
0.0332683
0.0337318
0.0317904
0.0311354
0.0305212
0.0315739
0.0327842
0.0290718
0.0277378
0.0297846
0.0293235
0.0291324
0.0293428
0.0310296
0.0271595
0.0272996
0.0281935
0.0267142
0.0279296
0.0268426
0.0268391
0.0275996
0.0273713
0.0275725
0.0264371
0.0281569
0.0261764
0.0261789
0.0265598
0.0274877
0.0277407
0.0278083
0.0300891
0.0306831
0.0276207
0.0300437
0.0294883
0.030164
0.028779
0.0296993
0.0296743
0.0301315
0.0284772
0.0286853
0.0297123
0.029217
0.0276743
0.0292956
0.0295246
0.0297543
0.0288439
0.0299314
0.0327908
0.029509
0.0272912
0.0279245
0.0287962
0.028802
0.0318051
0.034094
0.030457
0.0289897
0.028179
0.0285672
0.0297656
0.0292186
0.0292151
0.0287421
0.0278225
0.0305018
0.0302165
0.0308485
0.0292873
0.0279474
0.0294373
0.030076
0.0296565
0.0283989
0.0289922
0.0292872
0.033609
0.0326596
0.029697
0.0319861
0.0315282
0.0299292
0.0322019
0.0314739
0.0352852
0.0319965
0.0326832
0.0323998
0.0306163
0.0314075
0.0291828
0.0299577
0.0293614
0.0294936
0.0291591
0.0311188
0.0294964
0.0302219
0.0283524
0.0296204
0.0292108
0.0283123
0.0288423
0.0287675
0.0293598
0.0310819
0.0303956
0.0337546
0.0302048
0.0300764
0.0302312
0.0299308
0.0300923
0.0295162
0.0305315
0.0323268
0.0328873
0.0346621
0.0299895
0.0312668
0.0302785
0.0300115
0.0295276
0.0299764
0.0302045
0.0290275
0.0294246
0.030766
0.03124
0.0289131
0.0313138
0.0296751
0.0299771
0.0297828
0.0301467
0.0301354
0.0298961
0.0298705
0.0310187
0.030421
0.0293538
0.0300106
0.0299284
0.0292989
0.0301566
0.0298461
0.029331
0.031873
0.0366983
0.0315508
0.0291492
0.0296625
0.0299465
0.029937
0.0292945
0.0298662
0.0302273
0.030938
0.0304001
0.0334956
0.0288946
0.0294633
0.0300051
0.0295774
0.0295226
0.0297406
0.0302179
0.0305352
0.030448
0.0321174
0.0333241
0.0305052
0.0298462
0.0296004
0.0322743
0.0297112
0.0295782
0.0297485
0.0299023
0.0320718
0.029565


