0.0133592
0.0328115
0.0253515
0.0335888
0.0302759
0.0301187
0.0341737
0.0323967
0.0340635
0.0365399
0.0364263
0.0339638
0.0300092
0.0318722
0.0340101
0.0341179
0.0384794
0.0368242
0.0347344
0.0283376
0.034114
0.0334449
0.0312742
0.0326627
0.0318225
0.0321189
0.0306115
0.0333117
0.0319261
0.0316373
0.0325697
0.0345715
0.0305215
0.0361759
0.0314873
0.0318471
0.0323082
0.0320212
0.0323867
0.0321941
0.0335008
0.0311863
0.0341169
0.0326401
0.0328367
0.0336864
0.0342223
0.0344724
0.0315075
0.0324048
0.031894
0.0313713
0.0354073
0.0332515
0.0317988
0.032626
0.0366504
0.0346299
0.031507
0.0326153
0.0353678
0.0336409
0.0287677
0.0328502
0.0340193
0.0302162
0.0318318
0.0344785
0.0340282
0.0305937
0.0336732
0.0361065
0.0319629
0.0322822
0.0320906
0.032286
0.0315593
0.0326977
0.0334186
0.0337816
0.0309323
0.0316418
0.0350671
0.032926
0.0328023
0.0341433
0.0344387
0.0312228
0.0342906
0.0337693
0.0303225
0.0325272
0.0304815
0.035405
0.0331774
0.0364322
0.0341057
0.0348182
0.0307282
0.0364206
0.0346361
0.0350725
0.035544
0.0334712
0.0341932
0.0343659
0.0365081
0.0347916
0.0361247
0.031457
0.0318262
0.0327098
0.0333395
0.0318777
0.0298812
0.0347387
0.0335982
0.0325075
0.0325971
0.0323644
0.0313619
0.0298486
0.0310734
0.0268015
0.0309093
0.028523
0.0374659
0.036179
0.0379983
0.0375922
0.0369738
0.0345925
0.0372986
0.0410105
0.042345
0.0400511
0.0451607
0.0416851
0.0404854
0.0400774
0.0432093
0.0432792
0.0407162
0.0413232
0.044447
0.0403223
0.0421076
0.0402082
0.0401389
0.0395656
0.0416064
0.0413651
0.0429183
0.0478584
0.049272
0.0448164
0.0440166
0.0429214
0.0446265
0.0398994
0.0399077
0.038034
0.0390602
0.0407415
0.0370089
0.0361249
0.0363795
0.0378892
0.0378901
0.0328879
0.0324227
0.033255
0.0312407
0.0318951
0.0311446
0.0277821
0.0258015
0.0280855
0.029128
0.0299697
0.0340712
0.0326891
0.0288172
0.0310384
0.0340321
0.0388978
0.0346959
0.0353856
0.037149
0.0328341
0.0307808
0.0312662
0.030937
0.0302943
0.0294992
0.0318019
0.0293731
0.030581
0.0343269
0.029889
0.0312424
0.0288357
0.0308454
0.0324256
0.0331129
0.0340714
0.0406361
0.0538258
0.039012
0.0407159
0.0435662
0.0425012
0.041178
0.0418519
0.0400383
0.0377543
0.0485466
0.046209
0.0438989
0.0443916
0.0447687
0.0437917
0.0457121
0.0456456
0.0438546
0.0422374
0.0405344
0.0470092
0.040626
0.0399013
0.0415294
0.0417702
0.0438435
0.0419536
0.0367463
0.0461624
0.044125
0.0431415
0.0442506
0.0441874
0.0427211
0.0378656
0.0410486
0.037258
0.0367029
0.0355998
0.0337411
0.0335485
0.0365824
0.0413186
0.0411757
0.0435036
0.0415127
0.0464871
0.0390159
0.0360804
0.0416919
0.043377
0.0442524
0.042622
0.041934
0.0417826
0.0387823
0.0390325
0.0376598
0.0359999
0.0415244
0.0413362
0.0392255
0.0316555
0.02948
0.0433857
0.0417297
0.0330721
0.0315771
0.0299287
0.0301418
0.0289558
0.032476
0.0302638
0.029576
0.0325626
0.0350683
0.0358211
0.0339023
0.0342404
0.0388219
0.0419056
0.0399185
0.0406717
0.0379231
0.0343098
0.0345586
0.0344128
0.032917
0.034433
0.0288105
0.0322085
0.0294951
0.0321877
0.0294817
0.0391245
0.0392145
0.0344869
0.0401996
0.0367661
0.0350981
0.0355972
0.033576
0.0366043
0.0376411
0.0367895
0.0442283
0.0370228
0.0401339
0.0401904
0.0395486
0.0347204
0.0365685
0.0354887
0.0324059
0.0288947
0.0249021
0.0264201
0.0340581
0.0345685
0.0463946
0.0387048
0.0376528
0.0370499
0.0352674
0.0391276
0.0422911
0.0401794
0.041558
0.0383284
0.036991
0.0405959
0.0376665
0.0331005
0.0351236
0.032596
0.0275489
0.0313829
0.0337022
0.0314245
0.0343367
0.0323162
0.0297196
0.0378112
0.0340909
0.0318474
0.0331334
0.031985
0.028439
0.0330189
0.0341648
0.0379644
0.0418072
0.0415938
0.0443602
0.0372663
0.0358253
0.0383685
0.0362673
0.0326037
0.0322946
0.0395399
0.0379852
0.0448429
0.0418279
0.0374092
0.0390851
0.0361497
0.0371604
0.0337163
0.0312407
0.031525
0.0363726
0.0361291
0.0384497
0.0324506
0.0372222
0.0337889
0.0352931
0.035283
0.0329256
0.0317428
0.0323001
0.0334569
0.0358179
0.0364291
0.0343942
0.0355989
0.0336466
0.0380014
0.0394574
0.0363674
0.0383331
0.0372609
0.0395685
0.0377483
0.0381792
0.0396123
0.0391993
0.0411791
0.0408046
0.0436572
0.0434854
0.0410989
0.0412712
0.0468097
0.0433914
0.0407569
0.0375172
0.0370953
0.0394812
0.0416448
0.043365
0.0461514
0.0421166
0.0427401
0.0424895
0.0417027
0.0438228
0.0448603
0.0460294
0.0428218
0.0423412
0.0458665
0.0455733
0.0420083
0.0426995
0.0370747
0.035961
0.0385378
0.0371254
0.0337514
0.0411237
0.0385164
0.0400536
0.0398879
0.0436246
0.0437282
0.042147
0.0331992
0.0436263
0.0405941
0.0371909
0.0415877
0.0483884
0.0431728
0.0442524
0.0422599
0.0410641
0.0432344
0.038613
0.0442933
0.04373
0.0381176
0.0335733
0.031713
0.0334595
0.0315921
0.0324843
0.0347585
0.033521
0.0369075
0.0333113
0.0311604
0.0333388
0.0365434
0.0379346
0.0422665
0.0397474
0.0425219
0.0414311
0.0415224
0.0374307
0.0424846
0.0434129
0.036659
0.0403316
0.0355889
0.0351539
0.0326953
0.0318089
0.0331984
0.0339422
0.0303627
0.030313
0.0293607
0.0288621
0.028359
0.0416589
0.0414279
0.0415014
0.0409622
0.0371676
0.0416791
0.0400418
0.0402715
0.0380068
0.0407533
0.0386242
0.0340973
0.0390912
0.034115
0.0347498
0.0338081
0.0352966
0.0305139
0.0320892
0.0317911
0.0320825
0.0313468
0.0304932
0.0327531
0.0397197
0.0403126
0.0366691
0.0341679
0.0339547
0.0333083
0.0320963
0.0352972
0.0302777
0.0289007
0.0271077
0.0280041
0.0309775
0.0337927
0.0323618
0.0285534
0.0289188
0.0365399
0.0300968
0.0289232
0.0317099
0.0269336
0.0352668
0.0276691
0.0218954
0.0242411
0.022156
0.0200821
0.0226781
0.0210232
0.0222235
0.0208677
0.0216317
0.019714
0.0222782
0.0257202
0.0265875
0.0257469
0.0222745
0.0227845
0.0225389
0.0224056
0.0198291
0.0242101
0.024189
0.0275311
0.0264157
0.0243463
0.0246354
0.024892
0.026811
0.0330195
0.0320581
0.0345617
0.0327415
0.0335146
0.03082
0.0365947
0.033521
0.0307832
0.0304211
0.0381261
0.0345541
0.0337087
0.030994
0.0355071
0.0385418
0.0347489
0.0385629
0.0357031
0.0351499
0.0358961
0.0331777
0.0390637
0.0385685
0.0377349
0.034638
0.0344543
0.0342818
0.0359418
0.0371351
0.0427165
0.035972
0.0342859
0.0327004
0.0327284
0.042952
0.0425411
0.0400952
0.0365208
0.037441
0.0324998
0.0336739
0.0365893
0.0318981
0.037234
0.0325318
0.0352709
0.0385677
0.0304823
0.0281132
0.0278742
0.0286375
0.026427
0.026185
0.0228352
0.0234016
0.025658
0.0221238
0.0256828
0.0255709
0.0310189
0.030198
0.0355368
0.0473367
0.0368057
0.0364508
0.037064
0.0381088
0.0344448
0.037125
0.0367611
0.036207
0.033049
0.0402737
0.036756
0.0339799
0.0314698
0.0341467
0.0339679
0.039219
0.0302689
0.0373396
0.0327073
0.028303
0.0286774
0.0285427
0.0288917
0.0312279
0.0303693
0.0305998
0.0291679
0.0280857
0.0281215
0.0266049
0.0298786
0.0345385
0.0447153
0.0471125
0.0375414
0.036156
0.035922
0.0364216
0.0345658
0.0348171
0.0348143
0.0337325
0.0359112
0.0386353
0.0360031
0.0320967
0.0283692
0.0300543
0.0311549
0.0322116
0.0486017
0.0403662
0.0406072
0.0369643
0.0339904
0.0338962
0.0322625
0.0324615
0.0305065
0.0414015
0.0429058
0.0377648
0.0370477
0.0316879
0.035452
0.0328335
0.0322029
0.0305921
0.0297053
0.0370935
0.037695
0.0395099
0.038622
0.0359403
0.0339531
0.0311016
0.0321652
0.0354831
0.0349949
0.0315875
0.0313239
0.0404509
0.0339115
0.0343976
0.0296755
0.0299441
0.0402125
0.0344889
0.0336384
0.0342507
0.0310692
0.0338691
0.0371858
0.0384393
0.0311477
0.0296477
0.0360641
0.034742
0.0360906
0.0390145
0.0485707
0.0416311
0.0434511
0.034452
0.0386651
0.0377728
0.032591
0.0354604
0.0366535
0.0407277
0.0390684
0.0431667
0.0414895
0.0339761
0.0362996
0.0443128
0.0391802
0.0329381
0.0306784
0.0371052
0.0400963
0.0375357
0.0390349
0.0421492
0.045312
0.0400955
0.0361804
0.0375758
0.0367101
0.0332999
0.0316393
0.0452397
0.0430205
0.0384686
0.0337291
0.0375777
0.0318067
0.0320073
0.0285012
0.0340484
0.0366119
0.035551
0.0338748
0.0365458
0.0391996
0.0412395
0.0437858
0.0376415
0.0393431
0.0351093
0.0367293
0.0325519
0.0381509
0.046563
0.0411801
0.040516
0.0413038
0.0396703
0.0422334
0.0360428
0.038686
0.0363086
0.0361577
0.0345776
0.0340735
0.0440437
0.0378503
0.0375992
0.0366469
0.0338264
0.0427324
0.0415657
0.0379023
0.0384876
0.0342505
0.0392761
0.0393771
0.0369202
0.0380098
0.0330743
0.0345842
0.0370116
0.0360395
0.0358753
0.0338347
0.0340482
0.034182
0.0328651
0.0320652
0.0341947
0.034214
0.0351682
0.0320206
0.0416517
0.0408758
0.0421878
0.0410878
0.0485736
0.039284
0.0387026
0.0395827
0.0381303
0.0373659
0.0394626
0.0430311
0.0420175
0.0409336
0.0374177
0.0417208
0.0414124
0.0433431
0.0463875
0.0420416
0.0382817
0.0399738
0.0354044
0.0343409
0.0355043
0.0332292
0.0367743
0.0328397
0.0297236
0.0285167
0.0372223
0.0292715
0.0297402
0.0362713
0.0369671
0.0386176
0.0378821
0.033982
0.0397796
0.0394707
0.0362098
0.0426251
0.0413173
0.0384896
0.0311775
0.0352313
0.0367256
0.0351629
0.0350811
0.0427268
0.0359744
0.0380462
0.0388474
0.0428726
0.0402675
0.0382892
0.036679
0.042425
0.0427059
0.0411945
0.0481373
0.0332974
0.043486
0.0359719
0.035721
0.0385323
0.0366953
0.0331428
0.0315768
0.0363717
0.0361676
0.0315792
0.0352711
0.0347812
0.0393696
0.0375806
0.0388635
0.0372967
0.0398893
0.0371718
0.0407185
0.0381696
0.035649
0.0357759
0.0346858
0.0382119
0.037828
0.0393451
0.0351776
0.0324608
0.0358338
0.0395488
0.0322404
0.0333347
0.0350033
0.0468116
0.042
0.0346724
0.0362924
0.0481858
0.0359158
0.0300221
0.0336896
0.0311654
0.0392771
0.0433637
0.040446
0.0401199
0.0352584
0.0344086
0.0358729
0.0330367
0.0317657
0.0296068
0.0340347
0.036467
0.0342771
0.0320413
0.0298619
0.0324036
0.0304279
0.0392835
0.0383452
0.0370001
0.0355184
0.0341322
0.033231
0.0314646
0.031196
0.0298729
0.0371917
0.0376477
0.0330529
0.0320626
0.0315384
0.0329236
0.0297031
0.0307046
0.0291312
0.036788
0.0429877
0.038043
0.0324645
0.0331864
0.0405163
0.0307858
0.0319292
0.0306985
0.0320414
0.037386
0.0377413
0.0322837
0.0325421
0.0294849
0.0347508
0.031674
0.0428081
0.0246141
0.0272236
0.0264757
0.0281778
0.0297011
0.0288559
0.0268226
0.0346741
0.036941
0.0295416
0.0333529
0.0293311
0.0281628
0.0257297
0.0358988
0.0283489
0.0318542
0.0267127
0.0283791
0.0353127
0.0325927
0.0324621
0.0333454
0.0325059
0.030346
0.0306783
0.0304056
0.028276
0.0361249
0.0380084
0.0362626
0.0337421
0.0371971
0.0352831
0.0287371
0.0420639
0.0327529
0.0300638
0.0262941
0.0302878
0.0339378
0.0320926
0.0294407
0.0273218
0.0261887
0.0278639
0.0257075
0.022744
0.0201889
0.0223265
0.0228823
0.0243146
0.0357167
0.0288662
0.0303898
0.027208
0.0274968
0.0343109
0.0377288
0.0323232
0.0392047
0.0394748
0.0373854
0.0355126
0.0378184
0.0360169
0.0355154
0.0343266
0.0389184
0.0368243
0.0342808
0.0349542
0.0365813
0.0372138
0.037807
0.0361669
0.033674
0.0363749
0.0327406
0.0330745
0.0356442
0.0400063
0.0400198
0.0402117
0.0390456
0.0361222
0.0360685
0.0323767
0.0336713
0.0338506
0.0309269
0.0366728
0.0354146
0.0338452
0.0324805
0.0388117
0.0352028
0.034377
0.0313589
0.027356
0.0328646
0.0359267
0.0355884
0.0347433
0.0318668
0.0354307
0.0322755
0.0305785
0.0323453
0.0388352
0.0380778
0.0348306
0.0326294
0.0358427
0.0308639
0.029639
0.0394705
0.0396983
0.0333273
0.0327991
0.0346541
0.028819
0.0357229
0.0368107
0.0336066
0.0376054
0.0319201
0.0349624
0.0347736
0.0395558
0.0394514
0.0332764
0.0355478
0.0385202
0.0410993
0.035708
0.0365647
0.0350014
0.0338013
0.0343024
0.0412249
0.0379223
0.0393894
0.0403464
0.0406684
0.0397808
0.0366312
0.0363039
0.0421502
0.0393023
0.036719
0.0352994
0.0404479
0.0426621
0.0409786
0.0493173
0.0358701
0.0330925
0.03381
0.0379787
0.0394724
0.0376561
0.0354101
0.0355911
0.0337182
0.0385833
0.0381154
0.0374877
0.0380233
0.0405809
0.0401904
0.0376721
0.0383427
0.0325796
0.0352021
0.0448238
0.0402868
0.0374638
0.0336405
0.0324
0.0330491
0.0354636
0.0384013
0.032706
0.0339345
0.0416034
0.037354
0.0370884
0.0405894
0.0332125
0.0310507
0.038333
0.0381361
0.039007
0.0362114
0.034361
0.0361686
0.0361937
0.0418785
0.0400923
0.0380841
0.0396288
0.037789
0.0410794
0.0334362
0.0432879
0.0414745
0.0443444
0.0419313
0.0444526
0.0377769
0.0373443
0.048873
0.0507134
0.0461963
0.0453631
0.0399226
0.0397233
0.0405478
0.0482425
0.047548
0.0424979
0.0415318
0.0359499
0.0528912
0.0464722
0.0453284
0.0481487
0.038726
0.0389095
0.0455393
0.0403214
0.0370692
0.0412716
0.0376364
0.0643573
0.0453856
0.043024
0.0427165
0.0398269
0.0444668
0.0475675
0.0467366
0.0457528
0.0451571
0.0490325
0.0486166
0.0439235
0.0494566
0.0459331
0.0525232
0.0492624
0.0493759
0.0508338
0.0489147
0.0449597
0.0555922
0.0500223
0.0428996
0.0468989
0.0461457
0.0460799
0.0554464
0.0514922
0.0525299
0.0537458
0.052706
0.0448028
0.0432928
0.0514722
0.0537946
0.0459683
0.0460083
0.041922
0.039687
0.0367416
0.038333
0.0490578
0.047967
0.0481844
0.0457314
0.0484237
0.045322
0.0459314
0.0468382
0.042008
0.0449278
0.0424829
0.0438395
0.0434848
0.0446763
0.0573501
0.0424531
0.0443605
0.0551862
0.0508212
0.0459507
0.050948
0.050254
0.0567018
0.050984
0.0490447
0.0469059
0.0424912
0.0435944
0.0457925
0.0438814
0.0408084
0.0401498
0.0406385
0.0426784
0.0434919
0.0420695
0.0437191
0.0411473
0.0439626
0.0418926
0.047806
0.0441525
0.042601
0.0380429
0.0370041
0.040357
0.0413515
0.0421011
0.0429927
0.0407656
0.0380735
0.0411966
0.0452482
0.0443169
0.043395
0.039059
0.0442272
0.0405596
0.0409113
0.045596
0.0439071
0.0409735
0.0416158
0.0476626
0.0426535
0.0419277
0.0402552
0.0421486
0.0439882
0.043114
0.0420195
0.0413654
0.0424845
0.0422629
0.0419028
0.0412969
0.0375537
0.0379088
0.0407569
0.0412627
0.0394894
0.0441414
0.0432132
0.0397113
0.0469718
0.0403347
0.0407032
0.0442039
0.0520533
0.0473565
0.0453413
0.0415803
0.0383288
0.0423948
0.0383319
0.0398802
0.040546
0.0444606
0.0420371
0.0370838
0.0391813
0.0410613
0.0382231
0.0511985
0.0441736
0.040747
0.0376871
0.0349923
0.030847
0.0331538
0.0334605
0.0314313
0.0322277
0.034682
0.0359642
0.0279576
0.0301742
0.0297423
0.0400125
0.0481123
0.0470141
0.0449795
0.0400581
0.0393945
0.0345564
0.0377791
0.0341786
0.0328406
0.0371348
0.0431677
0.0428507
0.0377448
0.0342588
0.034426
0.0428529
0.0339211
0.0419566
0.0417849
0.0434946
0.0356505
0.0404173
0.0388578
0.0368738
0.0410651
0.0422757
0.0478784
0.0402362
0.0381273
0.0354188
0.0377223
0.0331577
0.0404281
0.0411327
0.0342347
0.0395046
0.0343227
0.0348864
0.0368469
0.0326301
0.0307572
0.0339915
0.0398777
0.0419756
0.0361655
0.0357701
0.0374224
0.0347623
0.0324836
0.0321842
0.0333576
0.0314014
0.032935
0.0406401
0.0400911
0.0370296
0.0376189
0.0375707
0.0422643
0.0381822
0.0389547
0.0364404
0.0356009
0.0384381
0.0372858
0.0403016
0.0357808
0.0426685
0.0381511
0.034278
0.0395676
0.0378077
0.0360307
0.0346681
0.0397457
0.0374211
0.0377481
0.0374693
0.0337508
0.0339393
0.0375612
0.0339693
0.0393171
0.0335919
0.0359439
0.0348343
0.0344819
0.0334705
0.033855
0.0311196
0.031734
0.0322507
0.030048
0.0318355
0.0308894
0.0314823
0.0312534
0.0321217
0.0292718
0.0325244
0.0284937
0.0298469
0.0312121
0.0302613
0.0280062
0.029845
0.0295575
0.0294596
0.0296639
0.0274131
0.031061
0.0284305
0.0394025
0.0296849
0.0265
0.0261314
0.0236103
0.0332749
0.0310907
0.0318353
0.0296984
0.0335797
0.0334289
0.0337899
0.0325597
0.0345295
0.0296158
0.0288425
0.0409522
0.0402998
0.0377918
0.0399009
0.0419202
0.0349052
0.033216
0.0348554
0.0346441
0.0362865
0.0490988
0.0383022
0.0366013
0.03992
0.0365423
0.0309029
0.0303422
0.0288218
0.0369877
0.0327089
0.0354904
0.0344748
0.0329962
0.037095
0.0379341
0.0370031
0.0336277
0.0326266
0.0319679
0.0389214
0.03948
0.0336116
0.0336353
0.0354625
0.0352186
0.0297918
0.0302749
0.0312456
0.0308465
0.0298254
0.0346279
0.0341694
0.0331746
0.030963
0.0319378
0.0357854
0.0351287
0.0457911
0.0371309
0.0362601
0.0337738
0.0356944
0.0375268
0.0366024
0.033705
0.0336176
0.0423597
0.0384946
0.0348684
0.0355907
0.0334973
0.0314145
0.0304867
0.0346613
0.0349362
0.030617
0.0314429
0.0337293
0.0279564
0.0272952
0.0299673
0.0339883
0.0295156
0.0263364
0.0351701
0.0340564
0.0300021
0.0279183
0.0347052
0.0362928
0.0337224
0.0386748
0.0372683
0.0331885
0.0320174
0.0363967
0.0376061
0.033102
0.034458
0.0367388
0.0388542
0.0374825
0.0357478
0.0357813
0.0395391
0.0363662
0.0331626
0.0348412
0.0326036
0.0304786
0.0379048
0.0385532
0.0359089
0.0317073
0.0320421
0.0326694
0.0373039
0.0399449
0.0330698
0.0365238
0.033406
0.0305766
0.0355536
0.0349443
0.0335291
0.0306745
0.035223
0.0326271
0.0334038
0.0313777
0.0287873
0.0289184
0.0269912
0.0323381
0.0304736
0.0297114
0.0303866
0.0327464
0.0337026
0.0320529
0.0330848
0.0346011
0.0335582
0.0325051
0.0370072
0.0363748
0.033545
0.030879
0.0342626
0.0293911
0.0304182
0.0305435
0.0291369
0.0256767
0.027144
0.0271522
0.0250979
0.0260968
0.022944
0.0292919
0.0312
0.0288009
0.0278863
0.0276744
0.0252035
0.0259484
0.0273586
0.0283131
0.0312213
0.0293006
0.0364164
0.0391019
0.036269
0.035881
0.0350551
0.0399454
0.0402068
0.039902
0.0407608
0.0395232
0.0401636
0.0395138
0.0393653
0.0372172
0.0372017
0.035911
0.035797
0.0360923
0.0364425
0.0374254
0.038443
0.0359241
0.0343086
0.0350303
0.0342065
0.0324372
0.0335611
0.03244
0.0329842
0.0343506
0.0360454
0.0339358
0.0380142
0.0339043
0.0336857
0.0361847
0.0385861
0.0417417
0.0397476
0.0384856
0.0384547
0.0432357
0.0401303
0.0408072
0.0386778
0.0423242
0.0398194
0.0362181
0.0359495
0.0330164
0.0343649
0.0332384
0.0346492
0.0304412
0.028936
0.0382501
0.0375382
0.0358496
0.0340029
0.0348877
0.0342024
0.0336247
0.0319416
0.032352
0.0309112
0.0340198
0.0369783
0.0359373
0.0392822
0.0338922
0.0355471
0.0352454
0.0498461
0.0383177
0.0408016
0.038858
0.0328901
0.0365882
0.0377348
0.0381487
0.037273
0.0311526
0.0322054
0.0294372
0.0365558
0.0369092
0.0320214
0.0316736
0.0297198
0.0366522
0.0365744
0.0316562
0.0275453
0.031818
0.0376436
0.0291215
0.0340322
0.0331207
0.0272866
0.0309333
0.0325053
0.0249353
0.0211207
0.023506
0.028697
0.0259104
0.0224233
0.0232811
0.0249998
0.0269864
0.0229737
0.0241066
0.027729
0.030115
0.0266968
0.028483
0.0277174
0.0300574
0.027139
0.0238284
0.0245915
0.0291273
0.030079
0.0311617
0.0273614
0.0279138
0.0268868
0.0219648
0.0253913
0.0270985
0.028599
0.0294983
0.0299328
0.0271646
0.0250279
0.0254373
0.0297326
0.0276351
0.0262409
0.0330735
0.0302188
0.0324603
0.0296079
0.0276489
0.0259573
0.034548
0.0300995
0.0345516
0.0321162
0.0328621
0.0300234
0.0273173
0.029792
0.0291672
0.0350897
0.0321104
0.0264723
0.0291294
0.0366685
0.0333862
0.0310231
0.0320077
0.0346346
0.0314465
0.0326953
0.0378629
0.0337942
0.0324971
0.0327113
0.0305866
0.0359562
0.0339807
0.0338204
0.0380786
0.037498
0.0336408
0.0317418
0.0401108
0.0328344
0.0337826
0.0312258
0.0347555
0.0362656
0.0325691
0.0286845
0.0356631
0.0352299
0.0332148
0.0369885
0.0363053
0.037683
0.0343037
0.0323898
0.0330129
0.033336
0.0398441
0.0381653
0.0397967
0.0353113
0.0361299
0.0353691
0.0359654
0.0377297
0.0337034
0.0368614
0.0329006
0.0364958
0.0380174
0.034996
0.0376425
0.0363608
0.0400732
0.0363604
0.0358368
0.0329055
0.0329408
0.034236
0.0318049
0.031476
0.029199
0.0346635
0.0324924
0.0312251
0.0318811
0.0315067
0.0318817
0.0311608
0.0328923
0.0307155
0.0305635
0.0291084
0.0271173
0.038015
0.0357395
0.0353641
0.0326007
0.0335938
0.0333566
0.0349331
0.0304842
0.032643
0.030018
0.0254997
0.0289165
0.0383086
0.0376284
0.0366983
0.0345523
0.0340952
0.0298853
0.0285822
0.0294942
0.0258795
0.0252324
0.0259567
0.0280087
0.0342973
0.0312002
0.032292
0.0352439
0.0313484
0.0294265
0.0295761
0.0386734
0.0343985
0.0311839
0.0267519
0.0243233
0.0275539
0.0252639
0.0240436
0.021296
0.0205841
0.0211036
0.0229157
0.0201439
0.0182188
0.0163938
0.0178019
0.01547
0.0180867
0.0175667
0.0210057
0.0247746
0.0351416
0.0322356
0.0331926
0.0305043
0.0309956
0.0309528
0.0278648
0.0280287
0.0283961
0.0295236
0.0285621
0.0371979
0.035478
0.0350737
0.0368703
0.0332195
0.0281961
0.0279657
0.0411244
0.0349894
0.0317013
0.0292807
0.0382006
0.0313047
0.0336669
0.0323157
0.0282401
0.0367688
0.0317719
0.03413
0.0315065
0.0283448
0.0273044
0.0261782
0.0280695
0.0269986
0.0266811
0.0317887
0.0308768
0.0297988
0.0318077
0.0299993
0.0347635
0.0309559
0.0351779
0.0363313
0.0330861
0.0342657
0.0304727
0.0318247
0.0306452
0.0332394
0.0322742
0.0352029
0.0371393
0.0336366
0.0342714
0.0346664
0.0294544
0.0384091
0.0349123
0.0367738
0.0378767
0.0323366
0.0326664
0.0325127
0.0291529
0.0310519
0.0398521
0.0372341
0.0363374
0.0353914
0.0327376
0.0317942
0.0306804
0.0317032
0.03901
0.0378284
0.0358668
0.0323968
0.0351587
0.0313843
0.0333439
0.032573
0.0419205
0.030703
0.033767
0.0313378
0.034278
0.0262874
0.0272285
0.0288035
0.0284617
0.0333659
0.0356911
0.0313075
0.030132
0.032289
0.0340299
0.0350675
0.0339198
0.033309
0.0307117
0.0352129
0.0334962
0.0342427
0.0343147
0.0349332
0.0379717
0.0332008
0.0329899
0.0339311
0.0332109
0.0333225
0.0312278
0.0314918
0.0315785
0.0340062
0.0404067
0.0425217
0.0413457
0.0368974
0.0377783
0.0378932
0.0373364
0.0339595
0.0374125
0.0373743
0.0339905
0.0314757
0.0325924
0.0314703
0.0389839
0.0405566
0.0385221
0.0363907
0.0362973
0.035871
0.0377266
0.0389945
0.0410052
0.041149
0.0384631
0.0385154
0.0363343
0.0369561
0.0370875
0.0365813
0.0354347
0.0356157
0.0359197
0.0341859
0.0325982
0.0327998
0.0332492
0.0419201
0.0432881
0.0455467
0.0379891
0.0388227
0.0406237
0.0396224
0.0409783
0.0363657
0.0346842
0.0372802
0.0364534
0.0322222
0.0331789
0.0333793
0.0344136
0.0334176
0.0434051
0.0418321
0.0403579
0.0413343
0.0377981
0.0402949
0.033524
0.0335691
0.0305515
0.0333849
0.0397893
0.0369492
0.033982
0.0330642
0.0363065
0.0364256
0.034837
0.0317115
0.0347061
0.0367665
0.0298426
0.0297718
0.0263643
0.0297279
0.0345556
0.0286787
0.028917
0.0307851
0.0319467
0.0289799
0.0289996
0.0294215
0.0288748
0.028083
0.0279046
0.0274759
0.0287943
0.0302902
0.0320886
0.0259088
0.0365579
0.0365847
0.0332124
0.0360061
0.035899
0.0405717
0.0389309
0.0346683
0.0318387
0.0356867
0.0345082
0.0299152
0.0307477
0.0305643
0.0377216
0.0357821
0.0336523
0.0326783
0.0402387
0.0433531
0.039786
0.0410928
0.0368417
0.0439821
0.0388389
0.0364827
0.0334047
0.0361403
0.0384183
0.0425916
0.0342714
0.0334309
0.0316786
0.0363835
0.0381102
0.0388532
0.0352736
0.0403181
0.0417468
0.0383373
0.0426786
0.0470556
0.0422977
0.0421674
0.041398
0.0509707
0.0467671
0.0440666
0.039394
0.0389599
0.0388407
0.0342973
0.0376679
0.0365697
0.0346695
0.0410273
0.034254
0.0372688
0.0346591
0.0379593
0.0335543
0.0367752
0.0392714
0.0385131
0.0365822
0.0470722
0.0465924
0.0430791
0.0431572
0.0398117
0.0423331
0.0414548
0.0372869
0.0347742
0.0409863
0.0402259
0.0439392
0.0404878
0.0382711
0.0383178
0.0302731
0.0313098
0.0352805
0.0343435
0.0352666
0.041641
0.0412567
0.036262
0.036652
0.0295811
0.0348192
0.0391346
0.0365326
0.0430257
0.0376122
0.035909
0.031022
0.0365951
0.0336531
0.0340063
0.0328308
0.029797
0.0321597
0.029352
0.0280949
0.034552
0.0332605
0.0326689
0.0314429
0.0324139
0.0310011
0.0290415
0.0290478
0.0337283
0.0354787
0.0308594
0.0309215
0.0327199
0.042408
0.0380689
0.0377419
0.0347667
0.0315473
0.0305627
0.0406178
0.0349235
0.0302086
0.0368217
0.036537
0.0325636
0.0302898
0.0343611
0.0475325
0.0518692
0.0348743
0.0368249
0.0483428
0.0466678
0.0399814
0.0367567
0.0345491
0.0289867
0.0330525
0.0366669
0.0328262
0.0310477
0.0295088
0.0353032
0.0341939
0.0414142
0.0374403
0.0322248
0.0370942
0.0327631
0.0371019
0.0331939
0.0393667
0.0402933
0.0369785
0.0392025
0.0355104
0.036375
0.0346276
0.0383794
0.0357734
0.0325077
0.0277164
0.0291079
0.0299418
0.0285103
0.0273842
0.0234167
0.0294789
0.0299866
0.0283128
0.0328513
0.0318368
0.0327211
0.032095
0.0398376
0.0355978
0.0389778
0.0380422
0.0362782
0.0384818
0.0427859
0.0411131
0.0413198
0.0401792
0.0368281
0.0358509
0.0341479
0.032776
0.032351
0.0387716
0.043292
0.0387234
0.0348941
0.0323154
0.0327726
0.0396936
0.0380611
0.0357932
0.0366402
0.0333484
0.0330332
0.0319282
0.0393938
0.0359111
0.0341664
0.0323581
0.0298364
0.0397334
0.0390048
0.043434
0.0332755
0.0343141
0.0370104
0.0354464
0.0349838
0.0361957
0.0329551
0.0351067
0.0367644
0.0372601
0.0423782
0.0413544
0.0383906
0.0333493
0.0371491
0.0375635
0.0375881
0.0367546
0.0364435
0.0313766
0.0412959
0.0446594
0.0395789
0.0389208
0.0372439
0.0381056
0.0337501
0.0390936
0.0398761
0.040714
0.0384584
0.0360891
0.0348889
0.0370436
0.0437762
0.0453864
0.0476882
0.0422907
0.040161
0.0397371
0.0541787
0.0451683
0.0406176
0.0401062
0.0459956
0.0393415
0.0443696
0.0514775
0.0380349
0.0496501
0.0500779
0.0498432
0.0534247
0.0553879
0.0495285
0.0482321
0.047221
0.0426528
0.047439
0.045617
0.0468605
0.044537
0.0486316
0.049216
0.0478994
0.0529113
0.0595273
0.0542681
0.0471975
0.045015
0.0398823
0.043484
0.039586
0.0451368
0.0408327
0.0424653
0.0393677
0.0446811
0.0488004
0.0481387
0.0522585
0.0655821
0.0655198
0.0484274
0.0458439
0.0460078
0.0391181
0.0501046
0.0395553
0.0345247
0.0382754
0.0377024
0.034227
0.0328493
0.0287766
0.0301563
0.0308206
0.0363388
0.0404105
0.0314167
0.0313998
0.0313893
0.0310408
0.0303858
0.0323142
0.0344202
0.0328919
0.0394398
0.0363997
0.0325048
0.0432801
0.038814
0.0406773
0.0387396
0.0384791
0.04342
0.0421961
0.041705
0.0475915
0.0392266
0.0391977
0.0430355
0.0440693
0.0433792
0.0400224
0.0443452
0.0437341
0.0493388
0.0463197
0.0436113
0.0385144
0.0383694
0.0389409
0.0345347
0.0374448
0.038503
0.0392403
0.0427765
0.0375042
0.0467524
0.0468712
0.0470747
0.0446741
0.0401152
0.0389009
0.0370498
0.0362351
0.0391545
0.0478796
0.0435768
0.0397175
0.0402547
0.0409436
0.0419299
0.0400774
0.0422891
0.0418604
0.041069
0.0414912
0.0363617
0.0363922
0.0382605
0.0379769
0.047239
0.0413891
0.046608
0.0368447
0.0347508
0.0353462
0.0388826
0.0400148
0.0362287
0.0350624
0.0394065
0.0400924
0.0374993
0.03684
0.0341732
0.035515
0.0372621
0.0396337
0.0353321
0.038611
0.036452
0.0318542
0.0366378
0.0372312
0.0342086
0.0340712
0.0415435
0.0368375
0.0369748
0.0423978
0.0365293
0.0375713
0.0351839
0.0364959
0.0353946
0.0341025
0.0393481
0.0374931
0.0332966
0.0350693
0.0313121
0.0316152
0.0308789
0.0363783
0.0348408
0.0334142
0.0410921
0.0368018
0.0386716
0.0401524
0.0433565
0.0397632
0.0362114
0.036136
0.0321647
0.0464263
0.0405683
0.0409072
0.0382925
0.0350056
0.0346427
0.0336902
0.0339051
0.0334987
0.0405944
0.0401181
0.0372821
0.0332338
0.0326985
0.0307075
0.0386611
0.0350874
0.0367481
0.0343331
0.0341943
0.0320279
0.0325424
0.0311118
0.0328857
0.0331258
0.0306531
0.0362891
0.039895
0.035576
0.0386364
0.034652
0.0346672
0.0326553
0.0300327
0.0289458
0.0308367
0.0308419
0.0303523
0.036834
0.0390593
0.0348885
0.029371
0.0308989
0.0306143
0.0306637
0.0403511
0.0366252
0.0379637
0.0321399
0.0315482
0.0327004
0.032227
0.030184
0.0400763
0.0352495
0.0385448
0.0344785
0.0317377
0.0300232
0.0361151
0.0379821
0.0348542
0.0324194
0.0319309
0.0287293
0.0342374
0.0309882
0.0316963
0.0302439
0.0304742
0.0359219
0.0339375
0.0336187
0.0297746
0.0403459
0.0341951
0.0333042
0.0324093
0.0348663
0.0319562
0.0298822
0.0305859
0.0298242
0.031728
0.0354558
0.0332664
0.0322659
0.0359616
0.0330894
0.0349227
0.0287042
0.032759
0.0324651
0.0318934
0.0320269
0.030137
0.0292673
0.0370278
0.0381288
0.039044
0.0366516
0.0348746
0.0345806
0.0312278
0.0305822
0.0340513
0.0339279
0.0336557
0.0315662
0.0330119
0.0413592
0.0292677
0.0283347
0.0346514
0.0321458
0.0374482
0.0353409
0.0339583
0.0326872
0.0395777
0.0377658
0.04121
0.0337917
0.0421895
0.0346944
0.0320701
0.0316766
0.0426589
0.0389294
0.0377922
0.0372454
0.0361125
0.0337635
0.0340977
0.0336271
0.0435863
0.0389332
0.0382014
0.0345894
0.0382716
0.0340413
0.0320603
0.0394936
0.0427108
0.0403865
0.0356938
0.0380972
0.0345308
0.0342909
0.0358624
0.03426
0.0299036
0.0311025
0.0356076
0.0394655
0.0385405
0.0309229
0.0319472
0.0367402
0.0334617
0.0353686
0.030321
0.0329785
0.0282064
0.0287964
0.0298754
0.0279718
0.0394552
0.0400903
0.0386012
0.0374594
0.0345037
0.0356598
0.0302466
0.0304013
0.0310034
0.0364058
0.0358738
0.0356477
0.0323422
0.0340717
0.0294655
0.0295707
0.0292226
0.0284374
0.0283798
0.0320343
0.0339629
0.0354701
0.0311242
0.0323114
0.0298771
0.0319358
0.0362306
0.0352156
0.0346938
0.0351519
0.0294674
0.0288306
0.029953
0.0279383
0.0342495
0.0371576
0.0329016
0.0321451
0.0322791
0.0340482
0.0383146
0.0397971
0.0351177
0.0372367
0.0358036
0.0333634
0.0323107
0.0338413
0.0327939
0.0304586
0.0397966
0.037118
0.0353381
0.0378114
0.0356627
0.0351006
0.0328485
0.0331895
0.030308
0.0394479
0.0405493
0.0391179
0.0349418
0.0325995
0.0320519
0.0423673
0.0361985
0.0373802
0.0348697
0.038313
0.0402634
0.0355724
0.0527341
0.0354917
0.0374782
0.0457371
0.0422502
0.0379693
0.0398774
0.041424
0.0393036
0.039367
0.0435786
0.0408226
0.0422649
0.0391393
0.0381136
0.0342041
0.0347497
0.034891
0.0354584
0.0391833
0.0487972
0.0441049
0.039828
0.0393359
0.038238
0.0426304
0.0395698
0.0399188
0.037316
0.043007
0.0404504
0.0395184
0.0414827
0.0397682
0.0395588
0.0405568
0.0361049
0.036558
0.0368187
0.0404896
0.0417555
0.0399526
0.0386144
0.0364343
0.0376031
0.0403091
0.0407131
0.0370712
0.0351331
0.0347416
0.0358735
0.0414164
0.0386758
0.0358381
0.0329041
0.0346982
0.0321517
0.0298731
0.0320296
0.0321782
0.033845
0.0336474
0.0286192
0.0369214
0.0404298
0.0402808
0.0330702
0.0331291
0.0350612
0.0411128
0.0411817
0.038332
0.031682
0.034138
0.0396064
0.0401341
0.0331119
0.0310766
0.0357111
0.0386256
0.0368947
0.0345418
0.0356575
0.03277
0.0327342
0.0338756
0.0330168
0.0304005
0.0315643
0.0288945
0.0330665
0.0292084
0.0305896
0.031986
0.0302407
0.0347562
0.0397038
0.0391862
0.0442317
0.0376123
0.0393865
0.0381894
0.0457239
0.0431975
0.0422075
0.0404327
0.0475309
0.0461423
0.0429797
0.0445386
0.0408756
0.0465132
0.0448399
0.0417505
0.0449474
0.044156
0.0455425
0.0430167
0.0410727
0.0374936
0.0357657
0.0310468
0.0371503
0.0382399
0.0399343
0.0419022
0.0396936
0.0395826
0.0370697
0.0350328
0.0357652
0.0373723
0.0406195
0.0377213
0.0390972
0.0392992
0.0382398
0.0386568
0.0373506
0.0400976
0.0388063
0.0381648
0.0366666
0.0397789
0.0413071
0.0425281
0.040597
0.0420085
0.0410838
0.0396234
0.0419568
0.037636
0.0380362
0.0378605
0.0384209
0.040269
0.0405163
0.0382773
0.0372532
0.0391928
0.0390028
0.0346495
0.0435466
0.042744
0.0424209
0.041039
0.0381137
0.0439566
0.0394895
0.0369562
0.0391976
0.0419074
0.0391595
0.042407
0.0376164
0.0383144
0.0378599
0.0383485
0.0304956
0.0296165
0.0350339
0.037158
0.0357431
0.0317173
0.0392871
0.0317118
0.0325165
0.032845
0.0333984
0.0284227
0.0329066
0.0326232
0.0351338
0.0320294
0.0299897
0.0305915
0.0290616
0.0302375
0.0292886
0.0302137
0.0280719
0.0277921
0.031085
0.0324378
0.0297045
0.0296461
0.0296747
0.0276663
0.0347847
0.0356386
0.0329734
0.0331405
0.0374403
0.0357223
0.0340822
0.035083
0.033987
0.031898
0.0345343
0.0349371
0.035242
0.0355454
0.0343063
0.0363931
0.0349
0.0368261
0.0365214
0.0348758
0.0345594
0.0350288
0.0340318
0.0339875
0.0321816
0.0322963
0.0326833
0.0303519
0.0300658
0.0305974
0.0280589
0.0268982
0.0252568
0.0275045
0.0301075
0.0316563
0.0280361
0.0299578
0.0289864
0.0343443
0.0368102
0.0339393
0.0329526
0.0318191
0.0350426
0.0377515
0.0328761
0.0309249
0.0354725
0.036866
0.0344972
0.0363739
0.0370824
0.03448
0.033262
0.0345162
0.0369364
0.039254
0.0360008
0.0361032
0.0352446
0.0359383
0.0345037
0.0314993
0.0437496
0.0453052
0.0413195
0.0471256
0.0451562
0.0408309
0.0393017
0.0365404
0.0386921
0.036265
0.0305694
0.0297056
0.0245505
0.0352471
0.0342921
0.0336209
0.029437
0.0299064
0.0293207
0.0355072
0.0300094
0.0309084
0.0341479
0.031884
0.0306434
0.0293916
0.0296184
0.032326
0.0265988
0.0244114
0.0223552
0.0254548
0.0266244
0.0265357
0.0287146
0.0299346
0.0299287
0.0286171
0.0376003
0.0357655
0.0376329
0.0353392
0.0362375
0.0353085
0.0399511
0.0346751
0.0337302
0.0314689
0.0400978
0.0376372
0.0369276
0.0344981
0.0319932
0.033115
0.0306673
0.0316794
0.0287753
0.029927
0.0306952
0.0415542
0.0406729
0.0402318
0.0400208
0.0389792
0.0337472
0.036258
0.0390181
0.0373552
0.0346497
0.0312753
0.0329277
0.0467098
0.0441687
0.0383141
0.0374175
0.0341385
0.0379626
0.03438
0.0394016
0.0400644
0.0367146
0.0390928
0.0339194
0.032047
0.0375897
0.0397337
0.0364833
0.039145
0.0337753
0.0358673
0.0339337
0.0378999
0.0342167
0.0402651
0.0350302
0.0387219
0.0400001
0.0349937
0.0367283
0.0324098
0.0333719
0.0340233
0.0302465
0.0304383
0.0329053
0.0301272
0.0311785
0.0331822
0.0289588
0.029506
0.0333909
0.0327504
0.0359468
0.0335381
0.0361837
0.0337444
0.0330547
0.0321707
0.0347976
0.0340934
0.0342151
0.0349772
0.0304132
0.0308518
0.030253
0.0311245
0.0297713
0.0362643
0.0355506
0.0361722
0.0365453
0.0316339
0.0339556
0.0355194
0.0336121
0.0353896
0.0347229
0.0340486
0.0368323
0.0350761
0.0367892
0.0359801
0.0341628
0.030715
0.0341678
0.0348552
0.0327453
0.035538
0.0447091
0.0422855
0.0440626
0.0390133
0.0389829
0.0427799
0.0394623
0.0387238
0.0403945
0.0410793
0.0411561
0.0347559
0.035939
0.0350632
0.0330419
0.0305068
0.0305508
0.0355381
0.0314387
0.0261408
0.032565
0.0320475
0.0331584
0.0308344
0.02775
0.0284528
0.0279319
0.0254502
0.0240154
0.0263007
0.0320861
0.0283643
0.0318189
0.0292398
0.0358111
0.0355477
0.0407178
0.0408395
0.0406331
0.0406499
0.0397857
0.0425484
0.0411403
0.0340614
0.0351483
0.0353188
0.0325923
0.0387889
0.0412964
0.0375725
0.0416765
0.0378704
0.0389965
0.0386046
0.0363016
0.0366431
0.0406807
0.042858
0.0415644
0.038436
0.0382076
0.0414331
0.0384853
0.0348748
0.034314
0.0371968
0.0392746
0.0420872
0.0329168
0.0349589
0.0366727
0.0378997
0.0356963
0.0363269
0.0361742
0.0353186
0.0402962
0.0408126
0.0418518
0.0373856
0.0334289
0.0333697
0.0314984
0.0293598
0.0372909
0.038118
0.03475
0.0349867
0.0401096
0.040465
0.0364966
0.0329962
0.0356333
0.0332073
0.0363879
0.0330729
0.0373115
0.0380354
0.0351191
0.0341574
0.0394294
0.0374071
0.034779
0.0362402
0.0347429
0.0364235
0.0382764
0.0380996
0.0390083
0.0383714
0.037934
0.0378235
0.0391708
0.0347041
0.0414899
0.0420385
0.0388876
0.0357975
0.0379328
0.0337004
0.0429353
0.0411984
0.042188
0.0397923
0.0447343
0.0415589
0.0393571
0.0426117
0.0407456
0.0463247
0.0422118
0.0430302
0.0457
0.037362
0.0414356
0.0419283
0.0452668
0.0458611
0.0423736
0.0436296
0.0379241
0.038502
0.0378091
0.0413327
0.0412745
0.0433593
0.0443596
0.0381843
0.0390509
0.0415507
0.0402055
0.0421191
0.0387555
0.0448149
0.0432251
0.0430532
0.0390356
0.0379718
0.03686
0.0351767
0.0340814
0.0327864
0.0382939
0.0404295
0.0358539
0.032841
0.0347556
0.0413085
0.0396797
0.0350642
0.0336354
0.0340277
0.0360853
0.040024
0.0363053
0.0350647
0.033626
0.0328015
0.0303507
0.0314356
0.0381996
0.0444449
0.0287265
0.032956
0.0325996
0.0309688
0.0314261
0.0361183
0.0378342
0.0369399
0.0338823
0.0336646
0.0331715
0.0323603
0.0313194
0.0384725
0.0384897
0.0356726
0.0370834
0.0341765
0.0327309
0.0318064
0.0388041
0.0330856
0.0354911
0.0328119
0.0309686
0.0320124
0.0350516
0.0321326
0.0315546
0.0310268
0.0367224
0.0361078
0.0357867
0.0398367
0.037168
0.039408
0.0348047
0.035602
0.0412978
0.0400808
0.0369868
0.0345678
0.0359325
0.0372201
0.0342415
0.0359419
0.0349411
0.0364735
0.0374698
0.0339108
0.0386315
0.0348372
0.03842
0.0358057
0.0339742
0.0321248
0.0312717
0.0394452
0.0352077
0.0369717
0.0349373
0.0327072
0.0316026
0.0340825
0.0381149
0.0351426
0.0356712
0.0323194
0.0318972
0.0317742
0.0283195
0.034125
0.0341897
0.0337642
0.0353767
0.0297657
0.0333229
0.0349535
0.0345153
0.0310272
0.0309318
0.0456296
0.0342191
0.0352907
0.0366518
0.0333098
0.0329367
0.0347002
0.0351327
0.033958
0.0345894
0.0338378
0.030377
0.0415086
0.0379415
0.0335417
0.0327188
0.0326323
0.0324043
0.0386571
0.0424102
0.0434166
0.0403066
0.0376461
0.0383204
0.0392845
0.0380286
0.0360532
0.0329725
0.0343798
0.0323292
0.0304785
0.0355721
0.0352081
0.0330994
0.0306347
0.0357207
0.0362769
0.0335882
0.0345779
0.0310569
0.0312066
0.0273734
0.0358108
0.0370049
0.0335992
0.0298019
0.0317373
0.0380691
0.0383876
0.0339382
0.0336995
0.0318482
0.0415213
0.0386518
0.0399366
0.0370089
0.0325112
0.0360384
0.0337932
0.0302524
0.0373594
0.039743
0.0350211
0.0339494
0.0331241
0.0382478
0.039396
0.036051
0.0347532
0.0345655
0.0322948
0.031626
0.0339739
0.0326305
0.0280809
0.0325182
0.034263
0.0356925
0.0305397
0.0278273
0.0330037
0.0362795
0.0334358
0.0354032
0.0291653
0.0373276
0.0372862
0.0364633
0.0339678
0.0322468
0.0333719
0.0307798
0.0294216
0.0287332
0.0292403
0.0327923
0.0374457
0.0321278
0.0288764
0.0328496
0.0324153
0.0343696
0.0288594
0.028455
0.0313984
0.0298542
0.0330955
0.0360463
0.0325903
0.0347489
0.0309811
0.0295578
0.0317089
0.0286272
0.0325599
0.0339139
0.0327121
0.0304536
0.0400186
0.0304769
0.027987
0.0276747
0.0367103
0.0302817
0.0292228
0.0286358
0.0358222
0.030579
0.028046
0.0265118
0.0264344
0.023729
0.0216827
0.0238417
0.0242799
0.0277807
0.0258799
0.0237118
0.0226055
0.0249723
0.0234847
0.0247756
0.0263584
0.0251965
0.026096
0.0313812
0.0335488
0.0335041
0.0361797
0.0299239
0.0295468
0.029375
0.0283256
0.029806
0.0308273
0.0346248
0.0310657
0.0340519
0.0309161
0.0295942
0.0314004
0.0301944
0.0361463
0.0336298
0.0305042
0.0300194
0.0300898
0.0335795
0.0347821
0.034302
0.0297549
0.0377922
0.0397126
0.0360955
0.0348274
0.0378384
0.0327845
0.0331324
0.0310361
0.0299705
0.030122
0.0327271
0.0336109
0.032953
0.0337877
0.0321082
0.0367176
0.0348631
0.0298023
0.0297621
0.0313796
0.0344725
0.0348005
0.0338654
0.0330394
0.0334397
0.0307755
0.0380948
0.0368263
0.0397893
0.0398949
0.0385068
0.0349761
0.0356871
0.0412444
0.0346809
0.0336526
0.0399013
0.0368848
0.0353202
0.0379338
0.03249
0.0359133
0.0381867
0.0380374
0.0396728
0.040777
0.0391788
0.0359978
0.0403028
0.0366138
0.0372692
0.0350425
0.0302654
0.038087
0.0360064
0.0323267
0.0354547
0.0349928
0.0398748
0.0442623
0.0371723
0.0366457
0.0373616
0.0357036
0.0345383
0.033753
0.0407287
0.0383569
0.0369605
0.0336761
0.0350465
0.0324005
0.0363915
0.0358158
0.0343521
0.0353058
0.0342218
0.0338365
0.031334
0.0325809
0.0329556
0.0332284
0.0314948
0.0304244
0.0324821
0.0385982
0.037073
0.0331654
0.0331964
0.0335714
0.0308592
0.0385852
0.0371912
0.0358754
0.0335078
0.0325815
0.0363696
0.0355871
0.0348738
0.0311737
0.0319184
0.0288133
0.0289672
0.0300258
0.0331588
0.0363358
0.0359389
0.03252
0.0348262
0.041339
0.0373339
0.0333938
0.0361579
0.0346843
0.0365324
0.0355866
0.0319318
0.040617
0.0421829
0.0410632
0.0373994
0.0336685
0.0407201
0.0429915
0.0390787
0.0394421
0.0377424
0.0387278
0.0402921
0.0407838
0.0424147
0.0411077
0.0415019
0.0365009
0.0409105
0.0444211
0.0449984
0.0396905
0.0406044
0.0340448
0.040296
0.0348252
0.032823
0.0397683
0.0417267
0.0380067
0.0370658
0.0381468
0.0336973
0.0367933
0.0358915
0.0333498
0.0388594
0.0371952
0.039734
0.0386898
0.0369629
0.0382351
0.0369663
0.0347796
0.0360479
0.0354904
0.0371299
0.0365409
0.0342694
0.0325772
0.0352808
0.0330343
0.0311548
0.0314303
0.0433713
0.0432304
0.0402485
0.0359553
0.0377278
0.0392111
0.033022
0.0357245
0.0366662
0.0353211
0.0372467
0.0418638
0.0375514
0.0350071
0.0312336
0.0364806
0.0391409
0.0361181
0.0344586
0.0390582
0.0371807
0.0349842
0.0340076
0.0335492
0.0340967
0.0289167
0.0379116
0.0365004
0.0321016
0.0293936
0.0339507
0.0312588
0.031596
0.0319353
0.0387151
0.0247839
0.0256746
0.0282788
0.0283459
0.0249185
0.0250576
0.023989
0.0223222
0.0213852
0.0247558
0.0261049
0.0253235
0.0239917
0.0240938
0.0235099
0.022168
0.0235482
0.0279526
0.0350237
0.0400293
0.0374965
0.0382715
0.0416094
0.0447828
0.0387118
0.036591
0.0418135
0.0386563
0.0376224
0.0371956
0.0365829
0.0335312
0.0393078
0.0370412
0.0415844
0.0398691
0.0366774
0.0365041
0.0311232
0.0364032
0.0314725
0.0355434
0.0300302
0.028432
0.0410448
0.0386099
0.0347662
0.0358203
0.0327855
0.0342315
0.035213
0.0442396
0.0355757
0.0388076
0.0330018
0.0369812
0.0354572
0.032355
0.0353494
0.0343833
0.0324755
0.0350446
0.0357674
0.0367011
0.0362209
0.0389515
0.0328835
0.0346939
0.0379197
0.0381233
0.0358978
0.0365293
0.0368536
0.0343309
0.0406411
0.0419278
0.0355714
0.0359324
0.0327777
0.0420352
0.0402205
0.0391348
0.0329961
0.0338632
0.0308583
0.0315342
0.0389611
0.0363406
0.0394521
0.0336678
0.0354474
0.033097
0.0379851
0.0352422
0.0379897
0.0371897
0.035968
0.034257
0.0350046
0.0349794
0.0276961
0.0260295
0.037012
0.0362318
0.0311524
0.0296012
0.0288439
0.0302261
0.0317636
0.0314588
0.0380365
0.0362144
0.0363184
0.0342125
0.0307069
0.0308764
0.0322025
0.0358086
0.0366731
0.0398417
0.0366237
0.0362512
0.0367536
0.0360593
0.037493
0.0366987
0.034719
0.0358326
0.0341418
0.0406981
0.0410389
0.0370982
0.031651
0.0370533
0.0382909
0.0388215
0.0384553
0.0369088
0.0342421
0.0350029
0.0448988
0.0418485
0.0396888
0.0388572
0.0349531
0.0415834
0.0373302
0.0405878
0.0383946
0.0292915
0.0353859
0.0359233
0.0347731
0.0333952
0.0374905
0.0379952
0.0335969
0.0359676
0.0376797
0.0364425
0.0333683
0.0395378
0.0341263
0.0372691
0.0361323
0.0359757
0.03684
0.0356843
0.0352163
0.0355091
0.0341469
0.0392458
0.0358666
0.0333118
0.0364898
0.039947
0.0354778
0.0363498
0.0343403
0.0383408
0.0413624
0.0430087
0.037289
0.0361356
0.0352148
0.0342438
0.0322857
0.0352675
0.0458408
0.0387179
0.0390059
0.0346973
0.0367352
0.0305347
0.0400587
0.0400987
0.0383543
0.0386198
0.0321281
0.0354937
0.0348514
0.0372806
0.0379396
0.032239
0.031003
0.0369043
0.0332336
0.0282184
0.0294497
0.0281952
0.0304692
0.028425
0.0261831
0.0262005
0.0247449
0.0277041
0.0359413
0.0328729
0.0326284
0.0315865
0.0376424
0.0362849
0.0365773
0.037801
0.044032
0.0387331
0.0363433
0.0411359
0.0385517
0.0385072
0.0378188
0.0377509
0.0358075
0.0413588
0.0402953
0.0398871
0.0414562
0.0335076
0.038841
0.0329458
0.0373712
0.0383295
0.0365602
0.0340694
0.033923
0.038356
0.0358414
0.0319653
0.0325477
0.0375286
0.0375539
0.0370764
0.0417942
0.0381589
0.0363848
0.0363363
0.0350108
0.0371078
0.0354987
0.0360119
0.0402803
0.0379497
0.0352598
0.0373182
0.0341449
0.0352024
0.0313698
0.031808
0.0310916
0.0305751
0.0285226
0.0304868
0.0287129
0.0352606
0.0339278
0.0400171
0.0419355
0.0332734
0.0335055
0.0383752
0.0350362
0.03213
0.0338163
0.0306771
0.0312157
0.0286348
0.0383963
0.0338631
0.0304593
0.0384605
0.0338656
0.0377523
0.0333798
0.0321853
0.0349501
0.0356892
0.0336699
0.0346705
0.0308753
0.0307505
0.0303203
0.0338796
0.0322606
0.0305331
0.0378812
0.0341992
0.0347247
0.0335331
0.0314642
0.0295128
0.0350434
0.033771
0.0320532
0.0358192
0.0366412
0.0348187
0.0345916
0.0335726
0.0297346
0.0295802
0.0344645
0.0257408
0.0219281
0.0221811
0.020534
0.018061
0.0175583
0.0168252
0.0139361
0.00847456
0.00797129
0.00902193
0.00916569
0.00998499
0.00920895
0.00923206
0.00873634
0.0120356
0.0193588
0.020602
0.0194141
0.020074
0.0309987
0.0246654
0.0253968
0.0261699
0.0275793
0.0253523
0.0325436
0.0351334
0.0348586
0.0334811
0.0314585
0.0288769
0.0375358
0.0365983
0.0333791
0.0310091
0.0308443
0.0463753
0.0356558
0.0297781
0.0291504
0.0335578
0.0329305
0.0315692
0.0371627
0.0363741
0.0338658
0.0328533
0.0311182
0.0302332
0.0313411
0.0366017
0.03529
0.0318529
0.0348708
0.0370726
0.0404701
0.0403292
0.0368786
0.0360604
0.0374571
0.033481
0.0381586
0.0366677
0.0379626
0.0334848
0.0362948
0.0339694
0.0368736
0.0333953
0.0288478
0.0256657
0.0195664
0.0222719
0.0232616
0.0243411
0.0299343
0.0262281
0.0282502
0.0231608
0.0290588
0.0204681
0.0168502
0.0222827
0.0230198
0.0232126
0.0217603
0.02122
0.0226641
0.020115
0.0206548
0.0206355
0.0206429
0.0296138
0.0301297
0.0274436
0.0281467
0.0228497
0.0261464
0.0214277
0.0192555
0.0185535
0.0193791
0.0173562
0.0164557
0.0184489
0.0195595
0.0187898
0.0200043
0.0197068
0.0197324
0.0211133
0.0203317
0.0268684
0.0315993
0.0316544
0.0296909
0.0313485
0.0393847
0.03813
0.0390944
0.0370103
0.0379359
0.03674
0.0350276
0.0303844
0.0303705
0.033962
0.033141
0.0297662
0.0277397
0.0251104
0.0266378
0.0260702
0.0248736
0.0259297
0.0309516
0.0284928
0.0308208
0.0388187
0.0356029
0.0353609
0.034069
0.0412627
0.0326293
0.032438
0.0236974
0.0328045
0.0354062
0.0364906
0.0374516
0.0343873
0.0376007
0.0360794
0.031059
0.0257926
0.0310539
0.0285114
0.0274995
0.0262158
0.0301151
0.0290132
0.0307212
0.0312875
0.0310905
0.0312075
0.0309182
0.0324155
0.0330108
0.0310346
0.0316237
0.0251994
0.0302819
0.035223
0.0325843
0.0335788
0.0320648
0.031366
0.0358317
0.0287503
0.02745
0.0241799
0.0246261
0.0247717
0.0223087
0.0209099
0.0216685
0.0199596
0.0206622
0.0199287
0.0203269
0.0207257
0.0220999
0.0204443
0.0196091
0.0179003
0.0176041
0.0186526
0.019145
0.0158647
0.0166641
0.0183606
0.0169262
0.0183392
0.0168968
0.0167126
0.0137635
0.0164493
0.0156839
0.0172976
0.0155656
0.0136933
0.0123379
0.00877656
0.00751325
0.0148287
0.00729701
0.00788643
0.00752805
0.00720472
0.0315555
0.0244223
0.0209323
0.0196474
0.0210788
0.0225112
0.0231663
0.0245117
0.0284534
0.0313583
0.0319429
0.0303993
0.030122
0.0310356
0.0319916
0.0315216
0.0273667
0.0270203
0.0246721
0.0235338
0.0253373
0.0488432
0.0381033
0.0366725
0.034252
0.0330979
0.0290687
0.0276651
0.0308246
0.0345235
0.0298221
0.0274641
0.0233038
0.0234626
0.0244129
0.0240448
0.0291759
0.0271978
0.0289172
0.0253627
0.0260431
0.0263468
0.0366365
0.0348946
0.0312838
0.0299336
0.0362407
0.031049
0.0325529
0.0365384
0.035372
0.0329668
0.0317662
0.0349757
0.0339857
0.033927
0.0318588
0.0292084
0.0389961
0.0382294
0.0353977
0.0312743
0.0370636
0.036308
0.0338101
0.0355716
0.0401994
0.0361596
0.0348589
0.0325786
0.0342363
0.0381292
0.0408252
0.0357324
0.035025
0.0332718
0.0332069
0.041699
0.038293
0.0365978
0.035682
0.0326384
0.0327945
0.0311788
0.0343546
0.0329707
0.0377679
0.0368341
0.0326921
0.0338966
0.0290358
0.0353048
0.0338244
0.0330804
0.0355064
0.0322683
0.0321885
0.0313192
0.0288221
0.0247425
0.0254402
0.0231056
0.0269025
0.0246566
0.0260241
0.0243314
0.0346743
0.0384
0.0345575
0.0344379
0.0343637
0.0323845
0.0317426
0.0318773
0.033781
0.0365796
0.036297
0.0381346
0.0372361
0.0350632
0.0379341
0.0339221
0.0342802
0.033929
0.0316906
0.0358594
0.0388867
0.0377931
0.0392409
0.0379981
0.0375161
0.0298445
0.0313825
0.0402577
0.0395291
0.0404379
0.0384078
0.0347322
0.0354935
0.034994
0.0304066
0.0334797
0.0310211
0.0283856
0.0351843
0.034405
0.0355921
0.0272364
0.0310598
0.032601
0.0364832
0.0288344
0.0344453
0.0308348
0.0274447
0.0251025
0.0258856
0.0226758
0.0230736
0.0226934
0.0206279
0.0236802
0.0220762
0.0259311
0.0300902
0.0287856
0.0257751
0.0279297
0.0235193
0.0223781
0.0222954
0.0300132
0.0368379
0.0380249
0.0476241
0.0354046
0.0331773
0.0330323
0.0316459
0.0278506
0.0338261
0.0374427
0.0336605
0.0328395
0.035513
0.0312738
0.0317844
0.0363857
0.0342849
0.0382434
0.0323805
0.0309142
0.0358283
0.0396386
0.0399033
0.0366709
0.034216
0.0425148
0.0352623
0.0354096
0.041274
0.0373769
0.0372853
0.0379219
0.0357136
0.0394737
0.0348745
0.0359478
0.036718
0.0346841
0.0365125
0.0413314
0.0438044
0.0380888
0.0381043
0.0352094
0.0348421
0.0412694
0.0383241
0.0381169
0.0382855
0.0364596
0.0367623
0.0341632
0.0451247
0.0543115
0.0381557
0.0372831
0.0361038
0.0407421
0.0428084
0.0464551
0.038238
0.0372214
0.0369538
0.0366371
0.0376122
0.0334376
0.0421885
0.0427756
0.0392685
0.0410886
0.0365765
0.0340403
0.0308391
0.0266857
0.0319263
0.0363754
0.0338135
0.0310539
0.0345044
0.0327387
0.0298596
0.0295771
0.0356182
0.0310937
0.0347396
0.0331815
0.0297869
0.033903
0.0351438
0.0289725
0.0298618
0.0275753
0.0326147
0.0332136
0.0362892
0.0307313
0.0311427
0.0324926
0.0384068
0.0383381
0.0336368
0.0317912
0.0355401
0.0344681
0.0364882
0.0384927
0.0339038
0.0329942
0.0352533
0.0376426
0.0386464
0.0361995
0.0348665
0.04134
0.0433296
0.040975
0.0410808
0.0436972
0.0420002
0.0487126
0.039769
0.0462462
0.0360989
0.0352157
0.0425163
0.0345639
0.0322031
0.0391977
0.0351625
0.0398662
0.0338303
0.0347493
0.0379524
0.0394546
0.0321995
0.0313639
0.0267557
0.0287005
0.0335766
0.0315734
0.0346096
0.0338181
0.0319195
0.0274933
0.0261133
0.0233483
0.0224502
0.0231918
0.0238709
0.022844
0.0200485
0.0193815
0.0201161
0.0190571
0.0196472
0.022751
0.0236843
0.0238394
0.0231475
0.0244839
0.0243317
0.0242437
0.0229213
0.0231378
0.0239325
0.022029
0.0206226
0.0291939
0.0326719
0.0328984
0.0391433
0.0369427
0.0343966
0.0362766
0.0372205
0.0363496
0.038408
0.0385787
0.0348503
0.0342986
0.0382114
0.0397629
0.0343827
0.0355024
0.039028
0.0373979
0.035537
0.0374415
0.0393582
0.0422772
0.0467929
0.0439927
0.0418097
0.0429208
0.0383006
0.0418463
0.0465261
0.0429329
0.0416738
0.0394272
0.0396272
0.0376429
0.0459789
0.0406198
0.0404297
0.0372659
0.0361332
0.0351291
0.0413791
0.0411387
0.0383913
0.0367902
0.0344461
0.0370644
0.0418793
0.0411878
0.041628
0.0371584
0.0337565
0.0369033
0.0310222
0.0390518
0.0330722
0.0413559
0.0391357
0.037239
0.0365398
0.0350509
0.0302713
0.0325384
0.032524
0.0319673
0.0308056
0.0297802
0.0287951
0.030619
0.0323938
0.0306549
0.0336674
0.0342214
0.0323046
0.0366686
0.0372864
0.0380256
0.0348395
0.0355804
0.0375597
0.0365561
0.0340022
0.034255
0.0355095
0.0347887
0.0400188
0.041559
0.0376038
0.0400257
0.0330319
0.0329035
0.0297341
0.0274733
0.0306603
0.0281914
0.0315672
0.0264795
0.0265033
0.0261642
0.0265064
0.0257439
0.0287891
0.0247069
0.0305238
0.02785
0.0277727
0.0280816
0.026471
0.0246185
0.0264516
0.0286228
0.0255097
0.0261766
0.0258797
0.0258852
0.0270268
0.0263829
0.0257719
0.0285098
0.0281175
0.0245214
0.0259434
0.0287092
0.0297782
0.0281308
0.0273597
0.0258904
0.0263566
0.0214817
0.0283482
0.0321063
0.0332293
0.0340824
0.0301789
0.0300202
0.0230141
0.0273012
0.0311281
0.03434
0.0324634
0.0314374
0.0317262
0.0289622
0.0262241
0.0310685
0.0291066
0.0265599
0.0264843
0.0310101
0.0323628
0.0309236
0.0291775
0.0267518
0.0254822
0.0241952
0.0247785
0.0204536
0.0212203
0.0231132
0.0263121
0.0270612
0.0279906
0.0254937
0.0260921
0.0256763
0.0233286
0.0245227
0.0238972
0.0240103
0.0256231
0.0252744
0.0241765
0.0236244
0.0234295
0.0224868
0.0224175
0.0229775
0.0220814
0.0210547
0.0222241
0.0221376
0.0312265
0.0317746
0.0300065
0.0282946
0.0298198
0.0276193
0.028373
0.0284787
0.0281611
0.0260978
0.0361774
0.0345903
0.0319979
0.0340619
0.0331507
0.0367265
0.0391927
0.0349574
0.0363106
0.0374219
0.0389301
0.0405251
0.0379788
0.039164
0.0370355
0.0353541
0.0398229
0.0424103
0.0384989
0.0419636
0.0416089
0.0406408
0.0385301
0.0394838
0.0358426
0.0339855
0.0386347
0.0417676
0.0394796
0.0386116
0.038578
0.0369705
0.0409017
0.0433809
0.0395255
0.0403824
0.035936
0.0436689
0.0428833
0.0398896
0.0370584
0.0333667
0.0372007
0.0382481
0.0392452
0.0397722
0.0401092
0.0377599
0.0371953
0.0409561
0.036684
0.0345389
0.0368615
0.0374508
0.0425642
0.0433079
0.0418224
0.0357647
0.0337127
0.0356422
0.0326048
0.0332631
0.0318757
0.0293923
0.0262168
0.0309315
0.0315208
0.0284547
0.033188
0.0319208
0.0293409
0.0287431
0.0309526
0.0291371
0.0300135
0.0320955
0.0338587
0.0303824
0.0311007
0.0315289
0.0315074
0.0328771
0.0364501
0.0367851
0.0367505
0.043701
0.0403916
0.0368802
0.0428004
0.0478537
0.0434683
0.0455083
0.0449411
0.046189
0.0471202
0.0425393
0.0454257
0.0411767
0.0446749
0.0426051
0.0437052
0.107231
0.0524315
0.0476164
0.0504642
0.0554089
0.0486123
0.0443963
0.0432891
0.0401675
0.0426034
0.0391626
0.0448522
0.04011
0.0364632
0.0399994
0.0370658
0.0332477
0.0361447
0.0357285
0.0369097
0.0360493
0.0376545
0.0343876
0.0402503
0.0372363
0.0398293
0.0374942
0.0437445
0.0391374
0.0395574
0.0436161
0.0441042
0.0487103
0.043712
0.0469691
0.0498611
0.0547758
0.0579322
0.0495478
0.0541725
0.0511121
0.0520828
0.0498388
0.0512952
0.0506122
0.0510552
0.0473024
0.0475367
0.0476374
0.0469761
0.0471154
0.054983
0.0544104
0.0534896
0.054606
0.0569203
0.0525163
0.0522381
0.0499345
0.0479443
0.0458948
0.0485894
0.044388
0.043947
0.0425791
0.0443489
0.0499824
0.0482854
0.048702
0.0534762
0.0509058
0.0479643
0.044608
0.0500399
0.0515528
0.047593
0.0442068
0.0467877
0.0491604
0.0473447
0.0448621
0.0429845
0.0427234
0.0437772
0.0429777
0.0428147
0.0408134
0.0433508
0.0395663
0.0390179
0.0404428
0.0457249
0.0404922
0.0398756
0.0393975
0.0406321
0.0372488
0.0397875
0.0389939
0.0413939
0.0399075
0.0369638
0.0350532
0.0386428
0.0339298
0.0381726
0.0437549
0.0490178
0.0494289
0.0513098
0.0468705
0.0486728
0.0448257
0.0417249
0.0429494
0.0421441
0.0416717
0.0392973
0.0405513
0.0398638
0.0363435
0.0366556
0.0376116
0.0367229
0.034264
0.0361504
0.0492374
0.0425846
0.0421209
0.0442107
0.0476245
0.0460995
0.0439893
0.0426188
0.0380562
0.0344388
0.0330726
0.0385905
0.0445246
0.0431446
0.0456395
0.0452757
0.0481336
0.0575999
0.0490616
0.0440894
0.0465079
0.0471647
0.0510156
0.0531722
0.0484821
0.0499126
0.0485677
0.0470967
0.04755
0.0479966
0.045504
0.0436574
0.043417
0.0423668
0.0398029
0.0420498
0.0416141
0.0424147
0.0419972
0.0445332
0.0413914
0.0407628
0.0388065
0.0387068
0.0388853
0.0452279
0.039545
0.0355776
0.0407666
0.0369845
0.0505474
0.049065
0.050183
0.0413267
0.0453421
0.0402028
0.0380236
0.0401879
0.0388789
0.0375622
0.0358437
0.0515915
0.0472772
0.0513106
0.0472828
0.0424582
0.0414159
0.0378429
0.0337999
0.0427308
0.0375337
0.0365503
0.0383326
0.0376284
0.0360092
0.0372051
0.0337152
0.0353766
0.0353454
0.0367409
0.0370594
0.0324604
0.0346747
0.0349873
0.0346544
0.0344934
0.0430503
0.0405284
0.0404689
0.0430319
0.0412337
0.0403852
0.0401187
0.0409607
0.0405325
0.0398216
0.0417751
0.0391533
0.0389395
0.0456116
0.0435017
0.0434647
0.0461695
0.0454748
0.0491241
0.0441303
0.0469523
0.0501636
0.0507633
0.0488751
0.047606
0.0504008
0.0499106
0.0467715
0.0468343
0.05131
0.0481728
0.049359
0.0483916
0.0469658
0.045992
0.0432123
0.0513714
0.0460685
0.0505858
0.0442497
0.0437489
0.0481398
0.0481707
0.0498395
0.0467368
0.0514698
0.0483857
0.0475361
0.0479066
0.0455483
0.0481055
0.0463659
0.0559504
0.0453373
0.0503048
0.042577
0.0436355
0.0446014
0.043938
0.0421331
0.0423521
0.0418004
0.0437135
0.0436057
0.043101
0.044236
0.044327
0.0443271
0.0517071
0.0422093
0.047225
0.0496825
0.0455098
0.0417119
0.0414306
0.0435077
0.0428218
0.0410806
0.0379203
0.0426621
0.044054
0.0485553
0.0434915
0.0388745
0.0390723
0.0402508
0.0468418
0.0442488
0.0452517
0.0401603
0.040138
0.0402738
0.038664
0.0537914
0.0466961
0.0472059
0.0453489
0.0369016
0.0397413
0.0403676
0.0362513
0.039242
0.0400412
0.0462742
0.042844
0.0378554
0.0369522
0.0337718
0.0319498
0.0370761
0.038416
0.042239
0.0353839
0.0327361
0.0300946
0.0271377
0.028437
0.0323023
0.0374008
0.0360349
0.0336937
0.0388442
0.0568233
0.0496478
0.041743
0.0434034
0.0387947
0.0364863
0.0372565
0.036869
0.0395115
0.0435491
0.047503
0.0416529
0.0825298
0.0473655
0.0482004
0.0499821
0.0429666
0.043554
0.0464293
0.0472186
0.0425346
0.0497936
0.0513197
0.0480363
0.0521148
0.0485393
0.0454084
0.0486338
0.0471054
0.0501873
0.059752
0.043732
0.0465032
0.0436972
0.042284
0.0442811
0.0465863
0.0501971
0.048496
0.0468342
0.0490785
0.0477322
0.0429188
0.0431363
0.0432368
0.0437959
0.0454054
0.0422595
0.0408284
0.0346081
0.0362983
0.0495672
0.0507618
0.0493799
0.0433872
0.0454045
0.0413255
0.0396077
0.0401368
0.0443268
0.0390429
0.0372721
0.0434333
0.0445952
0.0391634
0.04101
0.0442028
0.0419712
0.0442242
0.0451051
0.0332348
0.0504404
0.0389168
0.0337173
0.0367296
0.0397733
0.0404205
0.0393931
0.0405118
0.0369018
0.0393751
0.0288156
0.037397
0.0363152
0.0393909
0.0327185
0.04419
0.0310035
0.0399929
0.0379581
0.0350569
0.0392491
0.038346
0.0389462
0.0368596
0.0326877
0.0419408
0.040307
0.0350769
0.0377603
0.0354427
0.033615
0.0366394
0.040448
0.038662
0.0368437
0.0342728
0.037143
0.0386604
0.0404436
0.0422949
0.0390729
0.0418976
0.0390565
0.0378518
0.0357038
0.0359352
0.0335413
0.0356337
0.0352186
0.0426765
0.0404902
0.0344398
0.0330917
0.0374592
0.0392474
0.0356851
0.0343409
0.0344039
0.0322205
0.0334424
0.0349267
0.0323425
0.0297514
0.0293606
0.0304883
0.030248
0.0300324
0.0267337
0.0269263
0.0315923
0.0330815
0.0304543
0.0348782
0.0303872
0.0334352
0.0322817
0.0348528
0.033273
0.0326729
0.0311102
0.0318972
0.0336612
0.0313748
0.0340157
0.0288287
0.0354247
0.0353176
0.0360241
0.0324802
0.0351109
0.0343304
0.0346882
0.033501
0.0316524
0.0347575
0.0292493
0.0346206
0.037835
0.033838
0.0344025
0.0360721
0.0342324
0.0364191
0.0317939
0.0329265
0.0299492
0.032561
0.0298671
0.0315434
0.0367675
0.0373019
0.0340532
0.0331059
0.0379882
0.0446639
0.0460956
0.0350511
0.0427249
0.039434
0.0415963
0.0389756
0.0351288
0.0385967
0.0364995
0.0398812
0.0317762
0.0335644
0.0267771
0.0279148
0.0310963
0.0379902
0.037935
0.0378639
0.0360569
0.0362716
0.0319405
0.0285312
0.0285534
0.0274621
0.02961
0.0286136
0.0280923
0.0283458
0.0341513
0.0399274
0.0397558
0.0393521
0.0365887
0.0342822
0.0290196
0.0303667
0.0322876
0.0295993
0.0343723
0.0394894
0.0396104
0.0414037
0.0342318
0.0334438
0.0321468
0.0354886
0.0354748
0.0352955
0.0356848
0.0351383
0.037171
0.0345554
0.0379709
0.0340164
0.0379215
0.0345416
0.0322109
0.0301258
0.0311121
0.0327342
0.0342475
0.0295695
0.0322917
0.0347705
0.0361149
0.0361409
0.0386848
0.0388348
0.039158
0.0406585
0.0367681
0.0381057
0.0348824
0.0360928
0.0343021
0.0287283
0.0299962
0.0329628
0.0374553
0.0368401
0.0410677
0.0377607
0.0380004
0.029644
0.0313944
0.0376266
0.0381952
0.0380252
0.041098
0.0389024
0.0387782
0.040396
0.0361031
0.0350703
0.0322172
0.0339885
0.0366609
0.0378468
0.0405941
0.03527
0.0422283
0.0376325
0.0394762
0.0389724
0.0380543
0.0393195
0.0383773
0.0332579
0.0347178
0.0350841
0.0389318
0.0391262
0.0361921
0.0388193
0.0364158
0.0388564
0.0380423
0.0387272
0.0385721
0.0411773
0.0352526
0.0327822
0.0336728
0.0330989
0.0361792
0.0388412
0.0373414
0.0392728
0.0390883
0.0419231
0.0387772
0.0382287
0.0385071
0.0389212
0.0388261
0.0386825
0.0368336
0.0394726
0.0346844
0.0319075
0.0335828
0.0371721
0.0411563
0.0422317
0.0463602
0.0418608
0.0374798
0.0346681
0.0339479
0.0342492
0.0321056
0.0330605
0.036058
0.0347126
0.0357435
0.0399589
0.0360691
0.031732
0.030617
0.0295056
0.0294079
0.0291625
0.0331507
0.035158
0.0363408
0.030643
0.0361676
0.0337714
0.036633
0.0384254
0.0367793
0.0371532
0.0383405
0.0337545
0.0412856
0.0409799
0.0406791
0.0415267
0.0391504
0.0390955
0.0402619
0.0319744
0.0357873
0.0304273
0.0299431
0.0285795
0.0322996
0.0333746
0.0323039
0.0278673
0.0359582
0.0350429
0.0377123
0.0340087
0.0335925
0.0327099
0.0358543
0.0359357
0.0312759
0.032223
0.0357241
0.0360594
0.0390479
0.0386923
0.0409078
0.0396534
0.0375424
0.0363804
0.0379059
0.0365187
0.0320322
0.0353616
0.0371705
0.0388027
0.0421066
0.0446166
0.0443485
0.0426298
0.0447899
0.0454465
0.0457675
0.0421461
0.0423436
0.0396604
0.0337103
0.0384753
0.0376601
0.0374043
0.0370999
0.0345386
0.0357585
0.0345007
0.0364683
0.0391851
0.0351124
0.0361086
0.038484
0.0340518
0.0344876
0.0342481
0.0331292
0.0327164
0.035405
0.0345789
0.0309232
0.0320113
0.0293831
0.0321114
0.0373861
0.0383422
0.0420554
0.0333757
0.0358903
0.0371278
0.0362316
0.0387966
0.0375291
0.0367312
0.0360383
0.037832
0.0329209
0.0332402
0.0348328
0.0355588
0.0339459
0.0341091
0.0327757
0.0360389
0.0340283
0.0322985
0.0344291
0.0330897
0.0343377
0.0336367
0.035001
0.0340405
0.0390291
0.0327148
0.0357458
0.0366992
0.0305491
0.0337362
0.0369817
0.0366324
0.038701
0.0380426
0.0386389
0.0397073
0.0409908
0.0412249
0.041175
0.0390342
0.0401046
0.0381134
0.0381626
0.0349489
0.0348931
0.0389709
0.0394445
0.0365938
0.0334711
0.0402293
0.0380746
0.0400144
0.0450882
0.0426496
0.040214
0.0471022
0.04495
0.0439234
0.0502709
0.0445945
0.0424986
0.0344687
0.0537013
0.0350627
0.0440541
0.0376389
0.0425005
0.0446422
0.0409375
0.039731
0.0434498
0.0377242
0.0434621
0.0457426
0.0406741
0.0433272
0.0389777
0.0440331
0.0433584
0.0492011
0.0437338
0.0443898
0.0413875
0.046745
0.0443972
0.045553
0.0428559
0.042963
0.0434846
0.0448239
0.0490125
0.0431312
0.0433202
0.0399429
0.0416766
0.0400065
0.040512
0.0438898
0.0388444
0.0375711
0.0383149
0.0434296
0.0409838
0.0412821
0.0411604
0.0399517
0.0377685
0.0424337
0.0451539
0.0435414
0.0409902
0.0419665
0.0407347
0.0399236
0.0539315
0.0481126
0.0468448
0.0496319
0.0455388
0.0463589
0.0473272
0.0491452
0.0449342
0.0454625
0.0457297
0.0403816
0.0432969
0.0385189
0.0402414
0.0394206
0.0409662
0.0438105
0.0451476
0.0502128
0.044846
0.0461493
0.0442584
0.0472492
0.0431666
0.0397818
0.0390881
0.0408121
0.040036
0.0406218
0.0418937
0.042198
0.0383313
0.0385487
0.0368545
0.0400407
0.0395963


