0.0105974
0.0191545
0.0181252
0.0185027
0.0183336
0.0186066
0.017982
0.0186666
0.0184304
0.0183526
0.0181261
0.0189015
0.0185883
0.0188211
0.0187559
0.0182604
0.0184458
0.0187382
0.0178398
0.018589
0.0278297
0.00982571
0.0100513
0.0187895
0.0182553
0.0180873
0.0185167
0.0185607
0.0181881
0.0182187
0.018342
0.0181352
0.0181073
0.0184797
0.0181071
0.0180923
0.0182919
0.0186242
0.0184106
0.0180185
0.0183069
0.0183674
0.0180359
0.00952402
0.0100354
0.0188212
0.0188168
0.0187391
0.0187032
0.0182786
0.0188304
0.0187431
0.0189089
0.0190591
0.0242528
0.0185995
0.0183555
0.0190643
0.0178584
0.0185806
0.0184931
0.0179938
0.018534
0.0186262
0.0184727
0.00950551
0.0098081
0.0190046
0.0189182
0.0193034
0.0197676
0.019752
0.0195433
0.019569
0.0193236
0.0185472
0.0189305
0.0191944
0.0174157
0.0196016
0.0203825
0.019432
0.0190018
0.0192557
0.0189978
0.0190446
0.0192566
0.0101385
0.0101858
0.0199038
0.0193683
0.0200205
0.0201491
0.0199917
0.019288
0.0199532
0.0198712
0.0203147
0.0198947
0.0202291
0.0197821
0.0186031
0.0196746
0.0198248
0.0188673
0.019845
0.0197508
0.0199042
0.0193402
0.0101586
0.01019
0.0200812
0.0199291
0.0196247
0.0197599
0.0388964
0.0169301
0.0121531
0.0122898
0.0125073
0.0119101
0.014101
0.0143699
0.0155254
0.0150275
0.0153577
0.0164736
0.0177808
0.0174132
0.0174783
0.0163586
0.0159675
0.0161455
0.0172773
0.0181575
0.0175159
0.0170824
0.0180451
0.0165481
0.0177041
0.0184943
0.0177531
0.0189636
0.0179525
0.0191626
0.0194566
0.0189286
0.0189479
0.0180375
0.0199889
0.02061
0.0196463
0.0202431
0.0206461
0.0205641
0.0215027
0.0202216
0.0200155
0.0205696
0.0227865
0.0166256
0.0170733
0.0171226
0.0172116
0.0205066
0.0171903
0.0168439
0.0168544
0.0177967
0.0172439
0.0170671
0.0157021
0.0206317
0.0152719
0.020012
0.0151347
0.0155605
0.0143574
0.0160641
0.0148928
0.0165846
0.0169515
0.0164081
0.0151542
0.0213072
0.0183163
0.0181368
0.0217376
0.0198741
0.018408
0.0176563
0.0177249
0.0170751
0.0178933
0.0213004
0.0201166
0.0211761
0.021328
0.0176094
0.0178669
0.0173291
0.0178542
0.0167327
0.0176317
0.0165831
0.0218335
0.0221808
0.0184307
0.0237976
0.0218038
0.0224895
0.0184519
0.0184004
0.0225162
0.0230302
0.0212722
0.0205005
0.019022
0.0192575
0.0182582
0.0226024
0.0230206
0.0179388
0.018529
0.0186163
0.0173684
0.0218147
0.0194725
0.0173021
0.0187924
0.0193806
0.0184
0.0228094
0.0235225
0.0187899
0.022773
0.0224779
0.0180165
0.0185596
0.0198267
0.018895
0.0179969
0.0181357
0.0163376
0.0213407
0.0216909
0.0166734
0.0208939
0.0206524
0.0182831
0.0222001
0.0179818
0.0191463
0.0181489
0.0180599
0.0194644
0.0180687
0.018989
0.0176414
0.0235617
0.0272833
0.0219077
0.0233461
0.0175896
0.0183142
0.0202312
0.0176048
0.0180762
0.0174643
0.0167124
0.0163805
0.0150993
0.0198096
0.0199055
0.0151655
0.019666
0.0152272
0.0204316
0.0198901
0.0162294
0.0182689
0.0175727
0.0185898
0.0187787
0.021736
0.0215458
0.0218599
0.0219876
0.0191039
0.0218027
0.0183504
0.017871
0.0221608
0.0221887
0.0177932
0.0164968
0.0169116
0.0163175
0.0209339
0.0219709
0.0166828
0.0196384
0.0159682
0.0174091
0.0170744
0.0177282
0.0176929
0.022022
0.0226072
0.0185109
0.023
0.0231603
0.0192541
0.0190177
0.0200613
0.0196544
0.0225762
0.0204125
0.0153431
0.0194628
0.019815
0.0137629
0.0145148
0.0141707
0.0151341
0.0185253
0.0176218
0.0149113
0.0157838
0.016182
0.0171233
0.0170299
0.0202351
0.0216573
0.0161661
0.0162469
0.0173541
0.0164132
0.0168388
0.0160329
0.0152403
0.0189301
0.0202185
0.0195271
0.0179171
0.0188876
0.0178289
0.0156352
0.0199204
0.0211133
0.0166852
0.0200762
0.020612
0.0176839
0.0166771
0.0217874
0.0182592
0.0182942
0.019389
0.0175458
0.0220757
0.0228713
0.0169141
0.0168656
0.0184648
0.0179121
0.0212691
0.023019
0.0179754
0.0223226
0.0239215
0.017533
0.0173068
0.0188137
0.0174613
0.0182321
0.0180242
0.0182585
0.0217853
0.0231145
0.017819
0.0223582
0.023645
0.018143
0.0178199
0.0191045
0.0172967
0.0219769
0.0225985
0.0180421
0.0219911
0.0235835
0.0192245
0.0203982
0.023273
0.0190904
0.0228056
0.0241032
0.0196
0.0224791
0.0239683
0.0185023
0.019211
0.0200677
0.0183593
0.0189457
0.0200603
0.0184836
0.0235254
0.0238348
0.0180921
0.0191685
0.0205337
0.0178862
0.0178879
0.0176378
0.0174052
0.017485
0.0193898
0.0177426
0.0185181
0.019023
0.0230415
0.0181179
0.0182579
0.0200052
0.0198787
0.0180025
0.0177814
0.0182764
0.0203637
0.0183316
0.0161529
0.0172242
0.0148105
0.0160925
0.015782
0.0168614
0.0170199
0.0173438
0.0188653
0.0209152
0.0154698
0.0191071
0.017562
0.0142475
0.0152317
0.017031
0.0157661
0.0199125
0.022189
0.0156621
0.0189439
0.0213962
0.0158434
0.0159087
0.0171842
0.0148687
0.0178557
0.0192201
0.0203533
0.0150622
0.0193952
0.0209459
0.0153911
0.0190493
0.0211226
0.0167092
0.0169694
0.0168127
0.0162053
0.0186514
0.020518
0.022982
0.0205926
0.0206387
0.0224597
0.0202836
0.0178312
0.0162178
0.016945
0.0168643
0.014242
0.0141249
0.0156326
0.0135916
0.0155401
0.0252683
0.0142283
0.0162969
0.0189658
0.0194659
0.0187494
0.0155696
0.0188393
0.0177684
0.0143728
0.0162778
0.0159025
0.0151175
0.0157606
0.0141906
0.0164631
0.0153325
0.0193484
0.0192804
0.0142034
0.0163311
0.0157254
0.0147965
0.0164193
0.0158839
0.0141759
0.018604
0.01893
0.0138154
0.015028
0.0149452
0.013885
0.0191786
0.0192196
0.0132839
0.0183793
0.0179599
0.0122428
0.0182002
0.0178489
0.016787
0.0170842
0.0171157
0.0118016
0.0130478
0.0128767
0.0117108
0.0165041
0.0161893
0.0114484
0.0126298
0.0121928
0.00966068
0.0148449
0.0165698
0.0101054
0.013708
0.012313
0.0097607
0.00917535
0.00848897
0.00987951
0.00952677
0.00976276
0.0104303
0.0107687
0.0104137
0.0100822
0.0149493
0.0144495
0.0114275
0.0144994
0.0105675
0.0108941
0.0147538
0.0167694
0.0116365
0.0148778
0.0138803
0.0115814
0.0148
0.0140933
0.0119238
0.0150246
0.0137293
0.0202624
0.0150849
0.0111213
0.0153428
0.012125
0.0119877
0.0140738
0.0158858
0.0133044
0.0159906
0.013624
0.011564
0.0107169
0.0121373
0.0108953
0.0125071
0.0115145
0.012845
0.0120535
0.0125867
0.0113754
0.0133287
0.0121668
0.0134831
0.0123729
0.0133981
0.0130621
0.0135721
0.0128645
0.0116964
0.0135257
0.0119458
0.0140504
0.0128197
0.0134134
0.0121078
0.0138714
0.0120779
0.0132505
0.0116149
0.0121243
0.0119451
0.0123819
0.0159392
0.0113
0.011676
0.0120356
0.0100995
0.011378
0.0102258
0.0109629
0.013979
0.0129374
0.0141922
0.0116714
0.0140489
0.0135683
0.0113528
0.0151884
0.0115022
0.0151678
0.0120311
0.0164392
0.0153038
0.0162061
0.0153811
0.0171093
0.0175304
0.0143011
0.0132993
0.0126729
0.0132893
0.0162473
0.0182118
0.0130843
0.0160911
0.0157945
0.0133249
0.0124931
0.0142822
0.0136372
0.0165844
0.0157272
0.0134849
0.0167606
0.0165973
0.012034
0.0166063
0.0160299
0.0120324
0.0167314
0.0162404
0.0142044
0.0131996
0.0127269
0.0129138
0.0177143
0.0173012
0.0126409
0.0134179
0.0121461
0.0138957
0.0125084
0.0139478
0.022001
0.0159207
0.0140902
0.0128442
0.0122236
0.0137299
0.0162379
0.0149551
0.0126725
0.0150521
0.0143946
0.0152972
0.0116636
0.0130212
0.0123901
0.012738
0.0163625
0.0140024
0.0183308
0.0168089
0.0180661
0.0173522
0.0172218
0.0166154
0.0138247
0.0176188
0.0165984
0.0146117
0.0169634
0.0160571
0.0140989
0.0133008
0.0148972
0.018974
0.0178006
0.0176286
0.0176181
0.0126466
0.0173974
0.0176327
0.0149796
0.0134086
0.0134877
0.0125153
0.017373
0.0168795
0.0133391
0.017299
0.0149724
0.0126332
0.0180389
0.0173496
0.0120174
0.0169483
0.0144621
0.0130474
0.016939
0.0167102
0.0141816
0.0141238
0.014245
0.0129322
0.0176719
0.0178643
0.0133413
0.0144406
0.0137274
0.0154916
0.0185643
0.0181432
0.0141114
0.0141661
0.0137292
0.0138246
0.0143288
0.0143867
0.0136147
0.01471
0.0146065
0.0137314
0.0183651
0.0210169
0.0155046
0.0192171
0.0192133
0.0141358
0.0151656
0.0150984
0.013347
0.0194107
0.0190173
0.0137946
0.0185404
0.0180548
0.0129143
0.0140171
0.0156204
0.0147581
0.0179269
0.0171221
0.015003
0.0146753
0.0144394
0.0129009
0.0181682
0.0172793
0.014249
0.0193525
0.0185162
0.0137012
0.0152607
0.0159653
0.0150706
0.018661
0.0187669
0.0194928
0.0181347
0.0168726
0.0186191
0.0196448
0.0186229
0.0167325
0.0173475
0.016008
0.0170115
0.0167144
0.0175385
0.0184972
0.0155944
0.0166217
0.0172852
0.0170632
0.0165497
0.019299
0.0180502
0.018521
0.0158877
0.0159195
0.0163702
0.0200892
0.0192061
0.0165609
0.0268228
0.0280793
0.0218204
0.0178466
0.0328721
0.0179937
0.0203597
0.0184896
0.0186339
0.0196121
0.0199977
0.0198856
0.0200521
0.0192936
0.0178212
0.0191295
0.0222904
0.0217605
0.0213265
0.0294375
0.0225397
0.0230695
0.0258194
0.0228985
0.0235367
0.0285285
0.0256087
0.0271819
0.0294522
0.022928
0.0216342
0.0226655
0.0171881
0.0173479
0.0155483
0.0174119
0.0147687
0.0138203
0.0134878
0.0141547
0.0150955
0.0127444
0.0158288
0.014322
0.0144178
0.013353
0.0111127
0.0124863
0.0129959
0.0127382
0.0131518
0.0136683
0.0159875
0.0179669
0.0247886
0.0167781
0.0119982
0.0136668
0.0238923
0.0247938
0.0209843
0.0203525
0.0215168
0.0230674
0.0235486
0.0237536
0.0204126
0.0253113
0.0222191
0.0243343
0.0243923
0.0174944
0.0232637
0.014877
0.0169778
0.0118942
0.0123329
0.0111051
0.013378
0.0157635
0.0162906
0.021546
0.0182402
0.016173
0.0166042
0.0184992
0.0210288
0.0163994
0.0136888
0.0149495
0.0128603
0.0196664
0.0180625
0.020375
0.0205789
0.0192813
0.0183279
0.0224586
0.0297176
0.0279256
0.0242776
0.018401
0.0144785
0.0138775
0.0139728
0.0155284
0.0133143
0.0130241
0.0139818
0.0124017
0.0166629
0.0142423
0.0144082
0.0150593
0.0171533
0.0238964
0.0161345
0.0235756
0.017612
0.0174802
0.0201282
0.0229085
0.0222654
0.0193958
0.0174541
0.0159564
0.0151749
0.0127564
0.0156701
0.0162266
0.0155844
0.0171469
0.0170463
0.0139474
0.0140263
0.0126697
0.0176557
0.0242558
0.0269965
0.0250461
0.0199542
0.0238273
0.0230845
0.0162939
0.0136061
0.0134313
0.0141732
0.0141544
0.0151258
0.0152242
0.0160225
0.0173858
0.0147514
0.0139454
0.0139785
0.0135173
0.013935
0.0135931
0.0126778
0.0127502
0.0118133
0.015311
0.0113472
0.0127973
0.0115335
0.0127095
0.010944
0.0122124
0.0114102
0.0124258
0.0112305
0.0127548
0.0114373
0.0122746
0.0111304
0.0127701
0.0116811
0.0124323
0.0110436
0.0124643
0.012399
0.0119296
0.0114234
0.0130848
0.0119601
0.0133315
0.0126718
0.0143074
0.012928
0.014369
0.0139397
0.0152037
0.0141225
0.0166791
0.0151031
0.0140393
0.0143022
0.0126917
0.0194124
0.0132522
0.0112605
0.0122939
0.0111692
0.0125938
0.0116978
0.0108717
0.0122161
0.0115903
0.00992023
0.0114923
0.0102556
0.00910616
0.0104545
0.0100776
0.00932514
0.0110305
0.00938662
0.0112076
0.0108301
0.00990579
0.0120514
0.0113321
0.010414
0.0123201
0.0118706
0.0142164
0.0126129
0.0147265
0.0186618
0.0153857
0.0153447
0.0146973
0.0185437
0.0171921
0.0187309
0.0180403
0.0156906
0.0190479
0.01752
0.015441
0.0146362
0.0147916
0.0159599
0.0187194
0.0178726
0.0164365
0.0147188
0.0140753
0.0149181
0.0148285
0.015052
0.013702
0.015775
0.0139291
0.0155057
0.019079
0.0177002
0.0145723
0.0146438
0.0137723
0.0152188
0.0183946
0.0174583
0.0142128
0.0170207
0.0159556
0.017738
0.0174193
0.0129257
0.0153526
0.0155176
0.0158526
0.0164168
0.015919
0.0137088
0.0160915
0.0168122
0.0144144
0.0147041
0.0148271
0.0149539
0.0175653
0.0174478
0.0138532
0.0169711
0.0170296
0.0146378
0.0184703
0.0173002
0.0148841
0.0141487
0.014691
0.0136682
0.019187
0.0200919
0.017273
0.016938
0.0176947
0.0162713
0.0168202
0.0184091
0.0164619
0.0178163
0.0169782
0.0153166
0.0158418
0.0165467
0.0153565
0.0160416
0.0169374
0.0151429
0.0203413
0.0206724
0.0176004
0.020172
0.0178182
0.0150928
0.0153759
0.0180601
0.0145558
0.0151151
0.015695
0.0142276
0.015341
0.0158248
0.0141397
0.0151898
0.0153259
0.0141266
0.0148013
0.0156868
0.0218668
0.0142001
0.0149003
0.0135425
0.014473
0.0143412
0.0124734
0.0141329
0.0141943
0.0125283
0.0135251
0.0137977
0.0124096
0.0136289
0.013685
0.0124809
0.0178814
0.0176843
0.0128881
0.0144983
0.0147369
0.0136851
0.0150085
0.015681
0.0129437
0.0182356
0.0180582
0.0130187
0.0184989
0.0187957
0.0140495
0.0144917
0.0148845
0.0133306
0.0146588
0.0150341
0.0136606
0.0150604
0.0152227
0.0135865
0.0157599
0.015156
0.0135145
0.0190969
0.0191328
0.0143414
0.0151552
0.015747
0.0139707
0.0144981
0.0149787
0.0155625
0.013957
0.0167414
0.0162942
0.0146299
0.0157525
0.0158821
0.0142516
0.0164615
0.0190585
0.0202855
0.0185793
0.0199224
0.0208734
0.0196799
0.0161008
0.0201033
0.0200049
0.0294785
0.0205448
0.0202278
0.0192314
0.016181
0.0179191
0.016687
0.0167282
0.0160251
0.0168662
0.0143922
0.0165191
0.0173639
0.0170172
0.0158277
0.0161535
0.0149101
0.0162283
0.0176463
0.0161625
0.0175693
0.020822
0.0218057
0.0210148
0.0203615
0.0220215
0.0203093
0.0182073
0.0187827
0.022883
0.016762
0.0181697
0.0219614
0.0232659
0.0206428
0.0195372
0.0174021
0.0184761
0.0187592
0.0179291
0.0222751
0.0228407
0.0220777
0.017764
0.0180566
0.0196159
0.0169267
0.018783
0.0178764
0.0195319
0.0165582
0.0180133
0.0164052
0.0187244
0.0167416
0.0191458
0.0221434
0.0238982
0.0232041
0.0199455
0.0195254
0.0202711
0.0209218
0.0173526
0.0182819
0.0165566
0.0184518
0.0178029
0.0170169
0.0159066
0.0178522
0.0171252
0.0168395
0.0162644
0.0182297
0.0187121
0.0165904
0.0168117
0.0191094
0.0186265
0.0169166
0.0183449
0.019219
0.0190061
0.0179695
0.0180586
0.0192333
0.0199615
0.0186393
0.0179896
0.021264
0.0228909
0.0213743
0.0196513
0.0178072
0.0195673
0.0213263
0.0189599
0.0178129
0.0177492
0.0199133
0.01965
0.0147652
0.0149074
0.0150768
0.0148443
0.0143546
0.015151
0.0155352
0.0145556
0.0138906
0.018795
0.0190107
0.0151729
0.0158168
0.0150276
0.0152546
0.0136915
0.0155027
0.018582
0.0190254
0.0167869
0.0181806
0.0185838
0.0166687
0.0129931
0.0147814
0.0154416
0.0132414
0.0154871
0.0179287
0.0184382
0.016685
0.0146902
0.0179611
0.0176034
0.0162375
0.0140492
0.0138059
0.0140107
0.0134443
0.0143912
0.0139507
0.012138
0.0137533
0.0165919
0.0165377
0.0121839
0.015959
0.0125256
0.0110365
0.0122083
0.0123169
0.011371
0.0162656
0.0191573
0.0112673
0.012328
0.011049
0.0122377
0.0175317
0.0157244
0.0125108
0.0134489
0.0132782
0.0124173
0.0179508
0.0172489
0.0154333
0.0181702
0.017752
0.013963
0.0183268
0.0182893
0.0136429
0.014553
0.014334
0.0128985
0.0175783
0.0174292
0.0150484
0.0143719
0.0136164
0.0135748
0.0176784
0.0148243
0.0144322
0.014045
0.0156266
0.0139228
0.0144911
0.0158065
0.0133181
0.017091
0.015454
0.015753
0.0200875
0.0172706
0.0187067
0.0155856
0.015188
0.0161974
0.0156491
0.014141
0.0146522
0.0159691
0.0138042
0.0145388
0.015461
0.0138399
0.0122966
0.0125618
0.0158929
0.0152908
0.012708
0.0139833
0.012976
0.0130178
0.0150602
0.0163738
0.0140427
0.0145143
0.0144698
0.0131647
0.0150633
0.0148559
0.0136161
0.016072
0.0153234
0.0153472
0.0154529
0.0135014
0.0151443
0.0146922
0.0155549
0.0169631
0.0157336
0.014706
0.014504
0.0145254
0.0136737
0.0146079
0.0147369
0.0180612
0.015387
0.0153759
0.0167244
0.0143004
0.0160892
0.0141467
0.0178318
0.0178719
0.0143883
0.015702
0.0134463
0.0144276
0.0131937
0.0215712
0.0153863
0.0143481
0.0176386
0.0145425
0.0152569
0.0141758
0.0154995
0.0149621
0.0167415
0.0142744
0.0151061
0.0151657
0.0155499
0.0141951
0.0155512
0.0155448
0.0143436
0.0160701
0.0140105
0.015024
0.013476
0.0141795
0.0163672
0.0161822
0.0150595
0.0158245
0.016457
0.0108224
0.0136144
0.0169522
0.0119751
0.0181557
0.0163457
0.0122998
0.0141279
0.0140566
0.0163721
0.0127631
0.0139269
0.0135664
0.0139775
0.0173598
0.0165004
0.0142686
0.0133352
0.0129872
0.0133433
0.0142358
0.0128207
0.0172373
0.0164315
0.0119794
0.0134459
0.0123961
0.0251169
0.0128816
0.0128882
0.0122977
0.0135486
0.0152054
0.0145946
0.0136192
0.014068
0.0136583
0.0147884
0.0148809
0.0130374
0.0158103
0.0136987
0.0140449
0.0139517
0.0139348
0.0123441
0.0176597
0.0173524
0.0139558
0.0135473
0.0123874
0.0139644
0.0130397
0.0159748
0.0122673
0.0131955
0.021147
0.0110839
0.0122315
0.0121602
0.011036
0.0131723
0.0139931
0.0127904
0.0137965
0.0121557
0.0125317
0.0128184
0.011773
0.0130986
0.011981
0.0130933
0.0128391
0.0161264
0.0121832
0.0147991
0.0144816
0.0114442
0.0130343
0.0125023
0.0140282
0.0177204
0.0134495
0.0131814
0.0134043
0.0118418
0.0134749
0.0127305
0.0126633
0.0110842
0.0124307
0.0121268
0.0161122
0.0126313
0.0151009
0.0132972
0.0129728
0.0143203
0.0130729
0.0122948
0.0135257
0.0179004
0.0148608
0.0147676
0.0180228
0.0171385
0.0134679
0.0138357
0.0143487
0.0136245
0.0156782
0.0151019
0.0135365
0.0147857
0.0153849
0.0193102
0.0142623
0.0143943
0.0128486
0.0136694
0.0138529
0.012758
0.0131839
0.0125768
0.0114047
0.0122209
0.0114206
0.0130025
0.0120728
0.0118293
0.0161813
0.0129752
0.011778
0.0120825
0.0132397
0.0119889
0.01391
0.012692
0.0140102
0.0129277
0.0142679
0.0130945
0.0147583
0.0175095
0.0161139
0.0141063
0.0167574
0.0172343
0.012005
0.0179691
0.0174397
0.0144234
0.0146299
0.0142005
0.0135169
0.0126287
0.0138387
0.017504
0.016225
0.0136814
0.0131205
0.0128414
0.0118993
0.0139221
0.0134212
0.0131667
0.0150069
0.0153185
0.0156192
0.015521
0.0158676
0.0158778
0.0147125
0.0166588
0.0156311
0.0160468
0.0149956
0.0152934
0.0157178
0.0139383
0.0200531
0.0201192
0.0154094
0.0186719
0.0165747
0.0142761
0.0148377
0.0157677
0.0144581
0.0165046
0.0170676
0.0148113
0.0150447
0.015753
0.0139378
0.0152059
0.0161931
0.0143352
0.019196
0.0184915
0.0135161
0.0192847
0.0219231
0.0159835
0.0177462
0.0182522
0.0164336
0.0180818
0.016756
0.018427
0.0169124
0.0179973
0.0164081
0.0173982
0.0182721
0.017407
0.018152
0.020384
0.0211538
0.0197711
0.0178553
0.0152947
0.0174569
0.0149284
0.0154601
0.0167426
0.0149198
0.0169585
0.0185979
0.0199443
0.0181338
0.016056
0.0188423
0.0192972
0.0179162
0.0156737
0.0153855
0.0152863
0.0139759
0.0151648
0.0164282
0.015269
0.0154146
0.0150336
0.0150048
0.0129529
0.013764
0.0142074
0.012005
0.0138131
0.0133458
0.012406
0.0135957
0.0127603
0.0121277
0.0170459
0.0171205
0.0137435
0.012381
0.0124692
0.0108686
0.0118103
0.0114077
0.00952396
0.0140351
0.0102548
0.00905932
0.015316
0.0139659
0.00932989
0.0130217
0.010622
0.010425
0.0132572
0.010709
0.0154152
0.017062
0.0132642
0.0142812
0.0140059
0.0139013
0.0138361
0.0139244
0.0134465
0.0128347
0.0136525
0.016791
0.0176705
0.0158429
0.013925
0.0138781
0.0154174
0.0126771
0.0137912
0.0133468
0.0149071
0.0181553
0.0180646
0.0168197
0.0148697
0.0173427
0.0157474
0.0139596
0.0154898
0.0177892
0.0171282
0.0154151
0.0128289
0.0175852
0.0177457
0.0161009
0.0143465
0.0138159
0.017049
0.0129745
0.0147178
0.0147659
0.0138092
0.0143761
0.0144775
0.0135117
0.0138506
0.0146696
0.0128611
0.0142915
0.0146221
0.0131816
0.0145229
0.0148562
0.012819
0.0138524
0.0140675
0.012438
0.0136551
0.0133012
0.0125761
0.0141278
0.0144443
0.0127717
0.0139662
0.0145352
0.0130169
0.0139985
0.0155191
0.0134826
0.0164131
0.0144378
0.0148386
0.0149179
0.0146238
0.0133767
0.0140297
0.013821
0.013194
0.0139147
0.0144285
0.0141059
0.0135113
0.0130752
0.0129927
0.0181575
0.0169206
0.0120621
0.0138464
0.0136554
0.012676
0.018199
0.0169154
0.0128143
0.0147738
0.0141666
0.0140325
0.0137516
0.0138806
0.0131526
0.014652
0.0136247
0.0136884
0.0167145
0.0161925
0.013739
0.0141801
0.0133069
0.0127567
0.0177223
0.0162716
0.0139124
0.0169785
0.0146209
0.0177181
0.0160898
0.0183605
0.0168702
0.0141496
0.0141528
0.0134462
0.0149949
0.0185914
0.0171676
0.0184983
0.0177615
0.0151969
0.0160121
0.0133125
0.0148893
0.0183988
0.0160515
0.0177201
0.0171404
0.0139688
0.0175219
0.0167729
0.0174769
0.0168347
0.0131309
0.0171218
0.0165464
0.0111038
0.0156315
0.01468
0.0153618
0.0134821
0.0136412
0.0129308
0.0121516
0.0131724
0.0167522
0.0156461
0.0169815
0.0157252
0.01307
0.0144783
0.0101657
0.0115008
0.00963727
0.0103074
0.00941857
0.0111056
0.0142949
0.0125717
0.0138756
0.00759963
0.00848528
0.013166
0.00806188
0.00993432
0.0086599
0.0106588
0.0095856
0.0147912
0.0132197
0.0118793
0.0136425
0.012795
0.0164239
0.0157761
0.0167525
0.0163638
0.0137574
0.0135002
0.0126924
0.0142399
0.0176377
0.0168972
0.0181705
0.0171216
0.0151119
0.0157598
0.0131427
0.0136543
0.0133155
0.0117426
0.0138175
0.0167393
0.015388
0.0187485
0.0173765
0.0129851
0.0185087
0.013768
0.0114798
0.0112289
0.0138092
0.0176733
0.015744
0.0115226
0.0160146
0.0152337
0.0142601
0.0136966
0.0125162
0.0141118
0.0162884
0.0145316
0.0121293
0.016938
0.0155998
0.0134723
0.0131746
0.0121696
0.0136504
0.0173645
0.0161982
0.0134764
0.0181972
0.0180067
0.0148553
0.0178701
0.0170305
0.013577
0.0154547
0.0157203
0.0155697
0.0163151
0.0142152
0.0196812
0.0207437
0.016809
0.0169375
0.0146365
0.0155982
0.0144778
0.0158406
0.0158564
0.0151562
0.0153192
0.0156751
0.014194
0.0160295
0.014751
0.0134244
0.0192406
0.01881
0.0141075
0.0154235
0.0152964
0.0151026
0.0130745
0.0181056
0.0176868
0.012291
0.0166222
0.0166825
0.0126716
0.0134257
0.0147726
0.0144338
0.0189286
0.0197223
0.0154735
0.0195777
0.0204056
0.0183269
0.0170037
0.015404
0.0172715
0.0153978
0.0166938
0.0171674
0.0155555
0.0168785
0.017261
0.0156925
0.0173232
0.0201673
0.0211001
0.0194665
0.0173319
0.0197389
0.0206966
0.0173844
0.0205159
0.0206338
0.0192675
0.0199838
0.0210964
0.0209275
0.0210937
0.0156075
0.0154606
0.0177876
0.0148179
0.0169077
0.0213799
0.0205991
0.01915
0.0163556
0.0208498
0.0203379
0.0187262
0.0162288
0.0171265
0.0177154
0.0154991
0.0180432
0.0201473
0.0206293
0.0203325
0.015923
0.0161876
0.0176395
0.0161201
0.0174363
0.0187218
0.0185959
0.0173468
0.0216318
0.021843
0.020759
0.0171748
0.0212544
0.0234911
0.021227
0.0174957
0.0181017
0.0175814
0.0180786
0.0203578
0.0187395
0.0168905
0.0184742
0.0187849
0.0204875
0.0176028
0.0167692
0.0178902
0.017257
0.015489
0.0196129
0.0207905
0.0201598
0.0160844
0.0151386
0.0156649
0.0142069
0.0134042
0.0174652
0.017608
0.0167913
0.012767
0.0171271
0.0174212
0.0171536
0.0126427
0.0169882
0.0171564
0.0162523
0.0124028
0.0167134
0.0173241
0.0169065
0.012942
0.0171633
0.0151051
0.0137051
0.0138464
0.0151398
0.0150572
0.0145367
0.0171817
0.0181438
0.0169455
0.0126405
0.0177549
0.0181474
0.0174686
0.0132084
0.0176207
0.0185578
0.019806
0.0158189
0.0151758
0.0164254
0.013956
0.0136445
0.0190026
0.0191
0.0190377
0.0149029
0.0151891
0.0163512
0.0131363
0.0136461
0.0179224
0.0185947
0.017772
0.0149231
0.0155659
0.0190357
0.0181646
0.0187242
0.0177984
0.0181604
0.0195589
0.0211811
0.0160595
0.0192036
0.0199105
0.0172389
0.0153282
0.0143003
0.0142786
0.0117213
0.0137615
0.0130049
0.0129102
0.0117158
0.0137856
0.0131222
0.0129821
0.0134871
0.0117961
0.0177841
0.0170974
0.0164766
0.0129462
0.0153826
0.0148258
0.0136078
0.0138716
0.0138365
0.0127076
0.0148655
0.013483
0.0139037
0.0120709
0.0139064
0.0149371
0.0125524
0.0140184
0.0145231
0.0129131
0.0181319
0.017381
0.0138098
0.0178532
0.0184402
0.0128685
0.0137535
0.0155984
0.0128559
0.0180127
0.0170985
0.012842
0.013289
0.0129013
0.0116654
0.0158463
0.0134741
0.0136562
0.0121062
0.0121839
0.0114785
0.0165481
0.0148979
0.0138702
0.0130469
0.0114566
0.0129199
0.0167171
0.0153431
0.0160749
0.0150485
0.0134895
0.0165737
0.0158393
0.0170733
0.0163579
0.0160834
0.013163
0.0125614
0.0141087
0.0189187
0.0137738
0.0182143
0.0168845
0.0181535
0.0169679
0.0178652
0.0170241
0.0184651
0.0172548
0.0146705
0.0135521
0.014795
0.0179751
0.0170919
0.0175235
0.0170284
0.0125049
0.0164528
0.0153976
0.0127864
0.0176211
0.0163422
0.012837
0.0186504
0.0176919
0.0136753
0.0177304
0.0161919
0.0151155
0.0189003
0.0246309
0.013563
0.0190886
0.0182592
0.0148931
0.0186716
0.0181889
0.0139112
0.018615
0.0184918
0.0136083
0.0194462
0.0175215
0.0138921
0.0184427
0.0177601
0.0136341
0.0186486
0.0169585
0.0133953
0.0170382
0.0143922
0.0136557
0.0175724
0.0160968
0.013122
0.0170444
0.0162875
0.0118813
0.0171203
0.0162419
0.0121742
0.0174543
0.0154497
0.0129521
0.0155942
0.0165704
0.0165423
0.0157679
0.0157782
0.019216
0.0181456
0.01371
0.0181552
0.0158004
0.014215
0.015728
0.0159336
0.014864
0.0172655
0.0161216
0.0155673
0.0152888
0.0160541
0.0139054
0.015481
0.0154522
0.0143267
0.0153275
0.0152426
0.0144024
0.0153658
0.0154984
0.0144543
0.0142177
0.0188908
0.0191098
0.0174531
0.0192022
0.0186934
0.0145475
0.0149608
0.0154786
0.0144264
0.0155622
0.0169903
0.0161486
0.0160199
0.0180331
0.0151688
0.0171828
0.0191262
0.0162675
0.0164052
0.0178291
0.0159738
0.0206493
0.0208104
0.0187551
0.0203645
0.0201773
0.01563
0.020808
0.0214028
0.018705
0.0208815
0.0220242
0.0191617
0.0203662
0.0214005
0.0199303
0.0202105
0.0200827
0.0284107
0.0165971
0.0204672
0.0219811
0.0244433
0.0184127
0.0202577
0.0214755
0.0188519
0.0186108
0.018081
0.0206619
0.0182466
0.0183533
0.017121
0.0186958
0.0179115
0.0169423
0.0165381
0.0182204
0.0175252
0.0179765
0.0189336
0.0216647
0.0223437
0.0216899
0.0184487
0.024191
0.0230926
0.0229421
0.0200753
0.0211407
0.0238291
0.0221445
0.0175591
0.021522
0.0222132
0.0203513
0.0187034
0.0174595
0.024108
0.0219463
0.0190881
0.0167435
0.0191791
0.0182308
0.016005
0.0157231
0.0166428
0.0162398
0.0144349
0.0147994
0.014906
0.0145948
0.0136967
0.0154015
0.0128849
0.0141933
0.0134988
0.0119358
0.0178883
0.018016
0.0185036
0.0123108
0.0158914
0.0172404
0.0168522
0.013315
0.017656
0.0183914
0.0229972
0.0139307
0.0180293
0.0187251
0.0152596
0.0139581
0.0145886
0.0158772
0.0161927
0.0142854
0.0144083
0.0177076
0.0186729
0.0186521
0.0155841
0.0173896
0.0152184
0.0155741
0.0143214
0.0154765
0.0188112
0.0151516
0.0144456
0.0154182
0.017896
0.0156037
0.0153046
0.016191
0.0199924
0.0207289
0.0231562
0.0178388
0.0183307
0.0181956
0.0172656
0.0172683
0.0184032
0.0186693
0.0204347
0.0163264
0.0208352
0.0200582
0.0196488
0.0181178
0.0189482
0.0197982
0.0191845
0.0168311
0.0157429
0.0168174
0.0156018
0.0144286
0.0182191
0.0184055
0.0214258
0.0153007
0.0186563
0.0186023
0.0187916
0.0143661
0.0179643
0.0187049
0.016924
0.0155382
0.0192671
0.0204946
0.018008
0.0166248
0.0147925
0.0155862
0.01356
0.0156344
0.0189233
0.0197933
0.0178172
0.0156252
0.0150123
0.0158925
0.0135263
0.0141697
0.0140703
0.0125049
0.0138482
0.013803
0.0124586
0.0147466
0.0147117
0.0133993
0.013782
0.0156006
0.0128141
0.0141933
0.0143766
0.0137713
0.0187038
0.0186192
0.0140048
0.0170839
0.015469
0.0133533
0.0136176
0.0141397
0.0125823
0.0186491
0.0172624
0.0140228
0.014112
0.0132081
0.0116854
0.0169229
0.0167327
0.0109642
0.0164571
0.0163587
0.0113343
0.0135777
0.0136877
0.0129081
0.0122912
0.0169479
0.0145297
0.0159632
0.0163624
0.014763
0.0182357
0.0136539
0.0140202
0.0131623
0.0141339
0.0140665
0.0142333
0.0152008
0.0131354
0.0177878
0.0166031
0.0145056
0.0141692
0.0125574
0.0140508
0.0131307
0.0146893
0.0180463
0.017108
0.0149007
0.0141877
0.0141126
0.0129868
0.0141463
0.0140129
0.0141479
0.0143291
0.0141171
0.0132194
0.0144803
0.0147029
0.0134118
0.0181558
0.0176812
0.0125464
0.0177127
0.0174834
0.0132472
0.0177052
0.0173351
0.0123228
0.0172324
0.0182585
0.0125167
0.0174127
0.0165419
0.0139972
0.0136007
0.013327
0.0121488
0.0134297
0.013234
0.0122867
0.0134161
0.0132654
0.0116052
0.0168344
0.0180663
0.0135597
0.0134352
0.0129634
0.0117316
0.0169285
0.0165082
0.0116129
0.0135372
0.0139968
0.0124826
0.0174428
0.0170473
0.0119408
0.0134157
0.0123075
0.0143848
0.0134597
0.0136222
0.0121419
0.0175618
0.0165464
0.0132333
0.017781
0.0166719
0.0129824
0.0172054
0.0169617
0.0126089
0.0133349
0.0136737
0.0116393
0.0137164
0.013759
0.0116347
0.0124328
0.0173557
0.0160907
0.0135924
0.0136654
0.0173751
0.017627
0.0136553
0.017318
0.018548
0.0122572
0.0173086
0.0174072
0.0125624
0.0172511
0.0168322
0.014251
0.0187403
0.016982
0.0135513
0.014684
0.0137631
0.015201
0.0145702
0.0150943
0.014758
0.0156853
0.0195672
0.0205259
0.0148738
0.018652
0.0162679
0.0143038
0.0152498
0.015431
0.0149301
0.0156521
0.0157494
0.014448
0.0195771
0.0209642
0.0151828
0.0157383
0.0184937
0.0145063
0.0196466
0.0191925
0.0148196
0.0154736
0.0163292
0.0142279
0.019951
0.0193998
0.0137688
0.0190363
0.022387
0.0174261
0.015732
0.0136281
0.0156629
0.013836
0.0141712
0.01456
0.0135438
0.0147732
0.0146798
0.0132427
0.0145708
0.0145062
0.013303
0.0183931
0.0185898
0.013482
0.0169989
0.0144691
0.0130121
0.0148155
0.013078
0.0134189
0.0125366
0.0150882
0.0140974
0.0138422
0.0181989
0.0179609
0.0126473
0.0179466
0.0177534
0.0129016
0.014787
0.0143947
0.0134624
0.0180609
0.0181968
0.0161433
0.018817
0.0182095
0.0138704
0.0135289
0.0137785
0.0116642
0.0169134
0.0174405
0.0143433
0.0161885
0.0144066
0.0127182
0.0154285
0.0154089
0.0136428
0.0146944
0.0154775
0.0142068
0.0150274
0.0161996
0.0153877
0.0152395
0.0162301
0.0148283
0.0169764
0.0194273
0.0209828
0.0188665
0.0197336
0.0204831
0.0187699
0.0175252
0.0194538
0.0199413
0.0188015
0.0195113
0.0203435
0.0187921
0.0201839
0.0199239
0.0184981
0.0163746
0.0191798
0.0198551
0.018501
0.019953
0.0199131
0.0187254
0.0191302
0.0199266
0.0181461
0.0197022
0.0199526
0.0181459
0.0158917
0.0158992
0.0163712
0.0140533
0.0163387
0.0192377
0.0201275
0.0181893
0.0167509
0.018455
0.0182249
0.0157957
0.0159593
0.0201396
0.0212394
0.0209527
0.0202777
0.0197621
0.0214339
0.0218099
0.0190498
0.0197751
0.0212646
0.0209145
0.0187718
0.0183845
0.0182176
0.0206154
0.0172031
0.0202396
0.0151857
0.0161048
0.0189303
0.0174392
0.0156006
0.0182324
0.0206733
0.0154643
0.0146705
0.0154982
0.0153743
0.0139426
0.0142183
0.015071
0.0181618
0.0140939
0.015038
0.0150313
0.0141909
0.013861
0.0140084
0.0143332
0.0143537
0.0130837
0.0184331
0.0191195
0.0173666
0.0138109
0.0177478
0.0157717
0.0131206
0.0133639
0.0146919
0.01444
0.0122035
0.0128418
0.0168968
0.0170015
0.0157014
0.0123348
0.0137972
0.0147887
0.0120009
0.0118453
0.0131135
0.0173649
0.0185876
0.0163876
0.0142511
0.015734
0.0155256
0.0139953
0.0137995
0.0150728
0.0118103
0.0122946
0.0170622
0.0180687
0.0185921
0.0156487
0.0144595
0.0154963
0.0140215
0.0145924
0.0160899
0.0162402
0.015463
0.0145525
0.016457
0.0164965
0.0166
0.0152596
0.017427
0.0194259
0.0204816
0.0187982
0.0186012
0.0199053
0.0203188
0.0197934
0.0152294
0.0154704
0.0149107
0.0144356
0.0140205
0.014345
0.0157976
0.0133577
0.0135
0.018906
0.0197811
0.0165174
0.0150358
0.0150869
0.0147106
0.0143087
0.0145515
0.0145761
0.0161443
0.014599
0.0154713
0.0160086
0.0162669
0.014366
0.0159916
0.0171796
0.0152474
0.0270843
0.0169087
0.0190546
0.0182456
0.0182976
0.0222189
0.0218078
0.0196713
0.0169244
0.0205217
0.0233886
0.0196823
0.0166726
0.0203826
0.0191595
0.0172342
0.0172963
0.0188868
0.0160642
0.0169269
0.0193891
0.0205107
0.0178847
0.0182322
0.0220625
0.0239327
0.0217158
0.0231938
0.0239061
0.0198545
0.0162706
0.0206096
0.0198839
0.0187192
0.0153703
0.0199561
0.0192463
0.0151894
0.0176645
0.0197504
0.0184097
0.0197694
0.0204428
0.0178209
0.0149959
0.0159949
0.0150891
0.0144548
0.0194889
0.0201702
0.0179767
0.0160852
0.0192616
0.0201383
0.0164198
0.0189757
0.0209578
0.0165632
0.0197208
0.0199639
0.016818
0.018709
0.019553
0.0177741
0.0197502
0.0218601
0.0196991
0.0191495
0.0218115
0.0191637
0.0209513
0.0220109
0.0203862
0.0202189
0.0219691
0.0205988
0.0207019
0.0210963
0.0191436
0.0168241
0.0193047
0.0172058
0.0161964
0.0186915
0.018318
0.0146377
0.0162767
0.0164483
0.0152837
0.0153915
0.0187537
0.0206691
0.0176553
0.0189438
0.0184525
0.0174211
0.0184642
0.0198549
0.0177732
0.0186326
0.0195755
0.0178921
0.0200304
0.0203418
0.0176414
0.0202467
0.0199262
0.0184083
0.0145234
0.0178808
0.0162103
0.0140085
0.0139468
0.017493
0.0181098
0.0185697
0.0186843
0.0202969
0.0177398
0.0190692
0.0202295
0.019341
0.0206121
0.0208441
0.0197322
0.0214503
0.0215082
0.020362
0.017553
0.0180959
0.0186283
0.0156118
0.0180016
0.0203088
0.0237749
0.0194108
0.021213
0.0227004
0.017636
0.0160348
0.0179326
0.019097
0.0159923
0.0173094
0.0165384
0.0157163
0.0165303
0.0146901
0.0139075
0.0156854
0.0144268
0.0123296
0.0113908
0.0110074
0.0149514
0.0133954
0.0150496
0.014357
0.0125183
0.01536
0.0136368
0.012587
0.0121709
0.0133307
0.0168995
0.0138601
0.0179302
0.0168187
0.0182428
0.016938
0.0180833
0.0185454
0.0134546
0.0147297
0.0143394
0.0149421
0.014139
0.0149324
0.0153813
0.0142359
0.0186055
0.0182132
0.0186301
0.0202749
0.0161188
0.0155546
0.0148197
0.0163381
0.0194941
0.0194324
0.0146569
0.0162742
0.015454
0.0168584
0.0164634
0.0164101
0.016595
0.0207968
0.0218014
0.017013
0.0161255
0.0163669
0.0152643
0.0199211
0.0187501
0.0161647
0.0155667
0.0150247
0.0137442
0.0186658
0.0189551
0.0175856
0.0160201
0.0158749
0.014652
0.0160345
0.0153207
0.0151464
0.0196462
0.0217501
0.0156279
0.0150546
0.0145785
0.0125209
0.0173402
0.0161355
0.0134107
0.0130687
0.0123612
0.0135414
0.0163652
0.017007
0.0124569
0.016282
0.0153069
0.0133518
0.0170068
0.0192014
0.0135567
0.0134358
0.0126611
0.0126954
0.013552
0.0192558
0.0129294
0.0141978
0.0175297
0.016657
0.0146845
0.0145284
0.0151154
0.0147268
0.0186746
0.0182452
0.0142173
0.0184517
0.0191149
0.0135964
0.0166366
0.0161612
0.0147289
0.0165602
0.0152261
0.0164331
0.015346
0.0168821
0.0177443
0.0161988
0.0179394
0.020986
0.0192027
0.0199454
0.0211749
0.0227568
0.018759
0.0217626
0.0235198
0.0202304
0.0200359
0.0199145
0.0202668
0.0178445
0.0233691
0.0184328
0.0197723
0.0210465
0.0222284
0.0189659
0.0159518
0.0151942
0.0178411
0.0140483
0.0161981
0.0146924
0.0124819
0.0147308
0.0168465
0.0168795
0.0125455
0.012678
0.0128835
0.0124565
0.0121154
0.0130983
0.0122756
0.0136539
0.0148015
0.0154256
0.0145052
0.0170293
0.0192173
0.0184704
0.0193302
0.0213333
0.0228907
0.0217478
0.0196253
0.0177245
0.0197678
0.0183102
0.0176503
0.021365
0.0222318
0.0214976
0.0172437
0.0162693
0.0176331
0.0161197
0.0177557
0.0183156
0.017057
0.0179113
0.0199746
0.0183532
0.0180092
0.0163138
0.0207857
0.0212877
0.0195303
0.016749
0.0170095
0.0176533
0.0177432
0.0158016
0.016493
0.0170844
0.0170643
0.0158544
0.0160658
0.0172219
0.0167139
0.0160115
0.0162092
0.0161683
0.0172607
0.0141701
0.0163756
0.0160173
0.016446
0.0173482
0.0164487
0.0171023
0.0204575
0.0224977
0.022704
0.0198782
0.0182499
0.0201155
0.0221888
0.0209602
0.0207662
0.021922
0.0222031
0.0221619
0.0216089
0.0181936
0.0192031
0.020071
0.0184002
0.0228577
0.0181691
0.0185248
0.0199795
0.0200066
0.016722
0.0202134
0.0228822
0.0238372
0.0234866
0.0216778
0.0176825
0.0219551
0.0233292
0.0224585
0.0198731
0.0176286
0.0218935
0.0190497
0.0179275
0.0154543
0.0181702
0.0173438
0.0178866
0.0188983
0.0153194
0.0165131
0.0196004
0.0195828
0.0220134
0.0192423
0.0162417
0.0196586
0.0174207
0.0157872
0.0152221
0.0137947
0.014802
0.0155947
0.0171006
0.0163666
0.0141435
0.0166952
0.0177595
0.0159185
0.0135874
0.0158176
0.0189086
0.0195186
0.0196821
0.0178801
0.0201817
0.0204579
0.0180869
0.0179982
0.0196677
0.0189293
0.0183816
0.0144818
0.014622
0.0146965
0.0131838
0.014186
0.0138931
0.019406
0.0126049
0.0142459
0.018642
0.0184644
0.0159215
0.0144733
0.0176139
0.0171902
0.0158696
0.0180111
0.01786
0.0156127
0.0168063
0.0181114
0.0156007
0.0151416
0.0155345
0.0135888
0.0132764
0.0186547
0.0178948
0.0139346
0.0190844
0.0189595
0.0165482
0.0189992
0.0187756
0.0138208
0.0187925
0.0178075
0.0134021
0.0153579
0.0147888
0.0134601
0.0145247
0.0143624
0.0130509
0.0149596
0.0181871
0.0182149
0.016231
0.0141321
0.0144282
0.0126428
0.0155982
0.0145986
0.0136392
0.0153255
0.0140387
0.0137966
0.0186025
0.0160945
0.0136824
0.0139464
0.0125159
0.014011
0.0172171
0.0165722
0.0141934
0.017236
0.0174576
0.0157824
0.0143671
0.0132478
0.0142139
0.0178296
0.0173494
0.0176725
0.0171709
0.0154731
0.01747
0.0167975
0.0181529
0.0170273
0.0179441
0.0169148
0.0180322
0.0168857
0.0171953
0.0164311
0.0141686
0.0130868
0.0125093
0.0131902
0.0121967
0.013568
0.0170477
0.0128356
0.014025
0.0122521
0.0132516
0.0125357
0.0125585
0.01289
0.0117797
0.013608
0.0133514
0.014172
0.0175192
0.0169532
0.0120695
0.0167015
0.0143232
0.0139205
0.017444
0.0163301
0.0142984
0.0137041
0.0122241
0.0137468
0.0174508
0.0159758
0.01431
0.0141333
0.013855
0.0152134
0.0146194
0.0248777
0.0139665
0.0195505
0.0188319
0.0146891
0.0156315
0.0153011
0.0138873
0.018955
0.0187347
0.013357
0.0182046
0.0177508
0.0133892
0.0148582
0.0148523
0.0133271
0.0141762
0.0142668
0.0133129
0.013863
0.0139178
0.0125686
0.0175581
0.0174792
0.01386
0.0143918
0.0154193
0.0140893
0.0201463
0.019557
0.0154576
0.0185854
0.018701
0.0133504
0.0146905
0.0143375
0.0125601
0.0177426
0.0178516
0.0127285
0.0176092
0.0171392
0.0125361
0.0141233
0.0140032
0.0130312
0.0139021
0.0138074
0.011848
0.0130848
0.0237642
0.0116037
0.0134004
0.0128375
0.0116628
0.0164425
0.0160259
0.0128231
0.0170623
0.0181118
0.012418
0.0172239
0.0173824
0.0137787
0.013964
0.0145164
0.0127112
0.0149011
0.0145924
0.014962
0.0133174
0.0138156
0.0146603
0.0129936
0.0140771
0.0143796
0.0128877
0.0131745
0.0132146
0.0119537
0.0131991
0.01344
0.0122677
0.0166802
0.0168076
0.0115213
0.0169872
0.0189654
0.0123247
0.014078
0.0133656
0.013384
0.0126516
0.0124707
0.017278
0.0159611
0.0124191
0.0159409
0.0164698
0.0126668
0.0120892
0.011677
0.0102132
0.0151237
0.0133484
0.010807
0.0142449
0.00987995
0.0139247
0.0105218
0.0141782
0.0130323
0.0108515
0.00920258
0.010801
0.0106546
0.0100681
0.0116483
0.0158548
0.0120379
0.0135289
0.0125213
0.0127119
0.0122726
0.0169262
0.0159502
0.0144119
0.0138559
0.0130052
0.0148654
0.0136404
0.0143004
0.0140304
0.018
0.0167936
0.0163834
0.01302
0.0127153
0.0111408
0.012643
0.0123015
0.0124661
0.0162864
0.0153632
0.0128769
0.013088
0.0132758
0.01252
0.0166079
0.0167053
0.0146612
0.0180091
0.0171526
0.0192011
0.0147723
0.0187751
0.0165386
0.0187292
0.0177619
0.0153074
0.0147021
0.0135876
0.0155975
0.0148332
0.0133121
0.0180799
0.0173395
0.0137722
0.0181132
0.0182489
0.018071
0.0179482
0.0136692
0.0179261
0.0164372
0.0129864
0.0146565
0.0136762
0.0144813
0.0144035
0.0142622
0.0128384
0.0133481
0.0136378
0.0127435
0.0182672
0.016754
0.0136183
0.013795
0.0157619
0.012913
0.0139848
0.0131992
0.0135828
0.0183268
0.0162888
0.0141679
0.0138547
0.0132631
0.0117112
0.0174053
0.017004
0.0141322
0.0176291
0.0190382
0.013003
0.0182432
0.0175775
0.0152172
0.0185464
0.0179299
0.0153651
0.0142686
0.0138068
0.0152388
0.0181116
0.0175283
0.0152251
0.0184091
0.0177856
0.0150166
0.0147862
0.0148476
0.0130868
0.0186109
0.0177009
0.0155416
0.0152694
0.0178605
0.0134833
0.0146573
0.0153248
0.0132499
0.0184177
0.018653
0.0139547
0.0183921
0.0197585
0.0142536
0.0185164
0.0194313
0.0144541
0.0191279
0.0197155
0.0139907
0.0149303
0.013671
0.014688
0.0194529
0.0204971
0.0170977
0.0167576
0.0159706
0.0167236
0.0174859
0.0159625
0.0151687
0.0168545
0.0159165
0.014062
0.0167947
0.0149561
0.0149768
0.0172881
0.0172283
0.0165127
0.0198086
0.0189767
0.0183626
0.0215275
0.0224307
0.0183263
0.018138
0.0195308
0.0171191
0.0171785
0.020516
0.0183617
0.0164717
0.0202726
0.0177089
0.0160162
0.0219026
0.0212659
0.0169814
0.0187273
0.0175213
0.0169538
0.0184985
0.0216745
0.0229488
0.0188554
0.0179411
0.0192156
0.0176185
0.0169273
0.0170783
0.0170693
0.0166422
0.0177913
0.0192347
0.0177702
0.0183887
0.0171934
0.0172456
0.0148464
0.0168692
0.0169622
0.0165667
0.0195814
0.0205223
0.0187114
0.0172642
0.0158778
0.0171598
0.0157496
0.0194737
0.020258
0.0155823
0.0196978
0.0196756
0.0183286
0.0192136
0.0203324
0.0163013
0.016168
0.0173449
0.0178346
0.0153389
0.0162775
0.0144707
0.0148344
0.0167826
0.0139954
0.0157117
0.0153759
0.0142249
0.0151952
0.0157048
0.0135478
0.014157
0.0138388
0.0125564
0.0140587
0.013821
0.0120257
0.0141046
0.0135628
0.0127483
0.0143236
0.0141444
0.0126628
0.0178576
0.0184597
0.015921
0.0147832
0.0142129
0.0154231
0.0177741
0.0144223
0.0112424
0.0138005
0.0162146
0.0121548
0.0136771
0.0146496
0.0123486
0.014945
0.0172125
0.019273
0.0175954
0.0161964
0.0157473
0.0158793
0.0155879
0.014503
0.015943
0.0154142
0.0143967
0.0165565
0.0147998
0.0139036
0.0148372
0.0179676
0.0183691
0.0170921
0.0142651
0.0190484
0.0191827
0.0224714
0.0147505
0.0158021
0.017802
0.0167798
0.013706
0.0142671
0.0142535
0.0146747
0.0131273
0.0142932
0.0207465
0.0187544
0.0166929
0.0151404
0.0199808
0.021202
0.0199489
0.0157606
0.0167149
0.0167924
0.014017
0.0159582
0.0180339
0.0183763
0.0176466
0.0164033
0.014782
0.014038
0.01369
0.013375
0.0189768
0.020467
0.0193917
0.0156997
0.0180391
0.0161187
0.0153597
0.016483
0.0219016
0.0209375
0.0190296
0.0176605
0.0203373
0.0227431
0.0189904
0.0167707
0.016388
0.0170045
0.015948
0.0168956
0.0173241
0.0156733
0.0159367
0.0228799
0.0245408
0.0215898
0.0238544
0.0231787
0.0203994
0.0172822
0.0223271
0.0219559
0.0184314
0.0155298
0.0163302
0.0176454
0.0161292
0.0176736
0.0176023
0.0183758
0.0180511
0.0168578
0.0211457
0.021922
0.0198848
0.0162255
0.0155456
0.0166739
0.0157253
0.0163525
0.0190638
0.0210552
0.0195262
0.0159629
0.0158452
0.0174699
0.0152665
0.0183781
0.0178962
0.0179465
0.0171144
0.0173868
0.0176626
0.0173254
0.015621
0.0179297
0.0160033
0.0162217
0.0199505
0.023619
0.0212074
0.0205048
0.0209618
0.0237807
0.0237659
0.0166445
0.0160536
0.0184037
0.0159147
0.0155307
0.0186909
0.0201095
0.0173865
0.0143476
0.0187963
0.0186598
0.0170618
0.0155917
0.0174808
0.0182172
0.0162721
0.0140411
0.0136825
0.0141216
0.0121429
0.0141551
0.0176222
0.0168998
0.013111
0.0169088
0.0175474
0.0145333
0.016446
0.0161411
0.0112955
0.0124219
0.0124289
0.0127788
0.0187906
0.0179986
0.0163709
0.0147737
0.0135294
0.0161322
0.0130014
0.0130175
0.0143847
0.0143491
0.0132731
0.0141532
0.0151272
0.0134298
0.0144761
0.0153271
0.0150673
0.0165644
0.0164578
0.0141173
0.0151852
0.0132304
0.0139961
0.0123268
0.0132936
0.0130925
0.012093
0.0135968
0.0129762
0.0127501
0.0133043
0.0129167
0.0119864
0.0142983
0.0141651
0.0133994
0.0182228
0.0162824
0.0143733
0.0213876
0.0206112
0.0150194
0.0178388
0.0187653
0.0169664
0.0159064
0.0191638
0.0158399
0.0164973
0.017241
0.0156565
0.0190834
0.018499
0.0163934
0.0180065
0.0196339
0.0174821
0.0173155
0.0194639
0.0171034
0.0176545
0.0201244
0.0169445
0.0180722
0.0200059
0.0174828
0.0183676
0.017635
0.0208111
0.0191889
0.0204333
0.022329
0.0243294
0.0227551
0.0193977
0.0227705
0.025254
0.0220514
0.0196872
0.0186053
0.0215866
0.021473
0.0197351
0.0196998
0.0220402
0.023424
0.0212398
0.0195171
0.0219193
0.0222002
0.0200723
0.0237993
0.0260297
0.0249059
0.0193647
0.0232725
0.0231616
0.0217191
0.0210107
0.0189359
0.0198755
0.0182963
0.0172561
0.0168484
0.0204637
0.0220794
0.0176839
0.017165
0.0196821
0.0185631
0.0182961
0.0156669
0.0177225
0.0195262
0.0217441
0.0197794
0.0191299
0.0159579
0.017666
0.0187886
0.0155849
0.0158737
0.0171924
0.0163347
0.015161
0.0191394
0.0203495
0.019282
0.0189317
0.0150158
0.0171847
0.0192588
0.0159353
0.015886
0.0168311
0.0158176
0.0153323
0.0163372
0.0197033
0.0164138
0.0166812
0.0151456
0.0158794
0.0152472
0.0115495
0.0105068
0.0149969
0.0153179
0.0129985
0.0110648
0.014336
0.00799098
0.011043
0.00612755
0.00686033
0.00879224
0.0117716
0.00955893
0.0136934
0.0088996
0.013617
0.0115918
0.0112363
0.0107173
0.0119355
0.0142366
0.0175275
0.0143454
0.0209248
0.0215179
0.0202739
0.0177363
0.0178884
0.0200092
0.0182675
0.0199086
0.0223907
0.0248503
0.0235708
0.0223554
0.0220248
0.0240018
0.0237967
0.02247
0.0218859
0.0259376
0.026508
0.0229399
0.0225016
0.0247845
0.0255553
0.0201383
0.0229649
0.0242954
0.0269024
0.0214912
0.0224823
0.0244531
0.0254692
0.0250961
0.0237144
0.022936
0.0256368
0.0281505
0.0258696
0.0208486
0.0203487
0.0251905
0.019304
0.0169219
0.0190655
0.0219925
0.0235353
0.0265763
0.0177861
0.0202756
0.0192736
0.0164789
0.0140817
0.0175289
0.0191723
0.0165112
0.0159528
0.0180505
0.0187807
0.0182909
0.0131025
0.0158843
0.0148064
0.0137777
0.0185091
0.0167891
0.0137805
0.0144906
0.0136471
0.0113914
0.013337
0.0167552
0.0140361
0.0139291
0.0126621
0.0169483
0.0172399
0.0134094
0.0113353
0.0125812
0.0114437
0.0135667
0.015261
0.015267
0.0124146
0.0127756
0.013921
0.0128534
0.0136728
0.0167181
0.0182751
0.0166262
0.0168856
0.0193136
0.0191073
0.0188084
0.0193523
0.0177621
0.0179604
0.0219088
0.0224874
0.0229403
0.0209033
0.0177291
0.0185621
0.0194343
0.0169942
0.0143345
0.0151097
0.0178716
0.0191473
0.0213453
0.0155509
0.0155632
0.0176835
0.0158824
0.0161669
0.0165224
0.0160158
0.0145981
0.0149365
0.0191646
0.0161215
0.0132352
0.0130929
0.0128633
0.0124778
0.0114923
0.0160328
0.0148453
0.0131939
0.0163689
0.0149052
0.0157874
0.0134744
0.0134555
0.0143376
0.0154963
0.0140862
0.0145321
0.0184791
0.0175607
0.0173671
0.0190402
0.0191782
0.0195422
0.0197768
0.0202487
0.0232748
0.025211
0.0222795
0.0208369
0.0196091
0.022581
0.0242197
0.0235854
0.0214942
0.0211984
0.0220677
0.0199607
0.0183288
0.0194201
0.020667
0.019303
0.0146858
0.0183692
0.0179877
0.0194607
0.0140416
0.0140039
0.0147345
0.0141162
0.0126334
0.0140519
0.0155685
0.0160727
0.0104054
0.0155273
0.014342
0.0149864
0.0110362
0.0113621
0.0102019
0.0158757
0.0109477
0.0105889
0.00991432
0.013655
0.011479
0.0116378
0.0109834
0.0099675
0.00864588
0.0103693
0.00712678
0.00785477
0.0120882
0.0112273
0.0098917
0.014513
0.0138597
0.0139623
0.0151089
0.0193326
0.017286
0.0160517
0.0179548
0.022396
0.0209898
0.0185492
0.0208672
0.0236605
0.0216791
0.0186194
0.0226816
0.0221224
0.0190873
0.0162285
0.0150554
0.0176165
0.01618
0.0172431
0.0171269
0.0170694
0.0220911
0.0208354
0.0177095
0.0155365
0.0183075
0.0175861
0.0126818
0.0177419
0.015797
0.0132532
0.0157478
0.0118635
0.0129499
0.0168985
0.016007
0.0133976
0.0178374
0.0167908
0.0142436
0.0142981
0.0129771
0.0137445
0.0136935
0.0131114
0.0152948
0.0184781
0.0164017
0.0148452
0.0186197
0.0171644
0.0130758
0.0141258
0.0129138
0.0136791
0.0185263
0.0171815
0.0143218
0.0148423
0.0159884
0.0139838
0.0172429
0.0137422
0.0151815
0.0152556
0.0196437
0.0181121
0.014502
0.0197169
0.0175502
0.0138998
0.0162044
0.0156594
0.0146528
0.0200868
0.0185823
0.0151787
0.018062
0.0147979
0.0156486
0.0151317
0.0155911
0.0151289
0.0151804
0.0153952
0.0141869
0.0156946
0.0183006
0.0188435
0.0169692
0.0174906
0.0178031
0.013798
0.0154883
0.0158169
0.0140997
0.0119577
0.015054
0.0128089
0.0121153
0.0138137
0.0126946
0.0129937
0.013619
0.0137654
0.0129459
0.019221
0.0171027
0.0136132
0.0143829
0.0141423
0.0151014
0.0194323
0.018707
0.0148327
0.0161094
0.0160414
0.0152249
0.0153924
0.0150325
0.0131764
0.0188152
0.0189151
0.0169101
0.0184259
0.0195715
0.0141867
0.0140456
0.015065
0.0133374
0.0148491
0.0154464
0.0133979
0.0191168
0.0190694
0.0143898
0.0181656
0.0173228
0.0145542
0.0185206
0.0200596
0.0123727
0.0143645
0.0149971
0.0128163
0.0132485
0.0134628
0.014799
0.0196484
0.0172067
0.0131657
0.0130805
0.0117708
0.00968323
0.01599
0.0147732
0.0129218
0.0180268
0.0159327
0.0127837
0.0157473
0.0175722
0.0130901
0.0173447
0.0160156
0.013948
0.0127778
0.0148905
0.0157298
0.0203498
0.0224766
0.0202076
0.019938
0.0211603
0.0223801
0.0162354
0.0193229
0.0209446
0.0166827
0.0209919
0.023533
0.0214623
0.0195051
0.0210333
0.0226691
0.020815
0.0175792
0.0169776
0.0192994
0.0174051
0.0194466
0.0219204
0.0222165
0.0218908
0.019377
0.0201274
0.0202586
0.0193758
0.018967
0.0188516
0.0213185
0.020607
0.0207513
0.0245917
0.0310655
0.0274137
0.0224652
0.0237972
0.0246914
0.02662
0.0211985
0.0218708
0.0249778
0.0233289
0.0206064
0.0180329
0.0189488
0.0176922
0.0162348
0.0162811
0.0167728
0.015893
0.0155019
0.0159805
0.0178393
0.0159123
0.0163481
0.0212187
0.0220347
0.0190553
0.0165157
0.0191411
0.0174676
0.0146205
0.0152942
0.0196595
0.0197819
0.0178492
0.0200529
0.0194022
0.0183493
0.0184361
0.0193778
0.0169899
0.0180641
0.0179518
0.0152155
0.0142844
0.0177874
0.0140707
0.0140357
0.0144039
0.01187
0.0139601
0.0141817
0.0119257
0.0126755
0.0137264
0.0123708
0.018975
0.0168784
0.0129332
0.0170484
0.0169235
0.0118864
0.0169335
0.0163351
0.0128521
0.0145981
0.0151525
0.012508
0.0135847
0.014418
0.013388
0.0151747
0.0185289
0.0189141
0.0176306
0.0187537
0.0191471
0.0165229
0.0142592
0.0148715
0.0130794
0.0144612
0.0153284
0.0131236
0.0192821
0.0189114
0.0167368
0.0177148
0.018296
0.0146092
0.0142733
0.0147794
0.0134156
0.0142718
0.0146489
0.0126653
0.0135855
0.0151459
0.0127718
0.0141373
0.0136003
0.0121286
0.0129921
0.0145792
0.0125515
0.0147558
0.0135694
0.0122952
0.0167206
0.0167709
0.0110868
0.0154218
0.0114835
0.0126843
0.0158939
0.0129794
0.0118507
0.01409
0.0109181
0.0137872
0.011972
0.0150382
0.013682
0.012468
0.0116028
0.00983073
0.0117317
0.0152744
0.0118732
0.0160042
0.0145714
0.0130485
0.0157212
0.0157592
0.0163154
0.0168149
0.0165261
0.0167296
0.0120439
0.0172634
0.0160976
0.0166089
0.0153406
0.016686
0.0157319
0.0132964
0.0127611
0.0112065
0.0134335
0.0157829
0.0162882
0.0138471
0.0168768
0.0155585
0.0140436
0.0130082
0.0114949
0.0138265
0.0167118
0.015412
0.0137184
0.012867
0.014926
0.0140719
0.0180093
0.0165217
0.0138654
0.0135306
0.0125838
0.0140448
0.0145906
0.0122521
0.014773
0.0196256
0.0171306
0.0143038
0.016211
0.0122881
0.0143277
0.0160922
0.0156554
0.0143599
0.0138108
0.0120702
0.0148663
0.0162795
0.0157402
0.0172302
0.0160903
0.017009
0.0152037
0.0132931
0.0121957
0.0112588
0.0136805
0.0170319
0.0110982
0.0120934
0.0170466
0.0141354
0.0123573
0.01745
0.0159342
0.0114073
0.0171389
0.0157377
0.0136767
0.0129403
0.0140221
0.013275
0.017124
0.0167226
0.0144075
0.0173938
0.0204562
0.0144595
0.0143141
0.0142483
0.0136793
0.0155496
0.0136381
0.0143294
0.0114437
0.0115983
0.0105767
0.0136104
0.0157657
0.0114987
0.0153052
0.0102788
0.0149596
0.0123786
0.0118455
0.0104803
0.0113282
0.0106995
0.0157513
0.0111947
0.0155775
0.0142889
0.0124311
0.0149525
0.0132919
0.0153589
0.0129637
0.0150741
0.0109451
0.0154112
0.011179
0.0114451
0.0112055
0.0127997
0.0165218
0.0164875
0.0113862
0.0156388
0.0149565
0.0127056
0.0116385
0.0107499
0.0117362
0.0153215
0.0145877
0.0159015
0.0147881
0.0122397
0.0123414
0.0107475
0.0116073
0.0108287
0.0114591
0.010465
0.01205
0.0108959
0.0119824
0.0110429
0.0120791
0.0113203
0.0162396
0.0121028
0.0168055
0.0125841
0.0173367
0.0161144
0.0108777
0.0119184
0.0106885
0.0122181
0.0102626
0.0104727
0.00924224
0.0145402
0.00924646
0.0145864
0.00957354
0.010444
0.00934452
0.0143729
0.00934814
0.014606
0.0103245
0.0146264
0.0102338
0.0160836
0.0106375
0.0116353
0.0095306
0.010847
0.0105478
0.0116032
0.0102263
0.0112979
0.0104005
0.0151441
0.0106052
0.0130807
0.0118048
0.0108715
0.0162335
0.0118783
0.0126063
0.0112276
0.0122949
0.0115148
0.0132152
0.012177
0.013778
0.0162466
0.015228
0.0168892
0.0159616
0.0165573
0.0119239
0.0130534
0.0121217
0.0136995
0.0134759
0.0128708
0.0133129
0.0121718
0.0134277
0.0126121
0.0136305
0.0124244
0.0129294
0.0130529
0.0134053
0.0166129
0.01681
0.0118042
0.0168171
0.0173706
0.0145875
0.0170427
0.0167371
0.0137177
0.017483
0.0165924
0.0137589
0.0133659
0.0129595
0.0135945
0.0131206
0.0142983
0.0137676
0.0124611
0.014488
0.017181
0.017271
0.0130865
0.0179949
0.0173586
0.0130783
0.0171462
0.0171109
0.0126267
0.013573
0.0126647
0.0139545
0.018358
0.0172401
0.0117887
0.0164649
0.014128
0.0118403
0.0120649
0.0117693
0.0125621
0.0156147
0.0123617
0.0122488
0.0140051
0.0114964
0.0104603
0.0152285
0.0137013
0.0152537
0.0148708
0.0122018
0.0154432
0.014431
0.0113771
0.0150983
0.013525
0.0140024
0.0114594
0.0110239
0.0127863
0.0158296
0.0123845
0.0122643
0.0170267
0.0181028
0.0134145
0.0136345
0.0170666
0.0166411
0.0158105
0.0161063
0.0143929
0.0131708
0.0134825
0.013513
0.0121322
0.0138001
0.0136006
0.013527
0.01341
0.0136108
0.0123214
0.0123441
0.013248
0.0129436
0.0121808
0.0107959
0.0122101
0.0157987
0.0150163
0.0093245
0.0144762
0.0134493
0.0114392
0.0146769
0.0103731
0.0107942
0.00956147
0.0116002
0.0132783
0.0124375
0.0110034
0.00920887
0.0149646
0.0134655
0.0153093
0.01443
0.0125997
0.0124272
0.0127885
0.0123924
0.0114176
0.0136114
0.0141563
0.0121889
0.0161135
0.0122885
0.0145219
0.0172189
0.0160497
0.0177504
0.0163378
0.014646
0.0133435
0.0118662
0.0138054
0.0171041
0.0157855
0.0138735
0.0180667
0.0166886
0.013207
0.0134916
0.0120836
0.0126729
0.0150606
0.0120074
0.0128669
0.0167734
0.0157141
0.0139988
0.0172281
0.0166184
0.0169499
0.0156001
0.0172928
0.0164726
0.0187364
0.0163783
0.0177878
0.0170753
0.0175119
0.0135515
0.0142079
0.0135798
0.0143472
0.014498
0.013976
0.0141807
0.0135491
0.0149211
0.0130164
0.0133767
0.0174625
0.0167739
0.0149654
0.0171314
0.0130578
0.0139364
0.0177878
0.0173481
0.0128869
0.013917
0.0132164
0.0142119
0.0136412
0.012735
0.0139577
0.0175512
0.0173098
0.0147541
0.0137305
0.0144945
0.0148387
0.0181794
0.0179589
0.0148012
0.0140245
0.0158835
0.0145326
0.0173769
0.0165058
0.0176154
0.0176448
0.012886
0.0142519
0.0134735
0.0153098
0.013264
0.013166
0.0119386
0.013397
0.0133733
0.0150487
0.013479
0.0130261
0.0123582
0.0169871
0.0159036
0.0131795
0.0158711
0.0156408
0.0123597
0.012016
0.0115892
0.0127546
0.0154995
0.0155067
0.0125615
0.0141889
0.0148088
0.0132378
0.0129393
0.0132009
0.0129139
0.0125271
0.0117945
0.0136878
0.0142076
0.0141995
0.0140015
0.0137628
0.0134443
0.0134502
0.0150206
0.0147855
0.0145606
0.0179219
0.0181728
0.0151221
0.0150585
0.0142862
0.0143854
0.0143296
0.0154363
0.0139184
0.0145633
0.0135383
0.014054
0.0136096
0.0181238
0.0179127
0.0167109
0.0149525
0.0147572
0.013475
0.0146166
0.0158853
0.0149683
0.0179151
0.01786
0.0128729
0.0179745
0.0168601
0.0239852
0.0225724
0.0222661
0.0219116
0.0219389
0.0219937
0.0225619
0.0216818
0.021636
0.0214069
0.0218649
0.0225789
0.0232666
0.0225453
0.0227663
0.0230803
0.02324
0.0223969
0.0226458
0.0218165
0.0216606
0.112423
0.0190263
0.0181736
0.0184087
0.0187605
0.0181446
0.0180342
0.0212239
0.0238916
0.0235111
0.0214159
0.0188899
0.0225339
0.0255209
0.0255715
0.0229726
0.0204093
0.0239992
0.021294
0.0223801
0.0214271
0.0205279
0.0220709
0.0252405
0.0259579
0.0255064
0.0238845
0.0210473
0.0237462
0.0219932
0.0235844
0.0249668
0.0241852
0.0211371
0.0217792
0.026027
0.0273316
0.0282846
0.0272795
0.0229849
0.0230025
0.0226715
0.0247339
0.0238934
0.0217776
0.0250524
0.0242031
0.0290212
0.0275779
0.0246041
0.0239738
0.0238516
0.0270907
0.029161
0.0285621
0.0280256
0.0260759
0.025892
0.0258098
0.0267515
0.0268624
0.0246763
0.0248345
0.0260006
0.0278515
0.0290121
0.0287835
0.026146
0.0245381
0.0261168
0.0254856
0.0239965
0.0221983
0.0243742
0.0260113
0.0251026
0.0227806
0.0221199
0.0230295
0.0254716
0.0238914
0.0236621
0.0232384
0.0285571
0.0274519
0.0265415
0.025241
0.0236399
0.0229035
0.0275594
0.0290522
0.0273704
0.0235523
0.0191201
0.0201641
0.0236288
0.0266041
0.0261438
0.0249201
0.0243236
0.0258477
0.0271299
0.0260391
0.0227174
0.0204393
0.0223234
0.0203327
0.0230749
0.0205597
0.01672
0.0167754
0.0180329
0.0192188
0.0194578
0.0173975
0.0204832
0.021038
0.0231352
0.0214727
0.021334
0.018506
0.021875
0.022116
0.0241753
0.0219687
0.0204626
0.0238428
0.0232008
0.0238624
0.0200773
0.0215716
0.0197907
0.0180573
0.0185825
0.0173242
0.017117
0.0211914
0.0228975
0.0230621
0.023645
0.0203173
0.0189886
0.0229511
0.0193565
0.0194361
0.0180466
0.0180464
0.0302765
0.0203869
0.0179522
0.0200706
0.0181946
0.0196586
0.0195121
0.0177478
0.0198096
0.0228685
0.0232614
0.0215778
0.0173879
0.0163935
0.0176525
0.0197517
0.018933
0.0163853
0.0158796
0.0179952
0.0180789
0.0166368
0.0156732
0.0206275
0.0186728
0.0185849
0.0169035
0.0161856
0.017897
0.0183077
0.0181027
0.0161196
0.0180331
0.0200018
0.0212421
0.0221512
0.0183488
0.0159884
0.0187802
0.0205825
0.0191603
0.017599
0.0178015
0.0178601
0.0170654
0.0153452
0.0138857
0.0138759
0.0163422
0.0120107
0.012088
0.0236844
0.0132849
0.0122334
0.013388
0.0135971
0.0151446
0.0182321
0.0185976
0.0177286
0.0136218
0.0151573
0.0146577
0.0145953
0.0137247
0.0183199
0.0190959
0.018223
0.0148223
0.0149587
0.0157379
0.0156815
0.013663
0.0152416
0.0150092
0.0145894
0.0160163
0.0194561
0.0196283
0.0162092
0.0156074
0.0189307
0.017386
0.0156527
0.018736
0.0196783
0.0179742
0.0158531
0.0151984
0.0160866
0.0139241
0.0151472
0.0158612
0.015098
0.0141217
0.0160532
0.0154052
0.013884
0.0151059
0.0160251
0.0126894
0.015005
0.0134681
0.0141876
0.0160796
0.0127399
0.0175626
0.0167929
0.0112582
0.0168761
0.0167101
0.0129081
0.012797
0.0120464
0.0105084
0.0117585
0.0113364
0.0115591
0.0127572
0.013012
0.0128453
0.0164979
0.0159588
0.0135578
0.0171167
0.0174116
0.0142698
0.0139646
0.0140916
0.0129669
0.0155684
0.0143711
0.015105
0.0123636
0.013719
0.0142584
0.0140432
0.0184646
0.0176879
0.0154277
0.0150239
0.0143457
0.0132581
0.017451
0.0181252
0.0137862
0.0155271
0.0154523
0.0137814
0.0139489
0.0157552
0.0140705
0.0139325
0.0141522
0.014179
0.0189459
0.0171048
0.0143043
0.0185967
0.0184535
0.0147296
0.0144083
0.015548
0.0147136
0.0167074
0.016741
0.0175218
0.017623
0.0171477
0.0202975
0.0218479
0.0165358
0.0160979
0.0162819
0.012629
0.0132103
0.0140304
0.012647
0.0135463
0.0146349
0.0137378
0.0146207
0.0151577
0.0139381
0.0142285
0.0156736
0.013081
0.0170114
0.0166084
0.011971
0.0167408
0.0179139
0.0130624
0.0174579
0.0188793
0.0139774
0.0180753
0.0194461
0.0140357
0.0135265
0.0149314
0.0136761
0.0187641
0.019074
0.0156828
0.0174372
0.0164701
0.0143525
0.0163242
0.013721
0.0143627
0.0159034
0.0147134
0.0164353
0.018711
0.0193668
0.018268
0.0190735
0.0197721
0.0186238
0.017867
0.0175206
0.0135601
0.0139692
0.0132755
0.0137803
0.0176501
0.0168037
0.0141749
0.0140555
0.0178217
0.0170472
0.0145199
0.0155993
0.0142312
0.0150292
0.016477
0.0149827
0.0166649
0.0158283
0.0149652
0.0150794
0.0162767
0.0149317
0.0161842
0.0137878
0.0142082
0.0128884
0.0136018
0.0146354
0.0137512
0.0166353
0.0170331
0.017583
0.0153346
0.0166489
0.0153103
0.0176755
0.0196071
0.0183764
0.0161755
0.0162467
0.0150921
0.0162186
0.0185858
0.0200009
0.0153834
0.0161629
0.0161285
0.015227
0.0155311
0.0159953
0.0146433
0.0144862
0.0149429
0.0135955
0.0169961
0.0183525
0.0177543
0.0186428
0.0176258
0.0179521
0.0174247
0.0188728
0.0199909
0.0149755
0.0159005
0.0191376
0.0198262
0.0247031
0.0186443
0.0229438
0.0239389
0.019483
0.019467
0.0173265
0.0185874
0.0177594
0.0152872
0.0160036
0.0142898
0.0140247
0.0146364
0.0132806
0.0141536
0.0169764
0.0144293
0.0142286
0.014746
0.0139428
0.0151253
0.015413
0.013589
0.0150329
0.0139152
0.0168149
0.0151577
0.0171984
0.0164742
0.0157791
0.0142681
0.0140107
0.013796
0.0117434
0.0169402
0.0167737
0.0134983
0.0157199
0.0170155
0.0164498
0.0155056
0.0165777
0.0154429
0.0181892
0.0173989
0.0171165
0.0177366
0.0187099
0.0168228
0.0167194
0.0175037
0.0158628
0.018056
0.0174258
0.0181406
0.0154355
0.0147921
0.0122906
0.0124812
0.0117935
0.010198
0.0116117
0.0107679
0.0131309
0.0137098
0.0138464
0.0137225
0.0150861
0.0156719
0.0147764
0.0147796
0.0171468
0.0151303
0.01471
0.0161789
0.0161092
0.0176533
0.0178806
0.0151776
0.0166156
0.0142183
0.0139498
0.0152649
0.0141432
0.0146824
0.0153671
0.0146064
0.0143573
0.0188341
0.0157891
0.0179875
0.01741
0.0181606
0.0170314
0.0169656
0.015497
0.0162838
0.0140915
0.0154635
0.0156621
0.0142706
0.0149173
0.0151062
0.0139105
0.0144269
0.0163526
0.0128998
0.0142608
0.0149073
0.0130217
0.0133168
0.0139833
0.0127888
0.0131692
0.0141621
0.0125978
0.0140266
0.0135893
0.0134757
0.0165532
0.0161071
0.0133909
0.0183007
0.0191619
0.0140246
0.0144176
0.0147577
0.012837
0.0142023
0.0149979
0.0138979
0.0152331
0.0138011
0.0145402
0.0134927
0.018672
0.0184358
0.0160244
0.0144059
0.0152122
0.0141145
0.014752
0.0147242
0.0158961
0.0148166
0.0154122
0.0140324
0.0146006
0.0157027
0.0141441
0.0155976
0.0153936
0.014825
0.0157094
0.0146435
0.0131211
0.0195325
0.0188949
0.0145605
0.0148206
0.0158389
0.0140837
0.0151423
0.0162087
0.0142198
0.0143603
0.0160626
0.015876
0.0205182
0.0150158
0.0140746
0.016284
0.0188386
0.0203378
0.016766
0.0173679
0.0172466
0.0174469
0.0182982
0.0177459
0.0177379
0.0176971
0.0159313
0.0179284
0.016106
0.0160577
0.0161249
0.01432
0.0151097
0.0163465
0.0147962
0.0143051
0.0155217
0.0136459
0.0141248
0.0154226
0.0136203
0.0142405
0.0149426
0.0136084
0.0156775
0.0158641
0.0157636
0.0143411
0.0157891
0.0145485
0.0197196
0.0170354
0.0163905
0.0168602
0.0162207
0.0152588
0.015304
0.0150629
0.0161141
0.0150125
0.015367
0.021237
0.020623
0.0157531
0.0186196
0.0195748
0.017081
0.0162604
0.0174261
0.0155769
0.0161332
0.0180933
0.0193467
0.0145553
0.0183837
0.0194106
0.0151823
0.0182705
0.0200654
0.0181194
0.0164956
0.0155965
0.0183784
0.0193286
0.0160239
0.0150163
0.0160901
0.0138635
0.0142938
0.0156747
0.0139787
0.0144447
0.015859
0.0154014
0.0151865
0.0140944
0.0158583
0.0141219
0.020123
0.0156099
0.0140174
0.0164185
0.0161366
0.0180492
0.0189182
0.0172655
0.0163672
0.0165799
0.0178527
0.0188234
0.0171861
0.0174227
0.0194623
0.0180758
0.0161175
0.0166136
0.0164
0.0176392
0.0193798
0.0159877
0.0164198


