0.016353
0.0147601
0.0150951
0.0345488
0.024996
0.029289
0.0290254
0.0288336
0.0302168
0.0309456
0.0315631
0.0317364
0.0293075
0.0319178
0.0331046
0.032334
0.032192
0.0327744
0.0329211
0.0327618
0.0319424
0.0339774
0.0339781
0.0332355
0.0343618
0.0338987
0.0358374
0.0337102
0.0344785
0.0329228
0.0312936
0.0348246
0.0338387
0.0363417
0.0362562
0.0355206
0.0354719
0.0348804
0.0353156
0.0352365
0.0357565
0.0346939
0.0341761
0.0346188
0.0336921
0.0324407
0.0369523
0.0335325
0.0325824
0.0407272
0.0270726
0.0220232
0.0240702
0.023864
0.0228662
0.0238778
0.0239517
0.024063
0.0150841
0.0303251
0.0145755
0.0149043
0.0145302
0.0146912
0.0161758
0.0150957
0.0293815
0.0245611
0.0264944
0.0285115
0.0274065
0.0291791
0.0307451
0.0313478
0.0301533
0.0295012
0.0323593
0.0299005
0.0315999
0.0306865
0.0309956
0.0298438
0.030959
0.0315191
0.031639
0.0296981
0.0308946
0.033336
0.0323025
0.0297646
0.0333989
0.0357022
0.0324696
0.0331087
0.0334418
0.0357177
0.0314765
0.0351074
0.0335349
0.0340884
0.0348072
0.0352234
0.0352374
0.0340515
0.0343664
0.0347231
0.0351815
0.0387511
0.0361949
0.0371406
0.0343721
0.0377795
0.0338441
0.0367555
0.0224987
0.0246062
0.0273579
0.0280368
0.0242845
0.026049
0.0275222
0.0311365
0.0300305
0.0289732
0.030338
0.0277228
0.0286255
0.0290898
0.0287535
0.0286236
0.0291355
0.0268193
0.0295051
0.0307695
0.0278655
0.0295236
0.0303658
0.029414
0.0314264
0.0337693
0.0279445
0.0299497
0.0307614
0.0312899
0.0287288
0.0305831
0.0307682
0.0294034
0.0310548
0.0315998
0.0318467
0.0307681
0.0325262
0.0300688
0.0321966
0.0318255
0.0325134
0.0321346
0.0299593
0.0306461
0.0309163
0.0293387
0.0326015
0.0297564
0.0311096
0.0327771
0.0310624
0.0288565
0.0310439
0.0315312
0.0305636
0.0311404
0.0305473
0.02957
0.0301857
0.0345698
0.0342397
0.0302704
0.0353554
0.0338377
0.0318308
0.0326579
0.0362431
0.0324966
0.0296248
0.0327302
0.0341585
0.0329071
0.0315828
0.0319945
0.0316803
0.0323868
0.0334031
0.0308929
0.0309337
0.0299746
0.0315017
0.0322488
0.0320611
0.0311215
0.0368374
0.0311319
0.0316652
0.0331469
0.0302777
0.0315696
0.0306781
0.0363641
0.0359577
0.0347215
0.0319574
0.0330673
0.0373197
0.032627
0.0333106
0.0341186
0.0312349
0.0312885
0.0327945
0.0320383
0.0322286
0.0331151
0.0361267
0.0309863
0.0327684
0.0345378
0.0318567
0.0303613
0.031547
0.0317318
0.0303875
0.0325007
0.0324711
0.0297981
0.0303671
0.0317778
0.0289812
0.0300052
0.0295315
0.0317328
0.027523
0.0309832
0.0309146
0.031174
0.0278436
0.0310991
0.0314246
0.0289391
0.0326414
0.0319597
0.0296652
0.0296427
0.0308759
0.0341672
0.0347231
0.032157
0.0329454
0.0318223
0.0328392
0.0310958
0.0323953
0.0316512
0.0310534
0.0322086
0.0305987
0.0342804
0.0337911
0.031033
0.0330806
0.032975
0.0316466
0.032046
0.0329207
0.032053
0.0335558
0.0321717
0.0340169
0.0352671
0.0362345
0.032403
0.0343359
0.0315656
0.0322369
0.035183
0.0326408
0.0331179
0.0344487
0.0327631
0.0308456
0.0325428
0.0305464
0.0340083
0.0290355
0.0320062
0.0293266
0.0283296
0.030386
0.0266378
0.029294
0.0280881
0.0273957
0.0271752
0.0261667
0.0236824
0.0259856
0.0270227
0.02523
0.0283644
0.0299038
0.0279389
0.0311739
0.0310322
0.0315568
0.0302427
0.0313063
0.0307459
0.0333095
0.030653
0.0326589
0.0318534
0.027885
0.0314408
0.0322597
0.0262031
0.0308446
0.0302987
0.0279865
0.0295954
0.031046
0.0322859
0.0301926
0.0328568
0.0320653
0.0325023
0.0324762
0.0317016
0.032763
0.0308746
0.0313293
0.0297974
0.0310381
0.0341065
0.0295845
0.0323545
0.0319764
0.031183
0.0311281
0.0301106
0.0307757
0.0303431
0.0293006
0.0298037
0.0290294
0.0294545
0.029883
0.0342587
0.0358954
0.0343156
0.0353448
0.0338852
0.0341359
0.0341296
0.0319588
0.030743
0.0293787
0.0310205
0.0339055
0.0310764
0.0313339
0.030875
0.0320656
0.0329248
0.031357
0.02873
0.0282281
0.0276236
0.0281416
0.0283855
0.0289208
0.0284697
0.0328517
0.0332967
0.0300148
0.0309754
0.0340587
0.0306614
0.030988
0.0326797
0.0300776
0.0288507
0.0343278
0.0293741
0.0290947
0.0286326
0.0304737
0.0290935
0.0303558
0.0302169
0.0312721
0.0306241
0.0327436
0.0304411
0.0303682
0.0313047
0.0304287
0.0314081
0.0296283
0.0308044
0.0309746
0.0314823
0.0320036
0.0310161
0.0315081
0.0324013
0.0334351
0.0327925
0.0311674
0.0312515
0.0318403
0.0323181
0.0312656
0.0317615
0.0322355
0.0314961
0.0317757
0.0319827
0.0332902
0.0312831
0.0321187
0.0315454
0.0313046
0.0309645
0.0306787
0.033392
0.0313386
0.0298048
0.0305289
0.031787
0.0321877
0.0316796
0.0307375
0.0324791
0.0300701
0.0304819
0.030758
0.029184
0.0304249
0.0310715
0.028496
0.0314012
0.0303386
0.0305584
0.0316941
0.0287908
0.0281409
0.0278033
0.0265011
0.0288796
0.0272856
0.0250189
0.0268248
0.0304346
0.0304231
0.0311939
0.0306646
0.0304701
0.0330567
0.0324962
0.0323083
0.0342483
0.0303957
0.0308017
0.0308283
0.0317284
0.0323359
0.0325237
0.031254
0.0320734
0.0315199
0.0300632
0.0309359
0.0300555
0.0309111
0.0290572
0.0303109
0.0293448
0.0318053
0.0319755
0.032854
0.0313311
0.0304622
0.0310142
0.0303259
0.0334191
0.0319916
0.0311787
0.0309861
0.0307617
0.0309828
0.0304985
0.030782
0.0299075
0.0305468
0.0303049
0.03128
0.0316297
0.0307343
0.0303812
0.0297899
0.0328136
0.0341424
0.0306046
0.0308419
0.0315484
0.0340716
0.0323927
0.0329606
0.0325511
0.0289498
0.0299944
0.0311369
0.028437
0.0281772
0.0276005
0.0286265
0.0277999
0.0271363
0.0252469
0.0276593
0.0277202
0.0257529
0.0275438
0.0273229
0.0250935
0.0264958
0.028702
0.025237
0.0240986
0.0245586
0.0248136
0.0256639
0.0224048
0.0217061
0.0191376
0.0247405
0.0210362
0.01907
0.0203583
0.0201796
0.0212412
0.0224803
0.0202232
0.0213623
0.0211704
0.0220537
0.0211881
0.0215527
0.0218726
0.0222979
0.0200981
0.0214653
0.0211673
0.0210856
0.0226207
0.0205307
0.0210448
0.0220667
0.0199245
0.0218099
0.021107
0.0202705
0.0217067
0.0223731
0.0203018
0.0239923
0.0216275
0.0207996
0.0244777
0.0243406
0.0218515
0.0227591
0.0221324
0.0218951
0.0224317
0.024302
0.0208485
0.0223206
0.022306
0.0239795
0.0256553
0.0225155
0.0227876
0.0224823
0.0222203
0.0260343
0.0267151
0.0220705
0.0226322
0.0226243
0.022496
0.0252487
0.0235848
0.0210703
0.0224741
0.0239423
0.0244834
0.0214411
0.022287
0.0219306
0.0214085
0.0241152
0.0229275
0.020976
0.0234249
0.0210235
0.020706
0.0222037
0.0221484
0.0203404
0.0229315
0.0226793
0.0205423
0.0213932
0.0205623
0.0214592
0.0217791
0.0198754
0.0207913
0.0202035
0.0214914
0.0216835
0.0211965
0.0208315
0.0220523
0.0213288
0.0231914
0.0223902
0.0231516
0.0227049
0.0235268
0.0229017
0.0257106
0.0219864
0.024917
0.0268724
0.0241302
0.0238831
0.0238201
0.0257426
0.022411
0.0249418
0.0247105
0.0261464
0.0241444
0.022913
0.0265498
0.0240678
0.0252343
0.0247705
0.0257178
0.0245006
0.0252091
0.0255805
0.0239625
0.0239246
0.0249653
0.0279721
0.0246156
0.0243066
0.0250762
0.0238609
0.0238294
0.0248229
0.024012
0.0224627
0.0224874
0.0233976
0.0227941
0.0225373
0.0227752
0.0218972
0.021728
0.0231119
0.0212638
0.0216444
0.0211769
0.0207869
0.020177
0.0256539
0.0208441
0.0213466
0.0229798
0.0237244
0.0224378
0.0224805
0.0238151
0.0226772
0.0238662
0.0230755
0.0246184
0.0233411
0.025082
0.0247451
0.0249401
0.0238359
0.0247366
0.0231215
0.0238108
0.0225022
0.0253078
0.0251697
0.0226918
0.0239507
0.0243014
0.025489
0.0245056
0.0296777
0.0261416
0.0286958
0.0298017
0.0280882
0.0307197
0.0284856
0.0284512
0.0257574
0.0284912
0.0326266
0.0254208
0.0263675
0.0288905
0.0278281
0.0247669
0.0256396
0.0284642
0.0273034
0.0277492
0.0274219
0.028594
0.0290802
0.0268744
0.0292283
0.0308169
0.0270191
0.0285146
0.0283444
0.0273761
0.0271678
0.0291648
0.0255169
0.0280798
0.0289985
0.0260931
0.0291266
0.0304275
0.0294376
0.0298944
0.0259066
0.028526
0.0290453
0.0268829
0.0286752
0.0289114
0.0283934
0.0292011
0.027363
0.0253365
0.0276939
0.0265583
0.026997
0.0246334
0.0256564
0.0249996
0.0257049
0.0282299
0.0238593
0.0257627
0.0266002
0.0295195
0.0255752
0.0275254
0.0312097
0.0253373
0.026145
0.025088
0.0264866
0.0280159
0.0256106
0.0283498
0.029189
0.0273869
0.0284249
0.0315436
0.0280053
0.0283874
0.0304739
0.0273865
0.0278455
0.0321196
0.0287496
0.0303443
0.02895
0.0313577
0.0314599
0.0283498
0.0283889
0.0304056
0.0309708
0.0278324
0.0328299
0.0334165
0.0309709
0.030131
0.0314175
0.0304749
0.029372
0.0298455
0.0285349
0.0292461
0.029304
0.0302928
0.0285239
0.0312447
0.0333356
0.0287028
0.03239
0.0312151
0.0355566
0.0324496
0.0331139
0.0330316
0.0307077
0.0308947
0.0303716
0.0310418
0.0314199
0.0299114
0.0309544
0.0318308
0.0339562
0.0381709
0.029664
0.0312113
0.0309784
0.033728
0.0352167
0.0330939
0.0321536
0.0323349
0.0291333
0.0296351
0.0304793
0.0285626
0.0289282
0.0259649
0.0265203
0.0235824
0.0257416
0.0267482
0.0228483
0.0249279
0.0249542
0.024015
0.0225059
0.0233914
0.0241691
0.0219806
0.0232065
0.0224769
0.0253495
0.0215673
0.0236731
0.0246479
0.0294784
0.0253418
0.0280233
0.0291183
0.0263003
0.0262768
0.0264631
0.0256887
0.0268841
0.0267006
0.0269384
0.0266269
0.0248694
0.0267791
0.0259112
0.0251194
0.0308858
0.0277669
0.0296279
0.0245267
0.0244805
0.0260084
0.0260945
0.026269
0.0261312
0.0255861
0.0247067
0.0264889
0.026087
0.023369
0.0272821
0.0269668
0.0248458
0.0286188
0.0295082
0.0282734
0.0297874
0.0296954
0.0282739
0.0308851
0.0315998
0.0281726
0.0305399
0.0306106
0.0275034
0.0301451
0.0298042
0.0304769
0.0327754
0.0316787
0.0291573
0.0268037
0.030943
0.0324621
0.027486
0.0291737
0.0299717
0.0285089
0.0289463
0.0299506
0.0270331
0.0289212
0.0326032
0.0280635
0.0295967
0.0313884
0.0282915
0.0295475
0.0294747
0.0286118
0.0313465
0.0306191
0.0277881
0.0296435
0.031246
0.0311252
0.0306391
0.0310318
0.0308664
0.0311426
0.0326943
0.027801
0.0324421
0.0335255
0.0308389
0.0303217
0.0321004
0.0285203
0.0288802
0.0294768
0.0275783
0.0296024
0.0292156
0.0272784
0.0293826
0.0322884
0.0267675
0.0270011
0.0267294
0.029386
0.0300201
0.0267676
0.0285764
0.0272007
0.0276184
0.0265097
0.0236711
0.0247338
0.0242569
0.0254323
0.0259085
0.0238621
0.026991
0.0278307
0.0284478
0.0237835
0.0264388
0.027693
0.0241832
0.0269235
0.0281173
0.0252545
0.0290314
0.0299742
0.0269497
0.0295651
0.0299905
0.0254391
0.0264465
0.0288022
0.0264336
0.0287947
0.0308854
0.0290068
0.0300413
0.0294653
0.0262179
0.0282779
0.0290596
0.0267692
0.031364
0.0297378
0.0278414
0.0286509
0.0316204
0.0263921
0.0290817
0.0301391
0.0265817
0.0267671
0.026783
0.0273704
0.0258601
0.0261356
0.0251279
0.0234269
0.0241812
0.0257485
0.0246909
0.023933
0.0231994
0.0222815
0.0217379
0.0256192
0.0257005
0.0278379
0.025876
0.0253403
0.0244953
0.0266302
0.0285285
0.0260476
0.028408
0.0274849
0.0269784
0.0283164
0.0297315
0.0269617
0.029281
0.0293496
0.0300877
0.0405583
0.0318611
0.0281718
0.0320498
0.0305906
0.0290273
0.0287932
0.0293017
0.03284
0.0282414
0.0300274
0.0296721
0.0294466
0.027863
0.0287984
0.0280742
0.0297179
0.0297317
0.0309026
0.0289466
0.0290688
0.0290978
0.0309563
0.0301652
0.0293209
0.0273001
0.0284266
0.0284446
0.0290884
0.0279217
0.0278426
0.0273564
0.0295534
0.0392195
0.0313431
0.0301854
0.0321039
0.0314731
0.0342744
0.0311618
0.0314996
0.0301907
0.0292054
0.0304627
0.0302069
0.028616
0.0282956
0.0300634
0.0298466
0.0282627
0.0370631
0.0339677
0.0308109
0.0283673
0.030761
0.0301711
0.0316529
0.0293864
0.0309912
0.0317574
0.0296488
0.0311014
0.0312479
0.0311395
0.0309147
0.0321852
0.0329518
0.0334845
0.0313451
0.0333263
0.0329362
0.0319173
0.0312029
0.033329
0.0335577
0.0357902
0.0329422
0.0297223
0.0305112
0.0298246
0.0291645
0.0320626
0.034717
0.0328793
0.0294344
0.0286937
0.0297084
0.030444
0.0308992
0.0274104
0.0280925
0.0296448
0.030568
0.0285636
0.0278795
0.0290983
0.0291424
0.0309707
0.029711
0.0340005
0.0279978
0.029114
0.0281367
0.0297446
0.0260821
0.0281446
0.0286554
0.0260238
0.0270544
0.0306264
0.0324473
0.0262588
0.0303808
0.03254
0.0303947
0.0300348
0.032409
0.0320645
0.0302828
0.0293437
0.0276823
0.0274192
0.0287234
0.0291596
0.0275002
0.0294377
0.0298044
0.0279483
0.0302229
0.0334371
0.0284139
0.0310234
0.0304111
0.0279365
0.028138
0.0294568
0.0288929
0.0268818
0.0291566
0.0293131
0.0270281
0.0298469
0.0312163
0.0290423
0.0301236
0.0311652
0.0298745
0.0315709
0.031521
0.033865
0.0312356
0.0330412
0.0334691
0.031354
0.0308142
0.0321607
0.0325525
0.0316884
0.0323648
0.0325868
0.0318696
0.0309658
0.0335005
0.0323995
0.0330555
0.0304304
0.0295664
0.0297604
0.0319257
0.0313707
0.0285449
0.0311449
0.0332939
0.0311006
0.0297516
0.0291975
0.0292924
0.0338579
0.0327808
0.0312166
0.0309642
0.032442
0.0313828
0.030219
0.0334987
0.0344644
0.0335785
0.0324132
0.0335119
0.0325257
0.0313393
0.0341177
0.034541
0.0330035
0.0311055
0.034409
0.0363375
0.0388263
0.0321899
0.0350561
0.0358916
0.0378927
0.0338175
0.0356639
0.0424181
0.0379826
0.0382678
0.0379182
0.0378029
0.038629
0.0339006
0.0340934
0.0354234
0.0361077
0.0344193
0.0334511
0.0347294
0.0330087
0.0315619
0.0310662
0.0339548
0.0361837
0.0355521
0.0318162
0.0317622
0.0324014
0.032903
0.0350191
0.0297452
0.0318222
0.0325575
0.0311579
0.02872
0.0288236
0.0301034
0.0302538
0.030472
0.0276414
0.0286152
0.029945
0.0316984
0.0303708
0.0294266
0.0298484
0.0316432
0.0326862
0.0350045
0.0296884
0.0296781
0.0299854
0.0299631
0.0316916
0.0320151
0.031703
0.0328806
0.0313998
0.0346731
0.0315184
0.0287791
0.0301743
0.0300342
0.0300072
0.0294763
0.0293298
0.0292231
0.0282869
0.0260247
0.0275325
0.0284252
0.0286354
0.0301083
0.0266588
0.0315863
0.0328933
0.028007
0.0265218
0.0257126
0.0276002
0.0275064
0.0276874
0.0255612
0.0256334
0.0286601
0.0282215
0.0275661
0.0264017
0.0294293
0.028202
0.0299663
0.0263067
0.028403
0.0301776
0.0260242
0.0253726
0.0267608
0.0269225
0.0247754
0.0276231
0.0271621
0.0292966
0.0248409
0.0254091
0.0249651
0.0245081
0.0239469
0.0258267
0.0259634
0.0245637
0.0227218
0.0237411
0.0245734
0.0250969
0.0262354
0.0227975
0.0229551
0.0232805
0.02447
0.0274705
0.0239073
0.0257472
0.0256864
0.0250172
0.0235345
0.0239437
0.0263319
0.0235596
0.0235383
0.0232728
0.0225572
0.0236974
0.0258778
0.0250395
0.0241984
0.0235001
0.0235523
0.0232794
0.0265944
0.0255723
0.0240051
0.0235778
0.0246776
0.0275186
0.0259678
0.0244992
0.0246835
0.0241105
0.0260814
0.0293859
0.0236352
0.024546
0.0259338
0.0266927
0.0244596
0.0255199
0.0256301
0.0251389
0.0249655
0.0260941
0.0260346
0.0234863
0.0272007
0.0290086
0.0306684
0.0256779
0.0252226
0.0241674
0.0252915
0.0257308
0.0284914
0.0251081
0.028362
0.0306291
0.0265544
0.0256626
0.0256886
0.025675
0.0264452
0.0248812
0.0255285
0.0294929
0.0244543
0.0254245
0.0259524
0.0260653
0.0263216
0.0245937
0.0253403
0.0259814
0.0268616
0.0288082
0.0258231
0.027004
0.0273086
0.0265878
0.0279668
0.0273245
0.026744
0.0276351
0.0303262
0.0277194
0.0252469
0.0273479
0.0264454
0.0267359
0.0266811
0.0267146
0.0273063
0.0264183
0.0274299
0.0285383
0.02602
0.029082
0.0300046
0.0274338
0.0259482
0.0265826
0.0282934
0.0260403
0.0267731
0.0272473
0.0253315
0.0258974
0.026088
0.0321602
0.026559
0.0259012
0.0265095
0.0271717
0.0268686
0.0267112
0.0313976
0.0264146
0.026213
0.0270075
0.0279121
0.0271912
0.0265162
0.0265999
0.0276312
0.0266921
0.0248764
0.0253111
0.025455
0.0227927
0.0324815
0.0285444
0.0228975
0.0239031
0.0238749
0.0218609
0.0237126
0.0240462
0.0218323
0.0236264
0.0249255
0.0233944
0.0227638
0.0225343
0.0217785
0.0220009
0.0215266
0.0219285
0.0255793
0.0244404
0.0215384
0.0213506
0.0215195
0.0236991
0.0220826
0.0235319
0.0233259
0.0205291
0.0244724
0.0236766
0.0241202
0.024412
0.025025
0.0230682
0.0255429
0.0282287
0.0261263
0.0278658
0.0277564
0.0260335
0.0288216
0.0288104
0.0260587
0.0279368
0.0295912
0.0270626
0.0287134
0.0314728
0.0302523
0.0309097
0.0294602
0.0284397
0.0298438
0.0294684
0.0269879
0.0288728
0.029192
0.0264046
0.0299586
0.0285288
0.0286974
0.0265584
0.027129
0.0271182
0.0244032
0.0255266
0.0260824
0.0264863
0.0258576
0.0279207
0.0299133
0.0263155
0.028271
0.0286959
0.0280149
0.0298499
0.0318805
0.0268449
0.0288702
0.0287255
0.0260456
0.0280358
0.0305213
0.0259716
0.0319711
0.0278844
0.0260122
0.0267395
0.0274952
0.0251307
0.0272391
0.0285733
0.0253379
0.0269471
0.0287104
0.0289839
0.0293398
0.0272167
0.0249174
0.0246746
0.0255641
0.028342
0.024707
0.0250532
0.0278462
0.0296556
0.0273561
0.0268483
0.026647
0.0263269
0.0297681
0.0300191
0.0252566
0.0273393
0.0287422
0.0262944
0.028974
0.0287601
0.0259641
0.0262181
0.026723
0.0276918
0.0259972
0.0252855
0.0237826
0.024829
0.0265273
0.0252281
0.0294738
0.0262518
0.0255595
0.0296263
0.0323417
0.0273697
0.0253343
0.0270739
0.0278698
0.0259405
0.0275729
0.0290701
0.027671
0.0280542
0.0274703
0.0267148
0.0258256
0.027364
0.0290207
0.026406
0.0259978
0.0297292
0.0254656
0.0267209
0.0360946
0.0239893
0.0247156
0.0239873
0.0241526
0.0251615
0.0247634
0.0250812
0.0247848
0.0245832
0.0249753
0.0260234
0.0256594
0.0248232
0.0236182
0.0268173
0.0258456
0.0322567
0.0255353
0.0261188
0.0259093
0.0276814
0.0296778
0.0313575
0.0309479
0.0335177
0.0325725
0.0307556
0.030952
0.0303967
0.0328102
0.0320961
0.0309213
0.0297156
0.0296713
0.029736
0.0339235
0.0356179
0.030929
0.0312037
0.0304397
0.0304572
0.0301776
0.0293096
0.0299548
0.0306961
0.0314131
0.0342735
0.0311974
0.0298473
0.0300534
0.0291381
0.0290658
0.0292255
0.0283731
0.0311626
0.0314997
0.0337142
0.0304685
0.0336907
0.0316994
0.0319986
0.0317255
0.0338779
0.0345409
0.0336205
0.0316441
0.0328692
0.0333444
0.03272
0.0314907
0.0329428
0.0337178
0.0325406
0.030667
0.0321763
0.0339586
0.0302602
0.0285946
0.0284346
0.0280907
0.0283029
0.0318699
0.0330787
0.0278803
0.0315976
0.0332135
0.030895
0.0303108
0.0311134
0.0304625
0.033635
0.0272079
0.0295295
0.0313777
0.0305758
0.025897
0.0283037
0.0286269
0.027172
0.0305076
0.0319798
0.0292778
0.0246782
0.0268834
0.0299584
0.0264324
0.0288093
0.0271504
0.0247383
0.0236666
0.0265971
0.0239295
0.0237658
0.0261108
0.0259392
0.0241972
0.022808
0.0254837
0.0249575
0.0243059
0.0236441
0.0237548
0.0237625
0.0244529
0.0268285
0.0237334
0.0237333
0.0253514
0.025052
0.0263271
0.0262179
0.0267215
0.0257864
0.0271104
0.0259876
0.026754
0.0255402
0.02485
0.0252276
0.0256614
0.0247718
0.0267822
0.0277987
0.0267465
0.0271706
0.0265123
0.0251582
0.0262167
0.0260815
0.0262432
0.0260135
0.0260561
0.0277414
0.0296998
0.0261475
0.0259226
0.0271149
0.0273103
0.0275351
0.0239391
0.0276931
0.0292609
0.0253132
0.0261459
0.0294848
0.0304152
0.0292844
0.0245715
0.0244227
0.0256645
0.0264131
0.0269285
0.0248881
0.0252313
0.0257063
0.0250782
0.0255705
0.0270696
0.0291771
0.0278938
0.0294421
0.0313776
0.0252543
0.0272858
0.0271205
0.0251821
0.0258137
0.028418
0.0274357
0.0261876
0.028157
0.028791
0.0274043
0.0270966
0.0273203
0.032159
0.0287256
0.0288139
0.0277549
0.0319167
0.0271937
0.0295157
0.0290542
0.0280777
0.0302928
0.0276349
0.0263501
0.0277962
0.0276842
0.0253592
0.0245205
0.0244807
0.0255578
0.025646
0.0250865
0.0262273
0.0300089
0.0272496
0.0267292
0.0277581
0.0249327
0.0254678
0.0270146
0.0249717
0.0254587
0.02527
0.0258459
0.0255236
0.0264431
0.0288137
0.0265254
0.0272511
0.0283948
0.0255642
0.027276
0.0261732
0.0276806
0.0266554
0.0281351
0.0256382
0.0273222
0.0284928
0.0242821
0.0291993
0.0288588
0.0261685
0.026286
0.0279278
0.0283424
0.0258922
0.027611
0.0278623
0.0266148
0.0265729
0.0268814
0.0287585
0.0277544
0.0288272
0.0273212
0.0253125
0.0258188
0.0254951
0.0237037
0.0266274
0.027023
0.0254772
0.0255167
0.024741
0.0250992
0.0246757
0.0225916
0.0241193
0.0241182
0.0239937
0.0241386
0.0231934
0.0253904
0.0253793
0.0240041
0.0244026
0.02448
0.0246963
0.022838
0.0237615
0.0235734
0.0236192
0.0215401
0.0237304
0.0236653
0.0214097
0.0226968
0.0226862
0.0229654
0.0199836
0.0219505
0.0226531
0.0226556
0.0224022
0.0211128
0.0225481
0.0226155
0.0205373
0.0242764
0.0262743
0.024177
0.0261054
0.0261823
0.0242482
0.0236171
0.023483
0.0259444
0.0242366
0.021782
0.0253165
0.0258468
0.0237829
0.0303538
0.0269897
0.0240228
0.0263299
0.0269102
0.0240113
0.0255973
0.0248398
0.0247394
0.0246842
0.0256802
0.0230272
0.0252887
0.02479
0.0227615
0.0248903
0.0245087
0.0216154
0.0247005
0.0255185
0.0229514
0.0244591
0.0245588
0.0220303
0.0242949
0.0261561
0.0233106
0.0248034
0.0238116
0.0215334
0.0240974
0.0266512
0.0223066
0.03047
0.0301044
0.0256399
0.0272544
0.0268052
0.0272333
0.0279301
0.0312274
0.0262288
0.0301864
0.0285817
0.0260634
0.0308915
0.0286396
0.0276547
0.0304552
0.0296493
0.0285112
0.0344121
0.0313881
0.0293747
0.0318662
0.035689
0.0302662
0.0297127
0.0314511
0.0270558
0.0323031
0.0292833
0.030635
0.0275093
0.0283719
0.033272
0.0282105
0.0273992
0.0289187
0.0303542
0.0297203
0.0271726
0.0288926
0.0285555
0.0270839
0.0258224
0.0272388
0.0270019
0.0259538
0.0267481
0.0270798
0.0285173
0.027497
0.0314942
0.0303097
0.0312236
0.0274327
0.029341
0.0305205
0.0301722
0.0291717
0.0306001
0.0316299
0.0297471
0.0313558
0.0345951
0.0301594
0.0298277
0.0291999
0.0339925
0.031611
0.0303242
0.0291538
0.0294831
0.0301002
0.026906
0.030111
0.0320192
0.0303926
0.0316337
0.0339855
0.0311029
0.0283778
0.0295367
0.031174
0.033432
0.0316337
0.0308187
0.031254
0.0297834
0.0307809
0.0311816
0.0299776
0.0295989
0.0297178
0.030765
0.0271512
0.0287017
0.0334955
0.0297584
0.0291322
0.0296216
0.0318121
0.0342551
0.0306662
0.0325984
0.033108
0.0323071
0.0322786
0.031693
0.0328683
0.0338352
0.0327862
0.0310583
0.0336216
0.0350618
0.032856
0.0320013
0.0308247
0.0337392
0.0365438
0.0351718
0.0305859
0.0337047
0.0322656
0.0346919
0.0353315
0.0314108
0.0338921
0.0329489
0.0318578
0.0324528
0.0306571
0.0307098
0.0322395
0.0340269
0.032731
0.0301062
0.0298698
0.0278541
0.0275715
0.025972
0.0278809
0.0284448
0.0301377
0.0235087
0.0250044
0.0253139
0.0243554
0.0290441
0.0276448
0.0259839
0.0264422
0.0263498
0.0251114
0.0242736
0.0282829
0.0292781
0.0292135
0.0314058
0.0285852
0.0266258
0.0258362
0.0275008
0.027033
0.0318557
0.0272637
0.0258813
0.0268334
0.0258112
0.0276815
0.0286217
0.0279341
0.0287297
0.025566
0.0265026
0.0275017
0.0299074
0.0269647
0.0289813
0.0274563
0.0273308
0.0273394
0.0254717
0.0274095
0.0273927
0.0259326
0.0256924
0.0267041
0.0287636
0.026019
0.025389
0.0251961
0.0240973
0.0248699
0.0268404
0.0268525
0.026816
0.0243706
0.0259998
0.0268876
0.0238369
0.0245828
0.0235913
0.0254342
0.0269722
0.0246851
0.0229509
0.0244229
0.0243062
0.0253
0.0222194
0.0231902
0.0239286
0.0265392
0.026101
0.0248017
0.0260589
0.0268539
0.0284634
0.0261931
0.0265336
0.0261464
0.0257115
0.0268502
0.0276457
0.0254885
0.0264185
0.0280612
0.030481
0.0264816
0.0262808
0.0273245
0.0280599
0.0253645
0.0280407
0.0275362
0.0262826
0.0276048
0.0288968
0.0277434
0.0292686
0.0302262
0.0282098
0.0263602
0.0281492
0.028832
0.0279447
0.0295816
0.0292951
0.028169
0.0285098
0.0288496
0.0379935
0.0285767
0.0291331
0.0280626
0.0255801
0.0276568
0.0274891
0.0255806
0.0283058
0.0288911
0.0269286
0.0261301
0.0280382
0.0247695
0.0242397
0.0265581
0.0249008
0.0231584
0.0230295
0.0242639
0.0242703
0.0253326
0.0255817
0.0269872
0.0235616
0.0273407
0.0262336
0.0239175
0.0264221
0.026314
0.0277854
0.0254319
0.0277132
0.0280738
0.0268476
0.0288069
0.0319322
0.0282608
0.029294
0.0312411
0.0293199
0.0330094
0.0273412
0.0265598
0.0278016
0.0266286
0.0253396
0.025141
0.0275104
0.0299331
0.0257246
0.0312472
0.0283357
0.0264139
0.0291149
0.0294821
0.0264968
0.0264818
0.0285777
0.0286278
0.0278954
0.0291762
0.0294871
0.0280132
0.0305996
0.0290524
0.0342887
0.0280036
0.0287179
0.0277913
0.0270057
0.0283595
0.0287335
0.0288195
0.0276504
0.0305745
0.0277732
0.0276567
0.026963
0.0276484
0.0269055
0.0258092
0.0257608
0.0263192
0.0277501
0.0282206
0.0277099
0.025559
0.0260432
0.0310084
0.028185
0.0290272
0.0303495
0.0295427
0.0279915
0.0285636
0.0287402
0.0288334
0.0307904
0.0337369
0.029863
0.028901
0.0290566
0.029237
0.0313929
0.0287174
0.0274597
0.029624
0.0290761
0.0300419
0.028058
0.0314336
0.0306778
0.0283931
0.0258923
0.0295207
0.0294302
0.0283804
0.0275879
0.0284505
0.0290995
0.0278576
0.0275085
0.0288343
0.029431
0.0279824
0.0290934
0.0291416
0.0302572
0.0273372
0.0286031
0.0298451
0.0300112
0.0298076
0.0277443
0.0304692
0.0309925
0.0311957
0.0304671
0.0290986
0.0311327
0.0288843
0.027929
0.0307053
0.0305837
0.0308171
0.0314697
0.0311999
0.0319994
0.0312159
0.0298152
0.0307473
0.0313741
0.0310255
0.0291471
0.0311132
0.0335773
0.0324093
0.0314469
0.0321741
0.0353118
0.0357778
0.0347835
0.0314853
0.0323731
0.0342216
0.033241
0.0327137
0.0327587
0.0340564
0.0323821
0.0333518
0.0344463
0.03668
0.0322037
0.036202
0.0333908
0.0338105
0.0325103
0.0314434
0.033743
0.0340427
0.032667
0.0298123
0.0318708
0.0293537
0.0301238
0.0297945
0.0316487
0.0309681
0.0295657
0.0320796
0.0310889
0.032425
0.0324766
0.0306164
0.0299003
0.0306204
0.0320699
0.0286634
0.0295866
0.0297981
0.0313971
0.0301154
0.0302511
0.0287101
0.0294922
0.028839
0.03087
0.0277908
0.0297509
0.0293031
0.028768
0.0273522
0.0285355
0.0309714
0.030598
0.0255398
0.0273184
0.0278251
0.0271333
0.0266688
0.0245572
0.0240985
0.0261528
0.0281475
0.0268946
0.0272481
0.0246457
0.0250948
0.0252851
0.0249423
0.0235005
0.0241907
0.0257172
0.0273998
0.0268652
0.0273845
0.0267823
0.026849
0.0262799
0.0268169
0.0250837
0.0255005
0.0306948
0.026996
0.0269787
0.0254347
0.0260722
0.0262667
0.0266337
0.0265689
0.0251134
0.0278521
0.0263791
0.0291491
0.0255364
0.027006
0.0283206
0.0283767
0.0261957
0.0244381
0.0258037
0.0280887
0.0298907
0.0262189
0.0261475
0.0235562
0.025213
0.0264466
0.0269204
0.0254444
0.0251331
0.0252758
0.024174
0.02963
0.0270495
0.0282934
0.0255002
0.0254861
0.0310397
0.0248747
0.0264252
0.026676
0.0264266
0.0246136
0.0280817
0.0289321
0.0293207
0.0270626
0.0287131
0.0297067
0.0310257
0.025252
0.0284498
0.0284836
0.0268185
0.0262357
0.0280922
0.0285126
0.0308126
0.0266692
0.0275503
0.0277136
0.0287801
0.0256204
0.0297134
0.0281051
0.0294
0.0247705
0.0250878
0.0252542
0.02694
0.0250582
0.0248826
0.0272521
0.0276949
0.0261886
0.0259933
0.0256472
0.027521
0.0278709
0.0258142
0.0272539
0.0261839
0.025511
0.0278027
0.0296926
0.02821
0.0253346
0.0250235
0.0274471
0.0255173
0.0235999
0.0239303
0.0235977
0.0279055
0.0259676
0.0238516
0.0235426
0.02437
0.0224541
0.0232688
0.0226983
0.0245691
0.0256929
0.0235144
0.0268678
0.0266061
0.0248343
0.0299312
0.0296968
0.0265046
0.0285337
0.0282817
0.027165
0.0255292
0.0257351
0.0260273
0.0238881
0.0265903
0.0294537
0.0259255
0.0294747
0.0261141
0.0255524
0.0266469
0.0271809
0.0249081
0.0256783
0.0264136
0.0269224
0.0263713
0.0280032
0.0290964
0.0270292
0.0293421
0.0291611
0.0281462
0.0285212
0.0278883
0.0312669
0.0303225
0.0267107
0.03168
0.0297757
0.0287754
0.031759
0.030441
0.0282996
0.0299547
0.0296537
0.0284762
0.029099
0.0302768
0.0265432
0.0281986
0.0315851
0.0265595
0.0289754
0.029289
0.0269125
0.0281544
0.0323754
0.0268272
0.0313264
0.028821
0.0298173
0.0294887
0.0305734
0.0249122
0.0263511
0.0279026
0.0268461
0.0263804
0.0255681
0.0238468
0.0256092
0.025576
0.024804
0.0286471
0.0274994
0.0335328
0.02568
0.0263505
0.0263252
0.03143
0.0256131
0.0257922
0.0261809
0.026179
0.0269563
0.0264501
0.0256315
0.0274576
0.0277018
0.0265147
0.0285072
0.0280402
0.0249145
0.0273405
0.029086
0.0273002
0.0286985
0.029041
0.0275423
0.0284812
0.0284472
0.0275287
0.0297448
0.0313035
0.0296163
0.0310254
0.0317581
0.0322673
0.0305405
0.0330346
0.0286209
0.0293546
0.0292868
0.0283509
0.030501
0.0321479
0.026137
0.0302776
0.0307539
0.0319674
0.0270236
0.0286751
0.029967
0.0295906
0.0293205
0.0303588
0.0288857
0.0292267
0.0288119
0.028294
0.0291587
0.0294071
0.0291819
0.0289751
0.0277614
0.0282614
0.0284898
0.0308167
0.0295615
0.0283993
0.0302565
0.0303197
0.0326197
0.0282078
0.0287746
0.028636
0.0316548
0.0292833
0.0377754
0.0302956
0.0300987
0.0291827
0.028335
0.0306465
0.030236
0.0300437
0.0285722
0.0275036
0.0297234
0.029344
0.0287843
0.0293013
0.0317402
0.027983
0.0281652
0.0324434
0.0277852
0.029277
0.030206
0.0288757
0.0270166
0.0273325
0.0283407
0.0308141
0.0264845
0.0248519
0.0268096
0.0266774
0.0266472
0.0244496
0.0247332
0.0245937
0.0278254
0.0259152
0.0244159
0.0254205
0.0273269
0.0251495
0.0277846
0.0281074
0.0272894
0.0267802
0.0277325
0.030225
0.0274618
0.0279046
0.029082
0.0280934
0.025171
0.0287501
0.0272859
0.0287109
0.0303898
0.0327274
0.0302396
0.0263159
0.0298832
0.0290333
0.028796
0.0349592
0.031178
0.0318705
0.0295017
0.0292665
0.0293614
0.0299755
0.0286213
0.0276521
0.0298513
0.0299461
0.0304873
0.0285707
0.0313384
0.0304892
0.0295989
0.0293409
0.0305189
0.0302716
0.0308379
0.0283376
0.0302707
0.0319356
0.030364
0.0285575
0.032434
0.0340234
0.0336389
0.0293516
0.0299671
0.0338514
0.0308986
0.028176
0.0300602
0.0313444
0.028908
0.0280372
0.0301022
0.0325642
0.0294077
0.0283977
0.033833
0.0309878
0.0337315
0.0303447
0.0293052
0.0309139
0.0326686
0.0326962
0.0325655
0.0332489
0.0303553
0.0314654
0.0306623
0.0312968
0.03079
0.0317356
0.0363977
0.0311016
0.0323004
0.0327533
0.0310898
0.0301067
0.0318632
0.0305647
0.03023
0.0319474
0.0338234
0.0348261
0.0330294
0.0305209
0.0303312
0.0312462
0.0311342
0.0308801
0.0289057
0.0331865
0.0317829
0.0320127
0.0287661
0.0284096
0.0291568
0.0284168
0.0331339
0.0260176
0.0275964
0.0288156
0.0286696
0.0310068
0.0305545
0.0274159
0.0273008
0.0262155
0.0278948
0.0289386
0.0340674
0.0317628
0.027391
0.0257371
0.0273174
0.0275783
0.0284466
0.0255827
0.0248387
0.0263002
0.0297796
0.0303473
0.0268612
0.0272574
0.026165
0.0262228
0.0268416
0.027858
0.0300552
0.0298652
0.0258704
0.0276705
0.0290758
0.0274018
0.0317263
0.024459
0.0276501
0.0276295
0.0272046
0.0247612
0.0250844
0.0286146
0.026821
0.02701
0.0279135
0.0311286
0.0255679
0.0277741
0.0281043
0.0282934
0.0292014
0.0394078
0.0269561
0.0298579
0.0299985
0.0298969
0.0349839
0.0268892
0.0266939
0.0272412
0.0264937
0.029389
0.0313361
0.0306431
0.0262798
0.0285631
0.0270997
0.0282925
0.0311031
0.026792
0.0262596
0.0267868
0.0264152
0.0267541
0.0259936
0.0251309
0.0247046
0.0261983
0.0283497
0.0267502
0.0246274
0.0263021
0.0252465
0.025205
0.0297542
0.0259881
0.0282182
0.0270758
0.0288859
0.0269012
0.0268276
0.0294286
0.0314671
0.0346695
0.0288243
0.0287704
0.0285275
0.0289701
0.0300861
0.030378
0.0417315
0.0424254
0.0464857
0.034545
0.0372043
0.0326986
0.0292732
0.0321743
0.0289511
0.0310533
0.0339386
0.0305905
0.0346362
0.0399894
0.0359508
0.028822
0.0313178
0.0326373
0.0361159
0.0363645
0.036517
0.03273
0.034783
0.0326135
0.0314957
0.0400527
0.0286292
0.0307668
0.0348808
0.0366363
0.0344443
0.0359583
0.0312595
0.0298735
0.0344137
0.0302572
0.0309133
0.0349542
0.0307277
0.0314818
0.0304924
0.0278663
0.027851
0.0288536
0.0286867
0.0325203
0.0358119
0.0314678
0.0311775
0.0282603
0.0292092
0.0286776
0.0285485
0.0289706
0.031474
0.0287926
0.027409
0.0279865
0.0284295
0.0339193
0.0273657
0.0280386
0.0304898
0.033263
0.0314066
0.0321197
0.0296174
0.0292067
0.0292737
0.0312805
0.031283
0.0313953
0.0308636
0.0345244
0.0345284
0.032134
0.0294612
0.0298063
0.0301008
0.0297415
0.0286051
0.0287294
0.0295187
0.0285719
0.0304503
0.0277165
0.0277733
0.0263079
0.0273691
0.0298396
0.0286244
0.0264088
0.0261562
0.0282061
0.0322483
0.0313509
0.0273233
0.0273056
0.0291015
0.0298107
0.0269548
0.0271922
0.0280935
0.0292185
0.0288254
0.0285374
0.026956
0.0284054
0.0300674
0.0307413
0.0305949
0.0295922
0.0315352
0.0263071
0.0278599
0.030182
0.0327136
0.0329257
0.0268467
0.0308616
0.03297
0.0287133
0.0329122
0.0309204
0.0289893
0.0301174
0.0316842
0.033337
0.0301072
0.0287527
0.0327604
0.0300878
0.027552
0.0273114
0.026454
0.0267853
0.0247897
0.0253829
0.0241861
0.023656
0.0240944
0.0280657
0.0284242
0.0265806
0.0300734
0.0255937
0.0241152
0.0227364
0.0232234
0.0232808
0.0212928
0.0223996
0.0237801
0.0229197
0.0223805
0.0233498
0.0230822
0.0247668
0.0225294
0.023741
0.022516
0.0236571
0.0243667
0.0249376
0.0275773
0.0287129
0.0253199
0.0241027
0.0274212
0.0252495
0.0239363
0.024714
0.0255804
0.0296628
0.0258119
0.0278894
0.0298507
0.029738
0.0298217
0.0314143
0.029238
0.0296599
0.0277661
0.0263088
0.0284957
0.031812
0.0269401
0.0326877
0.0323355
0.028553
0.0286543
0.0304463
0.0298052
0.0276767
0.029145
0.0294324
0.0272538
0.0281025
0.0316624
0.0303409
0.0306441
0.0305997
0.0299074
0.0260104
0.0286546
0.032519
0.0287469
0.0308467
0.0356222
0.0303701
0.0298941
0.031282
0.0291336
0.0268724
0.0258904
0.03661
0.0291993
0.0253418
0.0293784
0.030471
0.0248688
0.0241349
0.0239065
0.0248432
0.0272453
0.0239086
0.0277683
0.0275767
0.0276734
0.0273666
0.0273299
0.0268724
0.0255106
0.0264789
0.0282252
0.0282751
0.0260594
0.0278363
0.0317177
0.0293814
0.0300069
0.0337704
0.0319579
0.0301396
0.0284368
0.0308595
0.0314694
0.0314496
0.0293839
0.0308723
0.0279289
0.0318473
0.0303798
0.0304055
0.029657
0.0326081
0.0339547
0.0373288
0.0316431
0.0312081
0.0343164
0.0313528
0.0354054
0.0321183
0.0334153
0.0332221
0.0335499
0.0307655
0.0310739
0.0356254
0.0384349
0.0337263
0.033065
0.0318899
0.0317455
0.029809
0.0302433
0.0276825
0.0290559
0.0321785
0.030795
0.028888
0.0268832
0.0325577
0.0321866
0.0342897
0.0305214
0.0306702
0.029198
0.0312442
0.0304664
0.0332688
0.0308868
0.0315294
0.0294218
0.027825
0.0287372
0.0291992
0.0315672
0.0296186
0.0301909
0.0287519
0.0329689
0.0301023
0.028658
0.0321246
0.0353868
0.0340632
0.0330358
0.0335082
0.0354509
0.0345471
0.0308512
0.030536
0.0307917
0.0311115
0.028589
0.0319665
0.0316068
0.0347206
0.0295751
0.0307375
0.0291387
0.0292428
0.0311193
0.0325005
0.0307604
0.0320202
0.0347753
0.0329244
0.0322127
0.0360382
0.0304869
0.0329419
0.0346422
0.0308349
0.0296943
0.0338476
0.0301467
0.0316868
0.0300629
0.0283792
0.0298161
0.0295531
0.0343373
0.0358219
0.0305516
0.0298293
0.0295841
0.0300444
0.0284791
0.0280465
0.0287164
0.0301915
0.0324081
0.0333926
0.0288997
0.0288983
0.0286047
0.0285837
0.030329
0.0310125
0.0308067
0.0281964
0.0296109
0.0317996
0.0300752
0.0304462
0.0314257
0.0298251
0.0308849
0.0317079
0.0317502
0.0336051
0.0332953
0.0316636
0.0314468
0.0301956
0.0341034
0.0348363
0.0299481
0.0313349
0.0308153
0.0336408
0.0295638
0.0294957
0.0301999
0.0340661
0.0311483
0.0354568
0.035505
0.0325251
0.0291364
0.0328181
0.0347641
0.0310877
0.0268036
0.0268062
0.0277589
0.0284003
0.0297297
0.0284231
0.0257191
0.028219
0.0275757
0.0276041
0.0248864
0.0257935
0.0298955
0.028697
0.0282264
0.0254524
0.0259896
0.0299577
0.02979
0.0312868
0.025705
0.0263309
0.0290939
0.0299272
0.0285292
0.0284782
0.0307431
0.0313385
0.0329895
0.0301504
0.0288566
0.0280967
0.0306407
0.027751
0.0283872
0.0316703
0.0278974
0.0249752
0.0254509
0.0252408
0.0258064
0.0256819
0.0258792
0.0243935
0.0237443
0.0249501
0.0271277
0.0269043
0.0233361
0.022491
0.0230839
0.0244065
0.0275706
0.0283521
0.0237894
0.0263575
0.027763
0.0274692
0.0254034
0.0268689
0.0317327
0.0273362
0.0273035
0.028735
0.0287986
0.027775
0.0259732
0.0287873
0.0311516
0.0285757
0.0256563
0.0264985
0.0247013
0.0274017
0.0257352
0.0279962
0.028875
0.0291608
0.0268412
0.0257414
0.0270054
0.0301273
0.507866
0.0282488
0.0297174
0.0373781
0.0269571
0.0315404
0.0272359
0.0298834
0.0317402
0.027403
0.0240734
0.0267087
0.028168
0.024491
0.0226006
0.0242674
0.02399
0.0246244
0.0257415
0.0222705
0.0281088
0.0250975
0.0280422
0.0275984
0.0250587
0.0231246
0.0226859
0.0242494
0.0252227
0.0233409
0.0231035
0.0223638
0.022122
0.0216026
0.0227834
0.0228282
0.0225855
0.0223183
0.0256087
0.0255434
0.0241356
0.0232512
0.0264976
0.0236409
0.0227104
0.0245203
0.0266875
0.0248516
0.027394
0.0298043
0.0379996
0.0313981
0.0359724
0.0347707
0.0270674
0.0266494
0.0270253
0.0388228
0.0432858
0.0343315
0.0369194
0.0291506
0.0361774
0.0364976
0.0288444
0.0347115
0.0369071
0.0338816
0.0280236
0.0288052
0.0260668
0.0308534
0.0298173
0.0305441
0.0291834
0.0250913
0.0268023
0.0257663
0.0305425
0.0285855
0.0259312
0.0278185
0.0320802
0.0276549
0.0275519
0.031511
0.0262868
0.0305975
0.0289381
0.0323945
0.0275467
0.0248928
0.0262762
0.0296866
0.0268775
0.0272326
0.0306149
0.0301018
0.0274886
0.0269291
0.031655
0.0285126
0.0305231
0.0283665
0.0298525
0.0291196
0.0282696
0.0313176
0.0351687
0.0263941
0.0269096
0.0286181
0.0273238
0.0270448
0.026039
0.0342856
0.0296604
0.0275227
0.024653
0.0276383
0.0339586
0.0286839
0.0276505
0.0255209
0.0274592
0.0277907
0.0323458
0.0445583
0.0295683
0.0263424
0.0240462
0.0266517
0.0268479
0.0268915
0.0298441
0.0275779
0.0253254
0.0287452
0.033388
0.0288668
0.0315764
0.0263675
0.031124
0.0306302
0.0298278
0.0259582
0.0273153
0.0344017
0.0297896
0.0283079
0.0265615
0.0299618
0.0290529
0.0264328
0.0278444
0.0311843
0.02779
0.0270216
0.0235577
0.0279966
0.0310175
0.0256206
0.0236572
0.023884
0.023195
0.0300881
0.0267422
0.0272744
0.0230032
0.0236511
0.0229331
0.0225295
0.0233846
0.0208881
0.0216928
0.0230953
0.023989
0.0243105
0.0203529
0.0210658
0.0201964
0.0211994
0.0209123
0.0209463
0.021103
0.0220843
0.0231392
0.0218997
0.0205868
0.0205594
0.0205087
0.020823
0.0220796
0.022531
0.0230165
0.0207577
0.0203921
0.021881
0.0215892
0.0219239
0.0255853
0.0259718
0.0292139
0.0234674
0.0239644
0.0254681
0.0261138
0.0260807
0.0249062
0.0235808
0.0231775
0.0238492
0.0224965
0.0211602
0.0218727
0.0248699
0.0246444
0.0244292
0.0236318
0.0239006
0.0264908
0.0280485
0.0245583
0.0239447
0.0277342
0.027364
0.0241578
0.0254945
0.0246708
0.0247378
0.02585
0.0268216
0.0252071
0.0255623
0.0253369
0.0252361
0.0271167
0.0268739
0.0256274
0.0260389
0.0242815
0.0239633
0.0255025
0.0254052
0.023396
0.0241916
0.0248202
0.0232662
0.026568
0.0236111
0.0229404
0.0230995
0.0241536
0.0259658
0.0255547
0.0217267
0.0225417
0.0224515
0.0236202
0.0231413
0.0253006
0.0217576
0.0231841
0.0241433
0.0270463
0.0258914
0.0260105
0.0231464
0.0226482
0.0217355
0.0242497
0.0248912
0.023454
0.0238029
0.026642
0.0239829
0.023022
0.0228591
0.0250664
0.0246218
0.0245764
0.0248871
0.0264205
0.0265799
0.0266174
0.0273035
0.0263624
0.0270447
0.0288576
0.0319666
0.0293501
0.0306299
0.0256913
0.0274694
0.0272105
0.0289179
0.0275825
0.0261436
0.0254712
0.0252805
0.0262077
0.02726
0.0259602
0.0262674
0.0258379
0.0262012
0.024462
0.0262513
0.0264932
0.0267282
0.0443213
0.0328536
0.0286702
0.030374
0.0308608
0.0313515
0.0275859
0.0311871
0.0354059
0.0339089
0.0458625
0.0309269
0.053806
0.034741
0.0297421
0.0295858
0.0303811
0.0344153
0.0313085
0.0343495
0.0336435
0.0361412
0.0340395
0.0316433
0.0397792
0.0349553
0.0327845
0.0369239
0.0303746
0.0339472
0.0300822
0.0354166
0.0584696
0.0440744
0.0455754
0.0503279
0.0362678
0.0328026
0.0310675
0.0357367
0.0345094
0.0337638
0.0331813
0.0322938
0.0335654
0.0308474
0.0285348
0.0298081
0.0439813
0.0335524
0.0340859
0.0359846
0.0353118
0.0363805
0.0395646
0.036959
0.0492127
0.040454
0.0311328
0.0367569
0.033056
0.0370904
0.0364392
0.0318589
0.0290942
0.0347592
0.0348662
0.0342249
0.0338324
0.0317493
0.0321697
0.0322367
0.0313816
0.0311893
0.0315079
0.0323781
0.0447753
0.0322501
0.0372694
0.0328389
0.031016
0.0318589
0.0341848
0.0316349
0.030077
0.0279511
0.030318
0.0305277
0.0342051
0.0324747
0.0323181
0.0323584
0.0320472
0.029282
0.0279265
0.0274988
0.0258528
0.046508
0.0337019
0.0276709
0.0271089
0.0276457
0.0297847
0.0298133
0.0521541
0.038262
0.0299172
0.0266431
0.0298835
0.0345038
0.0313974
0.0263418
0.0291005
0.0302303
0.0356135
0.0324705
0.0342396
0.0325907
0.0320686
0.0344367
0.0325185
0.0303027
0.0267518
0.0288519
0.0496899
0.0261652
0.0315025
0.0316808
0.0320885
0.0293619
0.0311124
0.033979
0.0293541
0.0289643
0.0293177
0.0263556
0.0310083
0.0288737
0.0413117
0.0314965
0.0351295
0.0340624
0.0313242
0.0434903
0.0333244
0.0350599
0.0323873
0.0339867
0.0330491
0.0342278
0.0342433
0.0327219
0.0310806
0.0353215
0.0326855
0.0328409
0.0288572
0.0298856
0.0285456
0.0306
0.0321538
0.0341651
0.0312823
0.0261878
0.0298611
0.0281521
0.0297501
0.0240506
0.0256
0.0284654
0.0332755
0.0406571
0.0464387
0.0319131
0.03609
0.0372604
0.0314546
0.0353309
0.0307581
0.0322373
0.0387703
0.0403698
0.0311595
0.0292301
0.0268999
0.0312295
0.0337804
0.0360495
0.0290985
0.0285193
0.0347068
0.035648
0.0327185
0.0312984
0.0303245
0.0312716
0.0370876
0.033521
0.0426323
0.0427253
0.0366138
0.0374902
0.0371274
0.0334779
0.030534
0.0301053
0.0331741
0.0347026
0.0357466
0.0333463
0.0311133
0.0303374
0.0307654
0.0308109
0.0313509
0.0317275
0.031495
0.0277318
0.0296158
0.0313918
0.0331089
0.0275958
0.0295653
0.0292482
0.0317253
0.034917
0.0310279
0.0275789
0.0287169
0.0291673
0.0278508
0.0324354
0.031542
0.0292115
0.0300469
0.0297089
0.0445067
0.0265892
0.0278991
0.0305962
0.0318906
0.0313853
0.0279898
0.031757
0.037556
0.0323909
0.0291561
0.0302
0.0292729
0.0300483
0.0299767
0.0407934
0.0320888
0.0333472
0.0348432
0.0308973
0.0305918
0.0289694
0.0294355
0.0295666
0.0308093
0.0311997
0.0320134
0.0301815
0.0418527
0.0319162
0.0464755
0.0361989
0.0377707
0.0301401
0.0273548
0.0275847
0.0267748
0.0257204
0.0350023
0.0244352
0.0284791
0.0327746
0.0298055
0.02688
0.0284463
0.0362272
0.0281707
0.0302582
0.0309726
0.0310093
0.027232
0.0265632
0.0266301
0.0237339
0.0291257
0.027316
0.0297792
0.028834
0.0276026
0.0260316
0.0315774
0.0310103
0.0275187
0.0270299
0.0328726
0.030573
0.029471
0.0287411
0.0293878
0.0299718
0.0310885
0.0319005
0.0291628
0.0317242
0.030734
0.0292329
0.0287574
0.0286891
0.0281336
0.0324568
0.0282931
0.027014
0.0309445
0.0302206
0.0271504
0.0266985
0.0284429
0.0353458
0.0412422
0.0368005
0.0292232
0.0277332
0.0290764
0.0271929
0.0252821
0.0283494
0.0341328
0.0331411
0.0280056
0.0261585
0.0275281
0.0280306
0.029257
0.0284735
0.0285058
0.0288995
0.0294418
0.0364787
0.0439504
0.0429199
0.0428645
0.0478313
0.0345883
0.0341521
0.0404841
0.0327358
0.0342701
0.0336584
0.0334949
0.0348598
0.0397449
0.033715
0.0314804
0.0360508
0.0342121
0.0331645
0.0317491
0.0305588
0.0333716
0.0394785
0.0368867
0.0385545
0.038888
0.0364245
0.0360556
0.0377707
0.0348595
0.035466
0.0327364
0.0324979
0.0363515
0.0365872
0.0365074
0.0326831
0.038732
0.0348325
0.0399677
0.0379644
0.033604
0.037335
0.037537
0.0377524
0.0366788
0.0354967
0.0328753
0.0357289
0.0299709
0.0358651
0.0356731
0.0404778
0.0421613
0.0340758
0.0340887
0.0353036
0.038284
0.0345653
0.0326533
0.0350967
0.0354519
0.0354186
0.0354469
0.0362547
0.0348808
0.0333809
0.0328174
0.0349426
0.039471
0.0402462
0.0362321
0.0358394
0.037564
0.0344635
0.0318779
0.0312249
0.033523
0.0367177
0.0323266
0.0283989
0.0280055
0.0306538
0.0330578
0.034243
0.0284158
0.0304978
0.028315
0.0324264
0.0264398
0.0269999
0.0285437
0.0313496
0.0254904
0.0250282
0.0249981
0.0279479
0.0265511
0.0280711
0.030907
0.0275647
0.0227921
0.0197108
0.0199818
0.0198857
0.0221995
0.0206121
0.0255078
0.0291528
0.0304537
0.0250243
0.027929
0.0308401
0.0287087
0.030287
0.0394258
0.028542
0.0329015
0.0348321
0.0341356
0.0347229
0.0336196
0.0365179
0.0374368
0.0413023
0.0417841
0.0383538
0.0415782
0.0441996
0.0418132
0.0417318
0.041193
0.0491822
0.0399955
0.0406099
0.0432554
0.0415483
0.037623
0.0324749
0.0346332
0.037571
0.0350565
0.0317725
0.0337997
0.0353558
0.0394437
0.050417
0.0329965
0.0350695
0.0401328
0.0429652
0.0464584
0.0416794
0.0432577
0.0424323
0.0405867
0.0378428
0.0345103
0.0309365
0.033231
0.033301
0.033497
0.030412
0.0296638
0.0293245
0.029988
0.0282113
0.0252081
0.0264475
0.0257455
0.0262342
0.0261716
0.0254583
0.0249369
0.0270918
0.0277274
0.0274666
0.0228689
0.0240484
0.0261449
0.0260147
0.0257617
0.0241943
0.0256475
0.0268624
0.0277527
0.0255042
0.0334493
0.0311055
0.0283264
0.0331885
0.0331723
0.0317797
0.0346054
0.0311392
0.0265799
0.0272147
0.0270761
0.02954
0.033414
0.0312357
0.0344467
0.0333517
0.0317586
0.0350008
0.0344082
0.0339894
0.0314155
0.0317858
0.0320986
0.0333641
0.0337791
0.0330321
0.0312651
0.033379
0.0354602
0.0364907
0.0379747
0.0317918
0.0311733
0.0308936
0.030302
0.0294798
0.0328597
0.0286682
0.032808
0.0258859
0.0305965
0.0294657
0.0316455
0.0296298
0.0304425
0.0317021
0.032063
0.0323097
0.0275243
0.0299509
0.0300077
0.0288301
0.0256362
0.0274564
0.0248362
0.0234762
0.0229044
0.0250102
0.0249998
0.0266885
0.024834
0.0271977
0.0286692
0.026327
0.0257805
0.0295902
0.0312763
0.0315018
0.0291826
0.0278896
0.0301464
0.0306001
0.0307523
0.0295133
0.0299924
0.0314549
0.033942
0.0324609
0.0334864
0.0338583
0.0330192
0.0330055
0.0354141
0.0362555
0.0351524
0.0335338
0.0335027
0.035385
0.0349188
0.036
0.031952
0.030417
0.0315043
0.0324109
0.0317081
0.0296201
0.0302267
0.0333931
0.0302501
0.0296898
0.0273233
0.0287352
0.0292052
0.0294416
0.0284507
0.0286105
0.0268872
0.0273384
0.029417
0.0269547
0.0248174
0.0218433
0.0257248
0.0255973
0.0242989
0.0234997
0.0233609
0.0315798
0.0258168
0.0431322
0.0292833
0.0296262
0.0327588
0.0300696
0.027374
0.021562
0.0271348
0.029247
0.0315452
0.0303488
0.0317308
0.0319343
0.0302516
0.0341589
0.0330893
0.0338973
0.0351406
0.0327643
0.0330998
0.0364736
0.0385242
0.0357425
0.0377207
0.0368057
0.0355082
0.0338046
0.0299006
0.0348863
0.0344221
0.0330914
0.0382302
0.0302459
0.0323854
0.0289441
0.0308749
0.0293813
0.0305141
0.0332263
0.0289066
0.0305234
0.0294315
0.0311509
0.0282137
0.0313894
0.0285588
0.0277339
0.0276696
0.0276961
0.0292663
0.0284377
0.0259536
0.0252743
0.0283511
0.0279977
0.0255015
0.0278605
0.0274663
0.0304486
0.0268355
0.0325001
0.0345973
0.0365307
0.0355856
0.0288943
0.0293868
0.0335363
0.0350688
0.0297401
0.0272577
0.0314281
0.0302503
0.0359859
0.0265042
0.0247813
0.0266352
0.0269353
0.0283867
0.0270257
0.0293382
0.0293234
0.0270527
0.0254241
0.0297204
0.0291307
0.0345427
0.0268804
0.0285916
0.030569
0.0329779
0.028356
0.0298805
0.0283887
0.0290881
0.0325789
0.0299037
0.0277358
0.0268037
0.0293814
0.0286828
0.030961
0.0267809
0.0299432
0.0345589
0.0303494
0.0426575
0.028452
0.0271463
0.0316385
0.0308902
0.0259472
0.0251891
0.0258774
0.02961
0.0377287
0.0347916
0.0261179
0.0296863
0.0300632
0.0327158
0.0388571
0.0286302
0.0286059
0.0302215
0.0335141
0.0351904
0.0310065
0.0304878
0.0276676
0.024968
0.0273249
0.0286814
0.030257
0.0308097
0.0317783
0.0305849
0.0264676
0.0267656
0.0294977
0.0319622
0.0291817
0.0268459
0.0294638
0.0293036
0.0312192
0.0248178
0.0284212
0.0276009
0.0306772
0.0316025
0.0311215
0.0297822
0.0340889
0.0303976
0.0328829
0.0298898
0.0282465
0.0268027
0.0275623
0.0331673
0.0342259
0.0289674
0.0316387
0.0288669
0.0278167
0.0264043
0.0308812
0.0310942
0.0326626
0.0318734
0.0344452
0.030497
0.0293446
0.0294882
0.0298567
0.0312646
0.0304241
0.0314623
0.0311119
0.0308745
0.0353724
0.0336589
0.0360329
0.0308264
0.0324294
0.0341264
0.0340488
0.0325605
0.0315813
0.035558
0.0316245
0.0359943
0.0336056
0.0300694
0.0328671
0.0342212
0.0335499
0.0336634
0.0379569
0.0374257
0.0345693
0.0369623
0.0387319
0.0371069
0.0364566
0.0330657
0.0360931
0.0304968
0.0340909
0.0327991
0.0336065
0.0337192
0.0320834
0.032271
0.0355024
0.0360613
0.0361792
0.0360893
0.0340973
0.0399573
0.0418122
0.0415884
0.0377364
0.0373916
0.0318468
0.0341465
0.0347226
0.0348471
0.0425437
0.0301051
0.0308327
0.0310178
0.0293199
0.0294585
0.0292603
0.0331236
0.0375755
0.0371539
0.0361557
0.0323443
0.0280704
0.0311365
0.0338095
0.0343813
0.0344352
0.0317392
0.0348282
0.033822
0.0324923
0.0287676
0.0276624
0.0309752
0.0292434
0.0453343
0.0374224
0.0276734
0.0263301
0.0269679
0.0282922
0.0260011
0.02491
0.0266211
0.0268056
0.0270801
0.0245881
0.0264248
0.0265178
0.0274399
0.0236048
0.025566
0.0260752
0.0243505
0.0243456
0.0242849
0.0255681
0.0252536
0.0240269
0.0225553
0.0240772
0.0249428
0.0282561
0.023831
0.0229792
0.0230531
0.0264008
0.0248089
0.0240963
0.0278647
0.0243719
0.0238529
0.0258906
0.028893
0.0305693
0.0240301
0.0272982
0.0282299
0.0317193
0.0330067
0.0242267
0.024924
0.0245851
0.025943
0.0254806
0.0256818
0.0230187
0.0250619
0.0238548
0.0228389
0.0255417
0.0242706
0.0268206
0.0256388
0.022906
0.0272272
0.025036
0.0251572
0.0226105
0.0264418
0.0263657
0.0270641
0.0240112
0.0257034
0.0285317
0.0259369
0.0225207
0.0220578
0.0235412
0.0219436
0.0242055
0.0222705
0.0213613
0.0217904
0.0246575
0.024129
0.0211279
0.0198735
0.0207305
0.0234106
0.0246781
0.0243999
0.0225838
0.0225717
0.0203433
0.0206062
0.0206421
0.0199322
0.0207659
0.0215903
0.021905
0.0204299
0.0225844
0.0226953
0.0273261
0.0300337
0.0270152
0.0271322
0.0266542
0.0290592
0.0320723
0.0244936
0.0252929
0.0255547
0.0252743
0.0244104
0.0233139
0.0229666
0.0229472
0.0224671
0.0237812
0.0245337
0.0218023
0.0230788
0.02293
0.0252389
0.0246408
0.0224943
0.0265236
0.0238751
0.0244182
0.0244252
0.0277947
0.024569
0.0250927
0.0251145
0.0249765
0.0253918
0.0296008
0.0320326
0.0297253
0.0308044
0.0323447
0.0306507
0.0283105
0.0278512
0.0240683
0.0307841
0.0299261
0.0276913
0.0290429
0.0306313
0.0271796
0.0282233
0.0263615
0.0286148
0.0255171
0.0275841
0.0257582
0.0257581
0.0259068
0.0283786
0.0273791
0.0248271
0.0253156
0.0225333
0.0210275
0.0230616
0.0235896
0.0230473
0.0243052
0.0226565
0.0250319
0.0234051
0.0240819
0.0224476
0.0215131
0.0230648
0.0220727
0.0229212
0.0246689
0.0248575
0.0249349
0.0228738
0.0227692
0.0220691
0.0247186
0.0253445
0.0254773
0.0282629
0.0228004
0.0227251
0.0311393
0.0270425
0.0315554
0.0218586
0.0226999
0.0226385
0.022573
0.0210913
0.024394
0.0242922
0.0239321
0.0233279
0.0235656
0.023946
0.0254073
0.0243804
0.0254275
0.0253436
0.0245615
0.0262273
0.0245296
0.0235406
0.0243234
0.0240717
0.0234116
0.0226576
0.0226987
0.023783
0.0241104
0.0225733
0.0252267
0.0238967
0.0253856
0.023269
0.021198
0.0224718
0.0218695
0.0245708
0.0236341
0.0228762
0.0260206
0.0260699
0.0242538
0.0236815
0.0226162
0.0230482
0.0251636
0.0233518
0.0218484
0.023849
0.0227515
0.0223093
0.0240708
0.0259783
0.0243744
0.0225866
0.0250926
0.0231126
0.0212039
0.0221769
0.0218296
0.0228215
0.0253848
0.0242562
0.0210762
0.0203762
0.0234681
0.0230664
0.0205717
0.0215992
0.0211156
0.0207012
0.0208258
0.0196769
0.0204921
0.0230179
0.0220202
0.0206273
0.0211204
0.020752
0.0203311
0.0206387
0.021619
0.020853
0.0204026
0.021208
0.0205694
0.0195438
0.0199649
0.0196937
0.0242767
0.0223023
0.0202078
0.0213565
0.0206989
0.0206559
0.0254839
0.0194821
0.019997
0.0199339
0.021361
0.023103
0.0205026
0.0220424
0.0217065
0.021728
0.02107
0.0213841
0.0208966
0.0206178
0.0224367
0.0257221
0.0228324
0.0247275
0.0242227
0.0230997
0.0238246
0.022558
0.0245577
0.0240642
0.0232178
0.0240973
0.0245978
0.0295489
0.0312299
0.0298614
0.0290017
0.0276718
0.0311849
0.0338744
0.0349927
0.0296485
0.0304217
0.0301304
0.0317959
0.034131
0.0312401
0.0301658
0.0330468
0.0326987
0.0361331
0.0358929
0.0308711
0.0313424
0.0330026
0.0327823
0.0326965
0.0305583
0.0352177
0.0337059
0.0354459
0.0330024
0.0361327
0.0335299
0.0336401
0.0306991
0.0345868
0.0332877
0.034958
0.0342236
0.032289
0.0316871
0.034678
0.0316855
0.0337741
0.0300476
0.0305033
0.0323814
0.0325558
0.028518
0.0302256
0.0311162
0.032184
0.0343566
0.033374
0.034276
0.0326869
0.0316116
0.0335002
0.0325728
0.0320896
0.0301081
0.0304729
0.030476
0.0335179
0.0329048
0.0320087
0.032081
0.0330088
0.0354381
0.0382612
0.0305526
0.0354373
0.0349935
0.0357876
0.0319626
0.0380991
0.0342122
0.0375333
0.0367459
0.0391559
0.0367504
0.0362509
0.035192
0.0358086
0.0351219
0.037655
0.0360999
0.0346719
0.0353778
0.0357292
0.0328795
0.0337586
0.0347672
0.0369608
0.0317214
0.0300148
0.0314114
0.0307853
0.0317225
0.0310122
0.0326048
0.031903
0.0343023
0.0338089
0.0343891
0.032309
0.0341089
0.0312652
0.0324726
0.0317275
0.0345954
0.0357328
0.0344145
0.0352595
0.034815
0.0348426
0.0350079
0.034854
0.0356186
0.0385486
0.037074
0.0359555
0.0352185
0.0359278
0.0358253
0.0436824
0.0353056
0.0396539
0.0396264
0.0378664
0.039752
0.0367576
0.0372575
0.0366146
0.0381715
0.0370692
0.0372358
0.0340543
0.0394684
0.0358487
0.037399
0.0434314
0.0426672
0.0359753
0.0387259
0.0364093
0.0459084
0.0515755
0.0391823
0.0357274
0.0402799
0.038604
0.0403698
0.0384884
0.0388735
0.0393246
0.035658
0.0375297
0.0372065
0.039087
0.0419183
0.0451991
0.0359521
0.0340183
0.0353699
0.0337763
0.0374288
0.036607
0.0341731
0.0323027
0.0358132
0.0338167
0.0351786
0.0353061
0.0370761
0.0321154
0.0406462
0.0372029
0.0367248
0.0356641
0.0326218
0.0351008
0.0353819
0.0393995
0.034958
0.0365994
0.0363495
0.0361808
0.0385477
0.0352744
0.0335822
0.0340251
0.0331345
0.0348932
0.034197
0.0349944
0.0370914
0.0342357
0.0354552
0.0354002
0.0335976
0.0339106
0.0336144
0.0317327
0.0308077
0.0319538
0.0321465
0.0341069
0.0320939
0.0307444
0.0323831
0.0324148
0.0329128
0.035251
0.0314981
0.0304801
0.0323539
0.0321011
0.0333056
0.0360143
0.0356319
0.0329302
0.0340771
0.0312656
0.0340316
0.0380633
0.0350538
0.0366347
0.0362214
0.0349583
0.0365904
0.0370815
0.0395642
0.0403277
0.0435508
0.0431112
0.0402649
0.0373032
0.0360661
0.0365101
0.0345674
0.0339457
0.0372646
0.0390791
0.0390408
0.0364308
0.0390395
0.0350683
0.0330134
0.0352294
0.0347823
0.0357647
0.0354564
0.0370328
0.0357503
0.0339786
0.0338771
0.0320489
0.0317322
0.0345681
0.0361506
0.0381123
0.0340169
0.0325136
0.0324838
0.0367456
0.0349718
0.0348205
0.0341203
0.0327835
0.0333209
0.0335588
0.0336111
0.0348355
0.0338581
0.0349223
0.0342463
0.0336848
0.0339113
0.0332866
0.0314899
0.033277
0.0362103
0.0431006
0.0422489
0.0421348
0.0394263
0.0437469
0.0428255
0.0459758
0.0426105
0.0374393
0.0375476
0.0384903
0.0368812
0.0331202
0.0377496
0.0324082
0.0388483
0.0361656
0.035938
0.0371282
0.0437042
0.0372129
0.038132
0.0348689
0.0347544
0.034087
0.0366938
0.0374413
0.0343422
0.0330591
0.0394479
0.0354097
0.0373299
0.0374562
0.0352178
0.0343012
0.038477
0.0404851
0.0390991
0.0373385
0.0340197
0.0343924
0.0377828
0.0350905
0.0404648
0.0375153
0.0353111
0.0361084
0.0362245
0.0380954
0.0351408
0.0323768
0.0325532
0.0379197
0.0354056
0.0352777
0.035226
0.0335262
0.0327982
0.0360382
0.0354894
0.0338181
0.0371516
0.0338607
0.0324532
0.0373895
0.0333601
0.0379239
0.0339317
0.0345627
0.0311168
0.0330898
0.0352435
0.0342316
0.0354749
0.0400784
0.0398323
0.0423011
0.0345016
0.0368023
0.0354743
0.0358765
0.0353815
0.0361241
0.0323802
0.0344148
0.0349177
0.0360716
0.045743
0.0349802
0.0381986
0.0349321
0.0461159
0.0357623
0.0388653
0.033232
0.0352362
0.0376981
0.0394439
0.0477023
0.0436024
0.0339329
0.0372866
0.043344
0.0312713
0.0321013
0.0415569
0.0334431
0.0317587
0.0378869
0.0365594
0.0325928
0.0365959
0.0331597
0.0309031
0.0310562
0.030275
0.029783
0.0330127
0.0324967
0.0329329
0.0327315
0.0315553
0.030205
0.0339174
0.0316085
0.0325426
0.0367819
0.0328541
0.0301525
0.028818
0.0292693
0.0331126
0.0314694
0.030783
0.0305122
0.0283453
0.0300338
0.0303768
0.0314665
0.0305442
0.0284981
0.0282614
0.0350103
0.0416215
0.0298994
0.0313311
0.0309079
0.0277039
0.0304458
0.0309808
0.0353133
0.0353426
0.038615
0.0326815
0.0325542
0.0365419
0.036097
0.0377678
0.0469064
0.029904
0.0301427
0.0336239
0.0323839
0.0319701
0.0305134
0.0374078
0.0300196
0.0319616
0.031277
0.0435235
0.0307893
0.0318281
0.027709
0.0281451
0.0280791
0.0303292
0.0294508
0.0302875
0.0284224
0.0270195
0.0272752
0.0273672
0.0269335
0.0264269
0.0252934
0.0283917
0.0281544
0.029158
0.0285981
0.0263127
0.0274568
0.0289211
0.0304808
0.032902
0.0265492
0.0277206
0.0308879
0.0316601
0.0305364
0.028248
0.0302899
0.0286941
0.0300295
0.0258695
0.025467
0.0307462
0.0330987
0.0286917
0.0275243
0.030517
0.031523
0.029255
0.0297147
0.0323629
0.0338713
0.0298665
0.0279383
0.0282997
0.0304364
0.0305244
0.0311607
0.0311931
0.0288547
0.0300674
0.0296417
0.0311034
0.0300492
0.0320682
0.0363455
0.0337649
0.0340708
0.0334116
0.0335849
0.0320667
0.0302695
0.0341632
0.0317876
0.0302486
0.0286249
0.0304517
0.0296085
0.0303851
0.0312248
0.0316392
0.0264843
0.0274942
0.0291572
0.0295619
0.0264675
0.0269006
0.0272394
0.0282453
0.0273936
0.0303631
0.0261338
0.0259185
0.0250819
0.0256584
0.0353989
0.0361937
0.0376943
0.0271274
0.0294749
0.0280016
0.0246086
0.0253058
0.0293171
0.0303171
0.0286887
0.0241307
0.0287871
0.0255095
0.0294632
0.0271458
0.0249718
0.0292907
0.0287841
0.0316754
0.0288222
0.025357
0.0283529
0.0300973
0.0303462
0.0271617
0.0356218
0.0280818
0.028156
0.0320756
0.0299847
0.0298924
0.0313059
0.0328872
0.0284268
0.0282433
0.0294185
0.0302132
0.0306079
0.0315494
0.0279592
0.0283178
0.0314495
0.0310297
0.0323021
0.0285281
0.0279791
0.0282503
0.029738
0.0307105
0.032052
0.0354086
0.0386006
0.0387222
0.0287493
0.0288412
0.0337386
0.030378
0.0345194
0.0338795
0.0348709
0.0340372
0.0328335
0.0310768
0.030252
0.029226
0.0317617
0.0309876
0.0296112
0.0255217
0.0248261
0.0256146
0.0272102
0.0298904
0.0261769
0.0270461
0.0272402
0.028062
0.0273422
0.0271587
0.0254194
0.0265887
0.0256589
0.0263272
0.0297602
0.0272777
0.032732
0.0317431
0.0296831
0.0304352
0.0316854
0.027772
0.0276471
0.0270059
0.0290897
0.0261788
0.0278667
0.0317147
0.0333504
0.0313077
0.0287264
0.0285655
0.0275855
0.0440538
0.033995
0.0353318
0.0340059
0.0356145
0.0370789
0.032273
0.0309175
0.030223
0.0290877
0.0311786
0.0285302
0.0313067
0.0259659
0.0276552
0.028443
0.0293712
0.0301896
0.0290071
0.0285086
0.0295642
0.0327432
0.0298878
0.0302087
0.0288156
0.0332393
0.0303908
0.031229
0.030273
0.0304953
0.0316101
0.029998
0.0301036
0.0332337
0.0307518
0.0324861
0.0342106
0.0356417
0.0325902
0.0341257
0.0316821
0.0342371
0.0358644
0.0311632
0.0296366
0.0321518
0.0309581
0.0314557
0.0314465
0.0299579
0.0398857
0.0285995
0.0292807
0.0302302
0.0297173
0.0292641
0.0294153
0.0306886
0.0325312
0.0297504
0.0302507
0.0310736
0.0302566
0.0303826
0.0298318
0.0297553
0.0292977
0.0297612
0.02988
0.030404
0.0295655
0.0290422
0.0302921
0.0304777
0.0311871
0.031352
0.0305423
0.03124
0.0335443
0.0342874
0.036186
0.0302524
0.0312746
0.0311668
0.0336588
0.0300677
0.0302473
0.0302483
0.0375365
0.035442
0.0303003
0.0294574
0.0304068
0.0295961
0.0278847
0.0278819
0.0283534
0.0314001
0.0298197
0.0296138
0.0274694
0.0278334
0.0270061
0.0271954
0.0317661
0.0285617
0.0280829
0.0288616
0.028986
0.03782
0.0297567
0.029162
0.0274686
0.0261161
0.0295007
0.026447
0.0310812
0.026452
0.0272064
0.0286612
0.0327829
0.0337891
0.0437423
0.0384894
0.0346338
0.0339076
0.0382256
0.0419879
0.0365502
0.035785
0.0373681
0.0383455
0.0357869
0.0381197
0.0426524
0.0326502
0.0334569
0.0354422
0.0325363
0.033398
0.0336748
0.0291734
0.0302798
0.0282038
0.0326398
0.0373504
0.0319912
0.036549
0.0306551
0.0325121
0.0287345
0.0286933
0.0280591
0.0291097
0.0273795
0.0298908
0.028357
0.0307989
0.0301289
0.0301194
0.0309692
0.0303577
0.0314393
0.029951
0.0294591
0.0280586
0.0281746
0.0281249
0.0273679
0.0304161
0.0319204
0.032169
0.0322099
0.0310753
0.034428
0.0330045
0.0346437
0.0318542
0.0314981
0.0292441
0.0310152
0.0317612
0.0341136
0.0283357
0.0338416
0.029533
0.0333082
0.0384825
0.0327349
0.0326521
0.0408089
0.0341464
0.0357855
0.0347474
0.0328163
0.0526693
0.0456539
0.0323662
0.0508657
0.0368602
0.0303082
0.0298198
0.0302683
0.0334243
0.0390059
0.0378118
0.037431
0.0404675
0.0368443
0.0382662
0.0476577
0.0528749
0.0332524
0.0536854
0.0316372
0.0308992
0.0301745
0.0294972
0.030398
0.0354694
0.0311865
0.0312272
0.031943
0.037359
0.0839411
0.0360063
0.0572887
0.030437
0.0322541
0.0357639
0.0389753
0.0383586
0.0390629
0.0336432
0.0349314
0.0380236
0.0318746
0.0549664
0.0485261
0.0417198
0.0475872
0.0316621
0.0298335
0.0323352
0.0347522
0.0364477
0.0333154
0.0337417
0.032997
0.029027
0.0304873
0.0395748
0.0341968
0.0321988
0.0370442
0.038264
0.0497944
0.0606178
0.033807
0.0332832
0.039053
0.0324585
0.0322602
0.031916
0.0340223
0.0325486
0.0397743
0.037612
0.0364664
0.0298545
0.0303828
0.0298102
0.0457007
0.0294153
0.0308671
0.03441
0.0417711
0.0419023
0.0396197
0.0354279
0.0298193
0.0300371
0.0295116
0.0309953
0.0308152
0.0359876
0.0416796
0.0484541
0.0404602
0.0401191
0.0372414
0.0390456
0.0324009
0.0384051
0.0355521
0.0317299
0.0322983
0.0326664
0.0347849
0.0444179
0.0381637
0.0386746
0.0318265
0.0326544
0.032504
0.0343128
0.035302
0.0347688
0.0354732
0.0361301
0.0366695
0.0341629
0.0313092
0.0307745
0.0327734
0.031466
0.0326788
0.0314061
0.0329551
0.0346648
0.0301262
0.0299648
0.0307996
0.0319659
0.0319668
0.0313117
0.032107
0.0319734
0.0309382
0.0311278
0.0317979
0.0302936
0.0298275
0.0310439
0.0369626
0.0301712
0.0316762
0.0312687
0.0301675
0.0315711
0.0312501
0.0362651
0.0364486
0.0372007
0.0328685
0.0302223
0.0309966
0.032917
0.0320764
0.0303086
0.0324701
0.0331953
0.0313291
0.0331042
0.0311067
0.0330657
0.035715
0.0308588


