0.0125179
0.0252536
0.0242975
0.0250862
0.0248788
0.0247694
0.0247883
0.0206632
0.0210818
0.0208625
0.0215027
0.0213963
0.0211054
0.0208531
0.0212622
0.0213503
0.0209558
0.0218223
0.0208827
0.0215222
0.021401
0.0208686
0.00967154
0.00998207
0.0188321
0.018691
0.0188382
0.0188608
0.0168615
0.0190452
0.0188888
0.0188318
0.0184168
0.0184913
0.018846
0.0185189
0.0188509
0.0184304
0.0182085
0.018611
0.0181281
0.0177889
0.0180898
0.0179812
0.0177047
0.00923516
0.00924208
0.0175231
0.0168178
0.0175436
0.017307
0.0171228
0.0169758
0.0171801
0.0324714
0.0154947
0.0127356
0.0123248
0.0122716
0.0116837
0.0116953
0.0130215
0.0135845
0.0145241
0.0145322
0.0142897
0.0151423
0.0152825
0.0166508
0.0149123
0.0158051
0.0153488
0.0175141
0.0179098
0.0174579
0.0172011
0.0151057
0.0172124
0.0170403
0.0188698
0.0177607
0.0163186
0.0182202
0.0175053
0.0181305
0.0179583
0.016145
0.016592
0.0179495
0.017822
0.0169981
0.0185469
0.0159307
0.0171072
0.0172441
0.017686
0.0186632
0.0167029
0.0161111
0.0142702
0.0147853
0.0167682
0.0165479
0.0153022
0.0168269
0.0166851
0.0159514
0.0170209
0.0174957
0.0175557
0.0176208
0.0172853
0.0177371
0.0173333
0.0171836
0.017301
0.0160168
0.0167217
0.0178966
0.0173098
0.017165
0.016198
0.0168536
0.017455
0.0171121
0.0201205
0.0152832
0.0208079
0.0159636
0.0170974
0.0158776
0.018658
0.0208521
0.0160186
0.0171789
0.0175783
0.0176951
0.0176381
0.0165853
0.0170903
0.0183518
0.0163724
0.017338
0.017824
0.0172342
0.0217964
0.0218058
0.0171561
0.0170225
0.0172933
0.0161284
0.0209735
0.0213998
0.0160207
0.0172878
0.0175673
0.0179415
0.0213042
0.021656
0.0206692
0.0179741
0.017738
0.0182607
0.0169287
0.0178542
0.0173177
0.0219839
0.0229298
0.0181976
0.0217431
0.0224241
0.0186994
0.0207728
0.0190398
0.0168948
0.02198
0.0226519
0.0182333
0.0178003
0.0189085
0.0171578
0.0222502
0.022877
0.0183836
0.021826
0.0223069
0.0173671
0.0217803
0.0222157
0.0174161
0.0213674
0.0223064
0.0175875
0.0174612
0.0180762
0.0184113
0.0211081
0.0217597
0.0163326
0.0212171
0.0212893
0.0214279
0.0211029
0.0187049
0.0188672
0.020096
0.0168207
0.020466
0.0194167
0.0181314
0.0187808
0.0181898
0.0166871
0.0161027
0.0161651
0.0161246
0.0174222
0.0202893
0.0166412
0.0201807
0.0208394
0.0172866
0.0166797
0.0163629
0.0181334
0.0183581
0.0169726
0.0178322
0.0161632
0.0177138
0.0173103
0.0178419
0.0214889
0.021636
0.0169105
0.0203109
0.017877
0.0163469
0.0206887
0.0214678
0.0157734
0.0168753
0.0181901
0.0182404
0.0211922
0.0201632
0.0177699
0.0170203
0.0176812
0.0173272
0.0212902
0.0212266
0.0158899
0.0173302
0.0179815
0.0177046
0.0211698
0.0214152
0.016132
0.0215635
0.0217332
0.0162882
0.0170211
0.0172616
0.0175241
0.0207106
0.0218055
0.016281
0.017784
0.0176429
0.0189258
0.0212727
0.0206858
0.0183729
0.0181146
0.0208558
0.0177468
0.0177481
0.0182626
0.0166108
0.0214584
0.0220006
0.0181133
0.0171456
0.0212784
0.0178143
0.0214999
0.0226788
0.0182056
0.0212276
0.0186158
0.0180135
0.0184915
0.0212941
0.0219845
0.0203898
0.0209187
0.0220662
0.016309
0.0196036
0.0192272
0.0174901
0.0177154
0.0181639
0.0180645
0.0214959
0.0233791
0.0167607
0.0203616
0.0184269
0.0173641
0.017408
0.0179178
0.0178058
0.0215534
0.0220493
0.0175117
0.0183467
0.0179866
0.0167592
0.0217294
0.0228478
0.0169445
0.0225252
0.0228602
0.0167052
0.0171226
0.017886
0.0168655
0.0172168
0.0181105
0.0164466
0.0174481
0.0181974
0.0165585
0.0219621
0.0228957
0.0223393
0.0192328
0.0171657
0.0182708
0.0166676
0.0175639
0.018764
0.0163295
0.0210738
0.0214547
0.0157131
0.0163203
0.017707
0.0157988
0.0203115
0.0210276
0.0155198
0.0172242
0.0177043
0.0164002
0.0170664
0.0180157
0.0140386
0.0150718
0.0152288
0.0150204
0.0149452
0.0139176
0.0144334
0.0149643
0.0136317
0.0144117
0.0151965
0.0135918
0.0180571
0.0191736
0.013083
0.0150281
0.0159869
0.0136704
0.0164097
0.0180987
0.0193756
0.0135683
0.0147005
0.0151888
0.0138049
0.0190524
0.0192015
0.0135021
0.0176411
0.015894
0.0137949
0.0191591
0.019637
0.0176203
0.018775
0.019891
0.0184539
0.0189288
0.0199391
0.0182913
0.0191906
0.017356
0.017059
0.0148269
0.0164001
0.0143888
0.0163931
0.0186377
0.0197102
0.0184895
0.0193673
0.0201174
0.0191554
0.0172895
0.0168691
0.0155591
0.0170024
0.0157449
0.0177839
0.017204
0.0183534
0.0179544
0.015804
0.016874
0.0150847
0.0163763
0.0189555
0.0204515
0.0189887
0.0169606
0.0156101
0.0170899
0.0162482
0.0175117
0.0160621
0.0146036
0.0163647
0.0146897
0.0164185
0.0189115
0.020768
0.0190605
0.0174779
0.0182077
0.0185683
0.0191351
0.0182641
0.018124
0.0155396
0.0171308
0.0171696
0.0153962
0.0203993
0.022159
0.0208895
0.0175644
0.0190985
0.0197145
0.0183346
0.0191811
0.0193062
0.0194253
0.016706
0.0184969
0.0173967
0.0191292
0.0187849
0.0186752
0.0170998
0.0187243
0.0187235
0.01669
0.0194744
0.0188278
0.0200498
0.0200066
0.019824
0.0194549
0.0172485
0.0185749
0.0180191
0.0166077
0.0183057
0.0178842
0.0212188
0.0204296
0.0157791
0.0164026
0.0202168
0.0199251
0.0173778
0.0190652
0.0210543
0.0225981
0.0222769
0.0181002
0.0186894
0.0170628
0.0186784
0.018242
0.0173257
0.0205184
0.0219149
0.0219456
0.0163133
0.0205518
0.022249
0.0223453
0.0175579
0.0186524
0.0194025
0.0170533
0.0179918
0.0180019
0.0159628
0.0209341
0.0222378
0.02194
0.0190253
0.0200812
0.0211375
0.0215596
0.016925
0.0167691
0.0178239
0.0175662
0.0158096
0.020427
0.0208406
0.0179158
0.0162541
0.0171611
0.0187772
0.0188599
0.0170274
0.0206707
0.0198068
0.0194417
0.0211276
0.0225581
0.0217213
0.0190489
0.0193781
0.0200686
0.0193839
0.0176821
0.0177415
0.0189896
0.0194568
0.0149028
0.0183089
0.0197463
0.0195645
0.017196
0.0184691
0.0198534
0.0195294
0.0160393
0.0166231
0.0192884
0.02066
0.0208651
0.0178666
0.0176255
0.0184671
0.0175212
0.0182456
0.0163414
0.0180433
0.0185733
0.0167524
0.01903
0.0171393
0.018084
0.0178408
0.0158582
0.017417
0.0198411
0.0213393
0.0208514
0.0155027
0.0196549
0.021036
0.0207516
0.0175348
0.0192429
0.0205628
0.0202805
0.0159819
0.0157389
0.0174379
0.0168165
0.0157356
0.0185089
0.0193261
0.0211205
0.0227897
0.0220471
0.0208921
0.0211098
0.0224734
0.0228993
0.0201024
0.0198696
0.0200449
0.0201047
0.0177318
0.0151887
0.0138551
0.0159569
0.0141906
0.0147713
0.0183751
0.0199531
0.020046
0.0170939
0.0196607
0.0199894
0.0203744
0.020331
0.0202223
0.0205771
0.0177808
0.0192616
0.0190742
0.0177448
0.0192171
0.0203293
0.0204323
0.0204993
0.020781
0.0202012
0.0202609
0.0213936
0.0231605
0.0230274
0.0192056
0.018879
0.0196081
0.0189867
0.0167438
0.018957
0.0191688
0.0177778
0.0190954
0.0199365
0.0209914
0.0223727
0.0223037
0.0200846
0.020317
0.0214829
0.0214248
0.0173073
0.0199484
0.0217712
0.0217863
0.01933
0.0184873
0.0180612
0.0191282
0.0200811
0.0195528
0.0197134
0.0201932
0.0217996
0.0213443
0.01733
0.0158624
0.0179034
0.0183207
0.0167745
0.0206664
0.0228465
0.0226862
0.0199447
0.0221764
0.0227957
0.0222879
0.0202605
0.0183555
0.020572
0.0219787
0.0222769
0.0206524
0.0194599
0.020577
0.0196038
0.0179551
0.0188492
0.0189448
0.0167204
0.0184837
0.0207254
0.0216093
0.0216795
0.0197844
0.0198005
0.0213099
0.0211062
0.0172471
0.0197065
0.02148
0.0229826
0.0224659
0.0213311
0.01846
0.0171099
0.0221116
0.0220083
0.0198414
0.0203318
0.0210879
0.0210658
0.0194468
0.0175249
0.0200503
0.021846
0.0219496
0.0205744
0.01767
0.020726
0.0220934
0.0221801
0.0203744
0.018165
0.0197692
0.020639
0.0211737
0.0195714
0.020255
0.0215009
0.0220138
0.0204534
0.0182697
0.020731
0.0217447
0.022127
0.0205095
0.0186786
0.0186003
0.0206733
0.0225236
0.0227153
0.0187614
0.0206712
0.0222957
0.0233534
0.0191514
0.0176956
0.0187728
0.01942
0.0170341
0.0188255
0.0198839
0.0197717
0.0196973
0.0198465
0.0176393
0.0191713
0.0192037
0.0170629
0.0184962
0.0201964
0.0181192
0.0237431
0.0240345
0.0220616
0.0189575
0.0214633
0.0229113
0.0236395
0.0212238
0.0195714
0.0180627
0.0196626
0.0194959
0.0178274
0.0195762
0.0215795
0.023225
0.0236028
0.0218651
0.0196019
0.0210344
0.0223754
0.0229231
0.0234113
0.0197994
0.0213362
0.0227443
0.0229418
0.0168459
0.0186524
0.0194577
0.0206642
0.0220255
0.021997
0.0199447
0.0175388
0.019845
0.0213541
0.0210989
0.0196055
0.0199661
0.0212358
0.0216514
0.0198959
0.0201715
0.0221142
0.0217413
0.020271
0.018789
0.0201794
0.021553
0.0193609
0.0168407
0.0173533
0.0184313
0.0181631
0.0159905
0.0162264
0.0188696
0.0205513
0.0205816
0.0167145
0.0201073
0.0220395
0.0222677
0.0203992
0.0180965
0.0173936
0.0209343
0.0186874
0.0163988
0.0186775
0.0206653
0.0221541
0.0222436
0.0205787
0.018173
0.0211803
0.0222882
0.0225867
0.0179285
0.0176913
0.0162921
0.0175229
0.0176958
0.0161186
0.0166359
0.0186614
0.0183182
0.0164053
0.0184781
0.0202002
0.021616
0.0224837
0.0204805
0.0183361
0.0212074
0.022255
0.0226031
0.0208115
0.0189951
0.0211984
0.0205825
0.0199096
0.019321
0.0196392
0.0213765
0.0221622
0.0227383
0.0205092
0.0167577
0.0162244
0.0169624
0.0178033
0.0153149
0.0175138
0.0194333
0.01687
0.0172222
0.0152946
0.0167263
0.0186742
0.0202667
0.0197505
0.0182433
0.0158905
0.0181572
0.0196215
0.0193387
0.0174615
0.0180678
0.0190416
0.0189467
0.0168258
0.0177066
0.0182264
0.0182717
0.016592
0.0179167
0.0186391
0.0184833
0.0138413
0.0172219
0.0175906
0.0166541
0.0126829
0.0167296
0.0173765
0.0156047
0.0120061
0.0160723
0.01618
0.0147894
0.0120784
0.0118824
0.0114248
0.0101487
0.0119845
0.0153409
0.0150332
0.0128982
0.013619
0.0134077
0.00790352
0.014005
0.0133143
0.00824797
0.0102994
0.00946506
0.00946087
0.00837784
0.0135381
0.0132164
0.00832185
0.013793
0.0128025
0.0086209
0.00834674
0.00860353
0.0116569
0.00793997
0.00764785
0.00716802
0.00850411
0.00853208
0.00895378
0.00915211
0.0133134
0.0131536
0.00968336
0.00991036
0.0104803
0.00978983
0.0147614
0.0146644
0.00979726
0.0123325
0.0109544
0.0101657
0.0115499
0.0111916
0.0126006
0.0165977
0.0122685
0.0130642
0.0121934
0.0131523
0.0120642
0.0170464
0.0160565
0.0128429
0.0126764
0.0131838
0.0129915
0.013767
0.012782
0.0123398
0.0137343
0.0119785
0.0135996
0.0121518
0.0143918
0.0117289
0.0127582
0.0118053
0.0128682
0.0115959
0.0167799
0.0160172
0.0170395
0.0161177
0.0172897
0.0163643
0.0176616
0.0169401
0.0140943
0.0174381
0.0164326
0.0172805
0.016724
0.0147591
0.0162262
0.013366
0.0141987
0.017048
0.0138364
0.0171103
0.0163835
0.0173025
0.0167061
0.016787
0.0175741
0.0122102
0.0130349
0.0125609
0.0142337
0.0170783
0.0165607
0.014034
0.0131363
0.0121767
0.0131867
0.0127352
0.0123357
0.0126097
0.0166245
0.0159932
0.0131531
0.0120072
0.0119531
0.0119373
0.0167052
0.0163632
0.0134143
0.0129053
0.0129331
0.0118052
0.0135359
0.0134466
0.0127599
0.0172335
0.0143507
0.0139478
0.0132743
0.0131273
0.0129146
0.0168776
0.0187815
0.0137088
0.0166101
0.0179719
0.0134715
0.0126255
0.0124533
0.0117246
0.0128769
0.0131071
0.0126581
0.0134782
0.0130148
0.0129365
0.0158554
0.0137144
0.012015
0.0125793
0.013861
0.0135682
0.0127445
0.0130696
0.0133501
0.0161967
0.0166499
0.0109691
0.0166913
0.0171092
0.0122052
0.0140791
0.0143265
0.012142
0.0124018
0.0128074
0.0122143
0.0135433
0.0128805
0.0115795
0.0144464
0.0137745
0.0123468
0.0127586
0.0122504
0.011043
0.0166286
0.0154134
0.0136743
0.0151709
0.0159372
0.0109564
0.016201
0.017276
0.0118497
0.0133516
0.0116545
0.0110148
0.0120581
0.0112065
0.0135488
0.0168287
0.0156915
0.0138974
0.0130265
0.0117741
0.0104229
0.0117665
0.01198
0.0111721
0.0134366
0.0118445
0.0128365
0.0163599
0.0156585
0.0126575
0.014343
0.0113914
0.0135566
0.0163129
0.0113791
0.0161287
0.0125834
0.012828
0.0122698
0.0114841
0.0123483
0.0119586
0.0121393
0.0113167
0.0131113
0.0159713
0.013614
0.0168892
0.0120817
0.01276
0.0113341
0.0125856
0.0153194
0.0101223
0.0110136
0.0101353
0.011539
0.00988095
0.00997697
0.0119067
0.00964279
0.0115115
0.0100026
0.010989
0.0101768
0.0115951
0.0106907
0.010036
0.0128139
0.0119242
0.0115509
0.0117071
0.0128206
0.0147788
0.0105524
0.0104201
0.00911008
0.00976716
0.010696
0.0128321
0.0100289
0.0117597
0.014259
0.0120095
0.011239
0.0118229
0.0145386
0.0128392
0.0159869
0.0121361
0.0153569
0.0128489
0.0118843
0.0129223
0.011557
0.0129877
0.0157872
0.0131898
0.0158715
0.0134483
0.0128574
0.0133699
0.0164044
0.0132771
0.013118
0.0133067
0.0166821
0.0126063
0.0128051
0.0140936
0.0149589
0.0130996
0.0127793
0.017917
0.0134454
0.0175761
0.0144755
0.0155693
0.0135282
0.0132182
0.0127723
0.0150202
0.0127552
0.0140611
0.0129691
0.0177417
0.0131144
0.0166088
0.0133457
0.0183361
0.0138925
0.0176401
0.0135324
0.0187298
0.0144104
0.0146336
0.0146263
0.0197574
0.0156221
0.019171
0.0150533
0.0148406
0.0144138
0.0142293
0.0186519
0.0182953
0.0190951
0.0187522
0.0193238
0.0186696
0.0193024
0.0194253
0.0197089
0.0194554
0.0173631
0.020809
0.0192391
0.0164458
0.0184918
0.0175917
0.0158011
0.0147637
0.0158639
0.0185155
0.0179013
0.0185139
0.0178653
0.0184297
0.0180522
0.0162763
0.0151865
0.014837
0.0164525
0.019158
0.0189395
0.0165735
0.0151223
0.0182647
0.0165935
0.0190177
0.019131
0.0160915
0.0151725
0.0147132
0.0162459
0.0147095
0.0140525
0.016104
0.0184671
0.0179465
0.0158258
0.0149656
0.0147405
0.0159164
0.0147759
0.0136698
0.0161488
0.0146714
0.0146666
0.0158742
0.0189923
0.0185318
0.0158683
0.0155747
0.0169409
0.0160434
0.0147748
0.0143971
0.0160169
0.0188067
0.0198905
0.015678
0.0140175
0.0153262
0.0149879
0.0183754
0.0181432
0.0156153
0.0152214
0.016882
0.0151816
0.0187962
0.0176333
0.0128443
0.013989
0.0134685
0.0145499
0.0181668
0.0169599
0.0151476
0.0139209
0.0139191
0.0145399
0.0178361
0.0174864
0.0148553
0.0165662
0.0127729
0.0139688
0.0172223
0.0159642
0.0143296
0.0124073
0.011886
0.016115
0.016486
0.017315
0.0115962
0.0162898
0.0157369
0.0137122
0.0121407
0.0122945
0.0159716
0.0124259
0.0125552
0.0126629
0.013726
0.012365
0.0116421
0.0138288
0.0118584
0.0115752
0.0165647
0.0128333
0.0122291
0.0133016
0.016026
0.0128181
0.0156561
0.0143076
0.0166747
0.0143644
0.0169418
0.0147502
0.0140533
0.0168687
0.0138841
0.0169369
0.0164394
0.0167689
0.0153136
0.0170782
0.0128692
0.0179478
0.015631
0.0138063
0.0151519
0.0133637
0.0124013
0.0175876
0.0137741
0.0167469
0.0135548
0.0152952
0.0138729
0.0129496
0.0142342
0.0129594
0.0136049
0.0129316
0.0153228
0.0135427
0.0129262
0.0145971
0.0130764
0.0181794
0.0168045
0.0183446
0.0176296
0.0158406
0.014097
0.0155206
0.0149925
0.0144344
0.0162291
0.0143092
0.0138609
0.0148274
0.0137315
0.0157217
0.0184115
0.0177449
0.0154936
0.0182772
0.0146974
0.0157855
0.0150242
0.0142659
0.0157415
0.0146873
0.0148758
0.0152517
0.0184353
0.0181928
0.0159583
0.0184315
0.017869
0.0158912
0.0149246
0.0156162
0.0139097
0.0183565
0.0184327
0.0130009
0.0140568
0.0143736
0.0131692
0.014791
0.0142122
0.0156816
0.0194727
0.0185155
0.0159045
0.0154735
0.0163141
0.01441
0.0145156
0.0148965
0.0160327
0.0185569
0.0181378
0.0161801
0.0192901
0.0177855
0.0157306
0.017998
0.0184575
0.0138797
0.0149567
0.0147445
0.0150492
0.018791
0.0209321
0.01471
0.0183949
0.0182589
0.0154356
0.0148514
0.0144184
0.0138712
0.019119
0.0179606
0.0150308
0.0150576
0.0153781
0.0136908
0.0142966
0.0140716
0.0163198
0.014493
0.0153405
0.0138844
0.0187937
0.0184284
0.0137316
0.0145977
0.0147817
0.0146482
0.0171288
0.0190054
0.0140144
0.0148079
0.0148725
0.0137403
0.0146032
0.014971
0.0151166
0.0146235
0.0143056
0.0140658
0.0184116
0.0179878
0.0145542
0.018631
0.0182596
0.0146175
0.0184253
0.0183885
0.0146043
0.0173429
0.0155641
0.013619
0.0143503
0.0150966
0.0141527
0.0146868
0.0160843
0.0141213
0.0183329
0.0184644
0.0152777
0.0141699
0.0149524
0.0134854
0.0142708
0.0148729
0.0138247
0.018123
0.0179082
0.0156565
0.0145932
0.0149201
0.0150779
0.01506
0.0158155
0.0137777
0.0150689
0.0156762
0.0140559
0.0149216
0.0148909
0.0152822
0.0185289
0.0163595
0.0142218
0.0141214
0.0139995
0.0149836
0.0140546
0.0139132
0.0150031
0.0142805
0.0154508
0.0134732
0.0181207
0.0187147
0.0138752
0.0142375
0.0149719
0.013254
0.0181002
0.0187268
0.0145704
0.0137807
0.0143895
0.0131282
0.0137492
0.0140593
0.0135306
0.0181239
0.0183287
0.0138538
0.0147205
0.0180019
0.0141142
0.018458
0.0192828
0.014985
0.0187188
0.019568
0.0164852
0.0150517
0.0187152
0.0145113
0.0188815
0.0193736
0.015002
0.0144423
0.0151345
0.0136459
0.018275
0.018912
0.0145214
0.0179942
0.0185883
0.0139559
0.0181966
0.0187532
0.0142913
0.0179707
0.0187484
0.014697
0.0140468
0.0147243
0.0128058
0.0180049
0.0176294
0.0132323
0.0164716
0.0142429
0.0120655
0.0174251
0.0164196
0.0121913
0.0147936
0.014927
0.0117061
0.0166368
0.0157838
0.0115779
0.0120695
0.011699
0.0138345
0.0120354
0.0112542
0.0129073
0.0126248
0.014232
0.0119071
0.0122407
0.0126719
0.0112285
0.0125425
0.0111615
0.0131462
0.0122936
0.0113041
0.0127732
0.0141321
0.0116924
0.0136323
0.011828
0.0112729
0.013037
0.0118356
0.0121359
0.0135566
0.0125921
0.0125067
0.0125524
0.013126
0.0128596
0.0116117
0.0131173
0.0138686
0.0120738
0.0129551
0.013087
0.01217
0.01652
0.015883
0.0145215
0.0176986
0.0156204
0.013909
0.0124133
0.0127871
0.0144531
0.0129365
0.0128279
0.0134179
0.0134074
0.0135367
0.0136542
0.0138051
0.0138349
0.0150194
0.0171318
0.0165648
0.0147164
0.0130039
0.0130551
0.0147596
0.0168316
0.0159987
0.0147296
0.0170713
0.0158343
0.0142111
0.0130311
0.011993
0.0149361
0.0171351
0.0162286
0.0144796
0.0135098
0.0159114
0.0152291
0.0130245
0.0125092
0.0145925
0.0179298
0.0166755
0.0147793
0.012813
0.0125732
0.0144782
0.01386
0.0131311
0.0154675
0.0152506
0.0136416
0.0135119
0.0155835
0.014138
0.0144557
0.0159334
0.0150948
0.0145986
0.015211
0.0181029
0.0175453
0.0136708
0.0170294
0.0137739
0.015176
0.0137854
0.0131032
0.0150909
0.0133615
0.0131944
0.0147887
0.0135038
0.0128629
0.015014
0.0148597
0.0144557
0.0158379
0.0158064
0.0142834
0.0134356
0.0152442
0.0179255
0.0177719
0.0153711
0.0166301
0.0136327
0.0147781
0.0135009
0.0128559
0.0146811
0.0179691
0.0143391
0.0155029
0.0156141
0.0143084
0.0138429
0.0154654
0.0187328
0.0181106
0.0156566
0.0152072
0.0145647
0.0159522
0.0149501
0.0142
0.0159668
0.0189872
0.0174877
0.0157391
0.0176398
0.0188221
0.0140633
0.0145987
0.0143152
0.0159458
0.0153142
0.0144062
0.0163414
0.0149916
0.015114
0.0160025
0.0190877
0.0175955
0.0158807
0.017666
0.0146748
0.0159899
0.0148166
0.0148114
0.0157842
0.014576
0.0142157
0.015464
0.0143613
0.0153969
0.0141326
0.0152156
0.014408
0.0158262
0.0194133
0.0182238
0.0139378
0.0145586
0.014657
0.0142411
0.0146042
0.0137914
0.0150308
0.0184289
0.0174591
0.0134932
0.0182393
0.0177398
0.0136159
0.0140939
0.013428
0.01449
0.0140754
0.0164455
0.0142296
0.0188565
0.01839
0.0156245
0.0143583
0.0152628
0.0133914
0.0179284
0.0194771
0.0137072
0.0176641
0.0148246
0.0148104
0.0174531
0.0182853
0.013214
0.0143617
0.0143247
0.015629
0.0182512
0.0152692
0.0141769
0.0150004
0.0144906
0.0150507
0.0188818
0.0192618
0.0139456
0.0141384
0.014437
0.0135929
0.0181662
0.0182978
0.0133947
0.0145819
0.0144214
0.0154837
0.018662
0.0197205
0.0139165
0.0149139
0.0145217
0.0154856
0.0155207
0.0156811
0.0142742
0.0148733
0.0156522
0.0137502
0.0188414
0.0186428
0.0140122
0.0154996
0.0160701
0.0139127
0.0146417
0.0152809
0.0139168
0.0189183
0.0190309
0.0148851
0.0153591
0.0149432
0.0155037
0.0172486
0.0162989
0.0143955
0.0154639
0.0159375
0.0144211
0.0151018
0.0158885
0.0143764
0.0193968
0.019578
0.014449
0.0148075
0.014896
0.0150205
0.0148029
0.0155041
0.0140427
0.01493
0.0164061
0.0140329
0.0147191
0.0155823
0.0140599
0.0149702
0.0159126
0.0145758
0.0161964
0.0166984
0.0158433
0.01432
0.0186509
0.0195796
0.0140572
0.0155087
0.0151479
0.0149792
0.019422
0.0194738
0.016164
0.0162656
0.0162702
0.0156724
0.0201492
0.0194896
0.0149213
0.0199621
0.0176416
0.0151631
0.01606
0.0162027
0.0148537
0.0152502
0.0158901
0.0143007
0.0157927
0.0160611
0.0159444
0.0196357
0.020015
0.0156343
0.0175724
0.017179
0.0154258
0.016081
0.0165074
0.0151008
0.0156374
0.0165976
0.0151139
0.015871
0.0164523
0.0146731
0.0153004
0.0159611
0.0145498
0.015784
0.0163683
0.014916
0.0183552
0.0193109
0.0204222
0.0189597
0.0220652
0.0200272
0.0200857
0.0158141
0.0158222
0.0169068
0.015106
0.0171511
0.0191795
0.0200804
0.0186695
0.016421
0.0189521
0.0203454
0.0175457
0.0155945
0.0162853
0.0146499
0.0157718
0.016505
0.016355
0.0152301
0.0164123
0.0146863
0.0191799
0.0202025
0.0171424
0.0189505
0.0201633
0.0180955
0.019076
0.0200455
0.0184665
0.0166851
0.0185003
0.0193679
0.0156992
0.0152081
0.0163533
0.0150297
0.0160867
0.017043
0.0151652
0.0159901
0.0169921
0.01518
0.0171245
0.019634
0.0212885
0.0189547
0.0198606
0.0202387
0.0188868
0.0200311
0.0205617
0.0196738
0.0171506
0.0164851
0.0174631
0.0158656
0.0175773
0.0199502
0.02095
0.0193969
0.0173672
0.0173049
0.0179585
0.0171137
0.0152999
0.0196348
0.0204395
0.0192334
0.0199344
0.0209103
0.0190039
0.0172892
0.0159849
0.0169656
0.0152807
0.0159733
0.0171682
0.0156487
0.0157869
0.0164329
0.0152595
0.0179083
0.0193929
0.020413
0.0186819
0.0193071
0.0206669
0.0192546
0.0169912
0.0151914
0.0160456
0.014582
0.019341
0.0206494
0.018664
0.01985
0.0206188
0.0204593
0.0198051
0.0185449
0.0149628
0.0171809
0.0155007
0.016032
0.0148482
0.0171472
0.0193964
0.0205904
0.0188814
0.0192237
0.0202846
0.01846
0.0169303
0.0192746
0.0203658
0.0187838
0.0175903
0.0160046
0.0170767
0.0153283
0.0157741
0.0170644
0.0155876
0.0163417
0.0171822
0.0154599
0.0176769
0.0197909
0.0201797
0.0184578
0.0191555
0.0196825
0.0182623
0.015216
0.0153004
0.0197171
0.0149265
0.0148084
0.0163923
0.0144055
0.0153909
0.016575
0.0148083
0.0150361
0.0162296
0.014439
0.0164013
0.0153865
0.016401
0.0144392
0.0156095
0.0163414
0.0142301
0.0155306
0.0167805
0.0149969
0.0154346
0.0170934
0.0155801
0.0172556
0.0153049
0.0165424
0.0149077
0.0170588
0.0193107
0.02023
0.0189258
0.019802
0.0201509
0.0188298
0.0163284
0.0188389
0.0196703
0.0149514
0.01878
0.0196506
0.0176065
0.019155
0.0202543
0.0185581
0.0151655
0.018837
0.0197023
0.0154176
0.0188716
0.0195249
0.0176641
0.0186987
0.0196513
0.0157214
0.0188359
0.0192089
0.0147148
0.019092
0.0182008
0.0162975
0.0185896
0.0192781
0.0144818
0.0191229
0.0189757
0.0149424
0.0194689
0.0199051
0.0146147
0.0186969
0.018805
0.0140196
0.0184959
0.0180393
0.0147734
0.0147262
0.0141381
0.0140337
0.014868
0.0152171
0.0139523
0.0184544
0.0187099
0.0144292
0.0154179
0.0159504
0.0147311
0.0146741
0.0141662
0.0145393
0.0142591
0.0143423
0.0144331
0.0189769
0.0179662
0.0148364
0.0147348
0.0160917
0.0141902
0.0145605
0.014566
0.0152168
0.0186693
0.0172912
0.0145399
0.0131128
0.0117071
0.0133508
0.0116753
0.0164731
0.0133627
0.0158294
0.0125204
0.012236
0.0126105
0.0118408
0.0101257
0.0155514
0.0102741
0.00931732
0.0105303
0.00775846
0.00914207
0.0118918
0.00881024
0.0069299
0.00746213
0.00685716
0.00726592
0.00658318
0.00656341
0.006181
0.00787605
0.00739251
0.00763632
0.00650629
0.00774507
0.00537766
0.0064689
0.00678645
0.00701758
0.00785572
0.00571707
0.00664007
0.00623674
0.00577998
0.00584409
0.00627892
0.00546582
0.00546613
0.00702233
0.00465224
0.00655412
0.00576997
0.00521843
0.00613359
0.00445529
0.00645391
0.00530183
0.00596396
0.00544975
0.00548523
0.00568666
0.00538687
0.00583386
0.00619493
0.00640187
0.00597462
0.00644192
0.00544808
0.00578589
0.00587134
0.00529441
0.00566262
0.00579065
0.00735737
0.00685035
0.00680299
0.00590495
0.00678976
0.00723895
0.00615488
0.0049159
0.0047142
0.00481273
0.00566846
0.00577346
0.00550526
0.00550273
0.00512346
0.0050608
0.00497076
0.00483904
0.0059632
0.00553133
0.00513293
0.00590615
0.00521185
0.0052639
0.00602927
0.00589878
0.00522878
0.00567973
0.00532542
0.00547686
0.00536007
0.0055989
0.00555037
0.0049575
0.00538574
0.00518376
0.00499575
0.00489691
0.00485924
0.00484626
0.00505743
0.00524907
0.00530921
0.00561372
0.00517978
0.00522909
0.00501039
0.00482473
0.00492085
0.00502395
0.00536391
0.00517939
0.00502554
0.00512753
0.00483016
0.00505114
0.00481242
0.0047099
0.00452312
0.00493416
0.00485823
0.0047533
0.00472134
0.0046278
0.00470658
0.00458353
0.00457834
0.0046749
0.00503917
0.0045691
0.00506545
0.00435274
0.0043435
0.00472445
0.00487513
0.00434978
0.00436421
0.00454103
0.00432986
0.00451469
0.00444382
0.0043132
0.00439143
0.00441509
0.00434829
0.00426178
0.00440461
0.00464045
0.00446495
0.00467496
0.00445459
0.00476039
0.0048272
0.00485671
0.00545696
0.00589754
0.00569631
0.00642512
0.00633973
0.00685653
0.00743498
0.00637913
0.00646788
0.00759193
0.00770234
0.00737972
0.00715426
0.00715784
0.00755845
0.00781552
0.00814072
0.00816976
0.00814155
0.00811846
0.00789594
0.00773709
0.00759834
0.0089504
0.00983968
0.00931581
0.00952664
0.0092786
0.00910736
0.0101052
0.0111848
0.0107624
0.00951303
0.0110492
0.00926789
0.00972585
0.0141875
0.0113275
0.0123951
0.0119849
0.0126696
0.0156648
0.0163655
0.0141211
0.0135986
0.0145256
0.0132476
0.0142405
0.0174501
0.0141345
0.0181085
0.0137498
0.0180397
0.0134114
0.0153432
0.0144241
0.0130009
0.0145144
0.0135629
0.0186065
0.0137155
0.0182224
0.0131488
0.0140566
0.0134936
0.0171725
0.013281
0.0170458
0.0134471
0.0130149
0.0124439
0.0146093
0.0168212
0.01179
0.0167237
0.0135787
0.0172988
0.012128
0.0139408
0.0126595
0.0139728
0.0131248
0.0154677
0.0180858
0.0129793
0.0154298
0.0133396
0.0141577
0.0131249
0.014226
0.0129894
0.0138358
0.0128712
0.0151639
0.0140771
0.013253
0.01466
0.0137377
0.0143052
0.013494
0.0138682
0.0129729
0.0134046
0.012587
0.0136318
0.0128561
0.0140784
0.0128059
0.0137043
0.0126847
0.0139421
0.0135242
0.0152904
0.0146248
0.0140928
0.014919
0.0157324
0.0149341
0.0139816
0.016577
0.0142997
0.014397
0.0148393
0.0133563
0.0148257
0.0135778
0.0186365
0.0140922
0.0151171
0.0134125
0.0139937
0.0141985
0.0137129
0.0184055
0.014042
0.0182821
0.0174032
0.0182708
0.0145805
0.0181541
0.0139767
0.0190008
0.014355
0.0177058
0.0139757
0.0146126
0.0150333
0.0156097
0.0191663
0.0187574
0.0166022
0.0188816
0.0194331
0.0138428
0.0149526
0.0148842
0.0167044
0.0191664
0.0189148
0.0164825
0.0180278
0.016249
0.0168297
0.0181906
0.0157798
0.0163204
0.0148955
0.0159207
0.0150429
0.0152976
0.0155889
0.014266
0.019085
0.018908
0.0162604
0.0189694
0.0192675
0.0145388
0.0188838
0.0205909
0.0150614
0.0146566
0.0154575
0.0140884
0.0148194
0.0153159
0.014938
0.0186416
0.0187055
0.0161952
0.0143194
0.0159125
0.0138999
0.018819
0.0182023
0.0158363
0.0184519
0.020472
0.0157637
0.0182635
0.014944
0.0136526
0.0188682
0.0186318
0.0146667
0.0185739
0.0184353
0.0154479
0.0141116
0.01497
0.0135331
0.015141
0.0147863
0.014844
0.0186431
0.019253
0.0137624
0.0148949
0.0155878
0.0155138
0.0189539
0.0209858
0.015255
0.0155526
0.0150799
0.01597
0.0192952
0.0184144
0.0157097
0.0191717
0.0186267
0.0155765
0.0191671
0.019477
0.0140592
0.019478
0.0186943
0.0155622
0.0190151
0.019367
0.0146501
0.0156926
0.015819
0.0145517
0.0194502
0.0197636
0.0148048
0.0187049
0.0194529
0.014408
0.0174953
0.0160505
0.0142196
0.0192549
0.0197153
0.0144015
0.0153112
0.0162947
0.0138739
0.0149522
0.0160173
0.0141274
0.0148957
0.0152532
0.0142462
0.0144758
0.015465
0.0141394
0.01491
0.0155198
0.0142355
0.0153708
0.0157143
0.0144073
0.0195275
0.0199645
0.0144566
0.0184626
0.0162791
0.014502
0.0149083
0.0159227
0.0145883
0.0188146
0.0198342
0.0141514
0.0193587
0.0192073
0.0141349
0.0187549
0.0176252
0.0146025
0.0152601
0.0156808
0.0143072
0.0196212
0.0196698
0.0150139
0.0148763
0.0159581
0.014351
0.0151072
0.0159795
0.0144204
0.020471
0.0197501
0.0149511
0.015315
0.0159244
0.01486
0.0190991
0.0200633
0.0141929
0.0190451
0.0197588
0.0146476
0.0154645
0.0164877
0.0145311
0.0197165
0.0198347
0.0148988
0.0188996
0.0197943
0.0144697
0.0153655
0.0161518
0.0141736
0.0190536
0.0205478
0.0158526
0.0149831
0.0163061
0.0144946
0.0191558
0.0202568
0.0146156
0.0153514
0.0164757
0.0142148
0.0148908
0.0156982
0.0139564
0.0187621
0.0199998
0.0149828
0.0153235
0.0160963
0.0145661
0.0189838
0.0172351
0.013986
0.0149765
0.0173509
0.0145041
0.0188333
0.0214083
0.0145479
0.0188354
0.0197123
0.0140063
0.0158411
0.0147369
0.0146263
0.0188764
0.0187113
0.0148336
0.0153485
0.0155856
0.0144541
0.0194268
0.0203952
0.0146481
0.0188503
0.0195774
0.0140458
0.0192579
0.0198934
0.0148006
0.0151314
0.0157221
0.0143101
0.0151819
0.0157747
0.0142785
0.0192595
0.019661
0.01545
0.0150597
0.0190534
0.014533
0.0152785
0.0161881
0.014547
0.0190721
0.0198119
0.0151697
0.0159948
0.0160023
0.0145588
0.0197841
0.0204055
0.0151408
0.0157282
0.0164837
0.0148322
0.0154296
0.0163903
0.0145328
0.0195232
0.0201783
0.0169973
0.0155363
0.0162953
0.0150792
0.015706
0.0162959
0.0148819
0.0156774
0.0166804
0.0149662
0.0157214
0.016413
0.0149344
0.0200062
0.0200776
0.0181343
0.0193354
0.0202179
0.0166906
0.0154173
0.0166403
0.017329
0.0154988
0.0165405
0.0149528
0.0155516
0.0161178
0.0147198
0.0199744
0.0204668
0.0154789
0.0196207
0.0204567
0.0155322
0.0157677
0.0165315
0.0167489
0.0197187
0.0205906
0.0196658
0.0195793
0.0202797
0.0171739
0.0197011
0.0205389
0.016579
0.0177808
0.017275
0.015605
0.0199568
0.0208224
0.0158476
0.0198919
0.0208936
0.0189198
0.0175846
0.0188296
0.015728
0.0157532
0.0169239
0.0155331
0.0202385
0.0210326
0.0170379
0.0173695
0.0201895
0.0156223
0.0164993
0.0172775
0.015602
0.0164786
0.0170577
0.0152983
0.0165064
0.0173531
0.0158818
0.0161451
0.0174263
0.0155538
0.0158512
0.016932
0.0153303
0.0159255
0.0167648
0.0152992
0.0161948
0.0168901
0.0150678
0.0159259
0.0172544
0.0151652
0.0205246
0.0207113
0.0192723
0.019621
0.0204354
0.0186712
0.0197254
0.0209294
0.0195689
0.0174998
0.0183626
0.0200197
0.0169267
0.0197489
0.0210658
0.019405
0.020003
0.0209421
0.0197845
0.0197801
0.0206807
0.0161635
0.0170539
0.0159407
0.0239143
0.014996
0.0157264
0.016529
0.0148858
0.0159797
0.01655
0.0153376
0.0159272
0.0166698
0.0152522
0.0162573
0.0171974
0.015614
0.0198505
0.0209045
0.0165061
0.0205182
0.0209407
0.0162271
0.0200547
0.0211244
0.0185889
0.0166948
0.0172602
0.015491
0.0164481
0.0171477
0.0156839
0.0159266
0.0173155
0.0158076
0.0160629
0.0167556
0.0156606
0.0160399
0.0167235
0.015066
0.0205514
0.0169489
0.0161132
0.0165276
0.0179502
0.0150521
0.0155343
0.0165791
0.0149869
0.0159062
0.0178386
0.0149136
0.0154474
0.0161197
0.0146339
0.0152567
0.0161573
0.0143186
0.0155561
0.015672
0.0144994
0.0161159
0.0189487
0.0196126
0.0155827
0.0180756
0.0162963
0.0149059
0.0155435
0.0159665
0.0146225
0.018872
0.0195051
0.0148563
0.0193807
0.019806
0.0151829
0.0148571
0.0158536
0.0142942
0.0151755
0.0155899
0.0143525
0.0148779
0.0153936
0.0142625
0.0186819
0.019537
0.0175703
0.0186426
0.0193212
0.0168378
0.01802
0.0160926
0.0147246
0.0148416
0.0155729
0.0139796
0.014836
0.0156536
0.0146567
0.0188804
0.0194206
0.0162055
0.0145213
0.0153237
0.0139503
0.0149014
0.0153631
0.0146468
0.0186963
0.019161
0.0147858
0.019571
0.0200181
0.0182677
0.0186842
0.019692
0.0168296
0.01511
0.0163519
0.015635
0.0155119
0.0175169
0.0155969
0.0153462
0.0162714
0.0147601
0.0151608
0.0161929
0.0150483
0.0157581
0.0167528
0.0151341
0.015744
0.0165241
0.0151238
0.0158894
0.0165689
0.0152787
0.0190517
0.0204426
0.018102
0.0197175
0.0206629
0.0194629
0.0201344
0.0218148
0.0190538
0.0196403
0.0206753
0.0181456
0.019814
0.0214768
0.0196016
0.020418
0.021797
0.020111
0.0203236
0.0216178
0.0198771
0.0165535
0.0160548
0.0174114
0.0151992
0.0173382
0.0199175
0.0210371
0.0193578
0.0199896
0.0212597
0.0192052
0.0200119
0.0210926
0.0171695
0.0174987
0.0209131
0.0215699
0.0196365
0.0199809
0.0206385
0.0170882
0.0162562
0.0174486
0.0163427
0.0182747
0.020032
0.0213136
0.0197084
0.0164982
0.0204368
0.0216053
0.0200029
0.0205216
0.0216406
0.0196245
0.0203941
0.0215167
0.0196157
0.0175573
0.0159766
0.0178462
0.0160705
0.0178395
0.0206
0.0217018
0.0199334
0.0176557
0.0161763
0.0183315
0.0163753
0.0180836
0.0208439
0.0215102
0.0202384
0.0173758
0.0164655
0.0184459
0.0162435
0.016956
0.017908
0.0161113
0.0165373
0.0175061
0.0157457
0.0177391
0.0207194
0.02318
0.0201383
0.0173402
0.0195641
0.0210645
0.0191988
0.0197261
0.0208915
0.0189012
0.0197131
0.0207599
0.0188328
0.0175432
0.0153089
0.0167813
0.0151191
0.0172164
0.0155877
0.0167285
0.0148108
0.0164663
0.0182769
0.0184679
0.0139185
0.0142049
0.0146878
0.0129181
0.0181057
0.0187148
0.0133955
0.0179628
0.0181056
0.0130106
0.0137269
0.0135063
0.0124887
0.0142142
0.0170486
0.0184889
0.0129066
0.0169329
0.0161209
0.0141005
0.017067
0.017224
0.0119529
0.017088
0.0167994
0.0149386
0.013267
0.0136749
0.0124377
0.0174055
0.0169705
0.014036
0.0136295
0.0132838
0.014631
0.018324
0.017069
0.0147739
0.0179206
0.01677
0.0143154
0.0188088
0.0184069
0.0141764
0.0188145
0.0185819
0.0145993
0.0194256
0.0185968
0.015507
0.0165707
0.0148149
0.0153234
0.0201901
0.0188058
0.0166775
0.02071
0.0192631
0.0157757
0.0209204
0.019491
0.0155569
0.0203604
0.0196718
0.0154496
0.0207866
0.0205073
0.0169979
0.0170593
0.0165262
0.015951
0.0211891
0.0198829
0.0174472
0.0201212
0.0190638
0.0161762
0.0173381
0.0163332
0.0171711
0.0201959
0.0193414
0.0165132
0.0206792
0.0198923
0.0164112
0.0166117
0.0159793
0.0160946
0.0210372
0.0197118
0.016925
0.0174418
0.0155276
0.016926
0.0208369
0.0193232
0.0159787
0.0176364
0.0169096
0.0158
0.0181204
0.0211475
0.0197092
0.0157892
0.0203347
0.019559
0.015953
0.0172926
0.0166944
0.016299
0.0216206
0.0209627
0.0165865
0.017542
0.0167709
0.01662
0.016327
0.0173241
0.0181747
0.0166847
0.0209273
0.0208541
0.0167829
0.0168794
0.0176213
0.0176106
0.0166157
0.0181354
0.0163928
0.0165844
0.0176444
0.0159571
0.0168032
0.0173478
0.0159493
0.017
0.0168966
0.016083
0.0200897
0.0207706
0.0154433
0.0162307
0.0168768
0.0152166
0.016713
0.0168637
0.01577
0.0170869
0.0159555
0.0167265
0.0154808
0.016032
0.016549
0.0151336
0.0165924
0.016065
0.0169477
0.0151663
0.0160116
0.0156611
0.0152911
0.0155569
0.0170098
0.0148292
0.0152898
0.0162098
0.0145192
0.0167993
0.019571
0.0194784
0.0153535
0.0162036
0.0171722
0.0157755
0.0161506
0.016561
0.0161466
0.0156265
0.0166161
0.014916
0.0155242
0.0167496
0.0151034
0.0159925
0.0163649
0.0151469
0.0165797
0.0169565
0.0194062
0.020973
0.0164035
0.0173689
0.0172909
0.0153453
0.0199672
0.0208886
0.0180494
0.0173224
0.0174492
0.0236699
0.0176304
0.0153701
0.0160661
0.0145101
0.01996
0.0185794
0.0176698
0.016185
0.0204738
0.0215558
0.0167091
0.0208093
0.0210728
0.02028
0.0201157
0.0221994
0.0196976
0.0205121
0.0216351
0.0194799
0.0211399
0.0215755
0.019467
0.0199211
0.021983
0.0188956
0.0168188
0.0155577
0.0165866
0.0152075
0.016088
0.0166792
0.0157128
0.016017
0.0171565
0.0152103
0.017337
0.0174334
0.0156892
0.0174312
0.0171125
0.0161375
0.0160624
0.0171328
0.0155571
0.0160115
0.0167428
0.0150291
0.0169074
0.0155712
0.0162631
0.015043
0.0170817
0.0155443
0.0168732
0.015031
0.0160444
0.0168396
0.015353
0.0176931
0.0168872
0.0175024
0.0156592
0.0176456
0.0151923
0.016729
0.0146824
0.0166693
0.0188653
0.0198244
0.0150972
0.0170135
0.0191738
0.0198125
0.0192045
0.0170881
0.0155225
0.020316
0.0161958
0.0181818
0.02052
0.0215405
0.0204916
0.0184635
0.0177339
0.017146
0.0153175
0.0171084
0.0201567
0.0211524
0.0188735
0.017044
0.0173862
0.0179828
0.0176867
0.020353
0.0213901
0.0193319
0.0175315
0.0161081
0.0172473
0.0154847
0.0161318
0.0175785
0.0155599
0.0168768
0.019766
0.0215204
0.0191201
0.0173127
0.0161875
0.0175226
0.0155883
0.0174405
0.0164214
0.0176231
0.0170099
0.0160577
0.0168887
0.0170505
0.0152467
0.0178578
0.0200756
0.0210743
0.0195798
0.0174734
0.0160693
0.0176819
0.0164062
0.0179926
0.0200316
0.0221619
0.0198175
0.0176569
0.0201963
0.0210639
0.0193017
0.0171014
0.0171506
0.0165469
0.0148832
0.0166729
0.0163891
0.0176337
0.0157099
0.0168851
0.0196606
0.0209365
0.0188917
0.0163369
0.016044
0.018648
0.0150453
0.0152959
0.0165556
0.0149845
0.0183493
0.0155626
0.0173741
0.0153445
0.0176824
0.0189948
0.0200944
0.0186745
0.0171913
0.0216019
0.0215021
0.0196047
0.0203532
0.0213578
0.0196987
0.0174611
0.0157068
0.0174518
0.0156513
0.0174708
0.0186659
0.0180758
0.0151156
0.0171108
0.0158572
0.0161864
0.0153905
0.0177762
0.0158194
0.0174065
0.0148821
0.0174727
0.0157145
0.0175158
0.0153816
0.0179652
0.0162086
0.017781
0.0163281
0.0180611
0.0161417
0.0173609
0.0153104
0.0164029
0.0159323
0.0173987
0.0158721
0.015969
0.0166209
0.0144948
0.0164523
0.0161253
0.0179291
0.0156724
0.0179359
0.0207519
0.0211291
0.0199788
0.0215893
0.0226343
0.0200667
0.0179945
0.0172322
0.0182804
0.0156306
0.0176329
0.0186597
0.022201
0.0183756
0.0161794
0.019069
0.0206129
0.0188782
0.0193298
0.0204668
0.0186491
0.0170337
0.0208435
0.0197895
0.0158621
0.0177852
0.0166208
0.0180949
0.0164754
0.017892
0.0199153
0.0208744
0.0183777
0.0193071
0.0198678
0.0191038
0.0193494
0.0199682
0.0190589
0.0198521
0.0203745
0.0188887
0.0168982
0.0194583
0.0208566
0.0184926
0.0169996
0.016271
0.0184249
0.0153244
0.0180355
0.0182509
0.0160836
0.0183597
0.0201009
0.0212433
0.0187394
0.0174498
0.0157175
0.0190751
0.0148529
0.0149599
0.0161933
0.0152164
0.0157562
0.0164389
0.0153683
0.0162652
0.0172481
0.0159625
0.0163979
0.0173006
0.0167663
0.0169946
0.0173998
0.0161936
0.0178737
0.0203181
0.0210706
0.0191728
0.020255
0.0206832
0.019238
0.0194864
0.0211568
0.0195347
0.0201261
0.0212826
0.0192056
0.0198897
0.0199865
0.0217338
0.019683
0.020216
0.0221676
0.0203275
0.0204629
0.0216038
0.0199912
0.0176361
0.0163064
0.0184884
0.0146438
0.0158279
0.0166142
0.0152441
0.0160048
0.0169078
0.0153625
0.0163835
0.0174235
0.0156233
0.0165119
0.0170981
0.0156964
0.016375
0.0176145
0.0161252
0.0177102
0.0177788
0.016241
0.0173364
0.0175188
0.0152477
0.0174695
0.0196734
0.0210941
0.0191357
0.0171302
0.0162469
0.017428
0.0152982
0.0173471
0.0185247
0.019992
0.0212079
0.0194107
0.0200546
0.020873
0.0202098
0.0168183
0.0175841
0.0174584
0.0153415
0.0159596
0.0170445
0.0154439
0.0162531
0.0169099
0.0153361
0.016356
0.0170985
0.0157501
0.0175845
0.0198539
0.0209702
0.0193625
0.016676
0.0163728
0.0178231
0.0160704
0.0166113
0.0175025
0.0157301
0.0185758
0.0165401
0.016028
0.0183076
0.0169078
0.0152992
0.0187462
0.0157242
0.017024
0.0154449
0.0161619
0.0191933
0.0206101
0.0187799
0.0196434
0.0213043
0.0189253
0.0175237
0.0161968
0.0177281
0.0155308
0.0164414
0.0179124
0.0155599
0.016412
0.0176107
0.0163694
0.0173076
0.0185399
0.0161528
0.0190536
0.020326
0.0222239
0.0200735
0.0209337
0.0226465
0.0204009
0.0190398
0.0169434
0.0187905
0.016347
0.0192649
0.0212572
0.0238464
0.021753
0.0183368
0.0246095
0.0245419
0.0216261
0.0182105
0.0178646
0.0196221
0.0177139
0.0194789
0.0220353
0.0245098
0.0225651
0.0215449
0.0221021
0.0242287
0.0223012
0.0216378
0.0186103
0.0208135
0.017887
0.0182589
0.0231583
0.0244868
0.0221023
0.0186295
0.0223587
0.0244083
0.0226994
0.0199556
0.0195989
0.022275
0.0191692
0.018998
0.0238706
0.0243001
0.0251768
0.0227891
0.0227595
0.0241604
0.0241587
0.0229903
0.0195275
0.0193997
0.0244572
0.0188936
0.0187288
0.0196991
0.0217645
0.0195091
0.0193282
0.0233617
0.0250826
0.024067
0.0202785
0.0183546
0.0202182
0.0186162
0.0196549
0.0227684
0.0254398
0.0233098
0.0198946
0.0195349
0.0214938
0.0202594
0.0184982
0.0221981
0.0237735
0.0247984
0.0221942
0.0205562
0.0188462
0.0216175
0.019628
0.018073
0.0225041
0.0235098
0.0213389
0.0180834
0.0226031
0.0226587
0.0207876
0.0180923
0.0195985
0.019421
0.0170022
0.0183479
0.0215337
0.0220531
0.0203416
0.0171609
0.0218112
0.0223072
0.0200471
0.0177335
0.017115
0.0178762
0.0154227
0.0160064
0.0160644
0.0146299
0.0157413
0.0169424
0.0150301
0.0150024
0.01563
0.0154637
0.0164935
0.0151114
0.0129875
0.0151239
0.0129776
0.0155893
0.0128652
0.0138593
0.0136754
0.0118
0.0129427
0.0133707
0.0126489
0.0168162
0.0165121
0.0120643
0.013246
0.0134875
0.013824
0.0124954
0.0170409
0.0165464
0.0137324
0.0137982
0.0133817
0.0148648
0.0176266
0.0176296
0.0142272
0.0137256
0.0127565
0.0151528
0.0182558
0.0167117
0.0141053
0.0171815
0.015441
0.0138877
0.0168368
0.0158963
0.014163
0.0166188
0.0157026
0.0168142
0.0160241
0.0184065
0.0167385
0.013853
0.0125242
0.0111675
0.0127325
0.0116671
0.0127986
0.0114563
0.0126133
0.0107421
0.011549
0.0116457
0.0112558
0.0146341
0.00976187
0.0146247
0.0100182
0.0100487
0.0100273
0.0101159
0.00965485
0.0112996
0.00934685
0.0155931
0.00987269
0.0148877
0.0106266
0.0113077
0.0101119
0.0116004
0.0100468
0.015365
0.0103423
0.0114623
0.00962683
0.0109501
0.00963624
0.0149579
0.00946281
0.0149291
0.0105619
0.011533
0.00998553
0.0110469
0.0100101
0.0118085
0.010295
0.0115207
0.0102286
0.0117884
0.0104154
0.0116567
0.010484
0.011541
0.0108046
0.0159134
0.0105097
0.0118712
0.0104877
0.0164122
0.0150112
0.0131681
0.0162428
0.0118695
0.0130275
0.0114331
0.0138444
0.0130323
0.0137324
0.0139667
0.0117158
0.0131279
0.011857
0.0170801
0.0156567
0.0170783
0.0132768
0.0169658
0.0135886
0.0129971
0.0117919
0.0131216
0.0124058
0.0132524
0.0121924
0.0134327
0.0120717
0.0137465
0.0127938
0.0145011
0.0172819
0.0165408
0.0143945
0.0177643
0.0163602
0.0179493
0.0162802
0.0133752
0.0128887
0.0119423
0.0134593
0.0167791
0.0153067
0.0135489
0.0158784
0.016341
0.0109218
0.0171571
0.016273
0.013853
0.0121313
0.0115854
0.0127736
0.0165055
0.0157224
0.0132031
0.0163485
0.0134485
0.0123854
0.0160753
0.0147337
0.0109189
0.0156182
0.0147539
0.0121712
0.0161168
0.0147575
0.0118655
0.0158789
0.0153724
0.0141685
0.0116382
0.0104542
0.00934255
0.0107277
0.0137637
0.00976489
0.0113234
0.00969455
0.010924
0.0106566
0.00933011
0.014604
0.0110527
0.0131036
0.011263
0.0128668
0.0155491
0.0149342
0.0127874
0.0153115
0.015401
0.0127608
0.0157573
0.0162032
0.014089
0.0136249
0.0119698
0.0133698
0.0123397
0.0119193
0.0137619
0.0168889
0.016267
0.0122068
0.0171671
0.0156001
0.0144089
0.0126003
0.0133183
0.0118556
0.0171567
0.0165721
0.0140333
0.0133813
0.012872
0.0144833
0.0179183
0.0163693
0.0181862
0.0175098
0.0135966
0.0160941
0.0128349
0.0142422
0.0176879
0.0164167
0.0130394
0.0181237
0.0171792
0.0151875
0.0133614
0.0124326
0.0144679
0.0176672
0.0165438
0.0145406
0.0140911
0.0132218
0.0148497
0.0179053
0.0175319
0.0128012
0.0175622
0.017647
0.0129654
0.013574
0.0141015
0.0121786
0.01331
0.0140165
0.012301
0.0177931
0.016721
0.0141735
0.017064
0.0173643
0.012378
0.0134655
0.0129868
0.0116157
0.0133602
0.0131871
0.0116322
0.0143968
0.0119214
0.013163
0.0169216
0.0158142
0.0131357
0.0130353
0.0131907
0.014232
0.014208
0.0135477
0.0129729
0.0122233
0.0132871
0.0129215
0.0145956
0.0172949
0.0177535
0.0172712
0.0146693
0.0145816
0.0160761
0.0123155
0.0130735
0.0121137
0.013811
0.0133582
0.0152812
0.0147449
0.0139178
0.0135109
0.0144319
0.0138628
0.014438
0.0138727
0.0148007
0.0146742
0.0132215
0.0186686
0.0177738
0.0186223
0.0177437
0.0143343
0.0145151
0.0166355
0.0139158
0.0184735
0.0175052
0.0147565
0.01804
0.0168712
0.0119786
0.0169894
0.0172148
0.0131346
0.0151669
0.0129496
0.0138295
0.0160354
0.0150843
0.012623
0.0157016
0.0155848
0.0130713
0.0127102
0.0119156
0.0131492
0.015996
0.0151627
0.0113216
0.0121768
0.0107442
0.0123237
0.0107458
0.0127246
0.0139075
0.0128656
0.0102284
0.0156307
0.0110761
0.0126222
0.0117157
0.0112591
0.0122297
0.0115863
0.0172049
0.0171485
0.012064
0.013498
0.0120225
0.0176907
0.0163356
0.0138932
0.0132632
0.0149833
0.0139496
0.0135716
0.0150421
0.0142579
0.0148644
0.0146835
0.0178297
0.0169221
0.0183019
0.0178719
0.0126124
0.016769
0.0130096
0.0145669
0.0175595
0.0152456
0.0174827
0.0165726
0.0141562
0.0178614
0.0170185
0.0178959
0.017701
0.0158167
0.0162833
0.0163845
0.0164767
0.01688
0.016215
0.0165774
0.0165707
0.016616
0.014107
0.015361
0.013841
0.0195142
0.0167223
0.015222
0.0177014
0.0173798
0.014753
0.0131407
0.0131578
0.0132542
0.0168353
0.0172729
0.0148676
0.0132316
0.0136373
0.0132256
0.017317
0.0175463
0.0143668
0.017715
0.0172254
0.0146504
0.0132533
0.0141906
0.0146507
0.0156669
0.0175045
0.0193094
0.0138277
0.0163089
0.0166577
0.0170308
0.0144341
0.01583
0.0143605
0.0149395
0.016083
0.0146692
0.0150496
0.0163672
0.0149566
0.0149579
0.0163201
0.0156722
0.0144397
0.0152316
0.018778
0.0137486
0.0143235
0.014943
0.0133509
0.0139363
0.014696
0.0133339
0.0181525
0.0190561
0.0132519
0.0139671
0.0144388
0.0125106
0.0141657
0.0145464
0.0133815
0.0132874
0.0141956
0.0124077
0.0149019
0.0141051
0.0135232
0.0141604
0.0136212
0.0143878
0.0127467
0.0146586
0.0131585
0.0144478
0.0131565
0.0144932
0.0154355
0.0136111
0.0136123
0.0140387
0.012258
0.0131273
0.0137262
0.0125248
0.0126636
0.014659
0.0127766
0.0133655
0.0145499
0.0135577
0.0155751
0.0164285
0.0166174
0.0169912
0.0171554
0.0148353
0.0162001
0.0150399
0.0170382
0.0175885
0.0176264
0.0187207
0.0160162
0.0154764
0.0167545
0.0154097
0.0173526
0.0171323
0.0186434
0.017401
0.0139057
0.013908
0.0153917
0.0141066
0.0142462
0.0153168
0.0140717
0.0154772
0.0140397
0.0152233
0.0132063
0.0159607
0.0173311
0.0193632
0.0182775
0.0179657
0.0189988
0.0180137
0.0138146
0.0140971
0.0152889
0.0137341
0.0143983
0.0155107
0.0147179
0.016952
0.0189364
0.0202592
0.0186359
0.0169955
0.0174457
0.0157276
0.0149737
0.0196312
0.0205374
0.0182087
0.0189037
0.0201729
0.0191841
0.0152011
0.0191147
0.0204666
0.0194039
0.0147756
0.0197276
0.0196705
0.0181537
0.0141427
0.014141
0.0155317
0.0137422
0.0148457
0.0147435
0.0130347
0.0159581
0.0174188
0.0179284
0.0139856
0.0174758
0.0179688
0.0140832
0.0159592
0.0185062
0.0196531
0.0182601
0.0187766
0.0200751
0.0188185
0.0159011
0.0154044
0.0145792
0.0133916
0.014958
0.0143062
0.0147482
0.0132621
0.0147665
0.0172108
0.0179719
0.0162182
0.0171387
0.0180206
0.0162698
0.0144841
0.0131352
0.0150235
0.0136687
0.0137485
0.0152618
0.0143281
0.0160062
0.0178986
0.018926
0.017193
0.018444
0.0201156
0.0186076
0.01687
0.0176278
0.0179399
0.0170086
0.0168203
0.0191523
0.0210242
0.0187085
0.0169701
0.0151301
0.0159718
0.014072
0.015085
0.0180761
0.0173958
0.0154264
0.0137137
0.0125888
0.0133776
0.0117365
0.013116
0.0133324
0.0123038
0.012724
0.0137377
0.0121712
0.0144662
0.012365
0.0141947
0.0117287
0.0123692
0.0144453
0.0132876
0.0174951
0.0191492
0.0175885
0.0182851
0.0199745
0.018861
0.0161
0.0186649
0.0207047
0.0184876
0.014072
0.0179833
0.0194001
0.0181233
0.0130955
0.0169346
0.0184802
0.0177228
0.0164662
0.0165198
0.0180185
0.0189219
0.0175419
0.0137967
0.0175292
0.0187691
0.01698
0.014583
0.0174003
0.0188883
0.0171808
0.0177186
0.0186371
0.0176162
0.0166812
0.0181368
0.018978
0.0183657
0.0157167
0.0177812
0.0190733
0.0170538
0.0131817
0.0168053
0.0177163
0.0159403
0.0164693
0.017729
0.0158682
0.0161744
0.0172677
0.0126376
0.0173444
0.0181898
0.0152082
0.0145312
0.0150898
0.0151434
0.0130371
0.0138542
0.0125627
0.0126135
0.0140223
0.0136759
0.0152832
0.0133735
0.0142504
0.0130753
0.0140129
0.015284
0.0147852
0.015222
0.0193735
0.0199038
0.0194671
0.0173438
0.0181052
0.0197254
0.0180087
0.0135251
0.0127654
0.0135566
0.0122963
0.013001
0.0147197
0.0130561
0.0141998
0.0147856
0.0141862
0.0134172
0.0172442
0.0158781
0.0127567
0.0145445
0.0165741
0.0174639
0.015514
0.0166841
0.0145491
0.0161149
0.0152686
0.0162636
0.0189802
0.0200301
0.0191229
0.0168278
0.0152258
0.0163237
0.0146748
0.0159843
0.0151371
0.0167432
0.0131795
0.0145446
0.0177383
0.018718
0.0174568
0.0155034
0.0171942
0.0181753
0.0170496
0.014481
0.0167848
0.0177435
0.0158873
0.016878
0.01822
0.0170239
0.0173144
0.0155315
0.016728
0.0152325
0.0173898
0.0190942
0.0207964
0.0191475
0.0162859
0.016746
0.0178079
0.0162103
0.0175184
0.0191415
0.018295
0.0193977
0.0214328
0.0187532
0.0181941
0.0151591
0.0199411
0.0152694
0.0153699
0.0196949
0.0208126
0.0189599
0.0149397
0.0181836
0.0194664
0.0180795
0.0169083
0.0144042
0.0150193
0.0141926
0.0166169
0.0155413
0.015928
0.0145908
0.0162456
0.0189202
0.0203913
0.0184954
0.0157992
0.014395
0.0169164
0.0147451
0.0146937
0.0163443
0.0142442
0.016555
0.0187949
0.0199909
0.0205798
0.0185232
0.0195422
0.0185406
0.0148299
0.0143357
0.0160571
0.0146808
0.0149981
0.0179369
0.0192999
0.017178
0.0187985
0.019105
0.017599
0.0183875
0.0189334
0.0174992
0.0165487
0.0186074
0.0202703
0.0186263
0.0169564
0.0183389
0.0164605
0.0155907
0.0165882
0.0189236
0.0206274
0.0192369
0.0156539
0.0154825
0.0170746
0.0157162
0.0171385
0.0159387
0.0171142
0.0165965
0.0146993
0.0147601
0.0166196
0.0158546
0.0156959
0.0153827
0.0166524
0.0156083
0.0156974
0.0143553
0.0156651
0.0147843
0.0143262
0.0178662
0.0196542
0.0186908
0.0148976
0.0143369
0.0161643
0.0147434
0.0155735
0.0189596
0.0197431
0.0182977
0.0183527
0.0176599
0.0192406
0.0179008
0.0138429
0.014122
0.0160363
0.0148906
0.0146016
0.0141019
0.0157314
0.0142904
0.0149236
0.0179576
0.01965
0.0189353
0.0147734
0.0140076
0.0155796
0.0142872
0.0138537
0.0180428
0.0193058
0.018379
0.0183944
0.0172424
0.015561
0.0143758
0.0141368
0.0142346
0.0156169
0.0143014
0.0138554
0.0180205
0.0196173
0.0180001
0.0144572
0.0146099
0.016431
0.0143972
0.0149856
0.0189702
0.0206829
0.0196065
0.015983
0.0150075
0.0167421
0.017841
0.0151711
0.0145188
0.0163037
0.0145339
0.0147215
0.0182635
0.0195819
0.0180702
0.0147952
0.0180969
0.020658
0.0188911
0.0166719
0.0176066
0.015958
0.0167569
0.0159867
0.0183873
0.0197346
0.0181598
0.0145237
0.0184632
0.0201194
0.018441
0.0142727
0.0144235
0.015742
0.0144683
0.0151608
0.0182639
0.0200257
0.0186123
0.0151439
0.0166743
0.0165952
0.0150872
0.0159472
0.0182972
0.0196513
0.0182029
0.0150353
0.0183919
0.019186
0.0176823
0.0157257
0.0138902
0.0151523
0.013923
0.0139681
0.0180623
0.0189115
0.0181252
0.014792
0.0144277
0.0182667
0.0131632
0.0151623
0.0175858
0.0190825
0.0182369
0.0141766
0.014401
0.0156418
0.0142923
0.0148815
0.0182459
0.0198466
0.0183702
0.0142734
0.0143965
0.015747
0.0140114
0.0154827
0.0184178
0.016696
0.0151296
0.0144288
0.0187753
0.0200691
0.0191614
0.0152172
0.0147494
0.0163243
0.0153563
0.014734
0.0188661
0.0201423
0.0182475
0.014711
0.0146304
0.0162248
0.0144088
0.0147926
0.0184429


