0.0163481
0.0297427
0.0277661
0.0288217
0.0282115
0.031674
0.0293069
0.031214
0.0327954
0.0320162
0.030604
0.0315639
0.0294809
0.0284803
0.0297264
0.0291812
0.0308541
0.0310437
0.0288163
0.0296644
0.032981
0.0307057
0.0301745
0.0285239
0.0319656
0.0328471
0.0341892
0.0319128
0.0305334
0.0298078
0.0285975
0.0303356
0.0313132
0.0312158
0.0317646
0.031331
0.0292483
0.0310925
0.0362344
0.0274961
0.0305422
0.0302512
0.0266416
0.0290857
0.0307468
0.0294455
0.0302316
0.027542
0.0300215
0.0262449
0.031221
0.0338465
0.0293986
0.033099
0.0283593
0.0278294
0.0307401
0.0299859
0.0266862
0.0306759
0.0300335
0.0301147
0.030211
0.0253029
0.0314301
0.0300158
0.0279471
0.0299522
0.0287999
0.0315411
0.0285525
0.0297185
0.0292649
0.0289255
0.0294464
0.0298704
0.0298115
0.0306487
0.0272419
0.032648
0.0298564
0.0295026
0.0301957
0.032082
0.0330829
0.0305535
0.0300323
0.0343726
0.031158
0.0271824
0.0320478
0.0284687
0.0342194
0.0293115
0.0301512
0.0300179
0.0290024
0.0287098
0.0298567
0.0314598
0.0315735
0.0283128
0.0343696
0.0320596
0.0350806
0.0300942
0.0304741
0.0300486
0.0306237
0.0358645
0.0328317
0.0329456
0.0294351
0.0299314
0.0292344
0.0308707
0.0305363
0.0292816
0.0303117
0.0303704
0.0296008
0.0323474
0.0303679
0.029261
0.0282748
0.0282767
0.0298329
0.0287834
0.0306205
0.0298697
0.0328694
0.0294923
0.0250594
0.0272014
0.0288023
0.0277077
0.0276785
0.0245497
0.0245298
0.0284742
0.0266468
0.0256816
0.033887
0.0320465
0.0374372
0.0346354
0.0360011
0.0345978
0.0338323
0.0345182
0.034003
0.035249
0.0358858
0.0328014
0.0394945
0.0395862
0.0397721
0.0405191
0.0388591
0.0395542
0.0390857
0.0394923
0.0394792
0.038673
0.0375478
0.0436489
0.0389431
0.0360981
0.0429493
0.0385742
0.0398014
0.0401586
0.0425309
0.0426866
0.0381355
0.0377045
0.0377324
0.0414862
0.0354675
0.0357093
0.037908
0.0400048
0.0343684
0.0335248
0.0397581
0.0359667
0.0387346
0.0366377
0.0380924
0.0370556
0.0381481
0.036493
0.0355454
0.035089
0.0385541
0.0345513
0.0354155
0.0378729
0.0352303
0.0389924
0.0351502
0.0357662
0.0339676
0.0355163
0.0335221
0.0323193
0.0338433
0.0324976
0.0304477
0.0283787
0.0297444
0.0312267
0.0294933
0.0331936
0.0297501
0.0286875
0.0291174
0.0297787
0.0274725
0.0282086
0.0253371
0.0300761
0.0287588
0.039668
0.0383393
0.0367636
0.0349303
0.0344197
0.0373956
0.0345273
0.0333567
0.0374735
0.0351453
0.0336101
0.034221
0.032353
0.0362381
0.0352665
0.0319837
0.0338007
0.0333369
0.0369516
0.0330081
0.0346264
0.0356464
0.0321685
0.0320345
0.0322764
0.0326703
0.0345303
0.0332709
0.0305026
0.0300659
0.0321317
0.030343
0.0343799
0.0322979
0.0295536
0.0332037
0.0347333
0.0319803
0.0337588
0.0329656
0.0317995
0.0327886
0.0320669
0.0315229
0.031743
0.034949
0.0305635
0.0295332
0.0333034
0.0311619
0.032866
0.033112
0.0329892
0.0341294
0.0334386
0.0342093
0.0373003
0.0387177
0.0330714
0.0332152
0.0367524
0.0351735
0.0376373
0.0301877
0.0349463
0.0311912
0.033598
0.0339211
0.034796
0.0385665
0.0358122
0.0356439
0.0356923
0.036643
0.0367622
0.0329917
0.0311756
0.0303276
0.0291727
0.0302317
0.0410701
0.0416415
0.0348604
0.0365159
0.0378595
0.0370158
0.0344866
0.0338963
0.0337582
0.0333636
0.036912
0.0302989
0.032199
0.0324977
0.0327286
0.03043
0.0315225
0.03143
0.0344439
0.0343065
0.032373
0.0313877
0.0305831
0.0298802
0.0306048
0.0287153
0.0291986
0.0293788
0.0295074
0.0267159
0.0385165
0.0395202
0.0417212
0.0391124
0.0408626
0.035928
0.0386844
0.037786
0.039441
0.0356411
0.0334364
0.0300492
0.0317729
0.0304402
0.0314246
0.0320475
0.0342535
0.0354609
0.0319494
0.0310508
0.0274386
0.0308625
0.0304658
0.0359253
0.0325568
0.0345078
0.0324678
0.0353487
0.0326185
0.0327334
0.0299872
0.0337873
0.0310842
0.0298566
0.02861
0.0268056
0.0288068
0.0304821
0.0285231
0.0275663
0.0258701
0.0354489
0.0329851
0.0347344
0.03292
0.0330025
0.0336013
0.0292846
0.0308275
0.0290212
0.0293218
0.0264012
0.0266595
0.0252601
0.0277022
0.025777
0.0254457
0.0243131
0.0360091
0.0407187
0.0371686
0.0379496
0.0342094
0.0359332
0.0338967
0.0354858
0.0343862
0.0344857
0.0354163
0.0326757
0.0331285
0.0316852
0.0322558
0.0306823
0.0330732
0.0301878
0.0292467
0.031417
0.0308994
0.0294673
0.0323241
0.0295697
0.0279089
0.0287624
0.0310769
0.0289183
0.0331181
0.0280297
0.0315263
0.032556
0.0299669
0.0320142
0.0332093
0.0330762
0.0298482
0.0336448
0.0315011
0.0357127
0.0335026
0.0308822
0.0271854
0.0336517
0.0310514
0.0310497
0.0315681
0.0315762
0.0314352
0.0296308
0.0296505
0.0311161
0.0292002
0.0282035
0.0279199
0.0291116
0.0280365
0.0270176
0.0289805
0.0286719
0.0314628
0.0323954
0.0288677
0.0357635
0.0347059
0.0388229
0.0366527
0.0346004
0.0379846
0.0360113
0.0338772
0.0376722
0.0309564
0.0353749
0.0349621
0.0397834
0.0375048
0.0409344
0.0365604
0.0368689
0.0395101
0.0347387
0.0379476
0.0363826
0.0378286
0.0387163
0.0382882
0.0377672
0.0383218
0.0342377
0.0384479
0.0397908
0.035924
0.0351071
0.0336347
0.0362532
0.0370176
0.0341437
0.0375489
0.0363763
0.0337407
0.033872
0.0360654
0.0423095
0.0339859
0.0353423
0.0342241
0.0370042
0.0369466
0.0380475
0.0347758
0.0399403
0.0385764
0.0375998
0.0383595
0.0337225
0.0363265
0.0380429
0.038409
0.0357407
0.0354597
0.0343919
0.0331709
0.0330817
0.0314824
0.0295767
0.0326606
0.029317
0.0293749
0.0316707
0.0313168
0.0296377
0.0303736
0.0305133
0.0366948
0.0392651
0.0403214
0.0340895
0.0382253
0.0401902
0.0388728
0.0410194
0.0392251
0.0406619
0.0386315
0.0360245
0.0378834
0.0379539
0.0344918
0.0305383
0.0302728
0.0291388
0.030991
0.0263192
0.027125
0.0262054
0.0274904
0.0274208
0.0266506
0.0353899
0.0334243
0.0386952
0.0345982
0.0345301
0.0313647
0.0329289
0.0342693
0.0359109
0.0340153
0.0334946
0.0360082
0.0343678
0.0335261
0.0318621
0.0351884
0.0404086
0.0352003
0.0332549
0.0371962
0.0365625
0.0392826
0.0350674
0.0318555
0.0340748
0.0344165
0.0369187
0.0329706
0.0300406
0.0330881
0.0290759
0.0324586
0.0317907
0.0290919
0.0322769
0.0302737
0.0322864
0.0318221
0.0306813
0.0336033
0.0325726
0.0337295
0.0354763
0.0376634
0.0353652
0.037922
0.0377014
0.0420391
0.0381448
0.0396005
0.0387331
0.0378261
0.0339953
0.0355399
0.037789
0.0294683
0.0374275
0.0288764
0.0298136
0.0272414
0.0253251
0.0299499
0.0313558
0.036667
0.038123
0.0381975
0.0376331
0.0381625
0.0391322
0.0350163
0.0369828
0.0377746
0.0341965
0.0373276
0.0369437
0.0409196
0.039714
0.0388767
0.0385586
0.0378608
0.0396241
0.0329809
0.0385311
0.0385857
0.0389985
0.0382245
0.0388882
0.040702
0.0387712
0.0379719
0.0374861
0.038216
0.0407398
0.0428878
0.0395067
0.0376391
0.0397035
0.0344838
0.0404635
0.0364335
0.0355022
0.0340302
0.0299573
0.0286629
0.0302713
0.0344059
0.0380169
0.0356521
0.0393632
0.0326417
0.0358279
0.03716
0.0341591
0.0321287
0.0346536
0.0357442
0.0299008
0.0276905
0.0305475
0.0308664
0.03421
0.0322721
0.0372255
0.03659
0.037812
0.0390895
0.0367581
0.0358629
0.0359526
0.037501
0.0374135
0.0377744
0.0327793
0.0276477
0.0362078
0.0353488
0.0351623
0.0339104
0.0350506
0.0350402
0.0341702
0.0356803
0.0318533
0.0306254
0.0327493
0.0299683
0.0349849
0.0279285
0.0294293
0.0341545
0.0371655
0.0395052
0.0404032
0.0415346
0.0380347
0.0372896
0.0368628
0.0388887
0.0377315
0.0368489
0.0362041
0.0374902
0.0338756
0.036082
0.0282336
0.0322115
0.0368912
0.041065
0.0417884
0.0384175
0.032942
0.0357752
0.0356691
0.034361
0.0335166
0.0316044
0.0303495
0.0334262
0.0339657
0.03274
0.0321866
0.0304569
0.0346757
0.0319352
0.0329311
0.0336955
0.034502
0.0347013
0.0386363
0.0330436
0.0359104
0.0375941
0.0376493
0.0377832
0.0355573
0.0364647
0.0415109
0.038117
0.0429166
0.0390892
0.0392678
0.0386141
0.0344834
0.0360075
0.0383437
0.036428
0.0353232
0.0382613
0.0393009
0.038219
0.0447926
0.0430369
0.0395188
0.0400364
0.0461182
0.0425393
0.0402384
0.0384726
0.0410458
0.0366462
0.0400468
0.0407469
0.0412568
0.0435838
0.0406992
0.0369845
0.0374266
0.039138
0.0415252
0.0433395
0.0387503
0.039883
0.0401683
0.0391476
0.041952
0.0408928
0.043055
0.0431988
0.0444245
0.0425354
0.0409367
0.0422168
0.0398718
0.0383823
0.0393809
0.0381568
0.0362908
0.0371546
0.0377503
0.0349441
0.0336983
0.0339085
0.0362781
0.037771
0.0339815
0.0352238
0.0375348
0.037991
0.0384345
0.0380716
0.040864
0.0368289
0.0369706
0.0390327
0.0376504
0.0367469
0.0373592
0.0397033
0.0365884
0.0398935
0.0356012
0.0365433
0.0411385
0.0374129
0.0356398
0.0381452
0.0386231
0.0398595
0.0339353
0.0404971
0.0359305
0.0399366
0.0427183
0.0376975
0.0367126
0.0362299
0.0430657
0.0378931
0.0414065
0.0340821
0.0392953
0.0357308
0.0391695
0.0352167
0.0365817
0.0346342
0.0345055
0.0338065
0.0348334
0.0351254
0.0347006
0.0343662
0.037753
0.0357557
0.0371778
0.0394032
0.0392121
0.0372866
0.0381897
0.0362094
0.0354287
0.0419257
0.0376839
0.0419239
0.0365629
0.0384019
0.0420592
0.040589
0.0374319
0.0422933
0.0396894
0.0383236
0.0365233
0.0373834
0.039529
0.0339965
0.035681
0.0358798
0.0379046
0.0322364
0.0333558
0.0356584
0.0359248
0.0360267
0.0313626
0.0319386
0.0341007
0.0320631
0.0306841
0.0263921
0.0284203
0.026791
0.0284916
0.0380011
0.041005
0.0370362
0.0349028
0.0390224
0.0330205
0.0363575
0.0327963
0.031638
0.0273613
0.0291547
0.0322078
0.026783
0.0271699
0.0270971
0.0328812
0.0325826
0.0376399
0.0322201
0.0296919
0.026433
0.025445
0.0374474
0.031746
0.0353448
0.0311877
0.0269468
0.0248933
0.0233819
0.0275783
0.0229452
0.022048
0.0195294
0.0196382
0.0189226
0.017634
0.0167874
0.0173946
0.0159095
0.0201465
0.0231995
0.0222136
0.020197
0.0202691
0.0182843
0.0174752
0.0173128
0.0160636
0.0149734
0.0152375
0.0133909
0.0159544
0.0216557
0.0235668
0.0215894
0.0243069
0.0227447
0.0243254
0.0227264
0.0247032
0.0225239
0.0292419
0.0319841
0.0307621
0.0335921
0.0312038
0.030284
0.032375
0.0360353
0.0357817
0.0385623
0.037282
0.0375801
0.0437002
0.0406084
0.0371454
0.0392614
0.044155
0.0418843
0.0445526
0.0429343
0.0390142
0.0413406
0.04643
0.0411514
0.0392587
0.0387142
0.0401606
0.0368817
0.0392826
0.0356088
0.0389165
0.0408741
0.0374129
0.038713
0.0384901
0.0340632
0.0388301
0.044559
0.0428357
0.0430296
0.041271
0.0420448
0.0354865
0.0377787
0.0385874
0.0358139
0.0387861
0.0359399
0.0427998
0.0410792
0.0399212
0.0367718
0.0369735
0.0329188
0.0348492
0.0347831
0.0320107
0.0334734
0.0323618
0.0312225
0.0335184
0.0327327
0.035202
0.0336967
0.0333983
0.0286137
0.0414733
0.039523
0.0322284
0.034551
0.0330352
0.0300854
0.0384627
0.0327461
0.0374163
0.040632
0.0372058
0.0365785
0.035403
0.0353834
0.0379092
0.0401607
0.0388558
0.0374015
0.0368157
0.0340302
0.0380742
0.0390629
0.0355296
0.0334534
0.0372779
0.0346664
0.0366668
0.0427776
0.0348101
0.0360727
0.0373892
0.0348162
0.0324613
0.0363212
0.0337352
0.0341314
0.0376459
0.0386422
0.0383615
0.0381953
0.0367499
0.0377172
0.0329683
0.0358604
0.0345969
0.0337616
0.0346983
0.0345544
0.0350356
0.0391303
0.0375068
0.0365121
0.0376056
0.0390597
0.0380301
0.0342516
0.0330923
0.0291332
0.0290104
0.0326576
0.0339431
0.0348424
0.0412646
0.0375851
0.033767
0.0359677
0.0325224
0.0296829
0.0353444
0.0314564
0.03335
0.0319389
0.0307578
0.0307114
0.0355627
0.0353993
0.0309276
0.0301098
0.030672
0.0306949
0.0349405
0.0340182
0.0310981
0.0283426
0.0359604
0.032643
0.0322069
0.0335577
0.03178
0.0318909
0.0295539
0.0294688
0.025008
0.0362531
0.0315309
0.0333902
0.0330519
0.030343
0.0303302
0.0296841
0.023728
0.0312485
0.0338823
0.0303255
0.0319973
0.0320104
0.0293983
0.0291691
0.0314294
0.0274482
0.0322795
0.033569
0.0342149
0.0326427
0.0294349
0.0337514
0.0316986
0.0363256
0.0314302
0.0330225
0.0369192
0.0333689
0.0318486
0.0324762
0.030497
0.0290648
0.0276024
0.0274934
0.0294811
0.0261371
0.0233182
0.0221922
0.0221898
0.0221922
0.0220787
0.0209917
0.0195119
0.0214467
0.0202424
0.0222263
0.0211074
0.0163944
0.0189656
0.0178679
0.0182192
0.0172509
0.0170311
0.0164443
0.0163973
0.0142431
0.0167536
0.0184308
0.0184709
0.0206446
0.0178413
0.0199826
0.0174672
0.0180533
0.0191108
0.0170167
0.0170092
0.0170644
0.0167576
0.0167649
0.0165992
0.0160569
0.0162672
0.0161314
0.0160275
0.016339
0.0150101
0.0171759
0.0176713
0.0181487
0.0174767
0.0184422
0.0175697
0.0178278
0.017922
0.0178133
0.0189968
0.0188295
0.0168308
0.0168958
0.0170526
0.0168812
0.0178867
0.0167304
0.0169621
0.0185078
0.0171871
0.0171481
0.0168379
0.0171891
0.0166783
0.0152833
0.0163133
0.0157344
0.0168528
0.0161175
0.0159503
0.0179367
0.0158985
0.0153841
0.016209
0.0161638
0.0162265
0.0157955
0.0166423
0.0159961
0.0160002
0.0163198
0.0172826
0.0165358
0.0158152
0.0155713
0.0152617
0.0167404
0.0160793
0.01557
0.0172535
0.0163018
0.017113
0.016783
0.0167863
0.0169693
0.0172592
0.0166018
0.016278
0.0161349
0.0161999
0.0172045
0.0157376
0.0170122
0.0176293
0.0154547
0.0157645
0.0160532
0.0175569
0.0161174
0.0175866
0.0162182
0.0160258
0.015907
0.0158705
0.0157964
0.0155248
0.015718
0.0156782
0.0155439
0.0151434
0.0148207
0.0157943
0.0155162
0.0157793
0.0149664
0.0152571
0.0160333
0.0196314
0.01746
0.0187342
0.0183917
0.0193418
0.0169907
0.0178463
0.0182529
0.017247
0.0176587
0.0174494
0.0170076
0.0164966
0.0161972
0.0154418
0.0159132
0.0163874
0.0161221
0.0158775
0.0159953
0.0159569
0.0172094
0.0148263
0.0188693
0.0158508
0.0156685
0.0146043
0.0157247
0.014705
0.0143874
0.0148053
0.015269
0.0148958
0.0177475
0.0196542
0.0195206
0.0215219
0.0174361
0.0181458
0.0243544
0.0254933
0.0259097
0.0267865
0.0261943
0.0220453
0.0235187
0.0201718
0.0273194
0.0265705
0.0261051
0.0254805
0.0220138
0.0227181
0.0226422
0.0203434
0.0203728
0.0194033
0.0218087
0.0236461
0.023324
0.0201858
0.0202109
0.0218164
0.0188222
0.017796
0.0206828
0.0176061
0.0189598
0.0198261
0.0215003
0.0198623
0.0203923
0.0179925
0.0175904
0.0182921
0.0176048
0.0169025
0.0165601
0.0172455
0.0165767
0.0162125
0.016253
0.0160698
0.01894
0.0190007
0.020399
0.0174467
0.0176016
0.0200441
0.0174011
0.0199065
0.0167753
0.0175481
0.0166846
0.016744
0.0173
0.0171522
0.0168895
0.0160855
0.0159942
0.016637
0.0150168
0.016598
0.017118
0.0163597
0.0181632
0.0155131
0.0160519
0.0159425
0.0168386
0.0157058
0.0169162
0.0177527
0.0153405
0.0159589
0.0154671
0.0151742
0.0155226
0.0153393
0.015351
0.0159787
0.0162945
0.0161395
0.0159483
0.0157065
0.0157171
0.0171839
0.0200633
0.0192325
0.018257
0.0207366
0.0219077
0.0183181
0.0205098
0.0181767
0.017744
0.0192321
0.0185641
0.0172557
0.0155475
0.0177405
0.0168493
0.0176962
0.0179537
0.0186724
0.0172142
0.0164564
0.0200737
0.0170939
0.0160225
0.016313
0.0159346
0.0169119
0.0150647
0.0154088
0.0167575
0.0159969
0.0174385
0.0159763
0.0155091
0.016939
0.0154456
0.015501
0.0158312
0.0158708
0.0151041
0.0156254
0.0157976
0.0151489
0.0146129
0.0153948
0.0153895
0.0148948
0.0181691
0.0183765
0.0201423
0.019641
0.0201343
0.0200826
0.0182674
0.019317
0.0180672
0.0169696
0.0178263
0.0186417
0.0178081
0.0173452
0.0176356
0.0197671
0.0177137
0.0204796
0.0175522
0.0176357
0.0183865
0.0194421
0.0183817
0.0183996
0.0178672
0.0176849
0.0178168
0.0178143
0.017778
0.0176705
0.0172767
0.0170167
0.0169683
0.016908
0.0159302
0.017014
0.0167615
0.0169944
0.0166144
0.0194244
0.0174966
0.0164769
0.0158987
0.016432
0.0162733
0.0186043
0.016167
0.0192171
0.0167379
0.0173651
0.0168145
0.0157585
0.0162934
0.0180369
0.0157981
0.0158786
0.0162014
0.01724
0.0173967
0.0157284
0.0155756
0.0175441
0.016516
0.0148182
0.0180396
0.0161899
0.0158286
0.0146996
0.0160765
0.0183885
0.0182644
0.0175768
0.017539
0.0169582
0.0163481
0.0174971
0.0159024
0.0183621
0.01627
0.0161352
0.0158358
0.0159432
0.0159726
0.0152832
0.0150062
0.0153486
0.0157416
0.0159283
0.0166461
0.0172546
0.0165164
0.015765
0.0158762
0.0176431
0.0183715
0.0155361
0.0172401
0.0156458
0.01629
0.0175861
0.0152574
0.017641
0.0162022
0.0178096
0.0150567
0.0171198
0.0160098
0.0155897
0.015479
0.0151004
0.0155857
0.0173117
0.0153191
0.0151551
0.0156591
0.0153382
0.0154604
0.0140231
0.0152751
0.0152309
0.015238
0.0147902
0.0170904
0.0156036
0.0163536
0.0169006
0.0151032
0.0150588
0.0175503
0.0202294
0.0198953
0.0200568
0.0202133
0.0208719
0.0193672
0.0197333
0.0189572
0.0181225
0.0191212
0.0191164
0.0183607
0.0191105
0.0161138
0.0171005
0.0171013
0.0174065
0.0175032
0.0181101
0.0173883
0.0175011
0.017952
0.0165301
0.0169093
0.0174082
0.0169653
0.01753
0.017492
0.0167649
0.016506
0.017848
0.0225504
0.0218014
0.0214841
0.0210415
0.0217373
0.019362
0.0199351
0.01807
0.0188518
0.0177316
0.0171633
0.0180656
0.018837
0.0198723
0.0223911
0.0240073
0.0213385
0.0209257
0.0223885
0.0194399
0.0201779
0.0206551
0.0211208
0.018451
0.0183264
0.0177519
0.0182409
0.0217384
0.0244276
0.0248212
0.0218389
0.0212618
0.019846
0.0219888
0.0199142
0.0205214
0.0195581
0.0252769
0.0245247
0.0244718
0.0235043
0.0240068
0.0239923
0.0287364
0.025998
0.0252845
0.0231561
0.0237546
0.023029
0.0296701
0.0270961
0.0255696
0.0259948
0.0234185
0.0220889
0.0215782
0.026758
0.0255795
0.0241451
0.023258
0.021154
0.0223784
0.0225814
0.0200547
0.0230535
0.0243304
0.0216667
0.0216142
0.0217422
0.0211395
0.0198286
0.0212352
0.0217936
0.0193497
0.0187765
0.0185173
0.0188359
0.019348
0.0208956
0.0217716
0.0211711
0.0197419
0.0200383
0.0192717
0.0206963
0.0190094
0.0193655
0.0187319
0.0170711
0.0171454
0.0203091
0.0184849
0.017015
0.0169338
0.0168293
0.0165918
0.0196212
0.0220954
0.022457
0.0203141
0.0211783
0.0211913
0.0205272
0.0206047
0.0219774
0.0198997
0.0196303
0.0187901
0.020102
0.0190657
0.0191762
0.0188132
0.0190276
0.0198005
0.0203092
0.0182383
0.0179662
0.0180729
0.0186978
0.0179633
0.0172139
0.0175458
0.0166739
0.0162482
0.0179716
0.0171453
0.018087
0.0164667
0.0166239
0.0157473
0.018551
0.018197
0.0158821
0.0159317
0.0160433
0.0156497
0.0156875
0.0189314
0.0160316
0.0201597
0.0209957
0.0205856
0.0203979
0.0205414
0.018331
0.018747
0.0199053
0.0176988
0.0188148
0.0181243
0.0199695
0.0181336
0.0187547
0.0174698
0.0211736
0.0202115
0.0212575
0.0186127
0.0200327
0.0204134
0.0163647
0.0238889
0.0230916
0.0226602
0.0227658
0.0209251
0.0220519
0.0227506
0.0210405
0.0211891
0.0204142
0.0236067
0.0204354
0.0207044
0.021053
0.0203714
0.0212622
0.0199094
0.0196261
0.0191929
0.018784
0.0205078
0.0186053
0.0176346
0.0181781
0.0192041
0.0186415
0.0179788
0.0169191
0.0185267
0.0172596
0.0177964
0.0188715
0.0205754
0.0179654
0.0170766
0.017134
0.0161635
0.0180417
0.0158124
0.0163809
0.0161062
0.0164647
0.0160783
0.0184785
0.0213092
0.0195113
0.0186015
0.0192293
0.0197608
0.0181282
0.0181226
0.0179171
0.0186597
0.0173487
0.0177752
0.0175718
0.0173575
0.0171746
0.0174733
0.0170036
0.0162932
0.0163756
0.0169936
0.0171909
0.0168038
0.016667
0.0163768
0.0178444
0.0172966
0.0157138
0.0158278
0.0164141
0.0165424
0.015509
0.0157388
0.0162651
0.0158044
0.0157068
0.0158618
0.0168445
0.0156215
0.0174131
0.0152342
0.0153135
0.0152343
0.0159225
0.0170183
0.0152116
0.0152446
0.0169706
0.0147299
0.0147377
0.0149308
0.0153088
0.0151728
0.0171645
0.0141241
0.0152487
0.0175468
0.0202283
0.0191467
0.019604
0.0205539
0.017589
0.0184809
0.0177189
0.0186095
0.0166903
0.0169139
0.0170305
0.0185771
0.0174585
0.0169407
0.0157022
0.0170759
0.0180509
0.0182399
0.0174139
0.0164889
0.0163367
0.015783
0.0158063
0.0156866
0.0167988
0.016102
0.0171123
0.0151162
0.0155746
0.0145477
0.0184222
0.0148874
0.0176111
0.0171936
0.0153158
0.0165894
0.0153153
0.01652
0.0154286
0.019668
0.0153555
0.0151679
0.0153298
0.0154689
0.0149733
0.0152939
0.0149977
0.0146823
0.0144856
0.015536
0.0147925
0.0156864
0.0149822
0.0147982
0.014463
0.0168028
0.0219718
0.0212855
0.0219127
0.0221161
0.022927
0.0214236
0.0225088
0.0214414
0.0209491
0.0205251
0.0215007
0.0218429
0.0211988
0.0235661
0.0220144
0.0203953
0.0211427
0.0212137
0.021167
0.0201664
0.0211033
0.023498
0.0236051
0.0215443
0.0239599
0.0237046
0.0215551
0.0215914
0.0216113
0.0235822
0.0216136
0.0235501
0.021078
0.0215605
0.0208447
0.0225487
0.0202624
0.0212118
0.0206949
0.0208869
0.0211461
0.0240704
0.0220589
0.0228705
0.0210474
0.0225277
0.0210019
0.0222575
0.0232459
0.0218761
0.0212696
0.0213967
0.0240187
0.0214065
0.0215641
0.0248333
0.0213084
0.0215629
0.0213256
0.021602
0.0127621
0.022258
0.0179454
0.0186792
0.0167127
0.0179601
0.0167142
0.0174298
0.0170735
0.0230237
0.0306752
0.0302345
0.0288597
0.0282351
0.0289605
0.0257096
0.0276663
0.0276692
0.0278705
0.0281666
0.0267006
0.0285948
0.0278837
0.0262217
0.025422
0.0267501
0.0260828
0.0240172
0.0239731
0.0230814
0.0243738
0.0249452
0.0260494
0.0266766
0.0226423
0.024253
0.0234734
0.0226688
0.0213376
0.0216617
0.0222622
0.0216159
0.0239704
0.0214335
0.0213302
0.02091
0.0199187
0.0229133
0.0206539
0.0205359
0.0195358
0.0197336
0.0203171
0.0192199
0.0195726
0.021105
0.0231593
0.0231128
0.0246121
0.0239586
0.0213984
0.0233742
0.0247264
0.0236888
0.022845
0.0234639
0.0259114
0.0228244
0.0213241
0.0225367
0.0232615
0.0221012
0.0208493
0.0217455
0.0221715
0.0217892
0.0231661
0.0229472
0.021437
0.0200874
0.0209567
0.0207901
0.0200012
0.0198529
0.0191943
0.0196693
0.0198496
0.0192638
0.0195011
0.0200678
0.0184756
0.0195015
0.0192102
0.0185794
0.0187882
0.019021
0.0207203
0.0216758
0.0214946
0.0214683
0.0201477
0.0236196
0.022287
0.0203698
0.0229947
0.0216824
0.0205281
0.0210482
0.0223866
0.0221029
0.02079
0.0191032
0.0187733
0.0216086
0.0189176
0.0198861
0.0190608
0.0189243
0.0187428
0.0181451
0.0205108
0.017673
0.0173476
0.0167602
0.0170917
0.0175957
0.0173289
0.0177424
0.0169413
0.0176174
0.0170639
0.0172115
0.0211273
0.0239618
0.024133
0.0234541
0.0208071
0.0220332
0.02243
0.0214481
0.0218647
0.0209873
0.021461
0.0194109
0.0214502
0.0204308
0.0204645
0.0197839
0.0196531
0.021796
0.0189877
0.0184734
0.0194195
0.0176945
0.020633
0.0193499
0.0195999
0.0197299
0.0182934
0.0184333
0.0179631
0.0180717
0.019755
0.0172999
0.0173872
0.0182247
0.0168996
0.0173292
0.0197966
0.0174407
0.0173258
0.0190719
0.0160777
0.0189494
0.0214267
0.0223872
0.0203652
0.0208506
0.0191632
0.0192449
0.0180507
0.0205719
0.0174952
0.0165885
0.01722
0.018777
0.0173506
0.0168971
0.0171737
0.0170226
0.0161958
0.0162153
0.0176909
0.0163762
0.0192818
0.0203491
0.0211806
0.0201651
0.020052
0.0198732
0.0189917
0.0194947
0.0235238
0.0263736
0.0242611
0.0230278
0.0231255
0.0227297
0.020626
0.0194424
0.0203547
0.0201769
0.0212001
0.0179789
0.0182709
0.019042
0.0197024
0.0209904
0.0206993
0.019326
0.0197759
0.0196768
0.018555
0.0181248
0.0175887
0.0182225
0.016804
0.0176945
0.0186561
0.018402
0.0178622
0.0167547
0.0157029
0.0155852
0.0151525
0.0148888
0.0148205
0.0157668
0.016592
0.0162474
0.0148105
0.0140558
0.0143984
0.0124788
0.0123797
0.0116918
0.0107958
0.0100995
0.00919253
0.00934683
0.0105335
0.00844803
0.00769717
0.00988067
0.00935045
0.00946031
0.00788994
0.00710996
0.00711917
0.0070807
0.00626352
0.00693955
0.00779341
0.00771774
0.0076202
0.00730097
0.00765462
0.00725491
0.00656792
0.0064552
0.00571216
0.00574089
0.00552058
0.00565571
0.00593305
0.0060964
0.00594877
0.00608204
0.00537851
0.00500413
0.00524873
0.0051998
0.00626957
0.00528616
0.00495499
0.00499659
0.00536638
0.00555681
0.00578491
0.00520562
0.00563608
0.00546751
0.0054701
0.00552289
0.00544398
0.00553962
0.0054389
0.0052532
0.00520827
0.00588874
0.00586928
0.0061986
0.00608108
0.00563969
0.00561733
0.00626649
0.00623402
0.00561032
0.00505691
0.00471335
0.00389996
0.0048
0.00474278
0.0046019
0.00634956
0.00571149
0.00485919
0.00480136
0.00474514
0.00515622
0.00553278
0.00466896
0.00490625
0.00502776
0.00498281
0.00500306
0.00522172
0.00525906
0.00573864
0.00514938
0.00516919
0.00497712
0.00474265
0.00457029
0.0040509
0.00454805
0.00464009
0.0045974
0.00494983
0.00470694
0.0043555
0.00462731
0.00487516
0.00450365
0.00459925
0.00513453
0.00474122
0.00464896
0.00449765
0.00488773
0.00465353
0.00460864
0.00442407
0.00465028
0.00458793
0.00455694
0.00443882
0.00449898
0.00448685
0.00425819
0.00450486
0.00458148
0.00461325
0.00462412
0.00473806
0.00471264
0.00445431
0.00483858
0.00461966
0.0044088
0.00444328
0.00453226
0.00459704
0.00488198
0.00438063
0.00415469
0.00449663
0.00460413
0.00444835
0.00476037
0.00525081
0.00480847
0.00460326
0.00481866
0.00453617
0.00461633
0.00494472
0.00440063
0.00456136
0.00435208
0.00491811
0.00511699
0.00518619
0.00511852
0.0055188
0.00682983
0.00952923
0.011213
0.0105886
0.0113092
0.0125776
0.0106684
0.0131377
0.015299
0.0153242
0.0160267
0.0157724
0.0173811
0.0177537
0.0183975
0.0195908
0.0189772
0.0195235
0.0191627
0.0195783
0.0185502
0.0186311
0.0204245
0.0226854
0.0226348
0.020411
0.0204321
0.0207426
0.0206398
0.0204519
0.0212278
0.0207179
0.0210691
0.0210617
0.0205815
0.0207638
0.0210191
0.0212739
0.0216293
0.0218429
0.0210629
0.0226267
0.0214604
0.0241782
0.0219896
0.021378
0.0211193
0.0220059
0.0212445
0.0216083
0.0220608
0.0215014
0.0228875
0.0219864
0.0214622
0.0239533
0.0207034
0.0221175
0.0223104
0.0195492
0.0217614
0.0214054
0.0210472
0.0337513
0.0191863
0.0206165
0.0201057
0.0201004
0.0224687
0.0200835
0.0226699
0.0216221
0.0200029
0.0200428
0.0203219
0.021634
0.0222657
0.0201329
0.0203155
0.0196392
0.020253
0.0200709
0.0203435
0.0203743
0.0206768
0.0217628
0.020199
0.020425
0.0208313
0.0219867
0.0199527
0.0203665
0.0207783
0.0205155
0.0200952
0.0206619
0.0199768
0.0207889
0.0226584
0.0203506
0.022376
0.0204251
0.021222
0.0204798
0.0201964
0.0206664
0.0203458
0.0203366
0.0202997
0.0205674
0.0206811
0.0207977
0.0220758
0.0204068
0.0225269
0.020497
0.0203069
0.0204538
0.0217217
0.0207023
0.0202444
0.0200631
0.0206618
0.020503
0.0200488
0.0352839
0.0200628
0.0197276
0.0196462
0.0194327
0.0201751
0.0202799
0.0197394
0.0205073
0.0203073
0.020033
0.0199474
0.0216707
0.0198122
0.0208769
0.0211093
0.0200199
0.0222588
0.022765
0.0204065
0.019828
0.0198648
0.0203271
0.0202424
0.0201609
0.020085
0.0203129
0.0204031
0.0198936
0.020327
0.0203268
0.0198539
0.0204289
0.0199769
0.0215761
0.0202292
0.0206047
0.0219508
0.0208181
0.0199846
0.020358
0.0200019
0.0204067
0.020146
0.0205906
0.0202691
0.0213391
0.0217218
0.0204211
0.0202843
0.0210763
0.0203209
0.0204166
0.0200534
0.0202011
0.0201874
0.0208405
0.0203136
0.0204365
0.020276
0.0204836
0.019713
0.0376724
0.0186905
0.0354722
0.0203775
0.0309607
0.0198772
0.0339073
0.0188684
0.0302551
0.0180411
0.0332158
0.0181034
0.0373349
0.0210771
0.0366558
0.0192306
0.0303009
0.0177923
0.0367449
0.0182551
0.0329568
0.0190807
0.0310435
0.019923
0.0359444
0.020859
0.0355555
0.0192144
0.0328989
0.0187711
0.0201821
0.0198191
0.0202753
0.0198041
0.0207394
0.0241582
0.0230055
0.0199713
0.0210526
0.0224643
0.0206919
0.0210845
0.0224277
0.0227824
0.0204925
0.0205389
0.0200983
0.0218599
0.0203687
0.0202898
0.0221104
0.0208112
0.0201836
0.020598
0.0205453
0.0202422
0.0199529
0.0204849
0.0189276
0.0204086
0.0205555
0.0199331
0.0204404
0.0210597
0.0206633
0.0202486
0.0200113
0.0198835
0.0202443
0.0204286
0.0204065
0.02028
0.0228905
0.0204401
0.0210794
0.020309
0.0231669
0.0201766
0.0206982
0.0201474
0.0207246
0.0204384
0.0205379
0.0201039
0.0212595
0.0204069
0.0215689
0.0201358
0.0204706
0.0198996
0.0381425
0.0192361
0.0297812
0.018203
0.03712
0.0192496
0.020153
0.0199568
0.0207038
0.0202997
0.0208201
0.0199042
0.0206378
0.0204665
0.0204612
0.0198837
0.0203713
0.0200766
0.0193322
0.0204462
0.020165
0.020329
0.0206107
0.020545
0.0207948
0.0206752
0.021441
0.020172
0.0204575
0.0202147
0.0204343
0.0205573
0.0207362
0.0204002
0.020563
0.0202869
0.0204766
0.0199645
0.020388
0.0205585
0.0203455
0.0204823
0.0209626
0.0227224
0.0205652
0.0201116
0.0222371
0.0204701
0.0208187
0.0206239
0.0204331
0.0201204
0.020768
0.0210024
0.0221384
0.0203882
0.0204705
0.0207893
0.0215849
0.0202336
0.0208634
0.0203627
0.0205334
0.020821
0.0206704
0.0203087
0.0363894
0.0186915
0.0348479
0.0191045
0.0321222
0.0184611
0.0367057
0.0186666
0.0308288
0.0187718
0.0343376
0.0195208
0.0207946
0.0217426
0.0206813
0.0207661
0.0206856
0.0204442
0.0202128
0.0203996
0.0223348
0.0201965
0.0224287
0.0203634
0.0204106
0.0223904
0.0209211
0.0214289
0.020684
0.0207161
0.0223128
0.0207009
0.0205809
0.020467
0.0210899
0.0209375
0.020842
0.0225596
0.0220356
0.020669
0.022498
0.0228714
0.0235784
0.0210858
0.0213476
0.0210817
0.0211116
0.021858
0.0224994
0.0209586
0.0209077
0.0192961
0.0215413
0.021066
0.0204069
0.0213814
0.0207615
0.0218105
0.021468
0.0209145
0.0222331
0.0221896
0.022289
0.0237614
0.0213653
0.0207769
0.0241503
0.0221322
0.0211692
0.0217957
0.0232858
0.0213521
0.0203929
0.0351524
0.0199819
0.0208696
0.020597
0.0205097
0.020435
0.0206681
0.0203206
0.0207573
0.0203372
0.0203508
0.0204593
0.02119
0.0205015
0.0205859
0.020591
0.0206131
0.0223074
0.0218568
0.0217798
0.0202973
0.0202032
0.0208603
0.0208301
0.0210524
0.0206011
0.0224341
0.0205219
0.0206749
0.0207843
0.0207834
0.0207092
0.0222955
0.0207326
0.0205114
0.0205754
0.0212003
0.0208348
0.0204908
0.0208644
0.020832
0.0206525
0.0206408
0.0213275
0.0208532
0.0211017
0.020717
0.0206967
0.0225123
0.0211187
0.020595
0.0205945
0.0208648
0.0210576
0.0207646
0.0210672
0.0234921
0.0216507
0.021397
0.0211605
0.0214372
0.0211045
0.0389631
0.0217533
0.0313072
0.0187143
0.0381806
0.0191124
0.0325109
0.0189572
0.0320633
0.0208829
0.0231239
0.0226713
0.0207511
0.0201939
0.0226287
0.020537
0.0216897
0.0209151
0.0205969
0.0217891
0.0205161
0.0208465
0.0208955
0.0224706
0.0210918
0.0213098
0.0220581
0.0210813
0.0210149
0.0207928
0.0209321
0.0214341
0.0209861
0.0204626
0.020793
0.0206501
0.0208167
0.0227572
0.0235729
0.0212401
0.0209778
0.0212953
0.0224658
0.021159
0.0207012
0.0223707
0.0207277
0.0209972
0.0198026
0.0209095
0.0210489
0.022362
0.0204983
0.0214678
0.0213315
0.0215534
0.0207443
0.0229014
0.0217532
0.0230606
0.0215928
0.0211138
0.02153
0.0213339
0.0221519
0.0222633
0.0212008
0.0208813
0.0211802
0.020779
0.0223126
0.0347202
0.0203611
0.0379697
0.0208044
0.0205032
0.0212526
0.0223975
0.0215783
0.0206389
0.0206759
0.021636
0.0210957
0.0206763
0.023713
0.0210508
0.020641
0.0220124
0.0208277
0.0236658
0.0209459
0.0206378
0.0209198
0.0209301
0.0209386
0.0211349
0.0221441
0.0216173
0.0205718
0.0214136
0.0208429
0.0211046
0.0206303
0.0211727
0.0231406
0.0211076
0.0202806
0.0207255
0.0206668
0.0209501
0.0209855
0.0221235
0.0209004
0.020938
0.021015
0.0212016
0.0235542
0.0242733
0.0207542
0.0207488
0.0215092
0.0221276
0.0225477
0.0214068
0.0212132
0.0215765
0.0211348
0.0214162
0.0218814
0.0214804
0.0212222
0.0206492
0.0220716
0.0239752
0.036319
0.0216143
0.0259832
0.021094
0.0214217
0.020988
0.0213718
0.0208078
0.0222212
0.0235009
0.0219507
0.0224323
0.0210499
0.0210052
0.0220032
0.021121
0.0216331
0.0209868
0.0227856
0.0207847
0.0231392
0.0213402
0.0213145
0.0219461
0.0208791
0.022594
0.0243101
0.0214186
0.0218322
0.0219427
0.0209329
0.0214375
0.0214842
0.0212704
0.0242954
0.021406
0.0229762
0.021303
0.0213042
0.0233491
0.0210423
0.0214445
0.0231175
0.0222158
0.0216206
0.0214655
0.020675
0.0209945
0.0211606
0.021532
0.0213689
0.0222294
0.0209642
0.023255
0.0239251
0.0218499
0.020961
0.0224425
0.0220746
0.023426
0.0218588
0.0215965
0.0332502
0.0200654
0.034888
0.0184915
0.0455807
0.0189754
0.0337471
0.0195412
0.0323587
0.0185569
0.031673
0.020501
0.020474
0.0207063
0.0205873
0.0207403
0.0207097
0.0203026
0.0202507
0.0221033
0.0204533
0.0209594
0.0220785
0.020816
0.0208174
0.0208251
0.0209129
0.0206124
0.02045
0.0208706
0.0206706
0.0201496
0.0211862
0.0204933
0.0207628
0.0204531
0.0207113
0.0207641
0.0205779
0.0231453
0.0204551
0.0208425
0.0205851
0.0204068
0.0208624
0.0209062
0.0205273
0.0209316
0.0204003
0.0206541
0.0209842
0.0209232
0.0218484
0.0211294
0.0207331
0.0203745
0.0204699
0.0225158
0.0207903
0.0211656
0.0211002
0.0210002
0.0207179
0.0214896
0.0205787
0.0215634
0.020852
0.0200592
0.0214524
0.0205324
0.0204825
0.0202503
0.0345637
0.0201809
0.0305702
0.0186437
0.0425719
0.0186524
0.031714
0.0190728
0.0353939
0.0216131
0.0354948
0.0228801
0.0197127
0.0209263
0.0221019
0.0218783
0.020943
0.0215263
0.0210553
0.0205109
0.022923
0.0212773
0.0227048
0.0224707
0.0214332
0.0211067
0.0213255
0.020769
0.0221288
0.0223508
0.0217716
0.0217434
0.0231102
0.02084
0.0215685
0.0216655
0.0225904
0.0210854
0.0225487
0.0210711
0.0220973
0.0226184
0.0206466
0.0209115
0.0206692
0.0208714
0.0208947
0.0204813
0.0219342
0.0222682
0.0207497
0.0213333
0.0218157
0.0218951
0.0239454
0.0209501
0.021252
0.0229458
0.0215953
0.0212745
0.022912
0.0213415
0.0220224
0.0236245
0.0242562
0.02412
0.0214597
0.0213404
0.0221416
0.0235315
0.0222609
0.0221742
0.0353842
0.0226086
0.0200772
0.0197428
0.0195985
0.0204862
0.0194564
0.0187307
0.0204434
0.0174953
0.0176533
0.0215514
0.025382
0.0262265
0.0250511
0.0262989
0.0245746
0.0231582
0.0249853
0.024046
0.024484
0.0239183
0.0212435
0.0227247
0.0211044
0.020864
0.0224597
0.0210793
0.0209107
0.0213792
0.0210865
0.0209451
0.0200928
0.0196828
0.0197512
0.0221459
0.0205647
0.019867
0.0206052
0.0191181
0.0244022
0.0248845
0.0263103
0.0245633
0.0236372
0.0258588
0.0243394
0.0230745
0.023047
0.0246478
0.0231881
0.0231514
0.0214397
0.0216059
0.0222653
0.0209726
0.0218285
0.0282929
0.0292613
0.026358
0.0257311
0.0254701
0.0234702
0.0297952
0.0268423
0.0293399
0.0288201
0.0290625
0.0275986
0.0245358
0.027134
0.0272117
0.0281667
0.0276442
0.0243331
0.0255449
0.0274559
0.0326537
0.0302201
0.0281861
0.0296575
0.0285339
0.0263915
0.026716
0.0313938
0.0301696
0.0296369
0.0290933
0.0281511
0.0257836
0.0258336
0.0255671
0.0265626
0.0242841
0.0297032
0.0282538
0.0265134
0.027006
0.0248327
0.0267218
0.0299569
0.0326458
0.0275035
0.0273628
0.0264027
0.0257488
0.0256092
0.0325241
0.0288658
0.032148
0.0290262
0.0283063
0.0297349
0.0275837
0.0257893
0.0265369
0.024266
0.025187
0.0245021
0.0251378
0.0255144
0.030012
0.027407
0.0285915
0.0273339
0.0256515
0.0257341
0.0254872
0.0257769
0.0246658
0.024835
0.0239104
0.0242569
0.0236933
0.0229507
0.0245274
0.0220952
0.0228742
0.0290916
0.0270105
0.0270956
0.0285755
0.0261163
0.0269539
0.0257716
0.0245737
0.0252417
0.0245127
0.024136
0.022822
0.0245856
0.0221781
0.0224752
0.0246631
0.0232907
0.0253108
0.0228659
0.0230981
0.0228463
0.0223724
0.0217615
0.023
0.0219409
0.0230591
0.0230932
0.022134
0.0230034
0.0229527
0.0217586
0.028929
0.0248076
0.0250295
0.0269054
0.0237141
0.0263031
0.0240315
0.0243641
0.0225397
0.0230673
0.0232278
0.0246268
0.0228685
0.0221169
0.0228004
0.0231895
0.0223284
0.0206228
0.023111
0.0217177
0.0221469
0.021615
0.0211639
0.0214735
0.0218547
0.0209984
0.02075
0.0212112
0.0218791
0.0212978
0.020023
0.0206603
0.0200524
0.0200263
0.0209193
0.0196799
0.0197621
0.0200911
0.0201751
0.0200739
0.0200275
0.0189874
0.0225026
0.0196411
0.0247382
0.0235709
0.0234847
0.0230382
0.0235135
0.0219072
0.0236513
0.0223541
0.0214152
0.0207537
0.020674
0.0216255
0.0214357
0.0197216
0.0210725
0.0203452
0.0219321
0.0222371
0.0226943
0.0185832
0.0199272
0.0186922
0.0190477
0.0210545
0.0201594
0.0206212
0.0201553
0.0190651
0.0190403
0.0215794
0.018254
0.0200369
0.0191427
0.0191541
0.0221223
0.0196002
0.0225129
0.0227815
0.0242346
0.023802
0.023561
0.0241988
0.0234
0.0222857
0.02319
0.022799
0.0225501
0.0228937
0.0224282
0.0215694
0.0208684
0.0212925
0.0209159
0.0202806
0.0208093
0.0207757
0.0215487
0.0203352
0.0194203
0.0201818
0.0194114
0.0198429
0.021722
0.0192481
0.0198951
0.0193364
0.0215593
0.0185192
0.0216897
0.0189154
0.0186081
0.0208134
0.0190651
0.0195501
0.0191303
0.0185121
0.0186207
0.0195897
0.0196932
0.0190643
0.0184906
0.0192843
0.0202277
0.0184981
0.0189849
0.0178939
0.01794
0.0195385
0.0205552
0.0230521
0.022348
0.0230786
0.0213864
0.0241589
0.0209035
0.0210002
0.0193001
0.0207927
0.0206316
0.018796
0.0188284
0.019968
0.0205325
0.0184559
0.0178344
0.0193564
0.0185335
0.0193999
0.020253
0.0189434
0.0184634
0.018205
0.0206424
0.0194543
0.0197752
0.0198729
0.0201624
0.0192705
0.0190389
0.0187702
0.0200442
0.0190321
0.0186366
0.01812
0.0189492
0.0182254
0.0183946
0.0184203
0.0183186
0.0181131
0.0190595
0.0210895
0.0180325
0.019426
0.0186478
0.0188635
0.0186666
0.0172222
0.0194009
0.0179171
0.0201498
0.017778
0.0186237
0.0181938
0.0183037
0.0170255
0.0181628
0.0178764
0.0177991
0.0171269
0.0180623
0.0185165
0.0176005
0.0171535
0.0178324
0.0173601
0.0174123
0.0180249
0.0180012
0.0182257
0.0181032
0.0182797
0.0185965
0.0177773
0.0165061
0.0168097
0.0168227
0.0168405
0.0232753
0.0219074
0.0207569
0.0204662
0.0204876
0.0199369
0.018852
0.0212931
0.0195673
0.0217042
0.0209446
0.0182027
0.0180109
0.0181653
0.0178896
0.0186204
0.0179181
0.0177774
0.0176939
0.0176378
0.0189345
0.0175725
0.0180336
0.0176589
0.0174386
0.0179175
0.0180235
0.0161855
0.017197
0.016598
0.0172774
0.0174063
0.0168523
0.0178684
0.0175957
0.0170456
0.0175409
0.0177005
0.0173804
0.0202725
0.0170332
0.0175867
0.0172226
0.0171615
0.017536
0.0198249
0.0165103
0.0164446
0.0167665
0.0171726
0.0195339
0.0166312
0.0173153
0.0171153
0.018958
0.0176972
0.0195806
0.0168908
0.0171522
0.0174229
0.0168478
0.0164599
0.0164792
0.0169907
0.0168361
0.0186531
0.016626
0.0157714
0.0160438
0.0162838
0.0176435
0.0197717
0.0173355
0.0170675
0.0161414
0.0159343
0.0194233
0.0162461
0.0171403
0.0166071
0.0182289
0.0170339
0.0166001
0.0193204
0.0189154
0.0161363
0.0167669
0.016362
0.016172
0.0169823
0.0198576
0.0188602
0.0192064
0.0180357
0.0178968
0.0181353
0.0178866
0.018044
0.0176503
0.0178328
0.0160713
0.0172881
0.0170621
0.0168702
0.0174207
0.0170699
0.0188622
0.0171396
0.0153883
0.0185582
0.0167372
0.016572
0.0162639
0.0171238
0.0177572
0.0166386
0.0177374
0.0168633
0.0169518
0.0169676
0.0173827
0.0166774
0.0182103
0.0163486
0.016884
0.0150436
0.0166434
0.0161669
0.0166673
0.0169712
0.0165295
0.0164993
0.0167973
0.01625
0.0174927
0.0180455
0.0163265
0.0164063
0.016813
0.0162907
0.016107
0.0181026
0.0170287
0.0190646
0.0167646
0.0167891
0.0160868
0.0174971
0.0192408
0.0168762
0.0163387
0.0179387
0.0162023
0.0160297
0.0161646
0.015858
0.016481
0.0163633
0.0149198
0.0158106
0.0157301
0.0161727
0.0151163
0.0159759
0.0161936
0.016246
0.0159188
0.0161775
0.019559
0.0212369
0.0195156
0.0196222
0.0192579
0.0194579
0.0195658
0.0181888
0.0192131
0.0185925
0.0178233
0.0176344
0.0166591
0.0174372
0.0185864
0.0176566
0.0175955
0.016709
0.0171204
0.0170824
0.0167779
0.0166756
0.0167262
0.0166001
0.0163565
0.0167057
0.0150777
0.0180921
0.0178895
0.0181547
0.0193348
0.0167906
0.0173698
0.0174019
0.0174808
0.0173159
0.017881
0.0168543
0.0173219
0.0160369
0.0172866
0.0165168
0.0165307
0.0169353
0.0171433
0.017005
0.0176292
0.0199806
0.0167942
0.0175347
0.0163482
0.015813
0.016139
0.0157829
0.0157176
0.0159906
0.0150009
0.0157291
0.0170973
0.0154528
0.0155084
0.0156586
0.0174227
0.0174876
0.0152044
0.0156989
0.0186118
0.0159641
0.0178778
0.0155064
0.0156025
0.0156963
0.0152297
0.0151397
0.016267
0.0158003
0.0149682
0.0157701
0.0148287
0.0154139
0.0140325
0.0153757
0.0156014
0.0153405
0.0200396
0.0204089
0.021407
0.0211023
0.0212508
0.0234391
0.0241267
0.0224868
0.0219375
0.0220964
0.0223245
0.0234999
0.0252294
0.0215793
0.0224786
0.0216692
0.0229792
0.0227237
0.0228233
0.0224012
0.0221374
0.0238333
0.0226609
0.0224664
0.0215475
0.021989
0.0229098
0.0216761
0.0224224
0.0252421
0.0219745
0.0229828
0.0221556
0.0223836
0.0217169
0.0218901
0.0247004
0.0234326
0.0243292
0.0215013
0.0210802
0.020129
0.027052
0.0217339
0.0229093
0.0208971
0.0223735
0.0222048
0.0212627
0.0236183
0.0211312
0.0231659
0.0227068
0.0223646
0.0208631
0.0200397
0.0212303
0.0208719
0.0216312
0.0211716
0.0122452
0.0274534
0.02741
0.027741
0.0304284
0.0278176
0.0299034
0.0284041
0.0267419
0.0283708
0.0287858
0.0363248
0.0376329
0.0381757
0.0365837
0.0381227
0.032136
0.0345059
0.0328649
0.0291119
0.0345075
0.0338533
0.0287571
0.0342198
0.0352745
0.0332875
0.0330081
0.0314072
0.0284814
0.0299661
0.0332646
0.0337747
0.0327581
0.0308218
0.0291079
0.0269228
0.0340847
0.0344564
0.0324365
0.02873
0.0286149
0.0299189
0.0335518
0.0319055
0.0288965
0.0275803
0.0326864
0.0273183
0.0326557
0.0309883
0.0316801
0.0301858
0.028375
0.0239701
0.025677
0.0261892
0.0253758
0.0300196
0.028526
0.0333076
0.0317451
0.0310732
0.0290572
0.0256492
0.0283578
0.0301791
0.0309626
0.0284858
0.0295134
0.0352723
0.0307708
0.0307739
0.0306432
0.0294163
0.0305877
0.0311445
0.0284062
0.0300896
0.0292157
0.0302638
0.0291382
0.0291021
0.0312394
0.0297525
0.0300862
0.0294825
0.0252957
0.0257698
0.0276784
0.0299706
0.0320295
0.0354499
0.0307724
0.0324223
0.0322544
0.0352838
0.0339827
0.0318299
0.0327979
0.0343581
0.034267
0.0340678
0.0325587
0.0316063
0.0356153
0.0331664
0.0390732
0.0372826
0.0355972
0.0342096
0.0315789
0.0326263
0.0310094
0.0380279
0.0361673
0.0356509
0.0338742
0.0382452
0.0377621
0.0409732
0.0393316
0.0414501
0.0401349
0.0386241
0.0425034
0.0398592
0.0356534
0.0410977
0.0374876
0.0415831
0.0397273
0.0355254
0.0337634
0.0390025
0.037564
0.0337041
0.0318102
0.0322475
0.0311867
0.0364953
0.0373617
0.0357464
0.0303162
0.0391013
0.036302
0.0350497
0.0389806
0.0356762
0.033409
0.0391104
0.0363602
0.0313636
0.0365162
0.0309779
0.0262556
0.0281919
0.02696
0.0303188
0.0270294
0.0288175
0.0273763
0.025861
0.0256574
0.0244614
0.0250123
0.0279017
0.026471
0.0244705
0.0227731
0.0196106
0.0200458
0.0203057
0.0208527
0.0207587
0.0215693
0.0188863
0.0200462
0.0225737
0.0257557
0.0343196
0.0319386
0.033974
0.0320695
0.029876
0.0311196
0.0282249
0.0272966
0.0278684
0.0277114
0.027382
0.0251871
0.0268312
0.0256162
0.0249582
0.024943
0.030742
0.0355984
0.0306392
0.0322395
0.0313476
0.0290121
0.029635
0.0288049
0.0271014
0.029802
0.0276969
0.0339033
0.0359748
0.0361513
0.0365433
0.0444511
0.0429188
0.043501
0.0396706
0.0379789
0.0365916
0.0384887
0.037625
0.0415148
0.0448581
0.0375272
0.0392871
0.0382814
0.043648
0.0437719
0.0409597
0.0376631
0.0330372
0.0364789
0.0419817
0.0417967
0.0389704
0.0407779
0.0427932
0.0413151
0.038284
0.035696
0.0400402
0.0436557
0.0357045
0.0361616
0.0333017
0.0395877
0.0459036
0.0442097
0.0436481
0.044515
0.0482945
0.0392206
0.0337772
0.0339116
0.037803
0.0383583
0.0416414
0.0393466
0.0388746
0.0308486
0.0353209
0.036842
0.0380359
0.0398249
0.0424859
0.0444564
0.0445018
0.0425493
0.0391544
0.0391871
0.0454348
0.038228
0.0352411
0.0345262
0.0362429
0.0348973
0.0363892
0.035805
0.0380935
0.0345206
0.0301346
0.0343154
0.02736
0.0298415
0.0289215
0.0368891
0.0392173
0.0351878
0.0352746
0.0352488
0.0348292
0.0383115
0.0351207
0.0364876
0.0333057
0.0331024
0.0342086
0.0384626
0.0375933
0.0411784
0.0388199
0.0352231
0.0335735
0.0341751
0.0342014
0.0399961
0.0368988
0.0404953
0.0383868
0.0409328
0.0398225
0.0380748
0.0340901
0.0307433
0.0386149
0.0374864
0.039717
0.0355312
0.0342136
0.037438
0.0372608
0.0401621
0.035756
0.036606
0.0348065
0.0378159
0.0334561
0.0338061
0.0396882
0.0350264
0.0302756
0.0374973
0.0375659
0.0342433
0.0318265
0.0313941
0.0287141
0.0320274
0.0301873
0.028948
0.0275769
0.0292557
0.0290434
0.0338406
0.0302271
0.0321415
0.0311849
0.0368647
0.0393068
0.0391036
0.0404693
0.0346368
0.0362623
0.0391199
0.0369489
0.0358035
0.0349696
0.0395885
0.0331004
0.0361818
0.0362661
0.0343389
0.0317177
0.0327795
0.0379179
0.0378848
0.0335295
0.039592
0.0414248
0.0374542
0.0353558
0.0387895
0.0358137
0.0429231
0.0384517
0.0393748
0.0356095
0.042281
0.0391152
0.0366882
0.0415128
0.0401473
0.042885
0.0427567
0.0423468
0.0391476
0.0409777
0.0424109
0.0403816
0.0419446
0.041342
0.0393589
0.0374511
0.0400477
0.0352827
0.0348531
0.0351243
0.0359658
0.0339485
0.0356649
0.0334203
0.0365257
0.0350075
0.0346586
0.0353082
0.0367779
0.0416066
0.0445819
0.0428531
0.0393835
0.0339433
0.0355483
0.0366648
0.0336634
0.0401631
0.0396392
0.0402968
0.038842
0.0405238
0.0432706
0.0479565
0.0396785
0.0442935
0.0449141
0.0429974
0.0395253
0.0443041
0.0447246
0.041646
0.0407511
0.0405815
0.039898
0.0495791
0.0443732
0.0468707
0.0460148
0.0440704
0.0412423
0.0418851
0.038574
0.0372445
0.0370883
0.0342185
0.0478915
0.04016
0.0482805
0.0455555
0.0424198
0.0402924
0.0381279
0.0401678
0.036339
0.0411902
0.03883
0.0398982
0.0379452
0.0391077
0.0381163
0.0460981
0.0463135
0.0416849
0.0402091
0.0360431
0.0373923
0.036188
0.036684
0.0352215
0.0329083
0.0395285
0.0369865
0.0396701
0.0448833
0.0397989
0.0381266
0.0366408
0.0369948
0.037378
0.04632
0.045044
0.0418315
0.0430175
0.0458413
0.0407706
0.0435879
0.0397265
0.0406414
0.0414235
0.0414504
0.0390977
0.0415929
0.0446914
0.0420433
0.0431476
0.0389079
0.0433729
0.0419266
0.0421767
0.0419514
0.0478424
0.0492083
0.0443954
0.0372845
0.0386679
0.0370525
0.0402741
0.035609
0.0343436
0.0368752
0.0394124
0.0437428
0.0424792
0.0434463
0.0420092
0.0439115
0.0401314
0.0399251
0.0424046
0.0384589
0.0386317
0.0408912
0.0444022
0.0405465
0.0378808
0.0405599
0.0411007
0.0387372
0.0417963
0.043678
0.0460293
0.0400828
0.044828
0.0415645
0.0427328
0.0467174
0.0418511
0.043832
0.0437071
0.0420202
0.0436621
0.0439351
0.0401548
0.0413226
0.0421688
0.0434922
0.0429459
0.0456465
0.0424166
0.0400682
0.0420483
0.0404972
0.0362835
0.0371826
0.0373855
0.0354599
0.0401316
0.0435227
0.0441734
0.0402342
0.0424436
0.0423877
0.0446466
0.0407953
0.0420208
0.0429237
0.0434631
0.0417667
0.0391662
0.0402903
0.0448747
0.0445477
0.0480446
0.0452918
0.042882
0.0431226
0.0402101
0.0394775
0.043391
0.0407737
0.0402694
0.0416543
0.0408242
0.0430895
0.0420822
0.0421385
0.042533
0.0389008
0.0432194
0.0380639
0.0407897
0.0436898
0.042872
0.0357504
0.0453754
0.0465218
0.0418479
0.0395108
0.0370086
0.0364622
0.0360918
0.0428638
0.0421296
0.0446942
0.0499089
0.0465376
0.0509293
0.0480572
0.0457064
0.0488095
0.0470477
0.0465182
0.0422411
0.0405199
0.0413236
0.0401677
0.0434207
0.031943
0.0364005
0.0370509
0.0388374
0.0385466
0.0368233
0.033357
0.0319074
0.0395677
0.0412816
0.0413101
0.0413195
0.0372467
0.0365241
0.0383242
0.0324307
0.037574
0.0349855
0.0363255
0.0403817
0.0413055
0.0400614
0.0468568
0.0461588
0.0418978
0.0423803
0.0452544
0.0434753
0.0420436
0.0372021
0.0383804
0.0334582
0.0393988
0.0323304
0.0341004
0.0462441
0.044051
0.0449537
0.044503
0.0473567
0.0414134
0.0399625
0.0386041
0.0407819
0.038099
0.0357932
0.0364748
0.0371943
0.0407727
0.0384668
0.0385274
0.0396203
0.0445812
0.0436556
0.0422543
0.0471808
0.0470134
0.0414469
0.0380688
0.0389227
0.044793
0.0410595
0.0375843
0.0349294
0.0355262
0.0376143
0.0341269
0.0374547
0.0377769
0.0347103
0.0328452
0.041539
0.0421949
0.0418279
0.0390619
0.039967
0.0370286
0.0366816
0.0363875
0.0382095
0.0376673
0.0376993
0.0368903
0.0383293
0.0374754
0.0439755
0.0327508
0.0343392
0.0378569
0.0398276
0.0391753
0.0438529
0.0409226
0.0404067
0.043112
0.0390176
0.0394855
0.0405976
0.0333728
0.0380608
0.0305146
0.0405054
0.0403932
0.0453189
0.043563
0.0421894
0.0396236
0.0398165
0.0410702
0.0377643
0.0362817
0.034963
0.031827
0.0316334
0.0319638
0.0302381
0.0401451
0.0435755
0.043857
0.0490545
0.0508102
0.0538268
0.0495471
0.0538192
0.0490945
0.0480226
0.048742
0.0451243
0.0494241
0.0441468
0.0420948
0.0353613
0.0383734
0.0379126
0.0394309
0.0407639
0.0380977
0.0428103
0.0393628
0.0362747
0.0386473
0.0346588
0.040617
0.0440182
0.0388734
0.0376254
0.0394408
0.0392033
0.0441136
0.045786
0.0426521
0.0414219
0.0439617
0.0460212
0.0438839
0.0439078
0.0452167
0.0416905
0.0435324
0.0431266
0.0488633
0.0433139
0.0455691
0.0420286
0.042985
0.0482052
0.045195
0.049466
0.047353
0.0435111
0.0464965
0.0462282
0.0419039
0.0396388
0.0402532
0.038384
0.0428607
0.0431129
0.0378587
0.0389779
0.0417598
0.0454918
0.0429486
0.045989
0.0446036
0.0455412
0.0427766
0.0447849
0.0438806
0.0442957
0.0457213
0.0419597
0.0414678
0.0452785
0.0410741
0.0448516
0.045805
0.0462196
0.0368989
0.0456685
0.0435323
0.0457762
0.0430437
0.0364401
0.0415472
0.0384052
0.0415509
0.0397051
0.0389968
0.038104
0.0396731
0.0410984
0.0420573
0.0414507
0.0404056
0.0434569
0.0381027
0.0417372
0.0386765
0.0387095
0.0430353
0.0447096
0.044457
0.0438193
0.0405469
0.0402394
0.0423282
0.0424301
0.0439988
0.0422606
0.0425702
0.0427956
0.0420521
0.042802
0.0403487
0.0437113
0.0447699
0.0431026
0.0460294
0.0406224
0.041685
0.0433121
0.0442154
0.0395832
0.0464834
0.042485
0.0420187
0.042892
0.0427507
0.0372176
0.0407508
0.0406239
0.0406795
0.0389889
0.0404951
0.0439093
0.0411851
0.0406957
0.0412478
0.038847
0.0393018
0.0393445
0.0451218
0.0440215
0.0425795
0.0404843
0.0370319
0.0420121
0.0357787
0.0425613
0.0370864
0.0421045
0.0404815
0.0414181
0.0414171
0.0418826
0.0459066
0.0433752
0.0434175
0.0411483
0.0393383
0.0414644
0.0407762
0.0411807
0.0390105
0.0382732
0.0373297
0.0373766
0.0375829
0.0391992
0.0395983
0.0421683
0.0410254
0.0386826
0.0381812
0.0417015
0.03807
0.042012
0.0398477
0.0359936
0.03924
0.0344686
0.0385349
0.0390639
0.0382161
0.0383308
0.0427497
0.039912
0.0408678
0.0415044
0.0399383
0.0420181
0.039562
0.0403153
0.0390395
0.0410097
0.039829
0.0418303
0.0364143
0.044834
0.0411052
0.0380255
0.0387687
0.0409023
0.0407734
0.0444257
0.0414952
0.0389028
0.0393877
0.0358615
0.0394665
0.0401697
0.0358752
0.0389161
0.0403568
0.0431119
0.0412828
0.0398858
0.0419346
0.044115
0.0419967
0.0434072
0.0423638
0.0407077
0.0387653
0.0390171
0.0393636
0.0424255
0.0445228
0.0447578
0.0420253
0.0445118
0.0425346
0.0413563
0.041013
0.037771
0.0405668
0.0426974
0.0378085
0.0370409
0.0444745
0.0406325
0.0395579
0.0409956
0.0363717
0.0432989
0.0374831
0.0441425
0.0421462
0.0441666
0.0418241
0.043028
0.043359
0.0401521
0.0430553
0.0417417
0.0453023
0.0435244
0.0400381
0.0405628
0.0388395
0.0425652
0.0387747
0.0418494
0.0383536
0.0414153
0.0381547
0.0427682
0.0396119
0.0393234
0.0390454
0.038779
0.0417817
0.0402219
0.0432619
0.0436973
0.0388109
0.0400167
0.0397874
0.0457079
0.0409425
0.0405749
0.0435084


