0.0178469
0.0470539
0.0397326
0.0367717
0.0371352
0.0390526
0.036694
0.0370766
0.0329397
0.0349499
0.0369631
0.036756
0.031201
0.0371392
0.0343759
0.0365068
0.0376612
0.0476376
0.0438272
0.0403007
0.0455947
0.0386764
0.0363759
0.034778
0.0436301
0.0365331
0.0359689
0.0369262
0.0328449
0.0390292
0.0434438
0.0371564
0.0338761
0.0343597
0.0339713
0.0412032
0.0329251
0.0340665
0.0345878
0.0347214
0.0398833
0.0365855
0.0322644
0.0381724
0.0349438
0.0367859
0.0363982
0.0352902
0.0362437
0.0352047
0.036072
0.0339256
0.0353872
0.0332105
0.037538
0.0323354
0.0368924
0.0332904
0.0438494
0.0353533
0.0390634
0.0340037
0.0409882
0.0380422
0.0371776
0.0366258
0.0494895
0.0412925
0.0358786
0.0346191
0.0349909
0.0393273
0.0356499
0.0338364
0.0386986
0.0357217
0.0358098
0.0364934
0.0347933
0.0328353
0.0373098
0.0324772
0.0454541
0.0434511
0.0423731
0.036481
0.0402395
0.0429935
0.0411818
0.0370187
0.0412784
0.0387396
0.0384093
0.0425369
0.0385501
0.0386981
0.0398344
0.0407634
0.0372198
0.0366741
0.0406011
0.0358192
0.0358435
0.0355546
0.0356419
0.0450324
0.0394728
0.0355088
0.0356613
0.0365782
0.0390604
0.0401301
0.039616
0.0412374
0.0363664
0.0369986
0.041583
0.0486374
0.0378306
0.0426738
0.043566
0.0443046
0.0414442
0.0402101
0.0398727
0.0399437
0.0356865
0.0404396
0.0365492
0.0466285
0.0402494
0.0378379
0.036813
0.0369517
0.0380791
0.0344474
0.0425917
0.0442929
0.0380629
0.0454932
0.0437376
0.046439
0.0402527
0.0433273
0.0447486
0.039409
0.0426521
0.0408171
0.0380792
0.0410613
0.038571
0.0412705
0.0391483
0.0332074
0.0437269
0.0398422
0.0396752
0.0407944
0.0391111
0.0379691
0.0371406
0.0411271
0.0389877
0.0336222
0.0406286
0.0385563
0.037326
0.0369396
0.0535554
0.046016
0.0433434
0.0439471
0.0431478
0.0467962
0.0412564
0.0450649
0.0350774
0.041132
0.0412805
0.037517
0.0428116
0.0362853
0.0458441
0.0455129
0.04229
0.0383923
0.0428643
0.0392762
0.0385099
0.0421824
0.0404817
0.0433076
0.0392882
0.0351614
0.0401845
0.039297
0.0357478
0.0336556
0.0394055
0.036442
0.0405622
0.0366329
0.0423389
0.0436636
0.0423309
0.0396234
0.041532
0.0411725
0.0489496
0.0409166
0.039049
0.0429619
0.0413426
0.0420701
0.04105
0.0441187
0.0457312
0.0430389
0.0413882
0.0451148
0.0432072
0.0396891
0.0423732
0.039254
0.0400161
0.0373674
0.0373277
0.0461929
0.0366278
0.0347862
0.0410244
0.0368042
0.0437777
0.0419383
0.0385051
0.0435374
0.0468038
0.0442586
0.0384994
0.0344332
0.0363556
0.0382566
0.034598
0.0457122
0.0480677
0.0469056
0.0429424
0.0428275
0.0430082
0.0429065
0.0541473
0.0517231
0.0457578
0.0408287
0.0465526
0.047496
0.0479448
0.0496486
0.0609167
0.0576368
0.0451387
0.0443043
0.0450709
0.0468084
0.0548856
0.0440379
0.0482142
0.0436665
0.0398215
0.0444087
0.0435336
0.0465596
0.0411023
0.0382918
0.0475024
0.0421662
0.0476151
0.0445842
0.0421744
0.0449557
0.0474398
0.0390317
0.0442608
0.0448413
0.0477797
0.0462805
0.0403622
0.0584555
0.0536757
0.0559052
0.0440521
0.0460935
0.0468675
0.0456674
0.0492335
0.0543325
0.0471983
0.0509678
0.0513679
0.0477242
0.0475576
0.0485986
0.0477985
0.0452002
0.0438259
0.0474228
0.0489601
0.0410886
0.0451427
0.0496003
0.0531308
0.0504933
0.0475757
0.0444111
0.0482309
0.0454424
0.0492448
0.0469102
0.0544601
0.0490308
0.0452888
0.0448547
0.0568715
0.05047
0.0460874
0.0467522
0.0413582
0.0406135
0.0394182
0.0539658
0.0420876
0.0456472
0.0391046
0.0495807
0.0479268
0.0480028
0.0514325
0.0510513
0.0493176
0.0453749
0.0448331
0.0501219
0.0459891
0.0580494
0.0481531
0.0484372
0.0451694
0.0487756
0.043426
0.0480127
0.0420836
0.042872
0.0431802
0.0407237
0.0444953
0.0481415
0.0497522
0.0482465
0.0465788
0.0494981
0.0477755
0.042565
0.0452717
0.0397744
0.0480415
0.0400028
0.0413471
0.0511321
0.0527029
0.0461882
0.0460391
0.0446226
0.0471746
0.0451237
0.0440715
0.0518483
0.0455881
0.0504802
0.0486731
0.0479805
0.051567
0.0542114
0.045709
0.0476287
0.0491991
0.0461113
0.0529992
0.054852
0.052875
0.045262
0.038519
0.0466135
0.0450931
0.0408075
0.0444162
0.0442207
0.0428717
0.0427799
0.0465542
0.0434807
0.0451376
0.0472523
0.041043
0.0403907
0.0427041
0.0471706
0.0463218
0.044248
0.0494292
0.0428548
0.0439289
0.0461104
0.0465174
0.0427091
0.0438166
0.0443269
0.0442747
0.0468697
0.0442608
0.0574797
0.0502399
0.0469098
0.0503011
0.0508072
0.0542023
0.0483932
0.0442546
0.0430857
0.0423096
0.0423246
0.0556768
0.0518576
0.0618745
0.0448978
0.046757
0.0442225
0.0460102
0.0540349
0.045162
0.0373606
0.0381689
0.0393908
0.0421791
0.0404004
0.0417844
0.0452584
0.0407395
0.0452872
0.0482774
0.0412319
0.0428501
0.0390412
0.039046
0.0426388
0.0470074
0.0427257
0.0419038
0.040874
0.0433459
0.0489129
0.0434184
0.0459391
0.0431053
0.0433323
0.0443946
0.0417722
0.0437058
0.0454848
0.0450283
0.0515508
0.0563664
0.0482114
0.0417588
0.0428468
0.0484028
0.051671
0.0430552
0.0480521
0.0490066
0.0510502
0.0546818
0.0506128
0.0618572
0.0482464
0.0437038
0.044076
0.0517367
0.055516
0.0501137
0.0467386
0.0513847
0.0554127
0.0667006
0.0534692
0.0483562
0.0499803
0.0457304
0.0472066
0.0532041
0.0630006
0.0514538
0.0471815
0.0493266
0.0463989
0.0519987
0.0532532
0.0490317
0.0483126
0.0501524
0.0515774
0.0474767
0.0537232
0.0493985
0.0487051
0.053318
0.0458427
0.0554168
0.0485358
0.0510439
0.053629
0.0485086
0.0448873
0.0605784
0.0556659
0.0436397
0.041112
0.0468084
0.0428804
0.0509155
0.044393
0.0400838
0.039182
0.0464164
0.0502633
0.0463012
0.0431035
0.040736
0.0469652
0.0456085
0.0441646
0.0461617
0.0394433
0.0403825
0.0413781
0.0443093
0.0416097
0.0389317
0.045218
0.0444928
0.0420461
0.0561328
0.0433418
0.0369593
0.035695
0.0393066
0.0541769
0.0525024
0.0359865
0.0331079
0.0394444
0.0445232
0.0515235
0.0288194
0.0289093
0.0278861
0.0271555
0.0281445
0.0300167
0.0284751
0.0305451
0.036136
0.0388872
0.0352355
0.0310544
0.0373079
0.0673103
0.0351729
0.0361782
0.0411435
0.0429955
0.0431488
0.0416296
0.0391922
0.0380942
0.046751
0.0429508
0.0452245
0.0390478
0.0363095
0.0410085
0.0429062
0.0459949
0.0425802
0.0444901
0.0445897
0.0481186
0.0469026
0.0393261
0.0400241
0.0454616
0.0420775
0.0402756
0.0425249
0.041654
0.0449442
0.0447921
0.0418359
0.0425665
0.0399241
0.0395599
0.0458783
0.0380545
0.0371419
0.0396345
0.038176
0.0352541
0.0371119
0.0395174
0.0413999
0.0518629
0.056504
0.0526049
0.044609
0.0596334
0.0416254
0.0372134
0.0388698
0.0399046
0.0387497
0.0438059
0.0357325
0.0594542
0.0394236
0.038848
0.0394992
0.0379711
0.0369303
0.0408693
0.0361298
0.0398919
0.0404327
0.0459475
0.0433512
0.0470824
0.0434902
0.0428946
0.03505
0.0571397
0.0429629
0.031443
0.0447702
0.0323872
0.0311722
0.0368666
0.0366939
0.0310345
0.0349775
0.030026
0.0292607
0.0326466
0.037589
0.0298609
0.030516
0.031943
0.0336364
0.0282872
0.0267515
0.0335462
0.0360946
0.0308346
0.0333575
0.0342365
0.032839
0.0268274
0.0355624
0.0337755
0.0262879
0.0296165
0.0328411
0.0307726
0.0358242
0.0329826
0.0398311
0.0410456
0.0415558
0.0386244
0.0398799
0.0401085
0.0464834
0.046138
0.038156
0.0470557
0.0425814
0.043626
0.0401853
0.0460643
0.0399715
0.0383251
0.0426367
0.0415643
0.0391925
0.0446879
0.0423715
0.0387029
0.0340375
0.0402603
0.0385853
0.0437852
0.0403394
0.036387
0.0378058
0.0369627
0.0376088
0.0405771
0.0391884
0.0408604
0.0432942
0.0359672
0.0317031
0.0403448
0.0389848
0.0350381
0.0358487
0.042318
0.0420919
0.0459127
0.0496961
0.0509917
0.0389866
0.0366215
0.0378453
0.0468782
0.0374029
0.0383133
0.0423125
0.0468496
0.0417275
0.0379269
0.0355092
0.0395421
0.0375631
0.0504798
0.0383118
0.0449511
0.041541
0.0438062
0.0354559
0.0370186
0.0447636
0.0363183
0.0401844
0.0401395
0.0374913
0.0356102
0.0414916
0.036435
0.0336321
0.0361276
0.0420357
0.0421624
0.0426935
0.0653123
0.0435818
0.0412911
0.0427759
0.0434511
0.0419304
0.0441902
0.0404289
0.0398816
0.0398647
0.0349928
0.065052
0.0376106
0.0365506
0.0366643
0.0381831
0.0348299
0.0413178
0.0398703
0.030856
0.039609
0.0325886
0.0381263
0.0342069
0.0372259
0.0420468
0.0444283
0.0360925
0.0373691
0.0328642
0.033069
0.0282642
0.0360255
0.035224
0.0378137
0.0402419
0.0506293
0.0306815
0.0307316
0.0355601
0.0295388
0.029333
0.0298511
0.0277717
0.0351062
0.0355259
0.041837
0.0328313
0.0353706
0.0311411
0.0363046
0.0368214
0.0337466
0.0392967
0.0460955
0.0444724
0.040589
0.0468993
0.0383345
0.0418786
0.0411389
0.0447321
0.0403838
0.048049
0.0427653
0.0507255
0.0416908
0.0428657
0.0482369
0.0435721
0.0492782
0.0452026
0.0474173
0.0491529
0.0436393
0.065235
0.0487068
0.0450432
0.0511789
0.0496506
0.0478864
0.0466663
0.0459537
0.0451011
0.0473987
0.0462493
0.0462121
0.0473223
0.0430309
0.0456278
0.0440222
0.046658
0.0437378
0.045125
0.0459147
0.0490227
0.0507443
0.0517905
0.0413892
0.0492378
0.045287
0.0451428
0.0464386
0.0437033
0.0464363
0.0425497
0.0469446
0.0462404
0.0460404
0.0437092
0.0444523
0.0456529
0.0391165
0.0435986
0.045925
0.0471733
0.0485296
0.0534423
0.044485
0.0433078
0.0405899
0.0437792
0.0437808
0.0424433
0.0436802
0.0391848
0.0455489
0.0510812
0.0548395
0.0584327
0.0567554
0.0558636
0.05126
0.0518567
0.0466918
0.0492982
0.0538188
0.0473432
0.0510225
0.0430909
0.0472017
0.0497402
0.0533752
0.0562531
0.0523777
0.0517561
0.0487906
0.0485997
0.0535522
0.0482654
0.0494563
0.0525472
0.05773
0.0527803
0.0492091
0.0526819
0.0499124
0.0508743
0.0536948
0.0523819
0.0432834
0.0457589
0.0455566
0.0439101
0.0467037
0.0463625
0.0470749
0.0412758
0.0484088
0.0483346
0.0427774
0.040841
0.0407207
0.0434081
0.0470031
0.0455859
0.0430253
0.0362178
0.0340645
0.0354744
0.0351703
0.0317539
0.0320206
0.0287812
0.0382371
0.0351228
0.0337345
0.0307306
0.0310391
0.0261524
0.0259974
0.0249144
0.0285483
0.0263077
0.035761
0.0351135
0.0338786
0.0322424
0.0333545
0.0268039
0.0254112
0.0281949
0.0255072
0.0279787
0.0269717
0.0348077
0.0287313
0.0298002
0.0272749
0.0334147
0.0308991
0.035793
0.0344719
0.0334175
0.031703
0.0325208
0.0374925
0.0358591
0.0342309
0.0294945
0.0283425
0.0249095
0.0284004
0.0310568
0.0374783
0.0357405
0.0291264
0.0358259
0.0384984
0.0375046
0.0351761
0.0366323
0.0322612
0.0405877
0.0316443
0.0318037
0.0266765
0.0325727
0.0346041
0.040925
0.0637303
0.0375585
0.0409306
0.0362418
0.034763
0.0370063
0.0352842
0.0301513
0.0343764
0.0388924
0.0392243
0.0342365
0.037503
0.0371605
0.0414116
0.0465135
0.0398662
0.0375295
0.0439946
0.048221
0.0475294
0.0452308
0.0423884
0.0395327
0.0389554
0.0388219
0.0444241
0.0429357
0.0428955
0.0398763
0.0415168
0.0366008
0.0449309
0.0439002
0.0370123
0.0471663
0.0413616
0.03596
0.0380889
0.0393182
0.0479498
0.0390226
0.0393038
0.0425197
0.0334955
0.0498433
0.0395948
0.0407773
0.0405641
0.0419713
0.0427796
0.0443478
0.0406171
0.0491214
0.0440157
0.0355528
0.0360375
0.0436289
0.0405702
0.044445
0.0408073
0.0402804
0.0433866
0.0457735
0.0410861
0.0420724
0.04879
0.0421721
0.0507556
0.0366327
0.0353234
0.0346813
0.0416627
0.0432968
0.0375252
0.0329485
0.0325137
0.0363459
0.0348322
0.0361523
0.0354768
0.0270457
0.0261354
0.0344328
0.035553
0.0369173
0.0367978
0.0374436
0.0384022
0.0461957
0.0396458
0.0386511
0.0462224
0.0514152
0.0472802
0.0427223
0.0499324
0.0355706
0.0404905
0.0457153
0.0476552
0.0360758
0.0365844
0.0363644
0.0355495
0.0343394
0.0395823
0.0416189
0.0306473
0.0353781
0.0344895
0.0365941
0.0398097
0.0412507
0.0471576
0.0327565
0.0383531
0.0418079
0.033195
0.0429794
0.0372903
0.0322335
0.0358634
0.0470214
0.037989
0.036714
0.0387217
0.0400537
0.0440825
0.0324285
0.0407626
0.0348562
0.0317531
0.0397938
0.0388866
0.0348391
0.0361685
0.0393779
0.0338602
0.0383111
0.0369462
0.0412219
0.0388914
0.0320173
0.0319865
0.0389817
0.0361255
0.0424876
0.0367399
0.0362693
0.0308107
0.0364074
0.0380951
0.035144
0.0427792
0.0371238
0.043759
0.0324288
0.0420099
0.0415023
0.0357438
0.0395221
0.0354713
0.0479798
0.0558005
0.0511773
0.0379347
0.0489282
0.0535568
0.0425148
0.0449175
0.0407303
0.0337483
0.0427899
0.0382442
0.0423681
0.0386551
0.0398678
0.0357599
0.0370748
0.0351246
0.0407255
0.0360662
0.0366911
0.0417553
0.0327955
0.0386542
0.0396313
0.0474299
0.0413961
0.0467564
0.0455871
0.0442738
0.0437109
0.0404268
0.0458452
0.0377633
0.0321608
0.0430945
0.0366324
0.0390149
0.0355766
0.0352297
0.0337482
0.0319384
0.0398346
0.0390487
0.0394908
0.0333712
0.0399447
0.0365871
0.0346205
0.0331824
0.0387816
0.0409485
0.0349305
0.0381146
0.0344393
0.0298103
0.0311717
0.0303176
0.0417862
0.0389628
0.0420437
0.0364109
0.0456934
0.0420643
0.0417196
0.0433376
0.0360587
0.040315
0.0408113
0.0405498
0.0451984
0.0415848
0.0458715
0.0479187
0.0447337
0.0470214
0.0463167
0.0365235
0.0413738
0.0349581
0.0388329
0.0420971
0.0427895
0.0385696
0.0368773
0.0416414
0.0431794
0.0479173
0.0425686
0.0397106
0.0455886
0.0403813
0.0462368
0.0440924
0.0441551
0.0420749
0.0424611
0.0438498
0.0438309
0.0443706
0.0400503
0.0454317
0.0426753
0.041982
0.0459276
0.0432332
0.0437945
0.042551
0.0408052
0.034673
0.0336923
0.0332369
0.0381983
0.0352739
0.0369292
0.0432921
0.0468683
0.0410635
0.0420281
0.0464743
0.044453
0.0404398
0.0395645
0.0387123
0.0401434
0.0410015
0.0391427
0.0361362
0.0335697
0.0368534
0.0439753
0.0387956
0.0362942
0.0354794
0.036062
0.0371701
0.0394303
0.0480683
0.0371339
0.0333244
0.0343257
0.0364692
0.0354496
0.0384407
0.032962
0.0368662
0.032566
0.0351543
0.0336738
0.0378119
0.0496293
0.0476692
0.0457605
0.0454889
0.0438724
0.049185
0.0392587
0.046071
0.0369422
0.0399329
0.0411247
0.0398862
0.0411301
0.0396079
0.0382397
0.0392523
0.0371679
0.0472264
0.0391024
0.040906
0.0425619
0.0427278
0.0356162
0.0359974
0.0422744
0.0474466
0.0402625
0.034192
0.0312256
0.0320854
0.0405468
0.0426668
0.0382752
0.0353143
0.0331525
0.0346608
0.0302118
0.0346859
0.0446984
0.0383077
0.0365131
0.0397116
0.0357853
0.0742483
0.0422115
0.0390117
0.0415893
0.0375404
0.0375505
0.0353945
0.0367254
0.0431922
0.0406793
0.0395453
0.0353671
0.0398041
0.0529627
0.0472674
0.0477806
0.0426
0.0428511
0.0464409
0.0455794
0.0452279
0.0460206
0.0543724
0.048043
0.0519111
0.0458213
0.0426633
0.0479123
0.0511751
0.0538855
0.0503257
0.0473857
0.0412267
0.047997
0.0420288
0.0370491
0.0375825
0.0435895
0.0512673
0.0480854
0.0421007
0.0397515
0.0429836
0.0509804
0.0441121
0.0445926
0.044887
0.0474184
0.0438968
0.0503271
0.0500073
0.052366
0.0432416
0.0409687
0.0446796
0.040415
0.039353
0.039663
0.0449399
0.0480801
0.0525637
0.0430298
0.0343966
0.0399225
0.0373367
0.0426101
0.0439001
0.0431661
0.042961
0.0415561
0.0391201
0.0401595
0.040092
0.0353098
0.0392443
0.0375508
0.0421662
0.0437511
0.0423409
0.0398872
0.0387161
0.038401
0.0368977
0.038095
0.0424555
0.0368683
0.0363668
0.0409689
0.0399192
0.035661
0.0373002
0.0389814
0.0388869
0.0470498
0.0408676
0.0450347
0.0440441
0.043586
0.037256
0.0393616
0.0399543
0.0431768
0.0490985
0.0451516
0.0487793
0.0443082
0.0510547
0.0436036
0.0387856
0.0439998
0.0425138
0.0447326
0.0501387
0.0437885
0.0409137
0.0433172
0.0384865
0.0397583
0.0458877
0.0437201
0.0416562
0.0397803
0.0373233
0.0407341
0.0407293
0.0489413
0.0454058
0.0456688
0.0473466
0.0432433
0.0419651
0.0509764
0.0442126
0.0473342
0.048292
0.0397937
0.0455075
0.0449429
0.0373007
0.0506045
0.0555974
0.0548439
0.0516564
0.0566132
0.0471101
0.0476229
0.0476126
0.051506
0.0434891
0.0433159
0.0457459
0.0460206
0.0467202
0.0436983
0.048358
0.0485794
0.0504639
0.048948
0.0480451
0.0464312
0.0452065
0.0501895
0.0517437
0.045494
0.0505235
0.0496135
0.0442148
0.0511127
0.0472986
0.0529456
0.0450585
0.0443268
0.0457137
0.046259
0.0473848
0.0493429
0.0523398
0.0614625
0.0465211
0.0507256
0.0476194
0.0493286
0.0563512
0.0464464
0.0433458
0.047107
0.0487149
0.0463657
0.0454472
0.0450403
0.0465128
0.0491479
0.046218
0.0421312
0.0477869
0.0476811
0.0491938
0.0414736
0.046021
0.0519393
0.046143
0.050445
0.0457643
0.0412088
0.0487631
0.0494407
0.0438153
0.0465185
0.0502016
0.0480796
0.0519802
0.0476695
0.0458858
0.0491421
0.043893
0.0420561
0.0453544
0.0537135
0.0521465
0.0480078
0.0482579
0.0535295
0.0523075
0.0515633
0.0460965
0.0468191
0.0478312
0.0423594
0.0449127
0.0410304
0.0482859
0.0503082
0.0463542
0.0469286
0.0498375
0.0451237
0.0465999
0.0480597
0.0479548
0.0437478
0.0496659
0.048039
0.0492225
0.0483695
0.0423973
0.0447153
0.0434056
0.0489847
0.0481134
0.0469088
0.0453228
0.0447938
0.0448763
0.0477272
0.0501541
0.0507012
0.0504823
0.0480342
0.047638
0.0475384
0.0468968
0.0442948
0.0433477
0.0388585
0.0403832
0.041228
0.0403836
0.0418994
0.0411814
0.0400085
0.0434905
0.0438807
0.0458887
0.0467826
0.0413323
0.0445119
0.042204
0.0423463
0.0451133
0.0415454
0.0393587
0.0652953
0.042601
0.0423519
0.0432398
0.0429176
0.0457837
0.0458505
0.051242
0.046354
0.04759
0.0480096
0.0506639
0.0440066
0.0477115
0.0461333
0.0432561
0.0470512
0.0445063
0.0401552
0.0441987
0.0382
0.0435888
0.0416901
0.0411194
0.0424246
0.0401725
0.043665
0.0490025
0.050475
0.0447671
0.0441231
0.049667
0.0545949
0.055
0.0509394
0.0563184
0.0531207
0.0517129
0.0542481
0.0478171
0.0497989
0.0449098
0.0417873
0.0443157
0.0486558
0.0442821
0.0430698
0.0414161
0.0423306
0.0453251
0.0413351
0.0401479
0.040758
0.0409334
0.0435416
0.0402238
0.03804
0.0390306
0.0363668
0.041723
0.037718
0.0390382
0.0349754
0.0352806
0.0378006
0.0602132
0.0386021
0.0389783
0.0411838
0.0427302
0.0470479
0.0472543
0.0395955
0.0403176
0.0456959
0.0412862
0.0420867
0.0411848
0.0370003
0.0396104
0.0406907
0.036311
0.0447187
0.0400502
0.0393046
0.0394628
0.0369727
0.0430681
0.044828
0.0448365
0.0379035
0.0418863
0.0452572
0.0522284
0.0464405
0.0474069
0.0475711
0.0417093
0.0446787
0.0476653
0.0462646
0.0482437
0.0497869
0.0440992
0.0459075
0.0489433
0.0453591
0.0416459
0.0475559
0.052976
0.0498931
0.0510321
0.0454136
0.0515238
0.0739621
0.0607572
0.0497803
0.0517537
0.0409126
0.0456208
0.0448684
0.0472099
0.0453014
0.0518941
0.0441041
0.0518218
0.0550378
0.050311
0.0453003
0.0455388
0.046434
0.0434339
0.0407904
0.0404365
0.0441136
0.0425546
0.0562902
0.0506325
0.0427379
0.0442485
0.0456846
0.0438789
0.0453172
0.0410199
0.0432626
0.0455073
0.0416755
0.0400116
0.0436916
0.0385502
0.039271
0.0427673
0.0406108
0.0365167
0.0376663
0.0404217
0.0427823
0.0379565
0.0391014
0.0408003
0.0386971
0.0476812
0.0430035
0.0416186
0.0368281
0.0385562
0.0385301
0.0465278
0.0413073
0.0365147
0.0430357
0.0409249
0.0421538
0.0554319
0.0481303
0.0451123
0.042899
0.0447167
0.0583905
0.0481394
0.0533443
0.0465223
0.0502496
0.0519778
0.0545378
0.0528038
0.0520828
0.043785
0.0469018
0.0453128
0.049966
0.0447639
0.049465
0.0490925
0.0520761
0.0496682
0.0445887
0.0493093
0.0475436
0.0504082
0.0485582
0.0481961
0.0522286
0.0435337
0.0456944
0.0451366
0.0458463
0.0491357
0.0489452
0.0443032
0.0520127
0.0480453
0.0470269
0.051791
0.0514231
0.0440027
0.0495842
0.0489817
0.0461786
0.0502953
0.0396749
0.0444948
0.044674
0.044085
0.0444964
0.0468951
0.0517007
0.046824
0.0446515
0.0510718
0.0469837
0.0476034
0.03922
0.0469053
0.049222
0.0456326
0.0410172
0.0428501
0.0445285
0.0453154
0.0585958
0.0455572
0.0451372
0.0430395
0.0467864
0.0463589
0.0473127
0.0445522
0.0445765
0.0444998
0.0473704
0.0463872
0.0411815
0.0473443
0.0477572
0.0477236
0.0456146
0.0416533
0.046677
0.0479586
0.0447045
0.0440436
0.0409151
0.0411765
0.0480425
0.0476509
0.0429345
0.0423944
0.0437928
0.0485752
0.044842
0.0433615
0.0449636
0.0402294
0.0381466
0.046402
0.0439913
0.0471742
0.0452321
0.0436889
0.0455666
0.0504746
0.0520209
0.0473997
0.0437814
0.0404006
0.0456433
0.0436945
0.0472721
