0.0199236
0.0745867
0.0744961
0.0716714
0.0732192
0.0706121
0.0758117
0.0701742
0.072897
0.0720089
0.0707116
0.0711031
0.0743852
0.0730363
0.0736689
0.072565
0.0725693
0.0752993
0.0710558
0.122898
0.0544503
0.0373087
0.01896
0.0198672
0.0205127
0.0192904
0.0219233
0.0213531
0.0214237
0.0209245
0.0222321
0.0205908
0.0207026
0.0197901
0.022966
0.026936
0.0234104
0.028303
0.0215095
0.0239057
0.0229193
0.0242291
0.0245825
0.0242055
0.0253211
0.0228907
0.0263425
0.0241422
0.0238397
0.0260528
0.0255687
0.0268311
0.0257805
0.0243197
0.0229687
0.0238774
0.024518
0.0233969
0.0245627
0.0271032
0.0267271
0.0246552
0.026455
0.0268986
0.0235384
0.0256883
0.0250277
0.0233237
0.0239943
0.0239622
0.0241237
0.0248787
0.0223293
0.0220639
0.0208248
0.0220369
0.027188
0.0272211
0.0278782
0.0265481
0.0237869
0.0253219
0.0242483
0.0242792
0.0219876
0.0231726
0.0214002
0.0220681
0.0272848
0.0244495
0.0242677
0.025583
0.0220932
0.0229984
0.0244103
0.023388
0.0231811
0.0241761
0.0223895
0.0274836
0.0272931
0.0227554
0.0264142
0.0294953
0.0293051
0.0274645
0.0284351
0.0275159
0.0283065
0.0269282
0.0294802
0.0301832
0.030406
0.0264204
0.030082
0.0262588
0.0247897
0.0284178
0.0289146
0.0290904
0.0301224
0.0300115
0.0286927
0.0291201
0.030141
0.0297942
0.026278
0.0259197
0.0264085
0.0251181
0.0239715
0.0237348
0.0245921
0.0231674
0.0276222
0.0281048
0.0222262
0.0271372
0.0285809
0.0229582
0.0242987
0.0290383
0.0236814
0.024581
0.0257817
0.0292889
0.0246471
0.0260386
0.0276849
0.0289231
0.0263346
0.0264007
0.0287603
0.0276589
0.0248729
0.0266836
0.0236773
0.025084
0.0280376
0.0268738
0.0262056
0.0252421
0.0281509
0.0282955
0.0294325
0.0272848
0.0253369
0.0279076
0.0312944
0.0303714
0.029841
0.0280946
0.0284491
0.0305956
0.0311275
0.0282939
0.0260471
0.0298617
0.0315052
0.0308723
0.0311551
0.0289607
0.0304394
0.0340361
0.0327232
0.0320923
0.0275663
0.0297369
0.0315763
0.032533
0.0309252
0.0266007
0.0275025
0.0285312
0.0298375
0.0274957
0.0262158
0.0268981
0.0295494
0.027761
0.0262634
0.0257298
0.0283261
0.0267523
0.0236725
0.0274616
0.0279724
0.0295762
0.0281768
0.0293442
0.0279288
0.0288549
0.0288978
0.0300939
0.0311948
0.0295971
0.0307368
0.0305623
0.0297223
0.0317883
0.0306458
0.0339737
0.0391093
0.032665
0.03316
0.0307797
0.0306728
0.0267863
0.0305554
0.0282644
0.0270259
0.0271319
0.0298022
0.026784
0.0286726
0.0290437
0.0312652
0.0307602
0.0316247
0.0308473
0.0266318
0.0306568
0.0340692
0.032601
0.0303311
0.0287217
0.0282192
0.0261353
0.0280468
0.0281443
0.0305374
0.0308482
0.031521
0.0324551
0.0307949
0.0294055
0.0318011
0.0316682
0.032748
0.0333298
0.0331515
0.0301243
0.034042
0.0311707
0.0332022
0.0340008
0.0293524
0.0308118
0.0307718
0.0313413
0.0345344
0.0296053
0.0284191
0.03487
0.033622
0.0352386
0.0348226
0.0344436
0.0357921
0.036182
0.0344208
0.0363128
0.033648
0.0351139
0.0354782
0.0374451
0.0327836
0.031719
0.0354455
0.0347942
0.0378819
0.0358259
0.0302563
0.0349327
0.0354627
0.0370588
0.0337906
0.0322671
0.0315973
0.0319891
0.0334802
0.0306953
0.027537
0.0291504
0.026528
0.0290429
0.0275382
0.0253948
0.0271668
0.0292018
0.0286861
0.0269756
0.0286803
0.0291651
0.0273943
0.0287112
0.032951
0.0318266
0.0331223
0.03026
0.0298168
0.0310765
0.0317586
0.0327176
0.0301698
0.0272035
0.0292274
0.030667
0.032037
0.0318506
0.0305267
0.0359172
0.0340265
0.0348131
0.0339713
0.0325314
0.0332114
0.0340534
0.0358446
0.0333846
0.0311121
0.0331857
0.0335568
0.0371507
0.034377
0.0369025
0.0333761
0.0358709
0.0334091
0.0327555
0.0328576
0.0337301
0.0363768
0.0356594
0.0332555
0.0299279
0.03424
0.0326712
0.0319041
0.0321068
0.0287218
0.028159
0.0304583
0.0332809
0.0326754
0.0305997
0.0291836
0.0294442
0.0361124
0.0337691
0.0315813
0.0299844
0.0335938
0.0313682
0.0311314
0.0315148
0.0346996
0.03445
0.0323353
0.0324184
0.0375862
0.0351801
0.0334506
0.0306761
0.0343464
0.032827
0.0319534
0.0305023
0.0301213
0.0325647
0.0345463
0.0360954
0.0330397
0.0335416
0.0332186
0.0347867
0.0342448
0.0341021
0.0307709
0.0340898
0.034643
0.0348801
0.0312728
0.0294605
0.0344031
0.0375032
0.0370961
0.0326095
0.0299521
0.0312765
0.0306409
0.0305156
0.0319715
0.029144
0.035684
0.0372881
0.0381901
0.0338972
0.0327818
0.0312589
0.0355527
0.038564
0.0366926
0.029236
0.0321911
0.0348663
0.0341567
0.0349455
0.0341008
0.0316226
0.0346183
0.0328945
0.0349835
0.0338271
0.0317758
0.0315148
0.0315941
0.0309338
0.031261
0.0285666
0.0291247
0.0283201
0.0292976
0.0317915
0.0295593
0.0315289
0.0314847
0.0306505
0.0293352
0.0287673
0.0308841
0.0333701
0.0324108
0.0337902
0.0311647
0.030597
0.0325025
0.0305372
0.0324269
0.0350779
0.0306081
0.0303394
0.0328368
0.0319729
0.031331
0.0302604
0.0306738
0.0319003
0.0333527
0.0316761
0.0318646
0.0336072
0.0340464
0.0357182
0.0344431
0.0311469
0.0299733
0.0320639
0.0311574
0.0293347
0.0277039
0.0298448
0.0292658
0.0301621
0.0308813
0.028677
0.0296767
0.0328827
0.0307995
0.0297918
0.0311388
0.030288
0.0325434
0.0345636
0.0344687
0.0341825
0.0349547
0.0336253
0.0339392
0.0340282
0.0339546
0.0318864
0.0346892
0.034134
0.030484
0.0338565
0.0341049
0.0328991
0.0291359
0.0310606
0.0317834
0.0317465
0.0301013
0.0293705
0.0331166
0.0327283
0.0343922
0.0328685
0.0331393
0.0338643
0.0331998
0.0291005
0.0297677
0.0295635
0.0292449
0.028678
0.026894
0.0248636
0.0273397
0.0297495
0.0262509
0.0248364
0.024649
0.0247275
0.0280837
0.0251047
0.0239281
0.022461
0.0223464
0.0235277
0.0222286
0.0219695
0.0214091
0.0248506
0.025382
0.02546
0.022966
0.0191649
0.0203762
0.0203037
0.0178842
0.0165763
0.0156463
0.0164036
0.0163031
0.0161201
0.0141734
0.0145286
0.0138869
0.0157294
0.0148032
0.013484
0.0133761
0.0141415
0.0134156
0.0141942
0.0145258
0.0153616
0.01487
0.0151341
0.015922
0.0138021
0.0147575
0.0141856
0.0160012
0.017085
0.0189963
0.0238488
0.0190783
0.0191301
0.018017
0.0181631
0.0168821
0.0181625
0.0173675
0.0167836
0.0165318
0.0156068
0.0171863
0.0181089
0.0171859
0.0191827
0.0189391
0.0183779
0.0175148
0.0172482
0.0191902
0.0187573
0.0185996
0.0185396
0.0230911
0.019909
0.0197638
0.020973
0.0200237
0.0209437
0.0214118
0.0214503
0.0214452
0.0201153
0.0208116
0.0211976
0.021855
0.0215933
0.0204775
0.0203934
0.0216813
0.0201723
0.0203016
0.0188308
0.0191393
0.0199747
0.0202996
0.0198286
0.0190522
0.0183599
0.0192928
0.0185737
0.0189408
0.0172141
0.0179348
0.0164526
0.0161352
0.0164244
0.0160246
0.0159787
0.0167386
0.0147641
0.0153025
0.0147468
0.014061
0.0147264
0.0147517
0.0150796
0.0134373
0.0143908
0.0150891
0.0152139
0.0151378
0.0145241
0.0146776
0.016104
0.0144367
0.0152755
0.0140145
0.0135862
0.0136167
0.0143719
0.01524
0.0188044
0.0148048
0.014988
0.0164799
0.0151724
0.0160478
0.0161082
0.0165087
0.0162578
0.0167611
0.0170384
0.0166818
0.0171135
0.0165313
0.0165379
0.0163301
0.01602
0.0166259
0.0165548
0.0185306
0.0174721
0.0188506
0.0156423
0.014039
0.0140167
0.0150621
0.0152098
0.0157876
0.0184762
0.0158303
0.0153438
0.014908
0.0192948
0.0143372
0.0173783
0.0181696
0.0164245
0.014801
0.0168224
0.0177074
0.0180157
0.017848
0.0176221
0.01896
0.0178113
0.0170961
0.0147159
0.0156074
0.0162418
0.0182936
0.0162491
0.0184699
0.0154798
0.0145209
0.0154862
0.016604
0.0193297
0.0196483
0.0166366
0.0156722
0.0155949
0.0207256
0.0171823
0.0188971
0.0186468
0.0199178
0.0207472
0.0197302
0.0174659
0.0182216
0.0166799
0.018667
0.0168524
0.0178188
0.0163986
0.0161536
0.0164646
0.017257
0.0158529
0.0156109
0.0161043
0.0198052
0.018963
0.0176508
0.0160982
0.0185797
0.0196003
0.0198328
0.017056
0.0151562
0.0152544
0.0170316
0.0155703
0.0155478
0.0156275
0.0146567
0.0155354
0.0146845
0.0136011
0.0140827
0.0151609
0.0184582
0.0157967
0.0173376
0.0165278
0.0152328
0.0159975
0.0199893
0.0209897
0.0195607
0.017554
0.0166005
0.0219431
0.0177018
0.0184358
0.0163083
0.0161306
0.0156829
0.0151977
0.0144363
0.0151161
0.014786
0.0150015
0.0155414
0.0160945
0.0152009
0.0163632
0.0158041
0.0165861
0.0164717
0.0162683
0.013651
0.0137889
0.0149369
0.0158546
0.0162645
0.0146805
0.0152413
0.015602
0.0157935
0.0177632
0.019923
0.0207001
0.0156548
0.0165704
0.0175314
0.0173483
0.0164863
0.0166283
0.0172741
0.0169688
0.0181999
0.0180203
0.0181192
0.0207861
0.0178393
0.0217455
0.0219108
0.0224086
0.0239115
0.0172512
0.0190514
0.0189826
0.0189813
0.0181931
0.0182505
0.0186594
0.0211284
0.0211799
0.0201174
0.0213737
0.0179727
0.0174248
0.0183269
0.0192801
0.0182061
0.0214231
0.0203918
0.0202658
0.0220851
0.0226213
0.0204146
0.0202781
0.0210394
0.02237
0.0228625
0.0220228
0.024523
0.0232165
0.0240281
0.0227202
0.0223481
0.0226424
0.0246889
0.0247628
0.0251906
0.0250101
0.0243084
0.0234738
0.022101
0.0232194
0.0227826
0.023536
0.0226397
0.0245463
0.0235687
0.0248902
0.0230474
0.0233132
0.024449
0.0243805
0.0247661
0.0263454
0.0258112
0.0241337
0.0242464
0.0260249
0.0305338
0.0287044
0.0231876
0.0266749
0.0268249
0.0270092
0.0319822
0.0285053
0.0273351
0.0257111
0.0257901
0.0278556
0.0300661
0.0274544
0.0255547
0.0255737
0.0298823
0.0274902
0.026348
0.0252426
0.0268551
0.0295436
0.0264153
0.0284742
0.030172
0.0290866
0.026689
0.0291743
0.0300814
0.0299467
0.0267307
0.029088
0.0295239
0.0291759
0.029005
0.026331
0.0286446
0.027106
0.0288797
0.0286579
0.0262041
0.0268591
0.0295487
0.0267667
0.0283313
0.024569
0.0271271
0.0289318
0.0268878
0.0245802
0.0228642
0.0277556
0.0307759
0.0295087
0.0274886
0.0275313
0.029863
0.0283893
0.026091
0.0273984
0.0283377
0.0253513
0.0261357
0.0249865
0.0239531
0.0201632
0.02476
0.023081
0.0200907
0.0181889
0.0180461
0.0165855
0.0178844
0.0169321
0.0156371
0.0197944
0.0197411
0.0156607
0.0164944
0.0157759
0.0155461
0.0157452
0.0163874
0.0173726
0.0174634
0.0185736
0.0183025
0.0187046
0.0172683
0.0178125
0.0187976
0.018126
0.021337
0.0221728
0.0179596
0.0190614
0.0192633
0.016049
0.0203109
0.0209422
0.0165655
0.0214785
0.021207
0.0161588
0.0165941
0.0177602
0.01645
0.0185816
0.0184112
0.0165364
0.0162344
0.0166264
0.0158467
0.0167816
0.0174075
0.0158904
0.0196977
0.0202914
0.0180102
0.0171558
0.0186055
0.0170239
0.0198498
0.020743
0.018174
0.0202898
0.022351
0.017481
0.016307
0.0170877
0.0158551
0.0153799
0.0159077
0.016161
0.0162431
0.0170891
0.0172499
0.0161041
0.0164008
0.0178733
0.0177707
0.0173359
0.0156881
0.0164998
0.015024
0.0157522
0.015894
0.0167083
0.021539
0.0206819
0.0178656
0.0156403
0.0161037
0.0161384
0.0176698
0.0164512
0.01712
0.0169234
0.0179987
0.0202086
0.0211216
0.0174956
0.01827
0.0182786
0.0161509
0.0161419
0.0170177
0.0172746
0.017341
0.0177369
0.0179766
0.0194182
0.0192723
0.0212583
0.020349
0.0198876
0.0196153
0.0183505
0.0209797
0.0181713
0.0178549
0.019846
0.0200136
0.020238
0.0217194
0.0169303
0.0210687
0.021564
0.0163702
0.0181678
0.0186674
0.0164777
0.0145173
0.0157963
0.0165841
0.019081
0.0155372
0.0157812
0.018653
0.0171465
0.0169622
0.0177159
0.0185017
0.0150634
0.0198937
0.0151984
0.0188295
0.0153092
0.0161041
0.0149347
0.0163888
0.0160979
0.0163687
0.015698
0.0152481
0.0148857
0.0145867
0.015493
0.0151275
0.0168757
0.0177054
0.0165423
0.015302
0.0150126
0.0176771
0.0166168
0.0161689
0.0164118
0.0158066
0.0168493
0.0165688
0.0163418
0.0172356
0.015926
0.0154846
0.0154516
0.0149409
0.0136268
0.0149284
0.0140272
0.0139943
0.0134365
0.0151505
0.0143614
0.0143203
0.0143215
0.0163388
0.0156499
0.0196206
0.0169142
0.0174022
0.0172988
0.0166906
0.0167371
0.0177907
0.0219036
0.0208729
0.0210299
0.0199859
0.0170072
0.0174878
0.0186888
0.0176072
0.0184119
0.0175766
0.0170355
0.0172681
0.0170986
0.0172504
0.0160052
0.016055
0.0164975
0.0159785
0.0167831
0.0154807
0.0162762
0.0180415
0.0174809
0.0158783
0.0161352
0.0166448
0.0151851
0.0156596
0.014727
0.0140168
0.0152571
0.0160874
0.0141496
0.016125
0.0148322
0.0143424
0.0144344
0.0168597
0.0178891
0.0153721
0.0159758
0.0182589
0.0169343
0.0187627
0.0176689
0.0173597
0.021425
0.0174877
0.0171688
0.0172173
0.0162222
0.0173109
0.0159592
0.0158128
0.0158199
0.0162898
0.0149136
0.0148492
0.0161169
0.015237
0.016321
0.0165731
0.0153907
0.0165051
0.0155807
0.0137469
0.0134037
0.0144033
0.0189425
0.0152436
0.0146969
0.0150807
0.0208665
0.0168322
0.0207898
0.0197211
0.0192306
0.0197104
0.0191327
0.0217276
0.0183565
0.0175889
0.0178077
0.0164149
0.0207533
0.0230528
0.0193191
0.0224549
0.0222027
0.0232124
0.0229274
0.018313
0.0186517
0.0187989
0.0180183
0.0194169
0.0190017
0.0180225
0.021131
0.0205026
0.0202467
0.0208523
0.0211942
0.0211752
0.0214134
0.0205279
0.0227006
0.0217352
0.0224504
0.0229874
0.0270645
0.0245936
0.0239419
0.0231229
0.0242178
0.024926
0.024632
0.0238331
0.0252884
0.0251492
0.0249466
0.0252646
0.023544
0.0249161
0.0240639
0.0242112
0.0256065
0.0275178
0.0256985
0.0260351
0.0257508
0.0258562
0.0257911
0.0289662
0.0290526
0.0262159
0.0273276
0.027241
0.0299183
0.0272013
0.02566
0.0283521
0.0278212
0.0278948
0.0260356
0.0245979
0.0242917
0.0274681
0.025477
0.0243165
0.026118
0.0264378
0.0271398
0.0291393
0.0256179
0.0256831
0.0233619
0.0267473
0.0260738
0.025018
0.0250984
0.0277977
0.026633
0.0258912
0.0240457
0.0270415
0.0276065
0.0291361
0.0278406
0.0241169
0.0246333
0.0248941
0.0258803
0.0242984
0.0235966
0.0247978
0.025147
0.0272996
0.0250482
0.0230059
0.0242125
0.0254614
0.0269572
0.026074
0.0251612
0.0219089
0.0243937
0.0252952
0.0257362
0.0248695
0.0269188
0.025418
0.0250684
0.0239922
0.0272744
0.0272222
0.0261527
0.0250369
0.0256074
0.0249952
0.0271227
0.0247601
0.0297599
0.0283017
0.0222366
0.0210466
0.0211929
0.0220166
0.0213309
0.0209326
0.017242
0.0185266
0.0180802
0.0184276
0.0169662
0.0169848
0.0163523
0.0169626
0.0184958
0.0187595
0.0257221
0.0163322
0.0154149
0.0182391
0.024869
0.0196771
0.0183268
0.0181375
0.0182324
0.0219697
0.021658
0.0215236
0.0198976
0.0193184
0.0200408
0.0191003
0.0197427
0.0247055
0.0212351
0.0224258
0.021305
0.0231059
0.0199253
0.0197266
0.0187989
0.0192945
0.0208408
0.0227325
0.0216579
0.0246895
0.0241584
0.0244433
0.0225136
0.0214679
0.0217554
0.0240346
0.022833
0.0233221
0.0240496
0.0230765
0.0241572
0.0257915
0.0244696
0.0259096
0.0258385
0.0239005
0.0237225
0.0260721
0.0282263
0.0234479
0.0222382
0.0230083
0.0228578
0.0243798
0.0223302
0.0225359
0.0257547
0.0225525
0.0215256
0.0229511
0.0222346
0.0235075
0.02327
0.0237503
0.0221327
0.020768
0.0207239
0.0202088
0.0226874
0.0209089
0.019698
0.0232805
0.0218233
0.0232927
0.0195076
0.0188128
0.0231298
0.0209576
0.0225647
0.0199078
0.0212705
0.0202761
0.0235427
0.0193199
0.0215191
0.0203215
0.0195507
0.0200251
0.0207039
0.0211412
0.0213955
0.0215749
0.020019
0.0201673
0.0217413
0.0206929
0.0240169
0.0208006
0.0212494
0.0209155
0.0206037
0.0196913
0.0206652
0.0208702
0.0224273
0.0221693
0.0193911
0.0190641
0.0230047
0.0235578
0.022144
0.0232963
0.0180771
0.0212995
0.0282473
0.0227252
0.0227401
0.0210083
0.024515
0.0234453
0.0237153
0.0226122
0.0224734
0.0260642
0.0234079
0.0216783
0.02271
0.0223098
0.0218184
0.0218709
0.0201575
0.021705
0.0217916
0.0249231
0.0207397
0.0218866
0.026626
0.0232139
0.0288044
0.0225417
0.0216585
0.0235388
0.0237974
0.0220717
0.022513
0.0263527
0.0300623
0.0307248
0.0312973
0.0259087
0.0249154
0.02342
0.0243784
0.0233199
0.0238006
0.0239181
0.0246113
0.0234301
0.0250775
0.023314
0.0245489
0.025419
0.0278604
0.0245586
0.0237823
0.0234788
0.0253919
0.0241066
0.0262317
0.0241688
0.0245595
0.0247757
0.02688
0.0276533
0.0280495
0.030022
0.025004
0.0254731
0.024626
0.0271596
0.0268532
0.0279289
0.0248838
0.0252638
0.0282303
0.0290826
0.0279605
0.0255854
0.0308789
0.0243086
0.0278121
0.0262543
0.0264174
0.023983
0.0275863
0.025363
0.0228848
0.0241471
0.0235175
0.0252052
0.0260631
0.0248859
0.0245578
0.0262016
0.0253699
0.02527
0.0259853
0.0262423
0.0258431
0.0273442
0.0243899
0.0273855
0.0258609
0.0249128
0.0268376
0.0291508
0.0285739
0.0296098
0.0241454
0.0247457
0.0224906
0.0212761
0.0225575
0.0216844
0.0263824
0.0305219
0.0262365
0.0249423
0.02788
0.0248188
0.0298446
0.0262807
0.0262322
0.0243878
0.0226265
0.0274274
0.0295724
0.0286402
0.0273558
0.027888
0.0266893
0.0273603
0.026024
0.0253006
0.0258128
0.0242923
0.0256099
0.0223834
0.0215526
0.0211521
0.0235549
0.0251402
0.0314145
0.0239262
0.0238166
0.0235512
0.0242291
0.0261656
0.0256585
0.0263023
0.0251656
0.0239017
0.0276288
0.0241634
0.0260549
0.0269748
0.0259689
0.0260518
0.0253531
0.0223313
0.0217855
0.0233539
0.0222707
0.0209728
0.0196155
0.0213284
0.0226937
0.025112
0.0238976
0.0234494
0.0223163
0.0217496
0.025598
0.0262311
0.0280101
0.0269806
0.0276138
0.0237154
0.0254273
0.0283433
0.0269081
0.0261494
0.0257142
0.0249805
0.0280897
0.0275248
0.02825
0.026012
0.0267881
0.0245982
0.0243734
0.0257686
0.0261668
0.0244958
0.0240077
0.0249246
0.0233901
0.0247449
0.0249978
0.0250152
0.0242676
0.0232118
0.0211248
0.022303
0.0224845
0.0238326
0.0241558
0.0245485
0.0244978
0.0254546
0.0286086
0.0280767
0.0290523
0.0260822
0.0267253
0.0268327
0.0266123
0.027065
0.0253237
0.0273707
0.0251516
0.0248197
0.0276643
0.0254708
0.0257416
0.0247524
0.022881
0.023571
0.0230791
0.0235775
0.0226007
0.0236089
0.0202703
0.0223338
0.0230249
0.0216122
0.0221562
0.0201608
0.0192191
0.0223656
0.0223381
0.0206496
0.0198731
0.0207879
0.0212906
0.021758
0.0218778
0.0228072
0.0209163
0.0202224
0.0207348
0.0227231
0.0223352
0.0206672
0.0203932
0.0244461
0.0239278
0.0250551
0.0218398
0.0218877
0.0229515
0.0222796
0.0218208
0.0231787
0.0206719
0.0242462
0.0238427
0.0243662
0.022664
0.0261968
0.0269102
0.026254
0.0242341
0.0246568
0.0239254
0.0282265
0.0261474
0.024863
0.0241274
0.022563
0.0274609
0.0272457
0.0314444
0.0280129
0.0261503
0.024555
0.0237018
0.0255322
0.0284694
0.0282802
0.0289156
0.0259676
0.0262121
0.0276395
0.0270217
0.0298445
0.0313595
0.0299119
0.0245792
0.0285744
0.0266808
0.0289625
0.0293898
0.026092
0.0234266
0.0236982
0.0288563
0.0274077
0.0287822
0.0268039
0.0273191
0.0258799
0.0264134
0.0283512
0.0281716
0.0279605
0.0238326
0.0218756
0.0231461
0.0246708
0.0240648
0.0227287
0.0227986
0.0232111
0.0230884
0.0225116
0.0250907
0.0237448
0.0236965
0.0249896
0.023595
0.0230995
0.0222252
0.0243753
0.0246377
0.0251173
0.0296212
0.0233297
0.024126
0.0234802
0.0248315
0.0246788
0.0243336
0.0213496
0.0227341
0.0274514
0.026557
0.0280435
0.0268479
0.0273751
0.0225068
0.0227051
0.023818
0.0238496
0.0253361
0.0223837
0.0224393
0.0221072
0.0228465
0.0207681
0.0214418
0.0224423
0.02446
0.0241665
0.0279223
0.0231178
0.0243196
0.0266995
0.0266948
0.0256922
0.0260405
0.0235217
0.0268838
0.0251358
0.0249527
0.0274104
0.0272272
0.0284365
0.0259561
0.0263966
0.0276244
0.0280219
0.0278411
0.0273402
0.0265643
0.0250561
0.0275848
0.0271814
0.0269536
0.0282576
0.0275768
0.026339
0.0263207
0.0259678
0.0249872
0.0240775
0.0237124
0.0249285
0.0257535
0.0260028
0.0238832
0.0262258
0.0272023
0.0290329
0.0256651
0.0250391
0.0263543
0.0278817
0.0252848
0.0242361
0.0265853
0.0263633
0.0266029
0.0256994
0.0254706
0.0248754
0.0270401
0.0250125
0.0258372
0.0257612
0.0258603
0.0253274
0.0259116
0.0257828
0.025416
0.0243711
0.0244124
0.0262135
0.0286827
0.0279156
0.0269955
0.0273262
0.0281535
0.0255103
0.0265678
0.0245356
0.0263618
0.0291819
0.026704
0.026327
0.0257195
0.0262467
0.0272604
0.0294922
0.0262789
0.0276102
0.0313915
0.035256
0.0286985
0.0291535
0.0300474
0.0314799
0.0284596
0.0269664
0.0300465
0.0299279
0.0286989
0.0297932
0.0286668
0.0287723
0.0263302
0.0272759
0.0285239
0.0283152
0.0350325
0.0331142
