0.020811
0.0771258
0.0765152
0.0798308
0.0774861
0.0733285
0.07673
0.0722611
0.0758609
0.073977
0.0743076
0.0732381
0.0768395
0.0770759
0.0760235
0.0760987
0.074461
0.0792916
0.0733322
0.129536
0.0243696
0.0157953
0.0162462
0.0167977
0.016752
0.0139958
0.015281
0.0148652
0.0147647
0.0155799
0.01598
0.0162538
0.0158755
0.0162084
0.016827
0.0166733
0.0187
0.0191171
0.018236
0.0182457
0.0168518
0.0185085
0.0183546
0.0189965
0.0188038
0.0179054
0.0193225
0.0199266
0.0195807
0.0200684
0.0179676
0.0214442
0.020518
0.0214732
0.0220278
0.017789
0.0206283
0.0204684
0.0211309
0.0204064
0.0181591
0.0156434
0.0162437
0.00927527
0.0629241
0.0745692
0.0777191
0.0729158
0.130254
0.0275658
0.0223951
0.0222615
0.0221698
0.021005
0.0258857
0.0239566
0.0282268
0.0242398
0.0238401
0.0251313
0.0283805
0.028714
0.0277024
0.0268938
0.0273261
0.0288321
0.0298532
0.029154
0.0289779
0.028449
0.0296574
0.0176515
0.0436812
0.0793415
0.138202
0.0288068
0.0189337
0.0207941
0.0201886
0.0197501
0.0167759
0.0189653
0.0163376
0.018663
0.0179666
0.0181011
0.0164534
0.0183127
0.0172035
0.0183351
0.018268
0.0214752
0.022456
0.0225629
0.0215071
0.0217951
0.0254492
0.0280896
0.027344
0.0280066
0.0244055
0.0257395
0.0254086
0.0258161
0.0259806
0.0241748
0.0254459
0.0280644
0.0284587
0.0286081
0.0296571
0.0295392
0.0285196
0.0288874
0.0299421
0.0292957
0.0317768
0.0289395
0.0283909
0.027489
0.0245278
0.0185609
0.0259441
0.0257473
0.0281975
0.0281812
0.0266218
0.0272305
0.0278602
0.0254233
0.0263838
0.0256559
0.0265465
0.0249809
0.0249094
0.0268234
0.0269301
0.0264749
0.0242071
0.0250181
0.0250672
0.0291334
0.0254512
0.0255348
0.0296363
0.0313428
0.0257464
0.0275583
0.0275638
0.0268224
0.026253
0.0295092
0.0247918
0.0272692
0.0265428
0.0273313
0.0241926
0.0268493
0.0275434
0.0273795
0.0255305
0.0276247
0.0267198
0.0280244
0.0268262
0.0238464
0.027706
0.0269115
0.0262578
0.0269357
0.0257492
0.0286687
0.0284629
0.027731
0.0302149
0.0274037
0.0263031
0.0258243
0.0258223
0.024734
0.0250795
0.0255401
0.0257652
0.0242632
0.0272819
0.0271824
0.0309088
0.0263831
0.0294546
0.0303079
0.0297665
0.0277728
0.030449
0.0292073
0.0292444
0.0331432
0.0328778
0.0280191
0.0312408
0.0300656
0.0316767
0.0307275
0.0333065
0.0333861
0.0312445
0.031666
0.0295316
0.0294936
0.0297647
0.0286942
0.0337625
0.0289046
0.0263266
0.0282602
0.0296664
0.0300742
0.0310629
0.0281928
0.0270632
0.0296264
0.0282302
0.0262439
0.0262001
0.0250427
0.0287918
0.0270348
0.0285492
0.0286423
0.027772
0.029741
0.0303909
0.0301148
0.0319592
0.0317399
0.0325204
0.033024
0.0321478
0.0325345
0.0294308
0.0316906
0.0316303
0.0324691
0.0319772
0.0316194
0.0293741
0.0359904
0.0324157
0.0320738
0.0317489
0.0291712
0.032313
0.0326397
0.032567
0.0340726
0.0305002
0.0316429
0.0329337
0.0338732
0.0347482
0.030137
0.0330628
0.0326844
0.0301583
0.0313683
0.0300826
0.0326947
0.0324789
0.0304123
0.0317837
0.0337174
0.032453
0.0339959
0.0326965
0.0332835
0.0318665
0.03025
0.0379773
0.0338631
0.0355551
0.0349047
0.03145
0.0299184
0.0313688
0.0287246
0.0269346
0.0280346
0.0284451
0.0270255
0.0271218
0.0268503
0.0273168
0.0284445
0.028017
0.0292915
0.0295615
0.0304527
0.0292387
0.0313975
0.031196
0.0307749
0.0305522
0.0309453
0.0321516
0.0296766
0.0308864
0.0337192
0.0287163
0.0332731
0.0309449
0.032693
0.0327526
0.0313784
0.0329513
0.033284
0.0328985
0.0341936
0.0343985
0.0341068
0.0324681
0.0328926
0.0328753
0.0331024
0.0330933
0.0339019
0.0341442
0.0341382
0.0340253
0.0342106
0.0341117
0.0330581
0.0326184
0.03295
0.0303965
0.0325697
0.0336142
0.0341139
0.0333631
0.0340375
0.0336277
0.0302405
0.0293282
0.0272992
0.0250764
0.0216375
0.0221623
0.0247751
0.0242277
0.0264163
0.0289977
0.0281621
0.0322094
0.0327065
0.0333808
0.032324
0.0341925
0.0341973
0.0310343
0.0342696
0.0330341
0.0306255
0.0307376
0.032118
0.0312223
0.0300863
0.0323129
0.0309853
0.0335953
0.0305665
0.0339289
0.0345281
0.032351
0.0350901
0.0350164
0.0356979
0.0348936
0.0343933
0.0336122
0.0350846
0.0328207
0.0339546
0.0330553
0.0333908
0.0290793
0.0260973
0.0300663
0.02987
0.0276167
0.0271812
0.0282655
0.0300222
0.0288668
0.0270634
0.0322159
0.0287717
0.0278823
0.0249588
0.0267356
0.0271398
0.0260515
0.0280114
0.0284918
0.0328673
0.0290686
0.029256
0.0292834
0.0263458
0.0291188
0.0290231
0.0291166
0.0270944
0.0302444
0.0296361
0.0262199
0.0283232
0.0292834
0.0286823
0.0275174
0.0252704
0.0271386
0.0267655
0.0273126
0.0252192
0.0289331
0.0263761
0.0286801
0.0296164
0.0283344
0.028361
0.0275183
0.0289543
0.0248791
0.0257184
0.0254803
0.0256594
0.0245375
0.0259094
0.0271062
0.0276419
0.0280141
0.0295674
0.0268534
0.0285102
0.0314811
0.0281394
0.0280021
0.031236
0.0297818
0.031303
0.0297614
0.0303419
0.0315509
0.0269401
0.0285113
0.0288089
0.0303104
0.029439
0.0279407
0.0276747
0.0237521
0.0246636
0.0252356
0.0248914
0.0246661
0.0227952
0.0247313
0.0311309
0.0277774
0.0291382
0.0290892
0.0269316
0.0330213
0.0289809
0.0298108
0.0298098
0.030438
0.0300399
0.0324248
0.0333388
0.0293405
0.0296466
0.0276652
0.0265729
0.0255583
0.0259231
0.0266678
0.0258361
0.0264425
0.0301808
0.0280005
0.0308661
0.0304583
0.0293018
0.0261759
0.0308463
0.0268464
0.0300395
0.0282811
0.028083
0.0263042
0.0288791
0.029327
0.0270396
0.0274358
0.0277371
0.0230886
0.0248345
0.0241809
0.0236401
0.024581
0.0221153
0.0244185
0.0236962
0.0232281
0.0229977
0.0235752
0.0203505
0.0217072
0.0208114
0.0217817
0.0213997
0.0211853
0.0199877
0.0216554
0.0205025
0.0207568
0.0202852
0.0181512
0.0197973
0.0182615
0.0190007
0.0188377
0.0164072
0.017702
0.017479
0.0174378
0.0161853
0.0141989
0.0166428
0.0167842
0.0193266
0.0137513
0.0134456
0.0142597
0.0141393
0.0134119
0.0156477
0.0123524
0.0156848
0.0157409
0.0177703
0.015138
0.0139857
0.0147048
0.0152128
0.0148858
0.015441
0.0146318
0.0153974
0.0154091
0.0177294
0.0203587
0.0177525
0.0164224
0.018321
0.017136
0.0173044
0.0170706
0.0167445
0.0192091
0.0220231
0.0178819
0.0172174
0.0181931
0.0220279
0.0177689
0.0163151
0.0185553
0.0220056
0.0185529
0.0231285
0.016319
0.018592
0.0186811
0.0173234
0.0167109
0.0180446
0.0184392
0.0185449
0.018177
0.0173637
0.0165943
0.0184389
0.0189928
0.0202904
0.0193165
0.0167409
0.0185689
0.0181234
0.0172674
0.0181231
0.0175981
0.0183513
0.017
0.0157909
0.0181913
0.0201311
0.0165915
0.0151277
0.0186348
0.0167439
0.0154156
0.0151216
0.0145651
0.0130161
0.0141266
0.0135439
0.0136951
0.0129077
0.0132764
0.0133626
0.0142474
0.0129279
0.0127158
0.0132431
0.0190849
0.0149549
0.012792
0.0178602
0.0155524
0.013026
0.0144006
0.0135514
0.0159077
0.0129279
0.013971
0.0153598
0.0156168
0.0127409
0.0137568
0.0136127
0.0122169
0.0140296
0.013558
0.0135997
0.012663
0.0139842
0.0141876
0.013384
0.0163089
0.0162978
0.0148281
0.0158382
0.0201067
0.0175007
0.0161716
0.0161535
0.0151725
0.0131961
0.0148982
0.0150329
0.0134495
0.0138381
0.0138543
0.0167872
0.0152981
0.0163079
0.0185322
0.0182701
0.0162458
0.0179378
0.018691
0.0125837
0.0153327
0.0148888
0.013304
0.0264151
0.0155591
0.0142069
0.0182553
0.0171632
0.0155442
0.0148458
0.0166688
0.0201627
0.0158408
0.0143548
0.01415
0.0132929
0.0141489
0.0146495
0.0138874
0.0128014
0.0128734
0.014513
0.0140696
0.0138492
0.0164391
0.0145679
0.0175276
0.0140319
0.0151256
0.0155049
0.0141628
0.0207035
0.0164868
0.0155335
0.0166852
0.0162104
0.0142523
0.0156347
0.0150607
0.0143202
0.0162771
0.0169675
0.0148564
0.0180308
0.017237
0.0152683
0.0162862
0.0206907
0.0143507
0.0160852
0.0152302
0.0138259
0.0160761
0.015794
0.014029
0.0156008
0.0155142
0.0151173
0.0171719
0.0154655
0.0138297
0.0175342
0.014102
0.0135715
0.0138658
0.0146057
0.0139405
0.0140187
0.0156362
0.021024
0.0143605
0.0166765
0.0151905
0.015237
0.0138723
0.0175337
0.0161743
0.0147448
0.0167198
0.017876
0.0153102
0.0176971
0.0162395
0.0158809
0.0177798
0.0168025
0.0135611
0.0185531
0.0196785
0.0147279
0.0185774
0.0166213
0.0135427
0.0192647
0.0172005
0.0158674
0.0171846
0.0168336
0.0143811
0.0156761
0.0143413
0.0133932
0.0140892
0.0145756
0.0136704
0.0150014
0.0146053
0.013614
0.0181397
0.0163647
0.0147041
0.0156235
0.017272
0.0164676
0.019399
0.0145176
0.0158775
0.0159164
0.0160757
0.0167975
0.0241362
0.017093
0.0148077
0.0181901
0.0163496
0.0162765
0.015576
0.0172231
0.0173301
0.0161532
0.0157466
0.0173299
0.0192805
0.0196859
0.0170402
0.0176492
0.0145785
0.0152313
0.0146569
0.0137024
0.0174409
0.0206296
0.0152187
0.020802
0.0178835
0.0163826
0.0249141
0.0203742
0.0191548
0.0238922
0.0222953
0.0174271
0.0220084
0.0226378
0.0210095
0.0238985
0.0265306
0.021389
0.0246588
0.0227693
0.0219608
0.0216777
0.0209164
0.0208663
0.0225415
0.0234149
0.0235325
0.0230968
0.0206123
0.0216464
0.0207777
0.020968
0.0210296
0.0207214
0.021217
0.0254932
0.0266651
0.0252837
0.0223601
0.0234894
0.0221164
0.0225553
0.0212808
0.0224557
0.0220052
0.0233955
0.0249477
0.0246476
0.0244239
0.024503
0.0209238
0.0215207
0.0236171
0.0239098
0.0246058
0.0244751
0.0278615
0.0243362
0.0245741
0.0226415
0.0249315
0.0228334
0.0224923
0.0222659
0.0250118
0.024769
0.0278878
0.0254603
0.0252186
0.024123
0.0220588
0.0230786
0.022775
0.025468
0.0254948
0.0246766
0.0211139
0.0243926
0.0233445
0.0234843
0.0244477
0.027992
0.0264446
0.0250815
0.0224537
0.0224143
0.0218672
0.0221674
0.0216705
0.0235678
0.0232054
0.0212606
0.0190562
0.0221955
0.0215456
0.0212499
0.0198573
0.0236086
0.0234831
0.0218715
0.0211059
0.0227351
0.0231209
0.0223808
0.0237386
0.0205686
0.0207194
0.0206238
0.0232992
0.02004
0.0212445
0.0215426
0.02103
0.0207199
0.0188948
0.0145572
0.0154064
0.0152929
0.0156552
0.0170549
0.0163781
0.0201056
0.0161515
0.014391
0.0161239
0.014593
0.0148923
0.0136404
0.0162188
0.0161808
0.0159911
0.0182082
0.0153957
0.0177211
0.0157685
0.0152424
0.0148429
0.0142711
0.018283
0.0166797
0.0166665
0.0174875
0.01471
0.0208688
0.0174274
0.0150178
0.014692
0.0140398
0.0149586
0.0146685
0.0142508
0.0153424
0.0145492
0.0169769
0.0175274
0.0150776
0.0151402
0.0167785
0.0143595
0.0146067
0.0133049
0.0139834
0.0179217
0.0164656
0.0155336
0.0150018
0.0160355
0.0146451
0.0151046
0.0146431
0.0149844
0.0148569
0.0154639
0.0160864
0.0148498
0.0142396
0.0176031
0.0169485
0.0170647
0.0136782
0.0196116
0.0164027
0.0203831
0.015336
0.0152012
0.0151089
0.0128164
0.0116633
0.0144864
0.014003
0.014002
0.0129855
0.0141944
0.0146859
0.0143851
0.0137513
0.0133646
0.0146643
0.0145046
0.0147541
0.0142503
0.0167562
0.0164348
0.0201971
0.0151754
0.0172251
0.0165496
0.0154113
0.0143491
0.0144798
0.0145699
0.0132092
0.018422
0.0175359
0.0154082
0.0204378
0.0160071
0.0172274
0.0135226
0.0145748
0.0141161
0.013675
0.0164641
0.0168018
0.0154144
0.0157146
0.0146745
0.0137795
0.0156597
0.015338
0.0146221
0.0147811
0.0154195
0.0161477
0.0150368
0.0163626
0.0150188
0.014976
0.0153979
0.0144856
0.013661
0.0189837
0.019107
0.0134342
0.0156549
0.0170146
0.0128374
0.0146808
0.0146595
0.0139187
0.0169998
0.0163989
0.0144256
0.0175334
0.015885
0.0141007
0.0154873
0.0150313
0.0143653
0.0150176
0.0149051
0.015133
0.0142648
0.0146626
0.0119559
0.0135966
0.0136453
0.0131976
0.0152302
0.0154078
0.0152699
0.0168641
0.0161471
0.018331
0.017415
0.0193995
0.0179835
0.0147612
0.0166706
0.0173006
0.0143131
0.0145909
0.0143505
0.0127421
0.011721
0.0136164
0.0127673
0.0122631
0.0127275
0.0140194
0.012904
0.0153623
0.0182169
0.0133078
0.0141738
0.0135969
0.0126172
0.0145851
0.0156864
0.0145162
0.0181807
0.0158942
0.0147405
0.018184
0.0198357
0.0174562
0.017789
0.0187152
0.0165623
0.0165383
0.0179012
0.0167421
0.0155027
0.0148558
0.0164914
0.014535
0.0202808
0.0161204
0.0135738
0.0171266
0.0148965
0.0185319
0.0151503
0.0143717
0.0151111
0.0154292
0.0139367
0.016712
0.0150677
0.0152576
0.0147032
0.0127609
0.0131313
0.0142355
0.0145938
0.014233
0.0117016
0.0146556
0.0135313
0.0144312
0.0166321
0.0164969
0.0133644
0.0157762
0.0145888
0.013967
0.0162748
0.0161963
0.0150236
0.0156998
0.0169958
0.0146583
0.0164207
0.0158265
0.0145681
0.0146633
0.0185917
0.0128497
0.0153327
0.0149017
0.0134264
0.0158762
0.0153172
0.0165666
0.013923
0.015406
0.0117229
0.0140626
0.0143344
0.0137519
0.0149711
0.0190569
0.0158762
0.0173943
0.0191996
0.0163008
0.0152198
0.0151299
0.0161844
0.0153492
0.0169382
0.0220811
0.0166331
0.0175746
0.0173394
0.0160319
0.0186186
0.0203816
0.0198389
0.0199476
0.0198907
0.0183893
0.0161704
0.02081
0.0181187
0.0171316
0.0215874
0.019623
0.0194708
0.0193477
0.0189507
0.0176371
0.0189082
0.0253042
0.023296
0.0186381
0.0173766
0.0201215
0.019866
0.0201704
0.0196403
0.02361
0.0214883
0.0205683
0.0194354
0.0222066
0.0203774
0.0206167
0.0222029
0.0231267
0.022777
0.0223649
0.0255714
0.0264906
0.0239186
0.021384
0.024798
0.0312554
0.0267499
0.0233745
0.0241628
0.0217304
0.0209914
0.0251611
0.0250984
0.02718
0.0213751
0.0210542
0.0215806
0.031547
0.0246228
0.0260751
0.0216655
0.0278731
0.0245138
0.0235079
0.0227222
0.0232304
0.0226303
0.0240503
0.0216826
0.0205905
0.0238361
0.0260334
0.0227721
0.0202023
0.0247557
0.0208586
0.0269283
0.0232835
0.0256141
0.024754
0.0257327
0.0237358
0.0242198
0.0231915
0.0239781
0.0229467
0.0236981
0.0239264
0.0224518
0.0217261
0.0237939
0.0252685
0.0247516
0.0208768
0.0236493
0.0230074
0.024114
0.0261244
0.0229605
0.0216006
0.0239918
0.0236044
0.0218883
0.0223565
0.0219642
0.0230966
0.02368
0.02113
0.022498
0.0248708
0.0263994
0.0266724
0.0235279
0.0271546
0.0250839
0.0215999
0.0223673
0.0225991
0.0247723
0.0225601
0.0183589
0.0194493
0.0182165
0.0191343
0.0235431
0.0231252
0.0187899
0.0185055
0.0169505
0.0180648
0.0164682
0.0176719
0.0220784
0.0175208
0.0171933
0.0170467
0.0155981
0.0177175
0.0187799
0.0162867
0.0203605
0.0152128
0.0165148
0.0177714
0.0183913
0.0167956
0.0199557
0.0209279
0.0211285
0.0183437
0.0178341
0.0178936
0.0196564
0.0217735
0.0221444
0.0200748
0.0173474
0.018878
0.0203529
0.0203333
0.0210642
0.0216786
0.0190851
0.0262323
0.0242991
0.0224498
0.0237521
0.0196788
0.0228484
0.022531
0.0210095
0.018867
0.019175
0.0226034
0.0225773
0.0224671
0.0214749
0.0216916
0.0217055
0.0239941
0.0201549
0.0211832
0.0180229
0.0179265
0.0215127
0.0227262
0.0242099
0.0227852
0.0176874
0.0197868
0.019994
0.020804
0.0237812
0.0230334
0.018042
0.0189055
0.0186779
0.0184192
0.0234133
0.0212469
0.0221315
0.0193378
0.0175081
0.0202362
0.0206039
0.0195437
0.0192851
0.0163375
0.0204223
0.0189283
0.0191879
0.0190446
0.0185617
0.023113
0.0174448
0.0192687
0.0196986
0.0185482
0.0202967
0.0235048
0.0236944
0.0243035
0.019085
0.0187358
0.0177486
0.0184995
0.0232761
0.0185506
0.0219546
0.0209453
0.0202954
0.0185513
0.017367
0.0208957
0.0204451
0.0210613
0.0174207
0.0169854
0.0226234
0.0227721
0.0243908
0.0218789
0.0175448
0.0226096
0.0223922
0.0226765
0.0217644
0.0239169
0.0228621
0.0216326
0.0199064
0.0203434
0.0217317
0.0215603
0.0209422
0.0197878
0.022594
0.0221651
0.0220898
0.0229864
0.0210574
0.0241543
0.0201426
0.0186853
0.022793
0.0221717
0.0227617
0.0186778
0.0245912
0.0232532
0.0197178
0.0229727
0.0260294
0.0241623
0.0232421
0.0221287
0.0206159
0.0217602
0.0240915
0.0237838
0.021695
0.0215794
0.0202936
0.0260557
0.0256023
0.0248177
0.0261807
0.0222726
0.0221602
0.0217828
0.0250263
0.0238897
0.0252905
0.0224309
0.0210657
0.0223162
0.0215547
0.0200712
0.022527
0.0232932
0.0226585
0.0206908
0.0250025
0.0218275
0.0217115
0.0217203
0.0221548
0.0269383
0.0240962
0.0227338
0.0218792
0.0218291
0.0246333
0.0242139
0.0241605
0.0228604
0.0213235
0.0243901
0.0235013
0.0249059
0.0253494
0.0250582
0.0211846
0.022255
0.0222433
0.0267513
0.0245638
0.0303577
0.0222022
0.0210944
0.0247742
0.0241659
0.0243879
0.0233708
0.0232786
0.023623
0.0235612
0.0242458
0.0249465
0.0255775
0.0237326
0.0229518
0.0228383
0.0249481
0.0257243
0.0254183
0.0272631
0.0234871
0.0229636
0.0243531
0.0258016
0.0251283
0.0265188
0.0233784
0.0222784
0.0238417
0.0223114
0.0236288
0.0237653
0.0198631
0.0251729
0.0226389
0.0253704
0.0241763
0.0213751
0.0219661
0.0223564
0.0248701
0.0231951
0.0259304
0.0219229
0.0216363
0.022439
0.0252661
0.0253026
0.0246047
0.0232785
0.0250231
0.0232005
0.0252155
0.0257083
0.0189419
0.0244517
0.0215106
0.0261245
0.0234603
0.0214827
0.0221782
0.0209505
0.026009
0.0280718
0.0276308
0.0268084
0.0229684
0.0233164
0.0232665
0.0208322
0.0271202
0.0218578
0.0241358
0.0237214
0.0234841
0.0235807
0.0274888
0.0229576
0.0244859
0.0213947
0.024348
0.0229861
0.0194105
0.0219047
0.0190466
0.0202398
0.0203207
0.0206866
0.0251319
0.0196994
0.0203107
0.0209846
0.0218726
0.0225447
0.0211939
0.0215212
0.0227109
0.0251788
0.0276812
0.0234962
0.0225301
0.0257761
0.0251668
0.0233802
0.025849
0.0273008
0.0214658
0.0220603
0.0223623
0.0223477
0.0264401
0.0196672
0.0204927
0.0210761
0.0195693
0.0254426
0.0221287
0.0250692
0.0237663
0.0197203
0.0232074
0.0272734
0.0236771
0.0207003
0.0188521
0.0221462
0.0279137
0.0223854
0.0247712
0.0216527
0.0214624
0.0212406
0.0227441
0.025192
0.0239911
0.0253997
0.0228112
0.0226041
0.0257304
0.0256916
0.0260883
0.0224658
0.0217108
0.0265648
0.0213197
0.0298531
0.0274389
0.0206937
0.0250802
0.0225655
0.0228475
0.0244308
0.0222194
0.0221205
0.0192799
0.0208648
0.0203717
0.0227528
0.0223889
0.0190801
0.0191811
0.0234102
0.0271863
0.0261698
0.0234298
0.0228236
0.0235542
0.0188857
0.0206092
0.0205462
0.0180975
0.0203649
0.0231102
0.0204306
0.0234475
0.0214519
0.023176
0.0213999
0.0190386
0.022167
0.0238355
0.0208389
0.0199248
0.0200641
0.0225764
0.0226376
0.024231
0.0216276
0.0204158
0.0262345
0.025575
0.0252118
0.0211239
0.0232436
0.0259179
0.0261155
0.0252391
0.0226081
0.0231167
0.0246453
0.0262208
0.0222858
0.0225719
0.0216407
0.0261269
0.0233751
0.0243272
0.023026
0.0210702
0.0265554
0.0259612
0.0248755
0.0266527
0.0279087
0.0226037
0.026468
0.0267704
0.0255818
0.0284495
0.0216625
0.0256778
0.023404
0.0265698
0.0242335
0.0207716
0.0210213
0.0239391
0.0222279
0.0232675
0.0239084
0.023057
0.0203787
0.0237433
0.0214858
0.0242718
0.0207825
0.0186484
0.020522
0.023804
0.021574
0.0206494
0.0205137
0.0211535
0.0235063
0.023661
0.0235133
0.0262938
0.0195761
0.0208348
0.0247907
0.0234893
0.0271558
0.0250516
0.0209831
0.0268748
0.0228892
0.025916
0.0257958
0.0238662
0.023307
0.0212643
0.0248481
0.0270885
0.0264109
0.0247456
0.0201473
0.0231092
0.0286057
0.0216215
0.0197307
0.0251195
0.0217436
0.0225056
0.0245679
0.0224182
0.0198519
0.0242703
0.0219223
0.0250033
0.0256186
0.0198011
0.0206474
0.0220616
0.024285
0.0213106
0.0275849
0.0223941
0.0226674
0.0274986
0.0249229
0.0285311
0.0317979
0.0211315
0.0229419
0.0234881
0.0243571
0.0266035
0.0274824
0.0248502
0.0259894
0.0249617
0.0279589
0.0288941
0.02733
0.0255393
0.0256003
0.0272339
0.0291846
0.0278209
0.025879
0.024398
0.0243302
0.0269744
0.0269187
0.024746
0.0249914
0.0214186
0.0239477
0.0244016
0.023419
0.024823
0.0258493
0.0211863
0.0235499
0.0237989
0.0205221
0.0210353
0.0241144
0.0219366
0.0238377
0.0229409
0.0201246
0.022725
0.0251086
0.0236732
0.0271548
0.0223199
0.022086
0.0227562
0.0268977
0.024063
0.028212
0.0226964
0.0255149
0.0245067
0.0276567
0.0254292
0.0259676
0.0221481
0.0227739
0.0237994
0.0258679
0.0277621
0.0241642
0.0286597
0.0253154
0.0249019
0.0319768
0.0279489
0.0237454
0.0229204
0.0244124
0.0265369
0.02704
0.0237676
0.0240472
0.0232929
0.0261161
0.027002
0.0258147
0.0221644
0.0232339
0.0233012
0.0235863
0.0260616
0.0262254
0.0249315
0.0227005
0.0250513
0.0267542
0.0245332
0.0226606
0.0233984
0.0231759
0.0253777
0.0244112
