0.0267143
0.0261614
0.0240646
0.0428022
0.0396883
0.0417984
0.0388846
0.0391816
0.0366971
0.0432371
0.0387421
0.0423766
0.0388338
0.0418465
0.0459333
0.0428551
0.0415202
0.0406853
0.0423339
0.0452052
0.0421178
0.0454575
0.0430441
0.048409
0.0451683
0.0437718
0.0453677
0.0490404
0.0423056
0.0454393
0.0439526
0.0454406
0.0461727
0.0434694
0.0507388
0.041585
0.0466711
0.045293
0.0437536
0.0451666
0.0441848
0.0474468
0.0445722
0.0432374
0.0530161
0.0463305
0.0485022
0.0455036
0.0450128
0.0516475
0.0320361
0.0322407
0.0321685
0.0330213
0.0329198
0.0384558
0.0356079
0.0412746
0.0245277
0.0628078
0.024744
0.0244184
0.0231549
0.0243837
0.0243018
0.0222937
0.0224058
0.0278901
0.0237465
0.0284866
0.0243375
0.0263192
0.0291686
0.0273267
0.0227788
0.0232078
0.0264976
0.0290953
0.0261826
0.0265342
0.0239495
0.0237049
0.0238618
0.0243922
0.0250114
0.0255053
0.022945
0.0230162
0.0223587
0.0219935
0.0254961
0.0215696
0.0234802
0.0216271
0.0226744
0.0241764
0.0228218
0.0269452
0.0277764
0.0267457
0.0436531
0.0387215
0.0478765
0.0383072
0.0344664
0.0357458
0.0444199
0.0433727
0.0507973
0.0432393
0.0437503
0.0511136
0.0472622
0.0509286
0.0516069
0.0435083
0.0450347
0.0483763
0.0557809
0.0494902
0.0751575
0.0532702
0.0492189
0.0514987
0.0442829
0.0470795
0.0461345
0.0517378
0.0491387
0.05021
0.0507263
0.0512273
0.0572232
0.0521946
0.0545955
0.052523
0.0518372
0.0508117
0.0586866
0.0507167
0.0528342
0.0580852
0.0515963
0.0560245
0.0534219
0.0567337
0.0532949
0.0515527
0.0650443
0.0429088
0.0433992
0.0463438
0.0415477
0.0481614
0.0489645
0.0500184
0.0498356
0.0459299
0.0454044
0.0440996
0.0428377
0.0440312
0.0452771
0.043673
0.0414062
0.0452773
0.0429089
0.0414416
0.0432306
0.0507346
0.0471236
0.0504569
0.0453696
0.0489684
0.0462137
0.0487417
0.0483314
0.0457196
0.0483973
0.0441931
0.0428113
0.046861
0.0488412
0.0491439
0.0492277
0.0475368
0.0437421
0.0437942
0.0460852
0.0443702
0.0482554
0.0410676
0.039484
0.0426072
0.0369693
0.04077
0.0465316
0.0435703
0.0392125
0.0391335
0.0454921
0.0483188
0.0489968
0.0424774
0.0438447
0.0394208
0.0393203
0.0449532
0.0476061
0.0446518
0.043667
0.0508358
0.048438
0.0496561
0.0438302
0.042089
0.0421063
0.0417115
0.0425577
0.0434409
0.0437749
0.046583
0.0494753
0.0428868
0.0406555
0.0462916
0.0437106
0.0454012
0.0481283
0.0492689
0.0506131
0.0490874
0.054836
0.0515114
0.049988
0.0506899
0.0522682
0.0502583
0.0533446
0.0495574
0.0514218
0.0463675
0.0542047
0.0433328
0.0530778
0.047541
0.0512271
0.0455606
0.048042
0.0509684
0.0462683
0.0439281
0.055297
0.0473201
0.0510598
0.0479082
0.0522657
0.053325
0.0513884
0.046334
0.0535873
0.0474656
0.0455421
0.041723
0.0462439
0.046428
0.0552059
0.0433789
0.0437224
0.0407952
0.0411474
0.0440735
0.0492968
0.0437468
0.0440118
0.0423094
0.052577
0.0502857
0.0495352
0.0447005
0.0447729
0.0471357
0.0484176
0.0463223
0.0441525
0.0490938
0.0529823
0.0521976
0.0451626
0.0473507
0.0519682
0.0475479
0.0469626
0.0445871
0.0417494
0.0460198
0.0437446
0.0474119
0.0453342
0.043273
0.0509374
0.0489085
0.0477536
0.0449681
0.0511165
0.048189
0.0462656
0.0459354
0.0483941
0.0500753
0.0475759
0.0449733
0.0515412
0.0458515
0.0462606
0.0454271
0.0474898
0.0536768
0.0496403
0.0540086
0.0460863
0.046447
0.0481281
0.0479251
0.0464462
0.0417187
0.0458405
0.044411
0.043199
0.04823
0.0414236
0.0426361
0.0435334
0.0446881
0.0434323
0.0512013
0.0475755
0.0449472
0.0441236
0.046056
0.0542061
0.0511471
0.0476785
0.0453436
0.0510499
0.0502872
0.0464596
0.0493159
0.0432568
0.0490886
0.0479074
0.048677
0.0427281
0.0412573
0.0418966
0.0480716
0.0450546
0.0515904
0.0558882
0.0510494
0.0472862
0.0541175
0.0469733
0.0460188
0.0452344
0.052644
0.0465078
0.0510376
0.0454903
0.0508943
0.0511636
0.0473303
0.0472979
0.0528227
0.0534956
0.0495718
0.0439764
0.0446998
0.0472449
0.0510435
0.0463668
0.043489
0.0453129
0.0461118
0.0446877
0.0482346
0.0441463
0.0474427
0.0472003
0.043006
0.0476909
0.0455459
0.0448995
0.0439058
0.0426118
0.0434275
0.0458917
0.0452647
0.0476581
0.0468596
0.048139
0.0463533
0.0493726
0.0501139
0.0507742
0.0446189
0.0437633
0.042969
0.0433958
0.0416772
0.0431512
0.0409653
0.0466559
0.0418308
0.042282
0.0427106
0.042767
0.0433521
0.0432908
0.0419278
0.0443603
0.0460357
0.0411814
0.0463152
0.0441376
0.0429738
0.0417975
0.0491979
0.0515385
0.0497805
0.0495704
0.0440884
0.0497227
0.0433551
0.0418544
0.0431806
0.0460572
0.0456926
0.0459615
0.0462975
0.0436331
0.0459411
0.0468665
0.0446019
0.0410035
0.0396006
0.0394262
0.0396693
0.0414107
0.0425814
0.0447516
0.0415812
0.0394277
0.0415154
0.0449818
0.0447248
0.0455393
0.0462474
0.0449872
0.0500138
0.0465115
0.0484247
0.0442732
0.0452173
0.0435517
0.0417094
0.0423024
0.0440856
0.0404339
0.0414785
0.0419957
0.042279
0.0478592
0.0477513
0.0469637
0.0471388
0.0437306
0.0423901
0.0427747
0.0409043
0.0443876
0.0426759
0.0412581
0.0409931
0.04557
0.0490897
0.0458764
0.0492163
0.0476685
0.0489096
0.04741
0.0508616
0.047308
0.0525075
0.0554082
0.0462627
0.0462317
0.0448282
0.0434599
0.0455288
0.0433654
0.0411125
0.048896
0.0423651
0.04466
0.046069
0.0453347
0.0500656
0.0524262
0.0505834
0.050129
0.0508254
0.043121
0.0473539
0.0446775
0.0474121
0.0478711
0.0469652
0.046315
0.0417212
0.0427625
0.0432046
0.0414454
0.0439947
0.0459841
0.0489216
0.0489802
0.0459821
0.048634
0.0438818
0.0419796
0.0403266
0.0463525
0.0427575
0.0422481
0.0402211
0.0373302
0.0390572
0.0417066
0.0412626
0.0397016
0.036346
0.0478369
0.0437388
0.0371071
0.0350363
0.0389424
0.0369328
0.035436
0.0328794
0.0369483
0.0350302
0.0345598
0.0347747
0.0387401
0.037713
0.0388009
0.0349731
0.033757
0.0350954
0.0326815
0.0431532
0.0336549
0.0343166
0.0403596
0.036812
0.0285951
0.033855
0.0352648
0.0324028
0.0273463
0.0276684
0.0273485
0.0274925
0.0281794
0.0364954
0.035158
0.0308747
0.0282765
0.0283742
0.0280722
0.0275495
0.0275695
0.0272607
0.0283565
0.0312105
0.0310124
0.0341479
0.0307105
0.030426
0.031875
0.0288183
0.0343433
0.0309255
0.0337758
0.0317533
0.0369971
0.0393255
0.039828
0.0327663
0.0360996
0.0353564
0.0328798
0.0373743
0.0328403
0.0382862
0.0441382
0.0338171
0.0300904
0.0297729
0.0284857
0.0295331
0.0366623
0.0351016
0.0386491
0.0344987
0.0309247
0.0407715
0.0338664
0.0314837
0.0305912
0.0301898
0.0366376
0.0372711
0.0371276
0.0286827
0.0351662
0.031668
0.0343419
0.0315802
0.0353374
0.033248
0.0307403
0.0316006
0.029529
0.0329666
0.0317573
0.0375017
0.0274838
0.0269637
0.0300553
0.0309643
0.029842
0.029544
0.0292378
0.0346824
0.0310911
0.0326618
0.0331042
0.0331488
0.0311267
0.0253418
0.0312114
0.0307736
0.0299053
0.027425
0.0339766
0.0315734
0.0348028
0.0277449
0.0341589
0.0305352
0.0313352
0.0289981
0.0317185
0.0308675
0.029233
0.0308109
0.0306446
0.034884
0.0332565
0.0306698
0.0330948
0.0313238
0.0344077
0.0370465
0.0353933
0.0358816
0.0398706
0.0387317
0.0330326
0.0344466
0.0342475
0.0352524
0.0355587
0.0340655
0.0385391
0.0351148
0.0377755
0.0340951
0.0303875
0.0287801
0.0307617
0.0304856
0.0281356
0.0267736
0.0271613
0.0391233
0.0381709
0.0287343
0.0278538
0.0321083
0.0315344
0.0331298
0.0288176
0.0318063
0.0276161
0.0259882
0.0312414
0.0325352
0.0272781
0.0260432
0.030362
0.0294428
0.0289735
0.0280717
0.0287104
0.0312929
0.0273568
0.0315628
0.0344098
0.0286485
0.0311688
0.0349315
0.0345362
0.0304156
0.0337996
0.0331863
0.0323897
0.0343025
0.0333543
0.037547
0.0356404
0.0386617
0.0344563
0.03581
0.0391807
0.0351
0.0366683
0.0365427
0.0374427
0.0322449
0.0396993
0.0376264
0.0317474
0.0404837
0.0331636
0.0356095
0.0345308
0.0394789
0.0365216
0.0341292
0.0376051
0.0322783
0.0315749
0.03217
0.0293641
0.0293086
0.0314771
0.030149
0.0277672
0.0311111
0.0273126
0.0328171
0.0310186
0.0285202
0.0281334
0.028682
0.0283644
0.0271926
0.0314682
0.0322974
0.0312939
0.0323961
0.0380629
0.0352468
0.0382683
0.0368661
0.0581587
0.0293223
0.0297388
0.0350696
0.0304544
0.0402122
0.0379445
0.0357982
0.0304149
0.0297056
0.0314984
0.0305289
0.0285343
0.0284276
0.0311335
0.0305159
0.0269766
0.0330959
0.0322407
0.0307209
0.0290139
0.0294067
0.0322268
0.0365763
0.036839
0.0322549
0.0374706
0.0308829
0.0345887
0.0314611
0.0332772
0.0328291
0.0290273
0.0323027
0.0376594
0.0302688
0.0288453
0.0315397
0.0329015
0.0304207
0.0361613
0.0357203
0.0484328
0.0433638
0.0378875
0.0346878
0.0373801
0.0400291
0.0344779
0.0330052
0.0376906
0.0370676
0.0344753
0.0324069
0.0290341
0.0325366
0.0305703
0.0366345
0.0465091
0.0347033
0.0337381
0.037169
0.0349354
0.0322988
0.0359146
0.0377663
0.0410712
0.040475
0.0376333
0.0403978
0.0375848
0.036469
0.0365247
0.0344525
0.0356761
0.0416644
0.0406182
0.037636
0.0381757
0.038967
0.0383701
0.0369705
0.0399554
0.0368149
0.0385917
0.0434156
0.0424959
0.0371636
0.0367068
0.0359716
0.0408828
0.0371176
0.0392926
0.0365177
0.0447934
0.0389734
0.0399028
0.0382255
0.0391987
0.0362879
0.0393018
0.0351682
0.036933
0.0383286
0.0343848
0.0364544
0.040302
0.0419864
0.0385433
0.0359527
0.0402393
0.035836
0.0365081
0.0345829
0.0357159
0.0352324
0.0381967
0.0420192
0.0378726
0.0399023
0.0377714
0.0421942
0.0402694
0.0370275
0.0361741
0.0371256
0.0375467
0.0380329
0.0396954
0.0486723
0.0528981
0.0555099
0.0475153
0.047669
0.0487787
0.070913
0.0589161
0.0547606
0.0417719
0.0516367
0.050621
0.0539998
0.052477
0.0413104
0.0315972
0.0323506
0.0314195
0.0325028
0.0325436
0.0337063
0.033779
0.0301571
0.0516028
0.0365684
0.0352219
0.0347759
0.0323849
0.034733
0.0326056
0.0353132
0.0356722
0.0393985
0.0335826
0.0299087
0.0327995
0.0324858
0.0361289
0.0299208
0.0299813
0.0349054
0.0304525
0.0294488
0.0333483
0.0312023
0.0310039
0.0286628
0.031297
0.0275733
0.0310464
0.0306795
0.0297132
0.0344813
0.0298291
0.0300183
0.030893
0.0299072
0.0307924
0.0327036
0.0307163
0.0301021
0.0314156
0.0280908
0.0317147
0.0300659
0.0296526
0.0322489
0.0326454
0.0297675
0.0307997
0.0302073
0.0367922
0.0351289
0.0331642
0.0283395
0.0299633
0.0316702
0.031594
0.0324221
0.0302539
0.0304002
0.0322991
0.0332454
0.0309436
0.0293949
0.0322512
0.0313152
0.0320423
0.032501
0.0413799
0.0338226
0.0339929
0.0330834
0.0301481
0.0490761
0.0384516
0.0307757
0.0326448
0.0308164
0.032962
0.0313455
0.0386382
0.0438317
0.0323843
0.0327406
0.0302244
0.0300563
0.0357902
0.0330061
0.0313007
0.0335886
0.034177
0.0406318
0.0455434
0.0288997
0.0268274
0.0305149
0.0316726
0.0300837
0.0323627
0.0318947
0.0338221
0.0332584
0.0360243
0.032028
0.0316065
0.0439503
0.0426247
0.0330889
0.0306647
0.0307198
0.032797
0.0341955
0.0320584
0.028897
0.0310121
0.0306024
0.0295566
0.0280417
0.0339129
0.0328406
0.0329423
0.0307298
0.0314327
0.0311235
0.0280321
0.0357766
0.0321771
0.0293885
0.0334023
0.033327
0.032383
0.0370875
0.0350746
0.0338285
0.0361483
0.0368604
0.0323616
0.038125
0.0349097
0.0321053
0.0337029
0.0326614
0.0293931
0.0366513
0.0325234
0.0318925
0.0349257
0.0300968
0.0282134
0.0363914
0.0321287
0.0275729
0.0334472
0.029495
0.0285368
0.0304518
0.0309816
0.0288488
0.0342883
0.0319238
0.0299752
0.0275756
0.0306635
0.0351764
0.0281345
0.0289623
0.0286079
0.028928
0.0293606
0.0332211
0.0267623
0.0309887
0.0297988
0.0262387
0.0257597
0.0311684
0.0315988
0.0280884
0.0349335
0.0316454
0.0285487
0.033106
0.0316124
0.0308906
0.0321068
0.0298359
0.0273571
0.0285412
0.0296803
0.0283258
0.0307185
0.0371945
0.0320101
0.0296889
0.0281822
0.0271843
0.0327464
0.0291029
0.027454
0.0287727
0.0274331
0.0261305
0.02864
0.0300739
0.0341856
0.0280316
0.0293931
0.0304802
0.0306949
0.0282837
0.0316194
0.0273334
0.0312908
0.031662
0.0295648
0.031728
0.0305616
0.0303187
0.0322399
0.0291
0.031714
0.0334516
0.0312911
0.0299139
0.0345445
0.0345566
0.0301297
0.0348132
0.0348074
0.0362773
0.0291145
0.0310216
0.033843
0.0318264
0.0343399
0.0295848
0.0297528
0.0299043
0.0308366
0.0306958
0.028164
0.0288755
0.0331309
0.0326698
0.0314402
0.0318493
0.0305338
0.0319662
0.0317399
0.0324379
0.0305238
0.0354954
0.0309679
0.0276906
0.0300493
0.0353619
0.0335271
0.0327532
0.0298016
0.0306753
0.0297917
0.029287
0.0273294
0.0321804
0.0307228
0.0290729
0.0266356
0.027944
0.0329628
0.0332521
0.0264715
0.0276624
0.0279845
0.0273234
0.0261927
0.0305991
0.0327931
0.0288923
0.0293748
0.0322607
0.0334743
0.0292365
0.0335844
0.0333267
0.0298257
0.0366566
0.0340919
0.0311305
0.0313137
0.0295451
0.0287682
0.0288371
0.0290853
0.0322114
0.0308106
0.0287141
0.029667
0.0296559
0.0291737
0.036988
0.0335691
0.0324012
0.0319215
0.0326448
0.0318706
0.0297568
0.0294905
0.0286457
0.0277253
0.0342221
0.0352524
0.0325551
0.0312752
0.0296597
0.0303465
0.0318618
0.0309554
0.0323243
0.032724
0.0337777
0.0337949
0.0373673
0.0367987
0.0347259
0.0324142
0.0342243
0.029586
0.029352
0.0301015
0.0309144
0.0350054
0.0384469
0.0327717
0.0327394
0.0339189
0.0339446
0.0365263
0.0327054
0.0346901
0.034789
0.0410759
0.0375248
0.0355197
0.0360673
0.0347401
0.0346286
0.0359902
0.0358135
0.0370327
0.0407236
0.0378604
0.0351094
0.0359038
0.0339373
0.0339143
0.0356902
0.0376724
0.0445658
0.0378735
0.0368289
0.0457136
0.0340159
0.0362495
0.0394658
0.0374607
0.0400509
0.0406105
0.0443657
0.0354953
0.0350424
0.0351191
0.0346222
0.0340354
0.0330858
0.033891
0.0439093
0.0384964
0.034419
0.0323982
0.0356075
0.0325236
0.0346819
0.0317226
0.0317752
0.0313124
0.0415952
0.0441773
0.0410383
0.0377051
0.0346548
0.0347231
0.0356453
0.0359235
0.0354048
0.0360566
0.0364006
0.04693
0.0361842
0.0377506
0.0357874
0.0363603
0.0356618
0.0388128
0.034366
0.0333541
0.0336865
0.0332981
0.0363994
0.0355249
0.0349885
0.0325604
0.0323649
0.0343511
0.0393606
0.0314445
0.0319342
0.0312747
0.0336942
0.0473488
0.0400121
0.0314139
0.0338658
0.0307778
0.0332482
0.0487573
0.0340458
0.0319994
0.0326504
0.0335045
0.0328339
0.0361725
0.037911
0.0324676
0.0333381
0.0395392
0.0328177
0.0332432
0.0388736
0.0389141
0.0361983
0.0363698
0.0423938
0.0384091
0.0364986
0.0406685
0.0392077
0.0385709
0.0392738
0.0416825
0.0432523
0.0415457
0.0410443
0.0389332
0.038056
0.0408289
0.0414464
0.0408773
0.0404685
0.0408343
0.0527905
0.042358
0.0434706
0.0379365
0.0425363
0.0373705
0.0509324
0.0476496
0.0422403
0.0380714
0.0426514
0.0393604
0.0402928
0.0393374
0.0418326
0.0389098
0.0365619
0.0348404
0.0354113
0.0373562
0.0397802
0.0436764
0.037791
0.0409105
0.0371668
0.0410356
0.0400237
0.0406048
0.0355929
0.037637
0.0431705
0.0385541
0.0402706
0.036247
0.0374892
0.0339132
0.0340791
0.0372703
0.0323196
0.0361878
0.0373094
0.0383355
0.0357385
0.0390581
0.0350172
0.0330751
0.036258
0.0317288
0.0315819
0.0341871
0.0364547
0.0377071
0.035007
0.0338071
0.0323912
0.0352845
0.0382933
0.0344851
0.0323539
0.0345613
0.0370445
0.0372714
0.0373317
0.0321223
0.0334327
0.0319878
0.0359618
0.0365246
0.0388234
0.0327545
0.0316373
0.0353292
0.0414619
0.0341606
0.0349277
0.0360213
0.0364999
0.0417065
0.0338864
0.0352797
0.0363791
0.036423
0.0364188
0.0360084
0.0355513
0.0359056
0.0358018
0.0363537
0.0360872
0.0353947
0.0349348
0.040857
0.0392247
0.0408467
0.0397239
0.0382069
0.0400382
0.0368197
0.0354628
0.0369954
0.0370274
0.0415845
0.0447211
0.0418639
0.0383541
0.0356076
0.0427899
0.042428
0.0421363
0.0424454
0.0447268
0.0387782
0.0371842
0.0383759
0.0361419
0.0364691
0.0370147
0.0414262
0.0423649
0.0436287
0.0499937
0.0406835
0.0417539
0.0440517
0.0398166
0.0453941
0.0508044
0.0528015
0.064632
0.0481856
0.0417862
0.0575562
0.0457477
0.059014
0.0391436
0.0401569
0.0403539
0.0381816
0.0395098
0.03931
0.0437716
0.0366909
0.0375947
0.0373991
0.0405724
0.0404612
0.0393619
0.0431313
0.0402277
0.0390276
0.0430697
0.0384256
0.0369002
0.045088
0.0403901
0.0416863
0.0399118
0.0501541
0.0375737
0.0393213
0.0403041
0.0446803
0.0426233
0.0395372
0.040161
0.0400988
0.0390754
0.039816
0.0411459
0.0390635
0.0383754
0.0421867
0.0374593
0.0384167
0.0387551
0.0401539
0.0442646
0.0440197
0.0394915
0.0401857
0.0395116
0.0401467
0.0359104
0.0374586
0.0423177
0.0385238
0.0364302
0.0408424
0.0364852
0.0378194
0.0390847
0.0424995
0.0391482
0.0398661
0.0425792
0.0370505
0.0374951
0.0376448
0.0364788
0.0373661
0.0460671
0.0439991
0.0422056
0.0408678
0.0418304
0.0416593
0.0387375
0.0384816
0.04032
0.0382361
0.0407233
0.0385167
0.0392916
0.0383756
0.045247
0.0435864
0.0462677
0.0493774
0.0451031
0.0410349
0.0417716
0.0409879
0.0403423
0.0436376
0.0440669
0.0392185
0.0455574
0.0617213
0.0406963
0.0393846
0.0415951
0.038465
0.0382146
0.0368439
0.0384968
0.0380632
0.0376265
0.0422629
0.0378272
0.0417596
0.039556
0.0387734
0.0395379
0.0376545
0.0425314
0.0378635
0.0379415
0.0381737
0.0387729
0.0382977
0.0391631
0.0364115
0.0427119
0.038191
0.0421738
0.0384655
0.0363405
0.0371352
0.0376951
0.039325
0.0386337
0.0414115
0.0412258
0.0401206
0.0422117
0.0446236
0.0367598
0.0373302
0.0368491
0.0366039
0.0383874
0.0378846
0.0404748
0.0429017
0.038878
0.0489324
0.0378587
0.0372052
0.0356376
0.0362731
0.0355157
0.0355077
0.0360207
0.0374283
0.042516
0.0387884
0.0398698
0.0444915
0.0411002
0.0400255
0.04403
0.0524083
0.0402126
0.0411146
0.0467015
0.0400048
0.0430506
0.0414156
0.0420551
0.041331
0.0429404
0.0434579
0.0398408
0.0390309
0.043798
0.0390801
0.0406356
0.039809
0.0401687
0.0368806
0.0370719
0.0402663
0.0433176
0.0436811
0.0417079
0.0412894
0.0373403
0.0352581
0.0392236
0.0370744
0.0385719
0.0389175
0.0387632
0.0393159
0.0401013
0.0378665
0.0366641
0.0361417
0.0363901
0.0393961
0.0356259
0.0362499
0.0423197
0.0381345
0.0463386
0.0476768
0.0396184
0.0397314
0.0396155
0.0397166
0.0396103
0.0391837
0.0385357
0.0402024
0.039683
0.0393175
0.0415006
0.0420539
0.0405347
0.0392367
0.0397524
0.0412018
0.0378532
0.0422739
0.04027
0.0405361
0.0388594
0.0389884
0.036803
0.0391475
0.0406556
0.0432511
0.0447671
0.0424531
0.0413556
0.040176
0.0391816
0.0451152
0.0415852
0.043642
0.0414806
0.0390677
0.0394559
0.0404763
0.0382803
0.038501
0.0392961
0.0420535
0.0396112
0.0412005
0.0385188
0.037966
0.0404883
0.0385526
0.039347
0.0413807
0.0373617
0.0372386
0.0373304
0.0382395
0.040393
0.0357535
0.0373184
0.0390236
0.0415016
0.0389446
0.0369137
0.0362536
0.0374069
0.036153
0.0640148
0.0366648
0.0378063
0.0445829
0.0434407
0.0469284
0.0421129
0.0399722
0.0386739
0.0391533
0.0393337
0.0385222
0.0388117
0.0419114
0.0400536
0.0411328
0.0454684
0.0444125
0.0420046
0.042268
0.0469244
0.0424295
0.0535928
0.0547651
0.0407042
0.0429509
0.0423444
0.0475684
0.0470771
0.0493794
0.0393124
0.0543631
0.0414803
0.0394952
0.0442119
0.0435035
0.0458527
0.0479245
0.0402332
0.0470189
0.0422665
0.0485567
0.043998
0.0443987
0.0446467
0.0430373
0.0409899
0.0496836
0.0519654
0.0490941
0.0475105
0.0478627
0.0431787
0.0430307
0.0447495
0.0479399
0.042406
0.0420935
0.0438472
0.0471362
0.0439245
0.0472829
0.0436259
0.0399254
0.0405595
0.0443709
0.0441845
0.0459414
0.0441517
0.0410399
0.0444345
0.0389071
0.0410644
0.0392585
0.0400641
0.0399335
0.0521141
0.0418792
0.0482043
0.0429148
0.0457915
0.042243
0.0421582
0.0403717
0.0381403
0.0435019
0.0411248
0.0485646
0.0456132
0.0489125
0.0417419
0.0426246
0.042799
0.0399738
0.0398823
0.0392446
0.0402395
0.0430774
0.0469358
0.0465447
0.0729228
0.0411799
0.0436078
0.0437814
0.0433023
0.0418432
0.0411087
0.0409538
0.0420157
0.0407825
0.0479973
0.050044
0.0428891
0.0409435
0.0409187
0.0391201
0.0390168
0.0413312
0.0437082
0.0458393
0.0439865
0.0465478
0.046574
0.0424725
0.0418428
0.0429777
0.0448813
0.0425681
0.0423252
0.040089
0.04557
0.0445789
0.0450792
0.0445923
0.044382
0.0440299
0.0417667
0.0442641
0.0477787
0.0467217
