0.0161952
0.0153046
0.0160286
0.0173619
0.0170888
0.0155709
0.015508
0.0145938
0.0147598
0.0151331
0.0160485
0.0165878
0.016562
0.0146344
0.0157999
0.0177978
0.0175216
0.0145105
0.0145822
0.0173954
0.0144018
0.0154143
0.0146155
0.0148857
0.014512
0.0174164
0.0172866
0.0163083
0.0147044
0.0164967
0.0169373
0.0155812
0.014575
0.0152587
0.0144482
0.0150762
0.0145156
0.0142503
0.0144793
0.014516
0.014227
0.014435
0.0140685
0.0130001
0.0142063
0.0146603
0.0140521
0.0143517
0.0142253
0.0141876
0.0139658
0.0140679
0.0167035
0.0140859
0.0143176
0.0140272
0.0145942
0.0141278
0.0141518
0.0140751
0.0137853
0.0140721
0.0140005
0.0171566
0.0139775
0.0149595
0.0141509
0.0144819
0.0143737
0.0144476
0.01553
0.014067
0.0164891
0.0142892
0.014006
0.0141969
0.0167831
0.0142163
0.0146989
0.0163632
0.0142503
0.0158298
0.0145275
0.0143014
0.0141932
0.0143704
0.0142543
0.0141632
0.0140182
0.0141702
0.0142606
0.0143615
0.0142489
0.0147948
0.0142509
0.0143528
0.0142314
0.0140793
0.0166116
0.0142237
0.0169409
0.0148421
0.0141289
0.0140362
0.0141087
0.0143835
0.0171955
0.0141262
0.0139492
0.0145685
0.0131416
0.0142837
0.014292
0.0141329
0.0145306
0.0158487
0.0143067
0.0142418
0.0141803
0.0142867
0.0143486
0.0142527
0.0140372
0.0142885
0.0145867
0.0141839
0.0140928
0.0140312
0.014649
0.0128904
0.0144961
0.0147543
0.014808
0.0305019
0.0256393
0.0243989
0.0251831
0.0269205
0.0323942
0.0343297
0.0339958
0.0335179
0.0327325
0.0358418
0.0347359
0.034923
0.0346338
0.0355606
0.0350155
0.0341579
0.0360197
0.0366714
0.032975
0.0368376
0.0349891
0.0365502
0.0358028
0.0356589
0.0382146
0.0344899
0.0366472
0.0383121
0.0353998
0.0428658
0.0365103
0.0371045
0.0355666
0.0358881
0.0359002
0.035266
0.0366351
0.0365776
0.0370742
0.037244
0.0397795
0.0353105
0.0379517
0.0346351
0.0361753
0.0391742
0.0288951
0.0281736
0.0292735
0.0271957
0.0294016
0.0282229
0.0298473
0.0303841
0.0296645
0.0315014
0.0298183
0.0316204
0.0297473
0.0319098
0.0307625
0.0297036
0.0280953
0.0286445
0.0291596
0.0292177
0.029484
0.0302968
0.0312711
0.0299829
0.0279402
0.0293011
0.028481
0.0279838
0.0291206
0.0279516
0.0274196
0.028993
0.0294532
0.0271439
0.0293648
0.0305486
0.0271508
0.0293411
0.0293582
0.0285398
0.0322012
0.0288944
0.0303843
0.0302085
0.0310384
0.0286672
0.0307372
0.0311229
0.0315675
0.0294562
0.0343257
0.0341623
0.030124
0.0335647
0.0359168
0.0354601
0.032507
0.0292723
0.0307037
0.0321531
0.0299755
0.0308442
0.0293752
0.0305728
0.0305818
0.0278143
0.0286093
0.028931
0.0298702
0.0298993
0.0281518
0.0295139
0.0298801
0.0310726
0.0280127
0.0297216
0.0300434
0.0299386
0.0288372
0.0330271
0.0318003
0.0292518
0.0309011
0.0310032
0.0302316
0.032161
0.0289762
0.0304747
0.0310621
0.0321532
0.0302762
0.0345248
0.0352105
0.0326062
0.0325868
0.0357037
0.034957
0.033994
0.0328515
0.0303853
0.0304198
0.0354558
0.0290545
0.0303072
0.0306038
0.0321248
0.0291152
0.0313955
0.0350797
0.0309865
0.0315191
0.0337164
0.0280652
0.0303835
0.0300353
0.0278719
0.0295159
0.0314204
0.0270928
0.0284114
0.0290312
0.0264411
0.0294205
0.0299165
0.0276075
0.0314527
0.0325625
0.0290613
0.0342885
0.0325184
0.0286589
0.030279
0.03891
0.0312191
0.0271232
0.0297543
0.0307142
0.0286174
0.0305108
0.0304689
0.0283531
0.0316012
0.0299408
0.0278381
0.0292006
0.0301303
0.0265773
0.0277062
0.0274714
0.0306856
0.029628
0.0265349
0.0285276
0.029117
0.026918
0.0288514
0.0297667
0.0288901
0.0272775
0.0281376
0.0296041
0.0281905
0.0287421
0.031897
0.0289887
0.0316125
0.0321243
0.0307961
0.0349783
0.033255
0.0325183
0.0313525
0.0324998
0.0344394
0.0336883
0.0297696
0.0333537
0.03402
0.031743
0.0346219
0.0326601
0.0323887
0.0323013
0.0323096
0.0321221
0.0320799
0.032135
0.0336485
0.0309003
0.0338197
0.0348676
0.0311209
0.0346605
0.0368352
0.0335632
0.0341775
0.0326938
0.0344384
0.033835
0.0326492
0.0344116
0.0329109
0.0356789
0.0342422
0.0305119
0.0336801
0.0337219
0.0297819
0.0327539
0.0322154
0.0310433
0.0318774
0.0315144
0.0330597
0.0342195
0.032123
0.0318962
0.0336369
0.0321982
0.0311307
0.0324571
0.0334252
0.0298238
0.0317861
0.0326783
0.0349449
0.0332289
0.0314152
0.0323163
0.0323178
0.0317007
0.0341169
0.0342177
0.0316455
0.0338368
0.03492
0.0336169
0.0335128
0.0325654
0.0324845
0.032716
0.0334338
0.0357278
0.0330235
0.0299933
0.0311211
0.0326788
0.0319415
0.0308201
0.0318451
0.0330925
0.0310776
0.031204
0.0322598
0.0321413
0.0331216
0.0292952
0.027374
0.0287626
0.0290862
0.028848
0.0303699
0.0276056
0.0308769
0.0292017
0.0292037
0.0317304
0.0288132
0.0363525
0.0333426
0.0307969
0.0312921
0.0329989
0.031097
0.0315332
0.0319415
0.0316823
0.0308429
0.0317582
0.0328535
0.0306046
0.0313415
0.0313775
0.0315818
0.031239
0.0318148
0.0306702
0.031804
0.0318397
0.0294565
0.0314323
0.0312273
0.0322947
0.0330312
0.0312485
0.0301358
0.0317321
0.0304558
0.0309429
0.028407
0.0287726
0.0298395
0.0298527
0.0338287
0.0328364
0.0290428
0.0330917
0.0304513
0.0306442
0.0313333
0.0312345
0.0321899
0.0355261
0.0343052
0.0307707
0.0310595
0.0308867
0.0317063
0.0314847
0.030695
0.0312108
0.030144
0.0292676
0.0298749
0.028187
0.0292723
0.0277171
0.028533
0.028981
0.0267068
0.027939
0.0279292
0.027675
0.0272648
0.0295766
0.025167
0.0261083
0.0278027
0.0271483
0.0256553
0.0282246
0.0262952
0.027815
0.0286018
0.0283937
0.0300058
0.027751
0.0297724
0.0295189
0.0298093
0.0298089
0.028738
0.0289549
0.0295017
0.0310889
0.0289706
0.031042
0.0323358
0.0324992
0.0315083
0.0306404
0.0286599
0.0293807
0.0324346
0.0306242
0.0307798
0.0309015
0.0341038
0.0325081
0.0307854
0.0338813
0.0318228
0.03216
0.0323178
0.0317504
0.036155
0.0308415
0.0309512
0.0311754
0.0312241
0.0330407
0.0340047
0.0322153
0.0330849
0.0304726
0.0309581
0.0302266
0.0297804
0.0306967
0.0295174
0.0319645
0.0293224
0.0352981
0.0313092
0.0280675
0.0271295
0.0268104
0.027347
0.0254969
0.0271815
0.0289228
0.0274735
0.0286543
0.0294995
0.0297206
0.0271105
0.0295671
0.0281107
0.029869
0.0305704
0.0273204
0.0290368
0.0294584
0.0317407
0.0299814
0.0323815
0.0299757
0.0305606
0.03617
0.032656
0.0336143
0.0304597
0.0309378
0.031227
0.0284753
0.02849
0.0291161
0.0283516
0.0272965
0.0275599
0.0293052
0.0301312
0.0282929
0.0336319
0.0328069
0.0340034
0.0325107
0.0326811
0.0317587
0.0333047
0.0333198
0.0323337
0.0320566
0.0305838
0.0319109
0.0301456
0.0321227
0.0320142
0.0319746
0.0316278
0.0318877
0.0322126
0.0333992
0.032393
0.0326607
0.0319186
0.0325189
0.0310012
0.0312339
0.0321042
0.0314682
0.0323944
0.0316843
0.0319793
0.0309523
0.0299503
0.0296321
0.028828
0.0284612
0.0271865
0.0289311
0.0284423
0.0306861
0.0277188
0.0283326
0.0288242
0.0279952
0.028855
0.0294967
0.0290125
0.0299861
0.0288307
0.0295761
0.0276393
0.0279641
0.0277061
0.0271142
0.0295662
0.0272086
0.0287795
0.0326492
0.0332727
0.0363237
0.033552
0.0328766
0.0328792
0.0313895
0.0324594
0.029702
0.0280337
0.0293376
0.0288149
0.0301002
0.0305822
0.0332451
0.0319332
0.0299171
0.0291781
0.0311489
0.0297864
0.0274888
0.0282486
0.0282214
0.0291589
0.0300873
0.0292177
0.0299278
0.0297019
0.0306662
0.0309053
0.0321687
0.0315479
0.0322598
0.0327424
0.0357562
0.0357033
0.0324821
0.0322754
0.0319019
0.0318505
0.0315093
0.028385
0.0289674
0.0294273
0.0284162
0.0289916
0.0336743
0.0329471
0.0339491
0.0301371
0.0296207
0.0302566
0.0293669
0.0290062
0.0305166
0.0291829
0.0292028
0.0305699
0.0291746
0.0297449
0.0299246
0.0336734
0.0356398
0.0315991
0.033173
0.0319151
0.031888
0.0336335
0.0320907
0.0315086
0.0332712
0.0348225
0.0352976
0.0310109
0.0314031
0.0311662
0.0317009
0.0312304
0.0316228
0.0318287
0.0316706
0.0325954
0.0332816
0.0329722
0.0302465
0.0333348
0.0327109
0.0325861
0.0316139
0.0323917
0.03456
0.0337311
0.0339771
0.034596
0.0331421
0.0353628
0.0331441
0.0329639
0.0346333
0.0313807
0.031141
0.0332049
0.0312042
0.035699
0.0356449
0.0315608
0.0339268
0.0333572
0.0340827
0.0329739
0.0329574
0.0349602
0.0354161
0.0342649
0.0345702
0.0324174
0.0321196
0.0314665
0.0333987
0.0312612
0.0307069
0.0308534
0.0315111
0.0302544
0.0298967
0.0297509
0.0293091
0.0307238
0.0286843
0.0293394
0.0264914
0.0273912
0.0276309
0.0268716
0.0269906
0.0291666
0.0282169
0.0290392
0.030165
0.030094
0.0304331
0.0319058
0.0311705
0.0305784
0.0308579
0.0299947
0.0326165
0.0315159
0.0293675
0.0297908
0.0297588
0.0298099
0.0304184
0.0304586
0.0280246
0.032411
0.0329379
0.0326399
0.0333005
0.0328913
0.0348286
0.0337561
0.0351083
0.0309024
0.0286771
0.0304075
0.0314247
0.0302376
0.0309348
0.0301502
0.0300177
0.0293826
0.0314507
0.0294974
0.0295077
0.0264442
0.0279858
0.030351
0.0290919
0.0269738
0.0282983
0.0293421
0.0290406
0.0301101
0.0301384
0.0288808
0.0303099
0.0303609
0.0295949
0.030081
0.0310873
0.0304911
0.0312242
0.0338812
0.0312841
0.0338658
0.0338454
0.0314834
0.0314697
0.0309422
0.030827
0.0310033
0.0299127
0.0328739
0.0320033
0.0335361
0.0293308
0.0305928
0.0303835
0.0294033
0.0301215
0.030706
0.0312325
0.0276792
0.0281653
0.0286876
0.0289736
0.0291794
0.0290563
0.0303811
0.0301728
0.0304976
0.0273404
0.0281878
0.0282373
0.0316158
0.0296489
0.0281244
0.027448
0.028177
0.0282063
0.0293203
0.0307985
0.0294288
0.0298809
0.0277013
0.0281165
0.0293294
0.0313765
0.0270466
0.0280959
0.0262454
0.0289793
0.0276206
0.0225054
0.0257556
0.0252211
0.0228555
0.0244414
0.0244492
0.0229188
0.0213012
0.0219206
0.0212434
0.0198239
0.0201713
0.0210319
0.0181157
0.0195957
0.0226648
0.0210145
0.0193547
0.019662
0.0202706
0.0205389
0.0214684
0.0219459
0.0236737
0.018885
0.0193399
0.0204486
0.0203364
0.0200218
0.0184681
0.0187677
0.0201674
0.0196061
0.0187008
0.0188974
0.0185948
0.0191295
0.0216703
0.0261554
0.0189148
0.0195197
0.0197268
0.0192705
0.0188031
0.0187818
0.0187249
0.0204575
0.0207495
0.0198401
0.0208786
0.0206245
0.0209285
0.0253381
0.0262243
0.0212738
0.0220196
0.0243011
0.0253934
0.0257185
0.0209003
0.0226935
0.0228238
0.0251906
0.021633
0.0222756
0.0225733
0.023129
0.0228025
0.0222648
0.0221518
0.0245543
0.0237316
0.021239
0.022314
0.0222661
0.0217239
0.0235555
0.0233174
0.0212358
0.0226074
0.0227449
0.0244345
0.0253842
0.0228675
0.0234831
0.0274606
0.0248643
0.0226882
0.0235172
0.0255018
0.0259219
0.026293
0.0247028
0.0257799
0.0223976
0.0251997
0.0274603
0.0225139
0.0236936
0.0261782
0.0262807
0.0215692
0.0244724
0.0246057
0.0224218
0.0269649
0.0297411
0.0223558
0.0238815
0.0228956
0.0223571
0.0257922
0.0257789
0.0226066
0.0231228
0.0225915
0.0216929
0.021311
0.0229752
0.0232257
0.0212638
0.0214441
0.0208799
0.0201777
0.021489
0.0219119
0.0222019
0.0221636
0.0227796
0.02335
0.0232121
0.0230839
0.0237594
0.0248166
0.0235034
0.0222345
0.0222946
0.0236726
0.0245636
0.0223404
0.0227776
0.021321
0.022603
0.0249409
0.0228126
0.0212283
0.0227617
0.0243117
0.0236247
0.0234525
0.0250891
0.0252026
0.0237992
0.0254884
0.0253497
0.0240675
0.026071
0.0256761
0.0231608
0.027222
0.0241947
0.022743
0.0272319
0.0282047
0.0235075
0.0259984
0.0258065
0.0233439
0.0261618
0.0269826
0.0237756
0.0272352
0.026377
0.0243349
0.0267273
0.028313
0.0241283
0.0262141
0.0268967
0.0232079
0.0264681
0.0251688
0.0236685
0.0280462
0.0252907
0.0247944
0.0288441
0.0265166
0.0238987
0.0256121
0.0260282
0.0241072
0.0270838
0.0268129
0.0250191
0.0268625
0.0271375
0.0261431
0.0271248
0.0263066
0.0250486
0.0274979
0.0263129
0.024572
0.028233
0.0283224
0.0273541
0.0289052
0.0288089
0.026365
0.0281222
0.0275363
0.0272831
0.0320233
0.0305023
0.0284452
0.0251157
0.0276483
0.029266
0.0251828
0.0304982
0.0292568
0.0271068
0.0263813
0.0274493
0.0237377
0.0292868
0.026066
0.0233733
0.0234345
0.0252995
0.0263335
0.0223775
0.0234328
0.0247221
0.0242448
0.0236043
0.0267743
0.0226073
0.0242757
0.0272739
0.0228902
0.024113
0.0249937
0.0247581
0.0238167
0.0241119
0.0177156
0.0189219
0.0194128
0.0192067
0.0198329
0.0180252
0.0195812
0.0191613
0.017676
0.0177992
0.0165845
0.0183102
0.0180302
0.0179708
0.017858
0.0181007
0.0193721
0.0201045
0.018269
0.0205352
0.0199889
0.0198874
0.0211312
0.019857
0.0215827
0.0212265
0.0203491
0.0206616
0.0201236
0.0205537
0.0204337
0.0204218
0.021796
0.0222882
0.0228827
0.0216097
0.0231058
0.0233911
0.0232979
0.0229289
0.0234386
0.0234031
0.0224116
0.02612
0.0249624
0.0228744
0.0243621
0.0242376
0.0240585
0.024165
0.0248742
0.0243065
0.0239274
0.0238833
0.0235333
0.0255359
0.0240402
0.0250097
0.0258031
0.0252327
0.0251016
0.0251304
0.0250763
0.0250677
0.0254809
0.0269741
0.0265424
0.02679
0.0266942
0.0268099
0.0264978
0.026312
0.0263266
0.026531
0.0272712
0.0285525
0.0272983
0.0275613
0.0270688
0.0269796
0.02699
0.0269625
0.0263476
0.0267758
0.025728
0.0280954
0.0307359
0.0280863
0.027945
0.028154
0.0283226
0.0302331
0.0280631
0.02739
0.0271639
0.0306916
0.0272524
0.0281623
0.0279361
0.0274311
0.0275974
0.0272584
0.0275584
0.0276005
0.0309154
0.0289692
0.0283113
0.0283053
0.02731
0.0279261
0.0278523
0.0280098
0.0294268
0.0308204
0.0286298
0.0283368
0.0282202
0.0276785
0.0275565
0.0277319
0.0276389
0.0273307
0.028258
0.0279057
0.028625
0.027558
0.0277911
0.0273549
0.027215
0.0302392
0.0295149
0.0275318
0.0276132
0.0278838
0.027631
0.0274748
0.0274526
0.0270643
0.0272254
0.0285507
0.0283541
0.0276473
0.0276716
0.0275763
0.027334
0.0267494
0.0264804
0.0267714
0.0284787
0.0266044
0.0277503
0.0274105
0.0270241
0.0262967
0.026172
0.0260486
0.0266564
0.0251682
0.0265661
0.0275197
0.0257524
0.0271662
0.0251575
0.0291882
0.0257052
0.0261892
0.0258216
0.0259217
0.0257977
0.0267896
0.0242697
0.0255564
0.0254386
0.0254752
0.0253443
0.0254043
0.0241604
0.0271801
0.0254031
0.0253019
0.026236
0.0243921
0.0233249
0.0241549
0.0243577
0.024425
0.0277063
0.0253109
0.024545
0.0244914
0.0234581
0.023795
0.024647
0.02348
0.0237931
0.0230673
0.0256168
0.0237848
0.0242105
0.0223553
0.0242735
0.024716
0.0247573
0.0263089
0.0243659
0.0236574
0.0244017
0.0227805
0.0256612
0.0241908
0.0235293
0.023861
0.0236214
0.0251856
0.0236343
0.0245786
0.0236246
0.0227873
0.0239505
0.0240267
0.0236293
0.0237541
0.0262012
0.0235249
0.024938
0.0238117
0.0249386
0.0246628
0.0247643
0.0267865
0.0243573
0.0241928
0.0246608
0.0233892
0.0237723
0.024366
0.0252777
0.0245605
0.0239326
0.0239598
0.0241379
0.0246537
0.023702
0.0243503
0.0242278
0.0247865
0.0236903
0.0265823
0.0249107
0.0249353
0.0247967
0.0247615
0.0242147
0.0247047
0.0245273
0.0265815
0.0255814
0.025107
0.0253494
0.0258636
0.0249964
0.0256561
0.0252489
0.0260022
0.0269422
0.0250912
0.0264917
0.0259387
0.0262869
0.0261765
0.0263203
0.026039
0.0253727
0.0279049
0.0252234
0.0290738
0.0243285
0.0254609
0.0268057
0.0248227
0.0247345
0.0247763
0.0249094
0.0255466
0.0255147
0.0245008
0.025587
0.0278896
0.0296454
0.027212
0.0254162
0.0255134
0.0271481
0.0251203
0.0278449
0.0263673
0.0258181
0.0256697
0.0263035
0.0251493
0.0254877
0.0260485
0.0254586
0.028146
0.0252853
0.0248189
0.025785
0.0257227
0.0254206
0.0255701
0.0255748
0.0258243
0.0250493
0.0271656
0.025414
0.0267965
0.0266109
0.0267691
0.025479
0.0265948
0.0252896
0.0286043
0.0256559
0.0259029
0.0302865
0.0266486
0.0258749
0.0276906
0.0262204
0.0259138
0.0256877
0.0279854
0.0255092
0.0268526
0.0273949
0.0274587
0.0275775
0.028234
0.0262589
0.0268327
0.0251549
0.027592
0.025723
0.0259784
0.0298072
0.0254692
0.0260971
0.0257849
0.025535
0.0254215
0.0256813
0.0254641
0.025567
0.0255303
0.0263957
0.0281254
0.0266546
0.0257104
0.0258485
0.0250588
0.0253478
0.0327933
0.0252972
0.0283255
0.0264153
0.0261503
0.0253694
0.0251347
0.0285942
0.0259139
0.026685
0.0263627
0.0256632
0.0260688
0.0257705
0.0280696
0.0260687
0.0261415
0.0267107
0.0279087
0.0283246
0.0268438
0.0279922
0.0267494
0.028368
0.0257514
0.0252644
0.0264367
0.0259099
0.0268504
0.0264541
0.0261898
0.025785
0.025611
0.0246511
0.0253511
0.0257316
0.026481
0.026745
0.0266746
0.0260222
0.025893
0.026064
0.0282816
0.0262738
0.0251374
0.0269276
0.0256938
0.0250656
0.026037
0.0263898
0.0255605
0.0255903
0.0268661
0.0258068
0.0245989
0.0253191
0.0263352
0.0256448
0.0269644
0.0269772
0.0288213
0.0266886
0.0266889
0.0266674
0.0263625
0.0266948
0.0269792
0.0292988
0.0273566
0.0275981
0.0265556
0.027715
0.0258629
0.0257478
0.0281441
0.0259576
0.0288322
0.0265033
0.0257734
0.0259016
0.0257876
0.0258673
0.0251907
0.0252502
0.024364
0.0246574
0.0250819
0.0241356
0.025514
0.0248731
0.0269285
0.0249934
0.023788
0.0238224
0.0248477
0.0226594
0.0242933
0.0257489
0.0236268
0.0236981
0.0227156
0.022709
0.0233011
0.0226933
0.0231704
0.0230129
0.0229958
0.0229537
0.0218626
0.0226396
0.022827
0.021977
0.0226755
0.0224101
0.0218225
0.0204593
0.0253832
0.0213603
0.0216385
0.0220646
0.0219446
0.0212654
0.022843
0.0228747
0.0234083
0.0216992
0.0211548
0.0214195
0.0213265
0.0229835
0.0230895
0.0217316
0.0221226
0.0222166
0.0215041
0.0215629
0.0217598
0.0235705
0.0217398
0.0227798
0.0231501
0.0217158
0.0224569
0.0223098
0.0221067
0.0235426
0.0231914
0.0252155
0.0229222
0.0233809
0.0232528
0.0227726
0.0223583
0.0247079
0.02305
0.0242074
0.0270863
0.0283931
0.0253807
0.0239094
0.0236052
0.0243758
0.0236426
0.023264
0.0239532
0.0235472
0.0231254
0.023405
0.0230673
0.0237644
0.0233259
0.0231591
0.0264182
0.0228953
0.022651
0.0230367
0.0233298
0.0238901
0.0232546
0.0233878
0.0235743
0.0226774
0.0233327
0.0232561
0.0232189
0.0226686
0.0216414
0.0218147
0.0225887
0.0232754
0.0230988
0.0235237
0.0236244
0.0234639
0.0232308
0.0230555
0.0235455
0.0231507
0.0229473
0.0257664
0.0238972
0.0244908
0.0243945
0.0240906
0.0236705
0.0233404
0.0235893
0.0234963
0.023027
0.0234273
0.0228771
0.0239666
0.0233
0.0242202
0.0241746
0.0239875
0.0241105
0.0242539
0.0251883
0.0247251
0.0251515
0.0252177
0.0251194
0.0237831
0.0245563
0.0251096
0.0244409
0.0245941
0.0239979
0.0236602
0.0238227
0.0260398
0.0240955
0.0254158
0.0241915
0.0243328
0.0240736
0.0245111
0.0241876
0.0236547
0.0241486
0.0243245
0.0259448
0.024992
0.0247948
0.0239764
0.0238777
0.023626
0.0231457
0.0234812
0.0237654
0.0255129
0.0242424
0.0249256
0.0245275
0.0250425
0.0236124
0.0239912
0.0256649
0.0237939
0.0240353
0.0263646
0.0243226
0.0248277
0.0247639
0.0248067
0.0239152
0.0238334
0.0233825
0.0252462
0.0234271
0.0252368
0.0295299
0.0236367
0.0253175
0.0240215
0.0237818
0.0239737
0.0232411
0.0235387
0.0269963
0.0265201
0.0243706
0.0240851
0.0235465
0.0231935
0.0229504
0.0231367
0.028254
0.0236723
0.0241129
0.0237003
0.0233711
0.0227258
0.0224395
0.0256514
0.0239566
0.0236711
0.0249383
0.0236399
0.0230684
0.0238449
0.0233898
0.0242563
0.0239445
0.024496
0.0235249
0.0261653
0.0234928
0.0242506
0.0260718
0.0232955
0.0228318
0.0229817
0.0227049
0.0230403
0.0232321
0.0231008
0.0236929
0.0246862
0.0238822
0.0251703
0.0234046
0.0235766
0.0245557
0.0253506
0.0228371
0.0252967
0.0270295
0.0254219
0.0238119
0.0238127
0.0243635
0.0231371
0.0239411
0.0237822
0.023507
0.0247448
0.0244658
0.0251325
0.0251467
0.0245857
0.0243757
0.0240033
0.0241919
0.0245167
0.0245454
0.0250473
0.02422
0.0244761
0.0244095
0.0240638
0.0252283
0.0245154
0.0260995
0.0247042
0.0245024
0.0251175
0.0257858
0.024472
0.0244145
0.0241389
0.0271175
0.0244746
0.0245948
0.0253014
0.0249559
0.0253952
0.0257726
0.0254638
0.0252893
0.0254767
0.0253697
0.0257454
0.0249144
0.0260766
0.0256705
0.0234887
0.0251559
0.024116
0.0246996
0.026741
0.0270585
0.0251612
0.0253977
0.0253325
0.0247512
0.027289
0.0279888
0.0287606
0.0255573
0.027033
0.0256396
0.0254253
0.0248786
0.0246619
0.0249086
0.0270338
0.0254592
0.0272903
0.0259601
0.0256885
0.0249699
0.0262651
0.0245059
0.0254942
0.0255565
0.0254917
0.0269661
0.0265936
0.0268452
0.0261984
0.0267679
0.0257598
0.0259663
0.0255304
0.0252002
0.0255732
0.0248829
0.025678
0.0257009
0.0250149
0.0272437
0.0267519
0.028474
0.0245042
0.0268347
0.0262788
0.0265055
0.0265938
0.0258249
0.0266429
0.0280815
0.0257461
0.0263929
0.026652
0.0269938
0.0264511
0.0263705
0.0262525
0.0252815
0.0256137
0.0280537
0.026242
0.0256201
0.0263852
0.02631
0.0260919
0.0256397
0.0256114
0.0251139
0.0252875
0.0266351
0.0279929
0.026228
0.0269828
0.0262143
0.0258375
0.0253054
0.0252667
0.0246927
0.0248927
0.0251242
0.025066
0.0252526
0.0257115
0.0251451
0.0249681
0.0271238
0.0252075
0.024405
0.0252807
0.0258803
0.025156
0.0257734
0.0255645
0.0252476
0.0250282
0.0241798
0.0245773
0.023834
0.0247878
0.0295544
0.0250631
0.0253734
0.0255501
0.0245118
0.0256041
0.025257
0.025424
0.0251297
0.0253943
0.0257412
0.0261791
0.0259545
0.0261728
0.026084
0.0259569
0.0256632
0.025008
0.0271201
0.0265929
0.0288837
0.027991
0.0254432
0.0266318
0.0260145
0.0259272
0.0279902
0.0252647
0.0260296
0.0256916
0.0265981
0.0274485
0.0258239
0.0268196
0.0272082
0.0272492
0.0265952
0.0246083
0.0254428
0.0259087
0.0252408
0.0266988
0.0263825
0.0262702
0.0252128
0.0261918
0.0256119
0.0269325
0.02635
0.028465
0.0258915
0.0253884
0.0291392
0.025481
0.0259351
0.025895
0.0272496
0.0244719
0.0255737
0.0251977
0.0258455
0.025251
0.0261219
0.0243367
0.0254063
0.0274183
0.0252174
0.0252991
0.0250321
0.0244648
0.0274253
0.0271874
0.0245119
0.0258143
0.0252311
0.0254967
0.0250587
0.0249664
0.0249836
0.0250626
0.0282845
0.0273271
0.0244382
0.0251756
0.0254233
0.0250148
0.025741
0.0250871
0.0254141
0.0249218
0.0255725
0.0253876
0.0243071
0.025912
0.0258334
0.0273681
0.0254557
0.0251971
0.0252961
0.0245674
0.0247264
0.025231
0.0299136
0.0240889
0.0247367
0.0247303
0.0246989
0.0248598
0.0248118
0.0247468
0.0256829
0.0260797
0.0241877
0.0254972
0.024812
0.024863
0.0252991
0.0247721
0.0247885
0.0258828
0.0254553
0.0297869
0.0276664
0.026696
0.0273097
0.0276096
0.0253845
0.0260577
0.0251483
0.0252539
0.026834
0.0286596
0.0250194
0.0262128
0.0257892
0.0255558
0.0251878
0.0253612
0.0275106
0.0272298
0.0236198
0.0254175
0.0250697
0.0247987
0.0273395
0.0285343
0.0251164
0.0246084
0.0244115
0.024398
0.0248259
0.0267149
0.0281927
0.0249299
0.0249594
0.0245165
0.024352
0.0250443
0.0243223
0.0239722
0.0240533
0.0247604
0.0246357
0.0227186
0.0242846
0.0248596
0.0261974
0.0239356
0.0242943
0.0260952
0.0251537
0.0258721
0.0243953
0.0257643
0.0249486
0.0253866
0.0254024
0.0241757
0.0245845
0.0253274
0.0244813
0.027279
0.0248625
0.025024
0.0240113
0.0249178
0.0266726
0.0236359
0.0250083
0.024623
0.0244936
0.0274027
0.0269515
0.0247157
0.0255224
0.0253483
0.0249611
0.0238536
0.0241044
0.0240214
0.027211
0.0241028
0.0249924
0.0236699
0.0241213
0.0220025
0.0224083
0.0229551
0.0241805
0.0235421
0.0229569
0.0217692
0.0206736
0.0214417
0.020953
0.0199786
0.0204166
0.0200024
0.0188604
0.0195334
0.0192563
0.0195992
0.019941
0.0181187
0.0189131
0.0186383
0.0163048
0.0155424
0.0176764
0.0172363
0.0207407
0.0176841
0.0192531
0.017181
0.0178869
0.0162757
0.0225608
0.0187859
0.0214649
0.0235244
0.0188986
0.020953
0.0206567
0.0193461
0.0185301
0.0202314
0.02102
0.0213029
0.0211004
0.0200892
0.0199707
0.0205006
0.0203597
0.020371
0.0209872
0.020842
0.0198326
0.0195411
0.0219567
0.017159
0.019803
0.0225909
0.0178831
0.0182813
0.0196365
0.0246716
0.0177106
0.0164329
0.0174827
0.019425
0.0181713
0.0179896
0.0180027
0.0167903
0.0188214
0.0199399
0.019142
0.0203442
0.0177045
0.0195831
0.0198917
0.0196382
0.0232102
0.0187455
0.020322
0.02157
0.0226822
0.0243653
0.0180932
0.0203435
0.0201775
0.0184983
0.0211575
0.0199344
0.0209261
0.0210941
0.0204103
0.0197235
0.017799
0.020032
0.0191365
0.0207409
0.0184479
0.0187291
0.0180918
0.0180226
0.0182091
0.0177431
0.0156055
0.0161788
0.0148164
0.0138243
0.0144991
0.0186774
0.0142914
0.0142159
0.0125693
0.0131955
0.0116842
0.0149302
0.010794
0.0111838
0.0146579
0.0118711
0.011049
0.0109612
0.00983333
0.0109804
0.0107872
0.0103023
0.0120887
0.0104744
0.0109309
0.00947701
0.0131341
0.0109463
0.0120672
0.0107219
0.00879175
0.0091088
0.0113609
0.00941321
0.0091504
0.00966597
0.00880518
0.00895684
0.00957894
0.00983842
0.0101828
0.0098769
0.0103021
0.0108729
0.0109087
0.00937794
0.0101708
0.00987715
0.010153
0.0111894
0.0098674
0.0101028
0.00936705
0.0106927
0.01136
0.0107413
0.0105697
0.0110044
0.0126141
0.0126257
0.0130781
0.011424
0.0130378
0.012839
0.0128412
0.0135142
0.0140535
0.0140052
0.0137109
0.0136074
0.0142456
0.0138597
0.0142234
0.0144053
0.0129572
0.0144826
0.0134528
0.0152502
0.014973
0.0138629
0.0142616
0.0143056
0.0146557
0.0157734
0.0177532
0.0169305
0.0170382
0.0170362
0.0169551
0.0153261
0.0157881
0.0150041
0.019251
0.0207514
0.0199492
0.0189094
0.0191837
0.0204988
0.0191256
0.0190187
0.0157683
0.0171284
0.0168479
0.0168735
0.016335
0.0163621
0.0168817
0.0164893
0.017474
0.0168987
0.0177904
0.0198521
0.0171185
0.0171169
0.0179608
0.017454
0.0159798
0.0174125
0.017863
0.0172573
0.0178409
0.0222693
0.0239194
0.0222709
0.0215233
0.0226961
0.0218228
0.0219506
0.0215641
0.0204779
0.0238566
0.0258007
0.0213489
0.0216051
0.0209986
0.02111
0.021474
0.0204948
0.0206387
0.0199976
0.019111
0.0200798
0.0196198
0.0202511
0.0207332
0.0204169
0.0210179
0.0204167
0.0203775
0.0203638
0.0206876
0.022289
0.0215144
0.0219749
0.0221828
0.0215733
0.021535
0.0219492
0.0231277
0.0232827
0.021078
0.0212699
0.0242185
0.020925
0.0223314
0.0228512
0.0240707
0.0243276
0.0229094
0.0236639
0.0217656
0.0218854
0.0217305
0.0210386
0.0227103
0.0226764
0.0237617
0.0229331
0.0222273
0.0222798
0.0223419
0.0224884
0.0232507
0.0225567
0.0242621
0.0242012
0.0238976
0.0241602
0.0241675
0.023438
0.0237906
0.0237698
0.0267592
0.0265704
0.022941
0.0239172
0.0234777
0.0232376
0.0236856
0.023187
0.0220221
0.0220941
0.0255435
0.0235176
0.0233487
0.0235254
0.0233005
0.0250525
0.0222287
0.0230322
0.0244041
0.023473
0.0245593
0.0261771
0.0243355
0.0246187
0.0245594
0.0235564
0.0240587
0.0239678
0.0247916
0.0238581
0.0251942
0.0250914
0.0255715
0.0246241
0.0244405
0.0268729
0.0248636
0.0252036
0.0254729
0.0262106
0.0255906
0.0254384
0.0250816
0.0241012
0.0247903
0.0232944
0.024413
0.0246057
0.0237185
0.0246699
0.0247671
0.0245934
0.0275126
0.0271576
0.0247249
0.0248942
0.0247518
0.0240673
0.0238362
0.023812
0.0234482
0.0247158
0.0245926
0.0254753
0.024726
0.0253745
0.0246588
0.0245996
0.0247294
0.0244132
0.0241395
0.0247946
0.0263316
0.0256534
0.0253398
0.0252125
0.0247226
0.0249933
0.0240197
0.024599
0.0242516
0.024056
0.0260053
0.0250585
0.0260038
0.0255534
0.0262948
0.0245025
0.0243431
0.0247278
0.0239829
0.0246864
0.0246201
0.0246122
0.0247223
0.0244952
0.0243991
0.0245461
0.0244692
0.0260636
0.0262425
0.0258843
0.0255216
0.0255389
0.0255307
0.0249559
0.0251362
0.0268737
0.0276417
0.0253064
0.0251539
0.0258018
0.02547
0.0250423
0.0253434
0.0258042
0.0252253
0.0248861
0.0270901
0.025736
0.0258626
0.0255512
0.0254147
0.0255124
0.0254662
0.0265038
0.0248759
0.0275715
0.0246823
0.0255468
0.0240072
0.0259691
0.0256089
0.0252658
0.024952
0.0247014
0.0253977
0.0257192
0.0247494
0.0260816
0.0256531
0.0253943
0.0251091
0.0254146
0.0252597
0.0247372
0.0258488
0.0284437
0.0246692
0.0247893
0.0251909
0.0251318
0.025276
0.0252498
0.024676
0.0248806
0.0265201
0.0263897
0.0242155
0.0257575
0.0253305
0.0252149
0.0254465
0.0252525
0.0246751
0.0267253
0.0252246
0.0296434
0.0244582
0.0258272
0.0254449
0.0250085
0.0252281
0.0263513
0.0269947
0.0254388
0.0265422
0.0261923
0.0263426
0.0260004
0.0258824
0.0251849
0.025667
0.0275145
0.0256665
0.0268979
0.0243905
0.0261805
0.0256688
0.0258565
0.0280837
0.0274144
0.0251824
0.0281855
0.0265765
0.0262764
0.0280602
0.0254203
0.0261574
0.0271279
0.0252388
0.027162
0.026472
0.0263298
0.0259503
0.0258131
0.0298281
0.0273395
0.0251734
0.0263975
0.025986
0.025832
0.0262631
0.0291338
0.0303843
0.0267908
0.0253397
0.0279925
0.0259075
0.025904
0.0256731
0.0252855
0.0291052
0.0251431
0.0261333
0.0259186
0.0259868
0.0284412
0.0275652
0.0247521
0.0257694
0.0254789
0.0272728
0.0273923
0.0255514
0.0263577
0.0258895
0.0259659
0.0252595
0.0267053
0.0273811
0.0255681
0.0261337
0.0260429
0.0262456
0.0263518
0.0254184
0.0290187
0.031332
0.0277546
0.0260961
0.0262949
0.0258092
0.0256502
0.0272504
0.0265687
0.0253617
0.025876
0.0252435
0.0255861
0.0247325
0.0275989
0.0260968
0.0251202
0.0262316
0.0255238
0.0259652
0.0273584
0.0261176
0.0256974
0.0253217
0.0258506
0.0268851
0.0252677
0.0260543
0.0256512
0.0256819
0.0255357
0.0254823
0.0254704
0.0247991
0.0262238
0.0279076
0.0254272
0.0268209
0.0263188
0.0258673
0.0269323
0.0256741
0.0282935
0.0303561
0.0283039
0.0277482
0.0260481
0.025768
0.0261383
0.0255144
0.0254682
0.0249532
0.0267499
0.0265378
0.025641
0.0276393
0.0248241
0.0256317
0.0266514
0.0279857
0.0250695
0.0256099
0.0255446
0.0261049
0.0256798
0.0252667
0.0251697
0.0256589
0.0268234
0.0290093
0.0263204
0.027481
0.0268199
0.0287231
0.0265575
0.0257395
0.0258513
0.0262767
0.0259586
0.0271701
0.0275348
0.0256053
0.0265238
0.0274482
0.026892
0.0264975
0.0266824
0.0257418
0.026384
0.02833
0.0284581
0.0262472
0.0269829
0.0272135
0.0262627
0.0267606
0.0261617
0.0262951
0.0260618
0.0265604
0.0279084
0.0289543
0.0272428
0.027932
0.027739
0.0278963
0.0271047
0.0274355
0.0270379
0.026874
0.0273844
0.0284467
0.0265893
0.0292074
0.0270232
0.0272735
0.03009
0.0269181
0.02716
0.0275945
0.028627
0.0270239
0.0275444
0.0278634
0.0280488
0.0273376
0.027432
0.0268268
0.0268807
0.0295753
0.0289619
0.0265304
0.0274637
0.0271472
0.0265859
0.0269412
0.0273433
0.0268158
0.0267591
0.0276915
0.0282588
0.0281764
0.0280259
0.0277917
0.0272296
0.0269574
0.0273045
0.0270142
0.0277125
0.0284286
0.0300497
0.0272124
0.028077
0.0272541
0.0264484
0.0264227
0.0273231
0.0301376
0.0268755
0.0277242
0.0278612
0.0278041
0.0271496
0.0269426
0.0268933
0.0267295
0.0297172
0.0323785
0.0266446
0.0275212
0.028223
0.0277109
0.0275441
0.0268075
0.0270451
0.0260862
0.0272002
0.0278869
0.0261856
0.0271864
0.0275691
0.0273204
0.0273452
0.0272232
0.0272089
0.0265743
0.0270678
0.0278911
0.0288081
0.0266246
0.0275023
0.0277533
0.0273203
0.0271057
0.0268614
0.0261375
0.0273491
0.0277962
0.0262196
0.0265195
0.0262162
0.0264106
0.0259269
0.0261509
0.0255972
0.0259522
0.0268391
0.0301667
0.0267261
0.0262847
0.0276797
0.0254346
0.0279207
0.0252833
0.025169
0.0252899
0.028548
0.0281817
0.0255238
0.0258896
0.0256733
0.0256565
0.0255308
0.0254014
0.0259924
0.0258086
0.0286307
0.0254638
0.0270387
0.027124
0.0265065
0.0264483
0.0273904
0.0297952
0.0263653
0.0276871
0.0271442
0.0264598
0.0266677
0.0266645
0.0289048
0.0277165
0.0252557
0.0274973
0.0265971
0.0267412
0.0264283
0.0262983
0.0258351
0.0278803
0.0282946
0.0260664
0.0276225
0.026826
0.0263922
0.0263218
0.0258253
0.0262042
0.0254253
0.0271165
0.0282033
0.0254167
0.0262129
0.0261322
0.0257886
0.0256585
0.0255892
0.0257553
0.0268746
0.0269341
0.0282995
0.0259694
0.0269879
0.0268512
0.0268821
0.026865
0.0267898
0.0267793
0.0257227
0.0267937
0.0267237
0.0274311
0.0256459
0.0273086
0.0265246
0.0264681
0.0261645
0.0262964
0.0270837
0.0274568
0.0270373
0.0285218
0.0286925
0.0284509
0.0264832
0.0263856
0.0259345
0.026291
0.0279717
0.0280631
0.0265328
0.0276267
0.0264199
0.0266825
0.0277337
0.0266746
0.0266666
0.0261519
0.0266086
0.0314913
0.0264963
0.0275468
0.0272832
0.0275581
0.029085
0.0264656
0.0261487
0.0267444
0.0277557
0.0281765
0.0257892
0.0276045
0.0267512
0.0272825
0.0269608
0.0262675
0.0258718
0.0283466
0.0293702
0.0303779
0.029129
0.0274656
0.0280447
0.0269387
0.0270923
0.0281023
0.0280758
0.0267729
0.0294461
0.0289352
0.0262983
0.0275839
0.0272933
0.0273841
0.0271251
0.026801
0.0274071
0.0273132
0.029227
0.0287503
0.0264798
0.0280366
0.0270582
0.0276446
0.02719
0.027094
0.0270794
0.0273312
0.027838
0.0308261
0.0286457
0.0283272
0.0284368
0.0261746
0.026955
0.0275542
0.0274311
0.0269973
0.0280843
0.0294834
0.0271845
0.0281131
0.0283373
0.0276226
0.0307859
0.0274567
0.0276739
0.0279759
0.0284527
0.0304599
0.0282623
0.030026
0.0274596
0.0271234
0.0277982
0.0290936
0.0296281
0.0261093
0.0272372
0.0270253
0.026835
0.0272805
0.0269804
0.0296708
0.0261797
0.0306467
0.0265687
0.0264351
0.026308
0.028443
0.0277935
0.0256235
0.025373
0.0249261
0.0247326
0.0240532
0.0244556
0.0254648
0.0246708
0.0240763
0.0233964
0.0262391
0.0233103
0.022757
0.0237883
0.0226541
0.0236511
0.0233234
0.023629
0.0239426
0.0249722
0.0243068
0.0242324
0.0245503
0.0263193
0.0248818
0.0236599
0.025956
0.025807
0.025679
0.024821
0.0249156
0.024872
0.0251247
0.0248012
0.025325
0.0265254
0.0265028
0.0268354
0.0268813
0.0263102
0.0257466
0.0257454
0.0271273
0.025623
0.0258818
0.0263396
0.0289191
0.0261075
0.0276456
0.0262781
0.0253645
0.0267727
0.0272017
0.0272659
0.02934
0.0286027
0.0285211
0.029022
0.0285967
0.0292261
0.0286853
0.0285973
0.028848
0.030214
0.0284767
0.0299981
0.0292697
0.0291263
0.0310475
0.0293279
0.0295707
0.0290261
0.0290536
0.0291259
0.0288875
0.0317168
0.0304973
0.0281843
0.030908
0.0291674
0.0293992
0.0288775
0.029019
0.0287832
0.0291667
0.0309478
0.0295315
0.0288319
0.0289985
0.0292422
0.0290602
0.0287557
0.0292199
0.0282745
0.0350912
0.0303401
0.027847
0.0292485
0.029195
0.0305002
0.0287777
0.0285223
0.0291874
0.0289463
0.031287
0.0316387
0.0302199
0.0306452
0.0303769
0.0301152
0.0302213
0.0301212
0.0305542
0.0302324
0.0314152
0.0327326
0.0298859
0.0313814
0.0307716
0.031005
0.0323005
0.0326035
0.0310684
0.0323405
0.0317079
0.0317736
0.0302482
0.0308558
0.0310903
0.0304712
0.0321975
0.03294
0.0322363
0.0307471
0.0316298
0.031709
0.0302859
0.0345989
0.032359
0.0322006
0.0309868
0.0312319
0.0323514
0.0329836
0.0306301
0.0315367
0.0310386
0.0305305
0.0303548
0.0303192
0.0316829
0.0304984
0.0308237
0.0334303
0.0315782
0.0304582
0.030085
0.0303116
0.0304414
0.0295339
0.0299747
0.0293729
0.0325575
0.0318101
0.0315275
0.0309183
0.030363
0.0302963
0.0311919
0.0324392
0.0313996
0.0316764
0.0323379
0.0320556
0.0336924
0.0322802
0.031119
0.0314468
0.0293971
0.0300472
0.0316229
0.0298744
0.0301724
0.035977
0.0291066
0.0318303
0.0290001
0.0289503
0.0296689
0.0290782
0.0305972
0.0315144
0.0308579
0.031887
0.0298544
0.029756
0.0295231
0.0294597
0.0291777
0.0369297
0.0317817
0.030024
0.0303219
0.0304337
0.0305933
0.031883
0.0291829
0.0282566
0.0291497
0.0289753
0.0302121
0.0302437
0.0303263
0.0303708
0.0294164
0.0295633
0.029366
0.0300813
0.0291945
0.0294847
0.0325632
0.0335408
0.0297557
0.0300081
0.0298318
0.0291626
0.0293601
0.0289199
0.0292604
0.0296911
0.03034
0.0304003
0.0298059
0.0299335
0.0294042
0.0295944
0.0297712
0.0313483
0.0291557
0.0306181
0.030965
0.0305328
0.0294028
0.0300796
0.0298806
0.029561
0.0293472
0.0289495
0.0286581
0.0291237
0.0288066
0.0299164
0.028491
0.0294179
0.0289826
0.0290012
0.0276009
0.0288827
0.0302363
0.0287149
0.0304977
0.0287986
0.0284177
0.0288568
0.0288686
0.0288819
0.0293162
0.0281084
0.0306416
0.0306704
0.0280699
0.028355
0.0285286
0.0285439
0.0284559
0.0294699
0.0275745
0.0286128
0.0282777
0.0291319
0.0295482
0.0286069
0.0308457
0.029923
0.0311446
0.0281716
0.0295516
0.0286503
0.0294698
0.0287626
0.029231
0.0282674
0.028826
0.0290171
0.0285897
0.028839
0.028485
0.0290785
0.0294945
0.0300996
0.0282412
0.0277942
0.0285381
0.0293008
0.0291846
0.0286908
0.029421
0.0283625
0.0280601
0.0283264
0.0289785
0.029692
0.0288612
0.030201
0.0286775
0.0308773
0.0289891
0.0291879
0.0290408
0.0290513
0.0308299
0.0316703
0.0296988
0.0307354
0.030053
0.0305634
0.030283
0.0300205
0.0299963
0.0302459
0.0310493
0.0330166
0.030541
0.0305655
0.0302548
0.030138
0.0300952
0.0312506
0.0300476
0.0301688
0.0304822
0.0329064
0.028941
0.0308273
0.0304356
0.030375
0.0304334
0.0297404
0.0292857
0.0336028
0.0326398
0.0295605
0.0296672
0.0301846
0.0293794
0.0296416
0.0301915
0.0297929
0.0336069
0.031099
0.0283736
0.0298005
0.0293044
0.0290957
0.0294379
0.029399
0.0296831
0.029956
0.0305971
0.0301842
0.0299386
0.0296107
0.0295127
0.0297724
0.0291884
0.0306962
0.0293925
0.0305247
0.0280078
0.0288213
0.0294126
0.0281267
0.0292904
0.0285929
0.0285496
0.0288026
0.0318269
0.0275961
0.0295458
0.0291024
0.0288625
0.0275288
0.0285563
0.0290565
0.0291524
0.0336068
0.0286175
0.0307137
0.0298932
0.030374
0.0295347
0.0304407
0.0291284
0.0293311
0.0297941
0.0307994
0.0291569
0.030105
0.0296652
0.0320446
0.0322739
0.0304705
0.0296766
0.0299526
0.032574
0.0332596
0.0295003
0.030596
0.0307536
0.0294655
0.0300958
0.0300657
0.0301162
0.0300498
0.0303749
0.031014
0.0288602
0.0303886
0.0296958
0.0309589
0.031313
0.0289518
0.0295639
0.0307226
0.0281479
0.0299839
0.0300584
0.0299733
0.0284526
0.0297169
0.0288135
0.0294429
0.0301179
0.0309744
0.0285956
0.0298527
0.0311667
0.0290138
0.0291395
0.0304028
0.0278859
0.029865
0.0273967
0.0289966
0.0289622
0.0290381
0.0286106
0.0284839
0.0323137
0.0290753
0.0267067
0.0290812
0.0298257
0.0283818
0.0284711
0.0289898
0.0296385
0.0306115
0.0280866
0.0291067
0.028195
0.0279089
0.0280845
0.0291679
0.0286371
0.0270933
0.0288981
0.0279232
0.0282503
0.0284997
0.0276376
0.0284242
0.0283586
0.0290558
0.0307674
0.0280204
0.0293624
0.0290526
0.0308835
0.0311208
0.028176
0.0282393
0.0296747
0.0280278
0.0288996
0.0311279
0.0283437
0.02999
0.0282915
0.0289944
0.0277335
0.0272186
0.0278841
0.028384
0.0280233
0.030542
0.0301067
0.0302503
0.0287471
0.0287124
0.0301462
0.0300315
0.0284173
0.0290811
0.028628
0.0295618
0.028898
0.0296155
0.0284154
0.0276552
0.0276152
0.026735
0.0273134
0.027693
0.0290813
0.028893
0.0271912
0.0280175
0.0282694
0.0281292
0.0282693
0.028347
0.0317029
0.0310195
0.0334085
0.0287282
0.0287919
0.0280916
0.0277492
0.0280978
0.0279203
0.0274674
0.0278373
0.0286668
0.0288946
0.026749
0.0279733
0.0296438
0.0280021
0.0280769
0.0275392
0.0281519
0.0280267
0.0302469
0.0295383
0.0273542
0.0286243
0.0284379
0.0285237
0.0289486
0.0306811
0.0275555
0.0275801
0.0280615
0.0279679
0.0302992
0.0276156
0.0281195
0.0279913
0.0279666
0.0277248
0.0274429
0.0279867
0.0276739
0.0288161
0.0291445
0.0272406
0.0281228
0.0275127
0.0276209
0.0275333
0.027879
0.0281725
0.0276153
0.0274994
0.0308252
0.029616
0.0282876
0.0286276
0.0278224
0.0277587
0.0272258
0.0274809
0.0277837
0.0290037
0.0288767
0.0271236
0.0285864
0.0322406
0.0284303
0.0286347
0.0282495
0.0287673
0.02805
0.0303379
0.0299054
0.0285002
0.0293904
0.0297557
0.0292723
0.0293022
0.0300908
0.0296585
0.028904
0.0293097
0.0296347
0.0303117
0.0315648
0.0317432
0.0295601
0.0298141
0.0327736
0.0294257
0.0303918
0.0310404
0.0302484
0.0303851
0.0297698
0.0296708
0.0300492
0.0373729
0.035789
0.0367357
0.0304127
0.0309709
0.0313633
0.0303276
0.0303246
0.0300038
0.0302559
0.0306701
0.0319769
0.0328968
0.0307761
0.0317571
0.031438
0.0315476
0.0313961
0.0301414
0.0309758
0.0309554
0.0296482
0.0332396
0.0357101
0.0313907
0.0318664
0.0335946
0.0312654
0.0310297
0.0309899
0.0308222
0.032
0.0324355
0.0319334
0.0356192
0.0322094
0.03157
0.0312566
0.0316447
0.0326221
0.0335375
0.0308756
0.0295315
0.0309275
0.0322128
0.0322859
0.0323107
0.0315942
0.0317673
0.0311444
0.0319958
0.030758
0.0310929
0.0310257
0.0317241
0.0346971
0.0326964
0.0316553
0.0317075
0.0308314
0.0312876
0.0307667
0.0305123
0.0303166
0.0304462
0.0323122
0.0319597
0.0321491
0.0303025
0.0310415
0.0316927
0.0301443
0.0300775
0.0293274
0.0285545
0.0331744
0.0346886
0.0304339
0.0303238
0.0301387
0.0302225
0.029034
0.0294846
0.0293355
0.0311254
0.0312947
0.030122
0.0300227
0.0298144
0.0306116
0.0320033
0.0287993
0.030065
0.0310381
0.0308983
0.0293957
0.033115
0.0318052
0.0281574
0.0309515
0.0312948
0.0290479
0.0270729
0.0270134
0.0271613
0.0259247
0.0240003
0.0251522
0.0260304
0.0294492
0.0245212
0.0238643
0.0241277
0.0233075
0.0229602
0.0243637
0.0242471
0.0220918
0.023947
0.0255271
0.0232736
0.024543
0.0226799
0.0261431
0.0244281
0.0218803
0.0235813
0.0235577
0.0251577
0.0254247
0.0234352
0.0246499
0.0266667
0.0253
0.0232042
0.0257864
0.0263191
0.0256482
0.0259676
0.0258281
0.0250016
0.0267031
0.0268535
0.0248859
0.0268149
0.0255989
0.0237638
0.0256026
0.0272872
0.0231112
0.0246042
0.0245977
0.0218856
0.0240095
0.0235199
0.0206911
0.0229079
0.0220549
0.0198801
0.0227726
0.0212931
0.0198662
0.0217034
0.0226229
0.0189148
0.0212729
0.0208501
0.0196183
0.0211486
0.0217488
0.0215256
0.0199701
0.0246055
0.0263826
0.0209235
0.021567
0.0225779
0.0208041
0.021113
0.0208286
0.0204833
0.0248884
0.0225178
0.0207148
0.0209106
0.0201379
0.0220134
0.0214817
0.0193232
0.0208489
0.022234
0.0221615
0.0213354
0.0222884
0.0221166
0.0230655
0.0241962
0.0227347
0.0212997
0.0215418
0.0233633
0.02036
0.021704
0.0215614
0.0224245
0.0228522
0.0204394
0.0222491
0.0267904
0.0257281
0.0238648
0.0242904
0.0243444
0.022683
0.0247453
0.0242011
0.0245682
0.0257253
0.0257457
0.0232962
0.0239838
0.0229291
0.0234827
0.0230138
0.0228185
0.0227963
0.0226185
0.0220005
0.0228742
0.0242322
0.0263378
0.0219728
0.0242254
0.0247885
0.0248403
0.0237234
0.0234901
0.0240269
0.0235363
0.0235553
0.0232389
0.0238114
0.0232442
0.0231279
0.0226341
0.0231404
0.0275443
0.0218718
0.0237679
0.0228269
0.0244875
0.0242179
0.0240872
0.0229733
0.0247104
0.0277749
0.0237223
0.0232404
0.0247752
0.0235944
0.0212073
0.0227321
0.0242623
0.0268027
0.0224564
0.0217791
0.0213249
0.0216477
0.0226578
0.0226448
0.0206064
0.0220289
0.0214085
0.0213624
0.0215199
0.022737
0.019857
0.0215288
0.022523
0.021614
0.0230679
0.0191109
0.0204828
0.0206306
0.0224421
0.0215992
0.0191574
0.020929
0.0210483
0.01982
0.0225841
0.0222547
0.0199509
0.0215119
0.0211178
0.0208712
0.0234061
0.022541
0.0216949
0.0225653
0.0211373
0.0207774
0.0210195
0.0212729
0.0241764
0.0193848
0.020782
0.0205661
0.0225057
0.0216578
0.0222191
0.0204743
0.0224971
0.0215679
0.0236113
0.0215186
0.0240512
0.0227207
0.0207147
0.0225932
0.0222302
0.0218367
0.021981
0.0238393
0.024324
0.0234663
0.0256005
0.0254064
0.0240363
0.0244114
0.0237898
0.0249438
0.0249754
0.0228162
0.0252837
0.0251853
0.0229611
0.0258618
0.026323
0.0234333
0.0263925
0.0265695
0.0249579
0.0254412
0.027501
0.0274036
0.0257781
0.0247978
0.0259115
0.026011
0.023865
0.0247677
0.0269753
0.0265604
0.0269706
0.0294888
0.0288523
0.0243201
0.0251915
0.0250651
0.0273999
0.0259126
0.0238514
0.0250284
0.0251468
0.0244728
0.0222211
0.0236917
0.0252746
0.0245807
0.0222058
0.0263258
0.0266363
0.0223373
0.0231365
0.0241435
0.0258481
0.0243436
0.0243334
0.0274095
0.0251594
0.0238569
0.0248246
0.0246714
0.0240799
0.0239544
0.0234108
0.0264045
0.0260667
0.023455
0.0238063
0.0243803
0.023583
0.0243005
0.0246826
0.0242634
0.0260717
0.027157
0.027772
0.026761
0.0291934
0.0327878
0.0279351
0.0284295
0.0316721
0.0324187
0.0308313
0.0306233
0.0313401
0.0313746
0.028949
0.0317983
0.0319959
0.0303173
0.0302596
0.0298161
0.0293464
0.0291123
0.0317405
0.032235
0.0267721
0.0253228
0.0253461
0.025568
0.0234316
0.0262468
0.0262238
0.0265674
0.0245089
0.02417
0.0251577
0.0237492
0.0246833
0.0239852
0.0234307
0.0237255
0.0229521
0.0223083
0.0224376
0.0234072
0.0213896
0.0223574
0.0224745
0.0220529
0.0223717
0.0245881
0.0268876
0.0223199
0.0248121
0.0267019
0.0310452
0.0227172
0.0249047
0.0271595
0.0253111
0.0276097
0.0283413
0.0256817
0.0275271
0.0292113
0.0265126
0.0289472
0.0280203
0.0267297
0.0262188
0.0270359
0.0302509
0.0295042
0.0267415
0.0270461
0.0248199
0.0254584
0.0257972
0.0263628
0.0253883
0.0255273
0.0257457
0.0250013
0.0281191
0.0263022
0.0249652
0.0255292
0.025499
0.0261343
0.0264779
0.025092
0.0279051
0.0293396
0.0292893
0.0268407
0.02858
0.0307885
0.0304065
0.0280801
0.0290403
0.029815
0.0279615
0.0288872
0.028963
0.0295302
0.0272443
0.0274253
0.0264401
0.0260107
0.0261406
0.026548
0.0263015
0.0263712
0.0259482
0.0271367
0.0274025
0.0258656
0.0265532
0.0265905
0.0266693
0.0262477
0.0262971
0.0276584
0.0268676
0.0252298
0.0268503
0.0263322
0.026269
0.0281446
0.0261322
0.0265283
0.0273991
0.0284616
0.0269977
0.0282677
0.0285314
0.0299313
0.0301316
0.0282302
0.0287017
0.0288011
0.0286481
0.0287865
0.0313643
0.0289606
0.0304068
0.0298835
0.0338393
0.0319838
0.0293843
0.0293274
0.0289693
0.0291083
0.0289915
0.0313644
0.0292314
0.02906
0.0286095
0.0285207
0.0301031
0.0293049
0.0284094
0.0328946
0.0304956
0.0285288
0.0283093
0.028745
0.0287566
0.0281134
0.0277332
0.0282478
0.0283922
0.0268159
0.0285573
0.0285009
0.027897
0.0260416
0.027976
0.0275877
0.0293743
0.028002
0.0278264
0.0283252
0.0290405
0.0300097
0.0324797
0.0295553
0.0278457
0.02865
0.0340373
0.0292502
0.0315485
0.0352177
0.0302654
0.0324165
0.0333446
0.0330193
0.0309309
0.0322857
0.0326559
0.0321452
0.032215
0.0324144
0.0317172
0.0315217
0.0324597
0.0320198
0.0317554
0.0311228
0.030703
0.0299368
0.0315938
0.0322015
0.0313778
0.0274873
0.0276212
0.0276748
0.0280131
0.0278098
0.0293035
0.0272915
0.0277529
0.0276489
0.0294528
0.0277657
0.0278961
0.028257
0.0279604
0.0273587
0.0275783
0.0270075
0.0277816
0.0308504
0.0269039
0.0285529
0.0297109
0.027515
0.0273898
0.0283979
0.0289188
0.0314396
0.0295103
0.0298118
0.0297176
0.0293844
0.029001
0.0285075
0.029246
0.0325205
0.0314341
0.0289666
0.0291576
0.0295203
0.0300467
0.0302974
0.0309453
0.0289148
0.0292546
0.0291219
0.030002
0.0294446
0.0298375
0.0299802
0.0300934
0.0287234
0.0273978
0.0280033
0.0302877
0.0272536
0.0281118
0.0276683
0.0292252
0.0277526
0.0285771
0.0297577
0.0277459
0.0294612
0.0301721
0.0286785
0.0287962
0.0295321
0.0294208
0.0292703
0.030536
0.0291017
0.0294909
0.0286933
0.0274922
0.0267761
0.026015
0.0281232
0.0297758
0.0275151
0.0253062
0.0264246
0.0270905
0.0250445
0.0257507
0.0256798
0.0261913
0.0305194
0.0255807
0.0268085
0.0260477
0.0279351
0.0282993
0.027707
0.0274458
0.0278846
0.0274031
0.0302962
0.0300472
0.0304116
0.0310159
0.0345223
0.0326414
0.0311047
0.0312916
0.0307465
0.0307475
0.0312026
0.0299325
0.0286827
0.0289104
0.0290936
0.0298129
0.0300565
0.0290236
0.0265963
0.0268636
0.0274877
0.0261255
0.0265268
0.0261169
0.0267989
0.0276084
0.0310104
0.0257151
0.0281414
0.0280919
0.0277303
0.0271728
0.0276164
0.0276444
0.0318902
0.0298183
0.0299455
0.0322922
0.0299508
0.0288893
0.0293063
0.028994
0.0327372
0.0351116
0.0283999
0.028737
0.0287791
0.0286374
0.0268495
0.0259062
0.0292511
0.0282695
0.0268258
0.0275876
0.0308886
0.0293778
0.0285566
0.028266
0.0281136
0.0283022
0.0279211
0.0275689
0.0299246
0.0315423
0.0266756
0.0277523
0.0289535
0.0275059
0.0285131
0.0291276
0.0290517
0.0296485
0.0292218
0.0301015
0.0292701
0.0272085
0.0291565
0.0284892
0.0282564
0.0280611
0.0268163
0.0269729
0.0256179
0.0284891
0.0250819
0.0249339
0.0268711
0.0252186
0.0241402
0.0257145
0.026365
0.0261416
0.0257603
0.0273743
0.027165
0.0275962
0.0270652
0.029132
0.0305461
0.0298389
0.0268507
0.0275783
0.028026
0.0279717
0.0309786
0.0322493
0.0285926
0.0301496
0.0326456
0.0327381
0.0312461
0.0289709
0.0295271
0.0316544
0.0316276
0.0276108
0.0262296
0.0262744
0.027691
0.0259047
0.0273629
0.0289271
0.0275686
0.0288439
0.0292541
0.0280811
0.029343
0.028028
0.028298
0.0272947
0.026957
0.0261993
0.0278223
0.0290523
0.0290519
0.0307213
0.0315365
0.0313656
0.0299248
0.0296996
0.0294194
0.0327076
0.0304149
0.029574
0.0296935
0.0292258
0.0290989
0.0289205
0.0293189
0.0265597
0.0279127
0.0285661
0.0277688
0.0300623
0.0304869
0.0268634
0.0273545
0.0278824
0.0286028
0.0274898
0.0272718
0.02794
0.026996
0.0284307
0.0281962
0.0342566
0.0314699
0.0319403
0.0336298
0.0313214
0.0327425
0.034198
0.0320563
0.0342836
0.0326102
0.0331119
0.0310841
0.0311763
0.0316694
0.0310377
0.0315373
0.0325901
0.0315732
0.030935
0.0306326
0.0315332
0.0307429
0.0300146
0.0316759
0.0314061
0.0297648
0.0302331
0.0308423
0.0316269
0.0302396
0.0303011
0.0308916
0.0309602
0.0294325
0.0304529
0.0302882
0.029926
0.0298788
0.0301882
0.030919
0.0299106
0.0304985
0.0303961
0.0301096
0.0297195
0.0303147
0.0300823
0.0309449
0.0304384
0.0317151
0.0301305
0.0303406
0.0299521
0.0288047
0.0298954
0.0301831
0.0298506
0.0301053
0.0298224
0.0291075
0.0290757
0.0295549
0.0319969
0.0304392
0.0286766
0.0293188
0.0289231
0.0285864
0.0292745
0.0288064
0.029391
0.0318246
0.0289245
0.0296968
0.0294744
0.0305815
0.0305985
0.0300098
0.0306527
0.0301041
0.03042
0.030578
0.0319538
0.0346861
0.031095
0.0313793
0.0309009
0.0313964
0.0304518
0.0302561
0.0308115
0.0308426
0.0327385
0.0307635
0.0299167
0.0312558
0.0313084
0.0311048
0.0311503
0.0304504
0.0296898
0.0317837
0.0295944
0.0298927
0.0304448
0.0288986
0.0306843
0.0311764
0.0305804
0.0307428
0.0304333
0.0303234
0.032257
0.0299751
0.0295038
0.028079
0.0301078
0.0295586
0.0291432
0.0302859
0.0295084
0.0297026
0.0305077
0.0317745
0.0307766
0.0282822
0.0298585
0.0291947
0.0290757
0.0311381
0.0303625
0.0309653
0.0295556
0.0290908
0.0303895
0.0296684
0.0305687
0.029415
0.0297309
0.0308452
0.0292308
0.0286295
0.0300229
0.0297706
0.0304447
0.0286657
0.0311788
0.030273
0.0298248
0.0294549
0.029127
0.0294462
0.0296172
0.0309227
0.0301373
0.029283
0.0306382
0.0310881
0.0312424
0.030162
0.0301321
0.0308738
0.0304814
0.0316066
0.0320581
0.029986
0.0305639
0.0302408
0.0305588
0.0303896
0.0308981
0.0299778
0.0316113
0.031197
0.0315654
0.0298969
0.0315446
0.0313525
0.0316054
0.0308174
0.031777
0.0332219
0.0309322
0.030265
0.0329847
0.0366653
0.0314347
0.031748
0.0307685
0.0307881
0.0305646
0.0308226
0.0306451
0.0302722
0.031523
0.0336495
0.0300315
0.0326129
0.0315718
0.0327291
0.0306859
0.0303153
0.0296002
0.0301095
0.033095
0.0297376
0.0305533
0.0288405
0.0298148
0.030036
0.0293513
0.0296295
0.0295107
0.0302442
0.0291445
0.0299686
0.0297496
0.0303849
0.0293884
0.0282309
0.0290106
0.0297698
0.0297234
0.0312187
0.0299615
0.0335725
0.0342176
0.0317876
0.0312475
0.0300927
0.0304022
0.0304034
0.0305805
0.0303847
0.0304178
0.0303612
0.032418
0.0308375
0.0312444
0.0300448
0.0304254
0.0313819
0.0305513
0.0310821
0.0305659
0.0316406
0.0315787
0.0312128
0.0325199
0.0299966
0.0303998
0.0305137
0.0306715
0.030934
0.030192
0.0305153


