0.0121032
0.0256984
0.0243461
0.0238172
0.0250739
0.023468
0.0249236
0.0208155
0.0212024
0.0210135
0.0215497
0.021328
0.0209888
0.0209592
0.0213219
0.0213037
0.0209436
0.0214084
0.020897
0.0214617
0.0213099
0.0210763
0.0215807
0.0196662
0.0206024
0.0208018
0.0209796
0.0209416
0.0209549
0.0208818
0.0217901
0.0209482
0.0206205
0.0210774
0.0208806
0.0207824
0.0208251
0.0204314
0.0207932
0.0207559
0.0388237
0.0156202
0.0136491
0.0137681
0.0139276
0.013841
0.014052
0.0142788
0.0140252
0.0137643
0.0154405
0.0141943
0.0164885
0.0153455
0.0166243
0.0142748
0.0165085
0.017738
0.0197606
0.0167684
0.0212531
0.0188222
0.0192146
0.0220517
0.020809
0.0220284
0.022196
0.0212424
0.0204714
0.0183489
0.0216161
0.0203208
0.0228172
0.0213951
0.0223071
0.0225316
0.018515
0.0205858
0.0210094
0.021029
0.0209721
0.0215435
0.0212013
0.0211356
0.020497
0.0202883
0.0246052
0.023298
0.0208172
0.0212053
0.0237583
0.0220397
0.0227074
0.019197
0.0239876
0.0225406
0.0206502
0.0224804
0.0203475
0.0217595
0.0214049
0.0222507
0.0234759
0.0207848
0.0248292
0.0210677
0.0220865
0.0241768
0.0220023
0.0189831
0.0200661
0.0248685
0.0227211
0.0189347
0.0230941
0.0204065
0.0199839
0.0210382
0.0242769
0.0210513
0.0232176
0.0206249
0.0200411
0.0224469
0.020393
0.0216909
0.019795
0.0203456
0.0241866
0.0201516
0.0204657
0.0204344
0.0234877
0.0202858
0.0233403
0.0212843
0.0198635
0.0201932
0.0176162
0.0212322
0.0243534
0.0207431
0.0192067
0.020024
0.0220014
0.0182822
0.023412
0.0210404
0.018171
0.0190347
0.0200631
0.0216879
0.0193447
0.0231724
0.0183285
0.0186893
0.0197219
0.0232724
0.0183272
0.0230088
0.0180203
0.0188466
0.0222947
0.0185123
0.0202259
0.0207526
0.0200823
0.0192454
0.0228359
0.0184095
0.0208588
0.0195491
0.0216795
0.0234261
0.0197678
0.0190142
0.0201507
0.0226255
0.0199369
0.0180406
0.018681
0.0250251
0.0190472
0.020545
0.0231589
0.019773
0.0224685
0.0197993
0.0184078
0.0167497
0.0202573
0.0229981
0.0204588
0.0193694
0.01869
0.0187654
0.0186822
0.0196068
0.0194691
0.0230166
0.0201379
0.0197192
0.0229565
0.0209064
0.0209173
0.018691
0.0170295
0.0192982
0.0214995
0.017397
0.0173513
0.0173694
0.0172481
0.0161178
0.0197045
0.0213994
0.0190483
0.0227627
0.0184147
0.0185244
0.0178647
0.0203144
0.0237949
0.0193808
0.0211
0.0206696
0.0201691
0.0208286
0.0183803
0.0183276
0.0204879
0.0230836
0.0192792
0.0227656
0.0209214
0.0234038
0.018812
0.0231819
0.0187787
0.0193025
0.0226493
0.0187941
0.0212178
0.0209063
0.0217028
0.0194197
0.0183949
0.0172153
0.0199794
0.0227169
0.0222042
0.0195654
0.0188858
0.0186178
0.0201636
0.0200033
0.019401
0.0190528
0.0211317
0.0197653
0.017744
0.0184951
0.0189679
0.0172684
0.0212073
0.0203534
0.0179615
0.0180954
0.0196967
0.0219066
0.0204744
0.0230047
0.0214113
0.0208962
0.0179039
0.0190768
0.018007
0.0191206
0.0213323
0.0206002
0.0237394
0.0231631
0.0197564
0.0211987
0.0207542
0.0200405
0.0197736
0.0187582
0.0186911
0.0198687
0.0229956
0.0234647
0.021833
0.0215257
0.0214461
0.0205415
0.0208927
0.0201128
0.0187704
0.0198782
0.0240424
0.0218273
0.0192404
0.0223439
0.0221515
0.0185424
0.0208017
0.0198251
0.0189823
0.0181173
0.0189284
0.0202354
0.0198429
0.0159752
0.0180359
0.0192108
0.0215535
0.0229296
0.0173769
0.0185857
0.0196069
0.0192507
0.0224955
0.0231074
0.0234371
0.0206718
0.0204651
0.0219395
0.0176082
0.0173263
0.0178945
0.0193855
0.0193481
0.0192595
0.0219172
0.0169459
0.016887
0.0189745
0.0168419
0.0174225
0.0194896
0.0169554
0.0211752
0.023193
0.0200148
0.0189693
0.0213057
0.0204307
0.0213174
0.0210832
0.0187603
0.0177597
0.0182242
0.0176792
0.0171524
0.0160937
0.0180141
0.0175944
0.0181009
0.0196607
0.0213401
0.0202819
0.0201781
0.0220603
0.0207662
0.0172684
0.0203226
0.0216202
0.0192672
0.0176891
0.0198173
0.0169638
0.0154806
0.016931
0.0195131
0.0206091
0.0195421
0.0166589
0.0185104
0.0209279
0.0200376
0.0169893
0.0179828
0.014735
0.0171843
0.0174578
0.0141343
0.0197941
0.0201194
0.0196641
0.0162246
0.0171843
0.0166653
0.0174572
0.0163309
0.0156527
0.0185009
0.016745
0.0176656
0.0166033
0.0158208
0.0205555
0.0220923
0.0204439
0.018703
0.0203048
0.0218091
0.0217489
0.0201514
0.0208278
0.0221243
0.02293
0.0219072
0.018506
0.017996
0.0194419
0.0182585
0.0191545
0.0192985
0.0190446
0.0186103
0.0186035
0.0203898
0.0190549
0.0178919
0.0191581
0.015714
0.018612
0.0183432
0.0178244
0.0189853
0.0183603
0.0202686
0.0177254
0.0197218
0.021225
0.0218647
0.0204792
0.0183919
0.0182672
0.0197392
0.0223293
0.0229663
0.0229212
0.0200554
0.0199573
0.0192827
0.016932
0.020095
0.0200202
0.0203943
0.018683
0.021191
0.0204508
0.0209487
0.0207691
0.0220411
0.0194017
0.0199978
0.0204488
0.0217893
0.0210442
0.0214949
0.0214164
0.0236967
0.0243027
0.0262821
0.0199952
0.021391
0.0209707
0.0223585
0.0217151
0.0215679
0.0230046
0.0221695
0.0216329
0.0227264
0.0199028
0.0214146
0.021064
0.0219155
0.0190418
0.0198505
0.0210964
0.0213119
0.0223632
0.0200268
0.0232152
0.0249851
0.025581
0.0252679
0.0195399
0.0205871
0.0226735
0.025696
0.026079
0.024297
0.0189425
0.0231975
0.0246675
0.0240135
0.0227136
0.0199648
0.0216746
0.0225629
0.0238397
0.0260455
0.0251342
0.0241913
0.022557
0.0235714
0.0235631
0.0252759
0.0268232
0.0183046
0.0228182
0.0232465
0.0239593
0.0250404
0.0189263
0.0216044
0.0253276
0.0237275
0.023331
0.0221027
0.016788
0.0220307
0.0235536
0.0246609
0.0225241
0.0200698
0.0228243
0.0251561
0.0247034
0.0236711
0.0213135
0.0193744
0.0206607
0.0204036
0.0188788
0.0177755
0.0175197
0.016927
0.0168101
0.0185576
0.0153585
0.0182548
0.0277725
0.0201405
0.0193669
0.016508
0.0156639
0.0182929
0.0177015
0.0162769
0.0172667
0.0180685
0.0177509
0.0187441
0.0183089
0.0191641
0.0197957
0.0224374
0.022467
0.0217738
0.0184016
0.0176767
0.0203939
0.0203392
0.0197852
0.021141
0.0216941
0.0234221
0.0238594
0.0219627
0.0226476
0.0224377
0.0226318
0.0241949
0.0170939
0.0210234
0.0219011
0.0220413
0.0215165
0.0179578
0.0206723
0.0220878
0.0221357
0.021372
0.0184418
0.0180592
0.0191151
0.0201073
0.018356
0.0195463
0.022625
0.0245947
0.0268227
0.0230389
0.0207439
0.0225184
0.0241364
0.0219468
0.0205903
0.0170089
0.0154038
0.0164977
0.0158807
0.0151821
0.0177232
0.0179633
0.0207656
0.0215926
0.018192
0.0189862
0.0200457
0.0224806
0.0227433
0.024789
0.0244063
0.0235881
0.023349
0.0254296
0.0256365
0.0264343
0.0209265
0.0224715
0.0229574
0.0219261
0.0206499
0.0220154
0.0197517
0.0201929
0.0200994
0.0198717
0.0204587
0.0231048
0.0238338
0.0239285
0.0223428
0.0197478
0.022647
0.0251517
0.0234928
0.0247017
0.0228466
0.0240067
0.027061
0.0208063
0.0204724
0.0181735
0.019202
0.0186177
0.0181222
0.0175109
0.0201877
0.0210228
0.0190962
0.0209299
0.0231445
0.0243764
0.0249954
0.0246882
0.0184815
0.0217898
0.0229488
0.023247
0.0215674
0.0195292
0.0221625
0.02177
0.0217018
0.018968
0.01852
0.0200573
0.0198502
0.0179084
0.0193429
0.0218357
0.0245774
0.0246937
0.0235384
0.0197444
0.0188324
0.023775
0.0201584
0.0210283
0.0196552
0.0233392
0.025004
0.024267
0.0281984
0.0195832
0.0179655
0.0188275
0.0210714
0.0193088
0.0203421
0.0209276
0.0257569
0.0240931
0.0232924
0.0235166
0.0244131
0.023685
0.0226739
0.0198339
0.0177885
0.0188902
0.0190742
0.0186646
0.0192725
0.0218335
0.0239987
0.0229613
0.0220722
0.0200204
0.023212
0.0245575
0.0256223
0.0244486
0.0189637
0.023848
0.0245703
0.02369
0.0230422
0.0175949
0.0212188
0.0233502
0.0237481
0.0238764
0.0225828
0.022886
0.0246527
0.0234386
0.0237818
0.0220928
0.0193834
0.022604
0.0243351
0.0212849
0.0200933
0.0204814
0.0228485
0.0244643
0.0230284
0.0246669
0.0265095
0.0199655
0.0196254
0.0249122
0.0241393
0.0208208
0.0203489
0.0224535
0.0207118
0.0213984
0.0216584
0.0187288
0.0202001
0.0225716
0.0214071
0.0198348
0.0215844
0.0238991
0.0195807
0.0201569
0.0220892
0.0219123
0.0190057
0.0225315
0.0238258
0.0263814
0.0253018
0.0241561
0.0245495
0.0252793
0.0255084
0.0228032
0.0194496
0.0196331
0.0198891
0.0221666
0.0206652
0.0205117
0.0235692
0.0255744
0.0223804
0.0217692
0.0218246
0.0208944
0.0204143
0.0209331
0.0195709
0.0208795
0.020751
0.0184841
0.0187139
0.0206186
0.0186961
0.0174428
0.0193357
0.0214441
0.0239125
0.0215123
0.018621
0.0183652
0.020448
0.0201628
0.0194695
0.0176999
0.0196648
0.0205665
0.0185027
0.0234397
0.026173
0.0237322
0.0198925
0.0181839
0.021361
0.0196537
0.0164398
0.0180705
0.0218107
0.0227635
0.0236437
0.021763
0.0201663
0.0194944
0.0220501
0.0231004
0.0241337
0.0245246
0.0207395
0.0220046
0.0235831
0.0235764
0.0231238
0.0227069
0.0230744
0.0244669
0.0234806
0.0187442
0.0196793
0.0195118
0.0204995
0.0207742
0.0194515
0.0191234
0.0193228
0.0211756
0.0200099
0.0190943
0.0196293
0.018649
0.0179933
0.0196036
0.0229217
0.0238403
0.0235494
0.0211176
0.0221237
0.0232028
0.0242415
0.0231544
0.0230932
0.0256882
0.0245334
0.0236352
0.0229323
0.0237863
0.0232957
0.0222452
0.0182629
0.016703
0.019301
0.0184861
0.0175649
0.0183595
0.0215408
0.0221333
0.0217263
0.0206901
0.0216963
0.02171
0.0210977
0.0207922
0.0175811
0.0163229
0.018335
0.0174236
0.0148728
0.0157459
0.0173017
0.0169231
0.0154156
0.0149662
0.0171089
0.0159168
0.0146694
0.0150759
0.016228
0.015339
0.0146966
0.0193247
0.0207988
0.0187481
0.0172698
0.01839
0.0183478
0.0179899
0.0142129
0.0129428
0.0140105
0.0118197
0.0132361
0.0164628
0.0171899
0.0141789
0.0126631
0.0161737
0.0152981
0.0119597
0.0150656
0.0137606
0.0138263
0.00991727
0.013861
0.0111815
0.0108686
0.011588
0.0138562
0.0115333
0.0116632
0.0109996
0.0096065
0.00952839
0.0130597
0.0098679
0.00904509
0.010513
0.013214
0.0101713
0.00809964
0.0117937
0.00934017
0.010763
0.00953337
0.0121923
0.0107645
0.0126867
0.0122595
0.0131057
0.0136007
0.0135209
0.0135626
0.0121867
0.0140994
0.0146152
0.012896
0.0154849
0.0155118
0.0154232
0.0130975
0.0158473
0.0145405
0.0164093
0.016521
0.014578
0.0167748
0.0202025
0.0172885
0.0169979
0.0166971
0.0208002
0.0176716
0.0193969
0.0178454
0.0151839
0.0154016
0.0201314
0.0152892
0.0157598
0.014212
0.0149148
0.0148375
0.0155919
0.015341
0.0158907
0.0153998
0.0161895
0.0189593
0.0189694
0.0195333
0.0201051
0.0144327
0.0198107
0.0216576
0.0168026
0.0151062
0.0162183
0.0160819
0.0193773
0.0198624
0.0160119
0.0191683
0.0196719
0.0153407
0.0192182
0.0196737
0.0164201
0.0153459
0.0165809
0.0147405
0.01809
0.0190291
0.0156745
0.0188475
0.0188612
0.013962
0.0153233
0.0146253
0.013645
0.0171033
0.0170003
0.0126945
0.0135126
0.0140624
0.0132962
0.0178834
0.0177905
0.015214
0.0135903
0.0147103
0.0128585
0.0143442
0.0147253
0.0135695
0.0149777
0.0150242
0.0148814
0.0189076
0.0196676
0.0159564
0.0146315
0.015288
0.0145034
0.0142833
0.0134595
0.0145284
0.0139752
0.0181426
0.0146508
0.0137008
0.0134604
0.0147112
0.0180386
0.0179354
0.015146
0.0177693
0.0180888
0.0154314
0.0150689
0.0157738
0.0187031
0.0178572
0.0155627
0.0181478
0.0133922
0.0135302
0.0162883
0.0146442
0.0142315
0.0174269
0.0168959
0.0123225
0.0135314
0.0138122
0.0138882
0.017113
0.0170268
0.0149941
0.0175741
0.0175883
0.0125425
0.0170843
0.0169464
0.0119964
0.0169562
0.0169567
0.0119566
0.013594
0.0136248
0.0146529
0.0174208
0.0174652
0.0133316
0.0128978
0.01297
0.0140358
0.0138261
0.0144132
0.0175808
0.0130874
0.0128686
0.0148473
0.0175028
0.0152348
0.0145679
0.0144008
0.0145125
0.0196582
0.0151063
0.017885
0.0150374
0.0181846
0.014107
0.01633
0.014624
0.0151718
0.0141518
0.0183849
0.0138938
0.0137084
0.014399
0.015355
0.0145574
0.0147716
0.0133511
0.0176091
0.0140432
0.0140265
0.0139408
0.0141245
0.0138569
0.0133395
0.0124663
0.0132615
0.0126327
0.0179041
0.0147781
0.0176143
0.0144356
0.0139986
0.0124151
0.013413
0.0125267
0.0124176
0.0118179
0.0118226
0.0124563
0.0153508
0.0109126
0.0112488
0.0113364
0.0111273
0.0104594
0.0147171
0.0113819
0.0149552
0.0107605
0.00962552
0.00949143
0.0102077
0.0106812
0.0129011
0.0110397
0.0113441
0.0114799
0.00879829
0.0100964
0.00906444
0.0116144
0.0115368
0.0096859
0.010516
0.0120461
0.0120573
0.0139759
0.0122179
0.0125042
0.0101505
0.0118676
0.010813
0.0109686
0.0130781
0.0120524
0.0127462
0.0158023
0.0133926
0.0143382
0.0139103
0.0147037
0.0139128
0.0124405
0.014225
0.0150732
0.0122836
0.0140862
0.0152716
0.0161448
0.0168391
0.0144382
0.013905
0.0153775
0.0133969
0.0135069
0.0147786
0.0141639
0.0188712
0.0153974
0.0159829
0.015074
0.0149753
0.0147095
0.0154111
0.014819
0.0153234
0.0156566
0.015434
0.0157756
0.0157491
0.0200696
0.0192986
0.0166234
0.0202774
0.0193345
0.0153111
0.0169788
0.0166149
0.0157583
0.0158973
0.0165384
0.0165798
0.0159129
0.015916
0.0154978
0.0157636
0.0163026
0.0205159
0.021669
0.0177357
0.0205253
0.0210142
0.0174809
0.0172333
0.0171724
0.0166959
0.0163453
0.0172574
0.0160905
0.0200192
0.0208204
0.0160891
0.0158554
0.0161847
0.0154701
0.0162519
0.0156185
0.0151361
0.0199718
0.02089
0.0171273
0.0169304
0.0196323
0.0175347
0.0199451
0.0202787
0.0158211
0.0182846
0.0174483
0.0165756
0.0167472
0.0167205
0.0167656
0.0180059
0.0156683
0.0164629
0.0151511
0.0154301
0.0165913
0.017294
0.0197014
0.020445
0.0162927
0.018963
0.0205613
0.0150647
0.0159593
0.0169258
0.0151266
0.0219437
0.0206151
0.0195499
0.0175167
0.0167642
0.019931
0.0162877
0.0159918
0.0164622
0.015362
0.016423
0.0174151
0.0161128
0.0202792
0.0203381
0.0152622
0.0149801
0.01607
0.0148913
0.0164199
0.0152164
0.0160787
0.0141729
0.0188701
0.019782
0.0147403
0.014872
0.0190167
0.0145101
0.0191121
0.0185301
0.0156053
0.0178527
0.0190934
0.013796
0.0140529
0.0148009
0.0131843
0.0176485
0.0187187
0.014197
0.0133513
0.0167199
0.0120576
0.0174972
0.0166008
0.0146868
0.0173024
0.013725
0.0143703
0.0126819
0.0127114
0.0134867
0.0165639
0.0129006
0.0133521
0.0123508
0.0121585
0.0124807
0.0119748
0.0125858
0.0124348
0.012449
0.0118958
0.0165605
0.0132474
0.013562
0.0124062
0.0129597
0.0165187
0.0139139
0.0133735
0.0128136
0.0141133
0.0143742
0.0141799
0.0171117
0.0133
0.0147347
0.014349
0.0128807
0.0121522
0.014152
0.0147534
0.0166342
0.0165461
0.0125358
0.0174917
0.0145107
0.0148038
0.0153481
0.0135414
0.0136154
0.0133478
0.0129454
0.0144471
0.0174123
0.0131537
0.0159385
0.0151096
0.0137759
0.013374
0.0137138
0.0137136
0.0138728
0.0137131
0.0135111
0.0135666
0.0162194
0.0182801
0.0178745
0.0153704
0.0186206
0.0187887
0.0145506
0.0154924
0.0164738
0.0160875
0.0188446
0.0192044
0.0154751
0.0170472
0.0181247
0.0186734
0.0149246
0.0147235
0.0154157
0.0160946
0.0190219
0.0192431
0.0159553
0.0158205
0.0165763
0.015348
0.018616
0.019798
0.0177347
0.0152899
0.015781
0.0150091
0.0150737
0.0155417
0.0145521
0.0196048
0.0189246
0.0161539
0.0140754
0.0147101
0.0150782
0.0178216
0.0187597
0.0187981
0.0136879
0.0145438
0.016098
0.0149261
0.0164409
0.0185138
0.0188031
0.0183805
0.0187134
0.0197522
0.0186863
0.0176183
0.0157246
0.0164513
0.0141705
0.0162633
0.0183697
0.0195151
0.0187856
0.0144732
0.0150616
0.0160206
0.0152805
0.0160466
0.0188517
0.0203363
0.0193261
0.0185088
0.0160415
0.0159388
0.0146768
0.0145403
0.0153854
0.0156785
0.0162437
0.0180121
0.0192518
0.0186761
0.0162817
0.0147198
0.0150002
0.0148652
0.013919
0.0187146
0.0195149
0.0190242
0.0160886
0.0140801
0.0153202
0.0148782
0.0161961
0.0180446
0.0195517
0.0188246
0.0158163
0.0191491
0.0195045
0.0189352
0.0161139
0.0150451
0.0160375
0.0158767
0.0141876
0.0185087
0.0170293
0.0146586
0.015573
0.0140618
0.0152437
0.0149135
0.0144728
0.0152305
0.0155425
0.0141593
0.015952
0.0186218
0.0201379
0.019753
0.01496
0.0151199
0.0183844
0.0181769
0.0134562
0.0140374
0.0145582
0.0135296
0.0153437
0.0176426
0.0185049
0.0138595
0.0143697
0.015208
0.0140895
0.0157934
0.0180863
0.0197594
0.0186183
0.0160392
0.015621
0.0168107
0.014324
0.016016
0.0138653
0.0153213
0.0178414
0.019391
0.0180401
0.0155512
0.0146723
0.0157937
0.0138627
0.0144223
0.0187685
0.0193327
0.0150224
0.0147686
0.0155397
0.0153644
0.014814
0.0152964
0.015581
0.0154443
0.0158989
0.0185174
0.0197725
0.0192361
0.0137629
0.016765
0.0159194
0.0139615
0.0187342
0.020259
0.0161583
0.0162478
0.0154583
0.0162365
0.016491
0.0145972
0.0196418
0.0200027
0.0192349
0.0169689
0.0173771
0.0168183
0.0222759
0.0165883
0.0163621
0.0165915
0.0154372
0.018091
0.0196745
0.0201901
0.019648
0.0151015
0.0186366
0.0196502
0.0190553
0.016449
0.0149166
0.0168362
0.0155391
0.0151641
0.0146233
0.0159522
0.0157621
0.0149466
0.0140852
0.0151194
0.0137426
0.0148187
0.0177682
0.0183371
0.017367
0.0140224
0.0166289
0.0176206
0.0169713
0.0171341
0.0156085
0.0124128
0.0138651
0.0128519
0.0133464
0.0172351
0.0159742
0.0138541
0.0138219
0.0135866
0.0142947
0.0181552
0.0200266
0.0131148
0.0123324
0.0116433
0.0127257
0.0121064
0.0125091
0.0134538
0.0156299
0.0162015
0.0179522
0.0167916
0.0138467
0.013013
0.0126131
0.012623
0.0123369
0.0140026
0.0172282
0.0164183
0.0178758
0.0169228
0.0133783
0.0132314
0.0137994
0.0127091
0.0173866
0.0170476
0.0141579
0.0172011
0.0144193
0.0175845
0.0181231
0.0165503
0.0129917
0.0137833
0.0132723
0.0169322
0.0177446
0.0127308
0.015769
0.015765
0.0130827
0.0159093
0.0146386
0.0178983
0.0192041
0.0136772
0.0139976
0.0146322
0.013106
0.0169682
0.0149182
0.0131738
0.0135725
0.0140363
0.0180942
0.0171608
0.0147071
0.0133507
0.0128095
0.0141399
0.013522
0.0137889
0.012731
0.013966
0.0136024
0.01452
0.0154571
0.0126993
0.0140755
0.0132766
0.0143594
0.0146874
0.0147054
0.0139055
0.0151173
0.0141291
0.0153751
0.0140055
0.0152438
0.0156445
0.0168928
0.0151991
0.015683
0.014773
0.0154686
0.0163336
0.0156001
0.0149861
0.0165879
0.0158216
0.0153133
0.0156623
0.016053
0.0157139
0.0170403
0.0185168
0.0175817
0.018502
0.01834
0.0157054
0.0142582
0.0139929
0.0156362
0.0182957
0.0184371
0.0168754
0.0152031
0.0155565
0.01601
0.0145585
0.0197528
0.019466
0.0184979
0.0196863
0.0185588
0.0136195
0.0169997
0.0169206
0.0149581
0.0182465
0.0184868
0.0154726
0.0188242
0.0188384
0.0143061
0.0160191
0.0169407
0.0149612
0.0162744
0.0165308
0.0158609
0.0188784
0.0195204
0.020496
0.01618
0.0188482
0.0206781
0.0144191
0.0191811
0.0194941
0.0155911
0.0156899
0.017818
0.0159033
0.0174396
0.0200592
0.0206736
0.0170153
0.0193101
0.0206525
0.0195632
0.0163753
0.0149626
0.015894
0.0148063
0.0161816
0.0185266
0.0190654
0.0176663
0.0200394
0.0201192
0.0191296
0.0163265
0.0154817
0.0198136
0.0157349
0.0156218
0.0146839
0.019209
0.0147078
0.0155295
0.0190512
0.0190875
0.01848
0.014699
0.0141327
0.0147039
0.0142165
0.0154303
0.0184603
0.0188164
0.0182187
0.0141425
0.0148846
0.0146225
0.0143286
0.0135574
0.0180585
0.0190645
0.0211882
0.0140766
0.0183698
0.0191073
0.019203
0.0160716
0.0151925
0.0151968
0.0144497
0.0136621
0.0135043
0.0138539
0.0138391
0.0132169
0.0178213
0.0208501
0.0190479
0.0154596
0.0152615
0.0147477
0.0159404
0.0150991
0.014546
0.0150471
0.0157906
0.0148683
0.0140289
0.0137745
0.0157622
0.015831
0.0159638
0.0145439
0.0136714
0.0147657
0.0148824
0.0140853
0.0144964
0.0161784
0.0163357
0.015591
0.0136444
0.0164541
0.0154044
0.0162696
0.0156396
0.0149181
0.0157549
0.0152141
0.0157931
0.0144304
0.014253
0.0137688
0.017932
0.0191298
0.0188997
0.0148628
0.0183294
0.0194552
0.0192825
0.0183927
0.0160347
0.0147338
0.0154932
0.0153661
0.014319
0.016457
0.0144265
0.0162001
0.015496
0.0191898
0.0140644
0.0178777
0.0194426
0.0196625
0.0178961
0.0174367
0.0195881
0.0189761
0.0185974
0.0147899
0.0170762
0.0178644
0.0148294
0.0162379
0.0184809
0.0193963
0.0218039
0.015033
0.0146121
0.0164407
0.0148975
0.0149688
0.0153771
0.0163897
0.016744
0.0156495
0.0166662
0.0170658
0.0162813
0.016712
0.0197651
0.0212987
0.0209827
0.0184323
0.0163527
0.0182433
0.0177886
0.0178258
0.0192453
0.0195793
0.0214684
0.0216699
0.0205085
0.0175509
0.0195808
0.0210551
0.0206404
0.0196485
0.0153077
0.0155868
0.0168519
0.0168112
0.015797
0.0157302
0.0166103
0.0166884
0.0170595
0.0207533
0.0223392
0.0218447
0.0177327
0.0165659
0.0176126
0.0173215
0.0166674
0.0194892
0.0215874
0.0179835
0.0166337
0.0179163
0.0154607
0.0178724
0.0175188
0.0170899
0.0177219
0.0182928
0.0173905
0.0166358
0.0201918
0.0214116
0.020913
0.0183334
0.0204799
0.0222996
0.0213499
0.0185118
0.0213981
0.021713
0.0204684
0.0180701
0.0215253
0.0220069
0.0249032
0.0176447
0.0167526
0.0179269
0.0181396
0.0170774
0.017705
0.0181711
0.0186247
0.0168937
0.0179124
0.0203877
0.0214991
0.0206717
0.0182835
0.0216473
0.0225185
0.0210961
0.0191624
0.0211433
0.021919
0.0231435
0.0221118
0.0176173
0.0211652
0.0220368
0.0227555
0.0211304
0.0190007
0.0171357
0.018868
0.0181915
0.0189718
0.0185454
0.0187397
0.0190823
0.0182532
0.0170811
0.0204659
0.0223733
0.0231893
0.0265015
0.0203266
0.0215318
0.0236175
0.0233239
0.0230476
0.0216964
0.0207041
0.0240735
0.0231898
0.0210621
0.0175384
0.0173095
0.0180462
0.0188829
0.0177611
0.0171557
0.017132
0.0186936
0.0185978
0.0175083
0.0171692
0.0183911
0.0215586
0.0217613
0.0239452
0.0216892
0.0204211
0.0173607
0.0195862
0.0220912
0.0215436
0.0212767
0.0196658
0.0183375
0.0170098
0.0184211
0.0170139
0.0176709
0.0158048
0.0171827
0.0197444
0.0206162
0.021291
0.0202312
0.0181305
0.019805
0.0208554
0.020948
0.0192624
0.0189629
0.0180011
0.0156161
0.0208497
0.0173895
0.0155613
0.0172121
0.0150528
0.0173453
0.0175228
0.016739
0.0167243
0.0170115
0.0171308
0.0167804
0.0160952
0.0159506
0.0175064
0.0197629
0.0210623
0.0206414
0.0176326
0.0180937
0.0179097
0.0174019
0.0173904
0.0154146
0.0164878
0.0183841
0.0200923
0.0185345
0.0156799
0.0155498
0.0169803
0.0158536
0.0154484
0.0165261
0.02028
0.0202011
0.0205366
0.0183231
0.0164929
0.0159363
0.0199892
0.0168019
0.0155659
0.0142292
0.0177596
0.0200919
0.0205809
0.0198813
0.0177091
0.0188045
0.0213144
0.0208397
0.0187099
0.0172178
0.0192322
0.021278
0.0208286
0.0207561
0.0189306
0.0173203
0.017181
0.0159806
0.0152451
0.0155887
0.0141918
0.0164473
0.0164189
0.0147505
0.0147225
0.0161613
0.0192501
0.01939
0.0191344
0.018504
0.0180001
0.0159919
0.0163584
0.0172056
0.016253
0.0160029
0.0141163
0.0154428
0.0138616
0.0146834
0.0176446
0.0187862
0.0177965
0.014201
0.0144583
0.0140176
0.0138591
0.0150633
0.0142037
0.0146125
0.0148653
0.0179126
0.019489
0.0180826
0.0160248
0.0134717
0.0138302
0.0155566
0.0178809
0.0180866
0.0171632
0.0173212
0.0184483
0.0171049
0.0155827
0.0171703
0.0150807
0.0144896
0.0185363
0.0177925
0.0155671
0.0139769
0.0157521
0.0146566
0.0150591
0.0159643
0.0141407
0.0131776
0.0133149
0.0122473
0.0147059
0.0152103
0.0148492
0.0178933
0.0186125
0.0177993
0.0162344
0.012908
0.0124973
0.0147885
0.0174118
0.0167822
0.0126761
0.0111456
0.0107694
0.0125334
0.0149442
0.0125217
0.011233
0.0118139
0.0152752
0.0110999
0.0117699
0.0132663
0.0110546
0.0119672
0.0105574
0.010891
0.00835552
0.00839486
0.00897503
0.00941433
0.00727003
0.00753796
0.00757003
0.00696833
0.00749719
0.00761665
0.00682805
0.00710663
0.00723446
0.00649722
0.00685242
0.00610724
0.00559643
0.00528454
0.00553983
0.00574665
0.00561316
0.00578633
0.0054255
0.0051425
0.00466526
0.00455741
0.00413877
0.00418785
0.00469895
0.00426952
0.00470734
0.00471499
0.00477437
0.00458017
0.00386721
0.00412609
0.00427756
0.00478387
0.00420696
0.00406961
0.00411409
0.00460956
0.00469966
0.00526027
0.00446045
0.0045079
0.00438252
0.0045661
0.00394401
0.00409364
0.00417854
0.00399946
0.00409481
0.00439184
0.00456435
0.0041573
0.00479496
0.00537427
0.00402478
0.00505145
0.00484892
0.00467321
0.00395901
0.00390481
0.00406742
0.00394097
0.00434186
0.00483587
0.0041047
0.00451472
0.00460862
0.00428594
0.00450089
0.00524306
0.00445357
0.00429689
0.00375888
0.00362381
0.00375964
0.00425668
0.00431747
0.00466589
0.00452587
0.00443485
0.00425957
0.00422818
0.0040543
0.00415915
0.00397643
0.00417444
0.00414454
0.00407853
0.00411399
0.0039929
0.00398208
0.00403445
0.00419208
0.0040333
0.00438044
0.00396221
0.00373123
0.00406482
0.00395655
0.0040382
0.0039159
0.00396102
0.00393024
0.00398384
0.00394041
0.00396718
0.00395275
0.00387423
0.00414277
0.00404161
0.00393913
0.00399294
0.00424339
0.00410889
0.0039765
0.0039686
0.00392329
0.00404892
0.00397848
0.00395597
0.00409337
0.00393325
0.00394983
0.00395235
0.00431779
0.00407889
0.00397754
0.00398466
0.00390412
0.00400636
0.00398296
0.00402092
0.00408281
0.00412008
0.00367639
0.0041201
0.00393198
0.00401079
0.00414356
0.00402669
0.00367876
0.00402605
0.00421689
0.00404601
0.00409048
0.00486814
0.00543458
0.00476504
0.00573946
0.00503456
0.00617371
0.00547084
0.00635732
0.00548759
0.00833119
0.00524653
0.00846169
0.00647924
0.00991045
0.00724439
0.0157707
0.0133589
0.00895465
0.0230583
0.0246801
0.0135771
0.0348796
0.0261676
0.019016
0.0418432
0.0729799
0.0140918
0.012058
0.0148236
0.0133617
0.0135406
0.0106341
0.010137
0.0106345
0.0125257
0.0124344
0.0111346
0.0142392
0.013375
0.0126656
0.0139028
0.0121025
0.013176
0.0151339
0.0139805
0.0158796
0.0148862
0.0161192
0.0190391
0.0170273
0.017011
0.0144224
0.0158328
0.0179022
0.0172742
0.0196389
0.01532
0.0204488
0.0154773
0.0200333
0.0164338
0.0159338
0.0175384
0.0150826
0.0154239
0.0147235
0.0138298
0.0181249
0.0153597
0.0158166
0.0174178
0.0167031
0.0166464
0.0143634
0.0144517
0.014498
0.0169719
0.0185245
0.0186708
0.0186278
0.015668
0.0174709
0.0166071
0.0150029
0.0156422
0.0175092
0.0173361
0.0199105
0.0195282
0.0192189
0.0176957
0.0196513
0.0198934
0.0170273
0.0171103
0.0180319
0.0159834
0.0157646
0.0153758
0.0156537
0.0158727
0.0150538
0.0161483
0.0145871
0.0147275
0.0160066
0.0170986
0.0208845
0.0203069
0.0161928
0.0165318
0.0179072
0.0175175
0.0200993
0.0215284
0.0165616
0.0189315
0.0209585
0.0207005
0.0177838
0.017919
0.0182199
0.0172175
0.0202374
0.0179675
0.0204926
0.0169569
0.0183954
0.0171955
0.0154038
0.017438
0.0169098
0.016403
0.0169751
0.01595
0.0155623
0.0158265
0.0172483
0.0192752
0.0193194
0.0149441
0.0197306
0.0213468
0.018584
0.0187103
0.0176145
0.0156147
0.0196479
0.0220363
0.0175274
0.0160954
0.0182004
0.0168478
0.0216538
0.0217886
0.0166278
0.0197928
0.0199914
0.0182267
0.0163431
0.0173379
0.0184871
0.0207576
0.0218111
0.017155
0.0175133
0.0178388
0.0167972
0.0172616
0.0168301
0.0167881
0.020419
0.0209515
0.0169587
0.0158634
0.0179663
0.0164885
0.0176084
0.020259
0.0203201
0.016911
0.0166215
0.0168756
0.0155084
0.0191785
0.0184935
0.0176918
0.0157595
0.0171543
0.0160409
0.0202021
0.0213641
0.0187871
0.019912
0.0209023
0.0170761
0.0199054
0.0219301
0.0198437
0.0170621
0.0158808
0.0163299
0.0148103
0.0152682
0.0175372
0.0156683
0.0198355
0.0207528
0.0197943
0.0187511
0.0206098
0.021124
0.0170939
0.0161227
0.019538
0.0160613
0.0169747
0.0198328
0.0210738
0.0187963
0.020297
0.0204152
0.0196221
0.0198617
0.0208157
0.0202413
0.0174964
0.0199328
0.0206962
0.0194454
0.0173594
0.0198576
0.0205036
0.0201193
0.019496
0.0204787
0.0198148
0.0175233
0.019653
0.0208205
0.0207309
0.0206267
0.0213856
0.0200497
0.0175549
0.0154699
0.0180243
0.0158491
0.0165208
0.0182106
0.0166653
0.0175481
0.0154044
0.0168151
0.0171535
0.0165628
0.0158634
0.0173686
0.0160359
0.0175927
0.0204441
0.0203654
0.0205075
0.0154209
0.01931
0.016878
0.016869
0.0180915
0.0197732
0.0212303
0.0195085
0.0201749
0.0216761
0.0196565
0.0198434
0.0217735
0.0213341
0.0172542
0.019573
0.020982
0.0205508
0.0176966
0.0159085
0.0177639
0.0166725
0.0161539
0.0201246
0.0215715
0.0199918
0.0169666
0.0163371
0.0174055
0.0170036
0.01593
0.0203473
0.0211599
0.0211626
0.016319
0.0191412
0.0207578
0.0214309
0.0158933
0.0161534
0.0171982
0.0163558
0.0175356
0.0200534
0.0216731
0.0235089
0.0173904
0.0196561
0.0211551
0.0193316
0.0163891
0.0163401
0.0203138
0.021067
0.0168211
0.0159116
0.0175921
0.016908
0.0152783
0.0157206
0.0174042
0.0164126
0.0151693
0.0173275
0.0189344
0.020064
0.0201931
0.0199531
0.0160084
0.0168033
0.0168419
0.0163553
0.0164247
0.0175741
0.0171098
0.0162042
0.0171444
0.0191049
0.0209521
0.0212261
0.016149
0.0194529
0.0201221
0.0198937
0.0158446
0.0152808
0.0173472
0.0161673
0.0151477
0.0145488
0.0184857
0.0193412
0.0165425
0.0155139
0.016548
0.0188664
0.0209277
0.0196897
0.0169889
0.0149531
0.0172766
0.0200515
0.0157268
0.0173329
0.0190206
0.0197422
0.0193765
0.0166466
0.0156044
0.0162317
0.0157837
0.0149821
0.0151902
0.0157858
0.0157768
0.0148129
0.0187454
0.0196764
0.0189229
0.0174553
0.015255
0.0169143
0.0163846
0.0161068
0.0161192
0.0169933
0.016817
0.0155659
0.0181252
0.0156773
0.0167999
0.0165755
0.0165261
0.0161865
0.0168441
0.0166133
0.016721
0.0166428
0.0167058
0.0164903
0.0159724
0.0160094
0.0175095
0.0175902
0.0164337
0.0161389
0.0172142
0.0172634
0.0160941
0.0172025
0.0200239
0.0206015
0.020681
0.0172172
0.0187314
0.0174871
0.0172391
0.0151326
0.0198874
0.0205129
0.0204358
0.0173738
0.0192437
0.021395
0.0206699
0.0199097
0.0171495
0.019548
0.0209246
0.0210847
0.0183937
0.0200379
0.0218925
0.0207799
0.015426
0.0172314
0.0208751
0.0170151
0.0161645
0.0205381
0.0213845
0.0212395
0.0174637
0.0206662
0.0225092
0.0213783
0.0164662
0.0226753
0.0212109
0.0209629
0.0197556
0.01768
0.0195345
0.0185223
0.0184817
0.0173281
0.0169267
0.018216
0.018159
0.0175668
0.0165005
0.0176673
0.0158025
0.0183275
0.0174482
0.0178992
0.0166588
0.0176035
0.0160303
0.017889
0.0181031
0.0166402
0.0169193
0.0180913
0.0179334
0.0167227
0.018158
0.0168641
0.0215142
0.0206755
0.0167205
0.0173559
0.0188411
0.0175407
0.01699
0.0210488
0.0219001
0.020712
0.0169918
0.0164601
0.0174923
0.0169364
0.0183303
0.0204266
0.0211802
0.0207411
0.0180854
0.0161103
0.0181145
0.0177665
0.0175146
0.0206391
0.0219026
0.0213159
0.0198476
0.0193014
0.0222946
0.0212822
0.0174268
0.0173533
0.017111
0.0180058
0.0170979
0.0160917
0.016579
0.0204655
0.0205712
0.016171
0.0186171
0.0161582
0.0180754
0.0161246
0.0171153
0.0165907
0.0173693
0.0160303
0.0179829
0.0160608
0.0168417
0.016392
0.0161196
0.018046
0.0167145
0.0198868
0.0166263
0.0157804
0.0152698
0.0165812
0.0170275
0.0156904
0.0201795
0.0212738
0.0202801
0.0200991
0.0202887
0.021851
0.0210511
0.016797
0.016594
0.0193012
0.0170057
0.016509
0.0158022
0.0194121
0.0200699
0.017402
0.0170133
0.0170038
0.0176233
0.0157836
0.0166971
0.0171891
0.0165151
0.0162762
0.0160627
0.0173945
0.017285
0.0158318
0.0172246
0.0163579
0.0176619
0.0165366
0.0160331
0.0196598
0.0215873
0.0209307
0.0191351
0.0187038
0.017119
0.0176518
0.0169838
0.0199442
0.0180558
0.01674
0.0169322
0.0172197
0.0199756
0.0213306
0.0197854
0.0171736
0.0158835
0.0173559
0.0155254
0.0167065
0.0149586
0.0154281
0.0146638
0.0160417
0.0151136
0.0162361
0.0147299
0.0137921
0.0164551
0.0155884
0.0174234
0.0141447
0.0143855
0.0154792
0.0147068
0.0142606
0.0143099
0.0161506
0.015163
0.014914
0.0151331
0.0168975
0.0195075
0.0144272
0.0193379
0.018548
0.0155471
0.0163289
0.0203398
0.0208911
0.0191085
0.0156248
0.0158167
0.0192436
0.0146889
0.0165886
0.0170476
0.0146599
0.0172343
0.016206
0.0174484
0.0163298
0.0168378
0.0164883
0.0160122
0.0204789
0.0215284
0.0206824
0.0168526
0.0212317
0.0212009
0.0204871
0.0174969
0.0177248
0.0181764
0.0227564
0.0161651
0.0204025
0.0215924
0.0211119
0.0177808
0.0163295
0.0182315
0.0172787
0.0184281
0.0216027
0.0219241
0.0206595
0.0177233
0.0205351
0.0227472
0.020586
0.0160581
0.0165958
0.0183119
0.0171072
0.0165119
0.0178996
0.017213
0.0187534
0.0182657
0.0164038
0.018794
0.0169083
0.0183752
0.0174489
0.016881
0.0216721
0.0229022
0.0214055
0.0186578
0.0205599
0.0222887
0.0222951
0.0206933
0.0189135
0.0173458
0.0196248
0.0180521
0.0172223
0.0182944
0.0187183
0.0191773
0.0177471
0.0186513
0.0207833
0.0234113
0.0215421
0.0176531
0.0214268
0.0222258
0.0230189
0.0185052
0.017954
0.0188714
0.0179789
0.0166076
0.0172954
0.0195945
0.0193442
0.0167089
0.0184469
0.0187538
0.0210409
0.018097
0.01793
0.0190386
0.0210265
0.0229373
0.0235656
0.0214663
0.0171453
0.0201924
0.0185278
0.0183955
0.0170667
0.0183328
0.0202778
0.0224979
0.0233914
0.0228167
0.0181798
0.0183464
0.0207739
0.0232905
0.0226845
0.0203154
0.0168006
0.0180087
0.0192308
0.0188372
0.0182023
0.0175082
0.0188416
0.0195975
0.0170567
0.0164918
0.0177899
0.0181869
0.0168736
0.0181083
0.0160564
0.0181438
0.0170068
0.0154865
0.0171221
0.0181379
0.0171985
0.0165577
0.0164959
0.0171252
0.0175367
0.0160133
0.0155455
0.0166183
0.0164585
0.0148128
0.014751
0.0175216
0.0154769
0.0150697
0.0140501
0.0158985
0.0142437
0.0143115
0.0158284
0.0184922
0.0186499
0.0155381
0.0140901
0.0143037
0.0164508
0.0135419
0.012728
0.0172391
0.013226
0.0137558
0.0138688
0.0142543
0.0142304
0.0165007
0.0184409
0.0151569
0.0158562
0.0148623
0.0151007
0.01536
0.0151471
0.0159398
0.0186979
0.0150993
0.0159223
0.0180454
0.0151302
0.0149612
0.0140685
0.0187519
0.0187589
0.0184209
0.0149667
0.0153433
0.0147911
0.0190814
0.0162692
0.0168718
0.016546
0.0166917
0.0218969
0.0215952
0.0184183
0.0218656
0.0208962
0.0181835
0.0209149
0.020394
0.0176543
0.0185572
0.0180898
0.0175007
0.0209715
0.0216287
0.0171901
0.0223906
0.0223742
0.0219242
0.0227705
0.0231969
0.0217107
0.0230644
0.0236398
0.022182
0.016989
0.018235
0.0169067
0.017447
0.0179675
0.0176586
0.0174215
0.0197805
0.0177653
0.0193925
0.0171775
0.0180437
0.0177295
0.0173883
0.0190535
0.0173623
0.0184255
0.0186075
0.0171092
0.0200516
0.0170295
0.0190316
0.017315
0.0174797
0.0199287
0.018637
0.0194674
0.0193967
0.0199622
0.0166651
0.0190298
0.0162842
0.0180034
0.0163997
0.0182274
0.0176525
0.0179975
0.0218055
0.0225002
0.0211274
0.0215749
0.023316
0.0203813
0.0220853
0.0232704
0.0223867
0.0196486
0.0177395
0.0217916
0.0203509
0.0179649
0.0178148
0.0194584
0.0182282
0.0177666
0.0170007
0.0178859
0.0174854
0.0156928
0.0208565
0.0227421
0.0205585
0.0172287
0.016425
0.017484
0.0162986
0.0173493
0.016366
0.0180011
0.0164333
0.0160431
0.0206824
0.0214978
0.0213195
0.01647
0.0171599
0.0157471
0.016817
0.0165608
0.015372
0.0161595
0.0175827
0.017647
0.0159843
0.0164921
0.0158438
0.0169807
0.0167909
0.0155441
0.0161516
0.01649
0.0166453
0.0148592
0.0195698
0.020828
0.0200118
0.0155366
0.0157283
0.0167855
0.015849
0.0166018
0.0202807
0.0210728
0.0201232
0.0155707
0.0194363
0.0214652
0.0210019
0.0197372
0.019677
0.0215301
0.0209536
0.0204655
0.0163537
0.0156253
0.0176569
0.0167945
0.0153018
0.0160844
0.0173069
0.0187044
0.0160217
0.020089
0.0212007
0.0207355
0.0161306
0.0163534
0.0186637
0.016834
0.0157877
0.0158189
0.0167622
0.0169106
0.0157573
0.017161
0.0156108
0.0172482
0.017317
0.0162318
0.0170072
0.0157215
0.0176064
0.0175575
0.0158209
0.0157412
0.0161133
0.0169146
0.0164268
0.0162961
0.0153347
0.0191174
0.0198229
0.0201545
0.0155643
0.0167335
0.015501
0.0165136
0.0163307
0.0159974
0.0170277
0.0187974
0.021843
0.0195714
0.0203573
0.0204074
0.0151634
0.0160715
0.0171188
0.01681
0.017367
0.0153261
0.0193515
0.0203725
0.0195637
0.0193818
0.0185067
0.0197511
0.0211993
0.0205108
0.0207148
0.0186421
0.0188886
0.0216669
0.0218932
0.0207854
0.0191629
0.0165362
0.0161726
0.0167745
0.0170868
0.0164754
0.0154045
0.0147279
0.018613
0.0200349
0.0201887
0.0200984
0.0184433
0.0184862
0.019951
0.0200137
0.0192725
0.018574
0.0169892
0.0183355
0.0199281
0.0206489
0.0202863
0.0197142
0.0197703
0.0190258
0.0200269
0.0191474
0.0190082
0.0160741
0.0167958
0.018615
0.02101
0.0209647
0.0200512
0.0189406
0.0156489
0.01496
0.0190729
0.0165314
0.0166202
0.0161862
0.0150257
0.0200385
0.0208802
0.0203575
0.0242215
0.0178805
0.0165522
0.0156182
0.0177733
0.0166026
0.0163599
0.0163774
0.0155078
0.0201088
0.0209631
0.0213426
0.0218963
0.022236
0.0201626
0.0200156
0.0215915
0.0220265
0.0211651
0.0202394
0.0180657
0.0196477
0.021515
0.021261
0.0217598
0.0202362
0.0153947
0.0184949
0.017622
0.0177411
0.0172516
0.0168767
0.0166229
0.0161456
0.0144585
0.016323
0.0195801
0.0208881
0.0203489
0.0205169
0.0204265
0.0204331
0.0196762
0.0189612
0.0203198
0.0205618
0.020771
0.0230306
0.019644
0.0202517
0.0192714
0.0192544
0.0199738
0.0214556
0.0185798
0.0152983
0.0194461
0.0170583
0.0176564
0.0165166
0.0158261
0.0171477
0.0193187
0.0202731
0.0204235
0.0207015
0.0207561
0.0206197
0.0160257
0.0195147
0.0186624
0.0162579
0.016582
0.0172317
0.0162012
0.0139301
0.0159833
0.0143365
0.0170583
0.0158384
0.0159113
0.0151759
0.014188
0.0189424
0.0204935
0.0209744
0.0202696
0.0205278
0.0204705
0.01581
0.0156997
0.016747
0.0178201
0.0175518
0.0164576
0.014995
0.0185515
0.0205163
0.0205896
0.0204084
0.0203783
0.0192887
0.0171576
0.0198062
0.0218606
0.020457
0.0189871
0.0165514
0.0174923
0.0166107
0.0176907
0.0187533
0.0187118
0.0164067
0.0155904
0.0176862
0.0196279
0.0205618
0.0202951
0.0207591
0.0189319
0.0145372
0.0148613
0.0161467
0.0167688
0.0158934
0.0153608
0.0161483
0.0183407
0.0192257
0.0193734
0.0195884
0.0158452
0.014291
0.0156422
0.0157
0.0158812
0.0146242
0.0141772
0.0138528
0.0136874
0.0149365
0.0137398
0.0155942
0.0155623
0.0190205
0.0198557
0.0196774
0.0189347
0.018774
0.0196277
0.019532
0.0192429
0.0152609
0.0172937
0.0189963
0.0161417
0.0153798
0.0160792
0.0186662
0.0190725
0.0183019
0.0136905
0.0141385
0.0157762
0.0180713
0.0149027
0.0144045
0.015961
0.015362
0.0149304
0.0163492
0.0155454
0.0146943
0.0156859
0.0154385
0.0148234
0.013893
0.0163154
0.0188953
0.0213164
0.0199937
0.0158515
0.0149176
0.0167633
0.0156459
0.0151581
0.014806
0.0168177
0.0159183
0.0146931
0.0158229
0.0177818
0.0159632
0.015479
0.0188569
0.020274
0.0199714
0.0174365
0.0171133
0.0187692
0.0188471
0.0174509
0.0171127
0.0164927
0.0158022
0.0199924
0.021673
0.0204619
0.0185275
0.0148547
0.018841
0.0198832
0.0197627
0.0169781
0.0147675
0.0164868
0.016091
0.01477
0.016131
0.0188427
0.0204451
0.0206714
0.0188438
0.0168845
0.0153324
0.0169784
0.0159063
0.015234
0.0151099
0.0161214
0.0154778
0.0158807
0.0162103
0.0189525
0.0206908
0.0207225
0.0192749
0.016736
0.0159059
0.0169742
0.0180989
0.0161883
0.0159057
0.0161295
0.0172402
0.0170838
0.0155925
0.0156288
0.0175555
0.0169982
0.016666
0.0156638
0.0178576
0.0171592
0.0166405
0.0161783
0.0174038
0.0178415
0.0164131
0.0173618
0.0193028
0.0204281
0.021414
0.0196317
0.0202386
0.0215967
0.0210892
0.0206999
0.017502
0.0169562
0.0194238
0.0214567
0.0201842
0.0194648
0.0165375
0.0185247
0.0197878
0.0195466
0.0179934
0.0175042
0.0166786
0.0150522
0.0168122
0.0160316
0.0144831
0.0177676
0.0159462
0.0186372
0.0168608
0.0162593
0.0165791
0.0176731
0.0183296
0.0167716
0.016627
0.0210585
0.0227126
0.0217046
0.0204867
0.0166284
0.0164069
0.0172351
0.0169275
0.0167904
0.01574
0.0179947
0.0170987
0.0154879
0.0155632
0.01996
0.0217315
0.0206798
0.0228926
0.0182663
0.0162548
0.0185445
0.0179688
0.0166292
0.0180858
0.0207567
0.0223251
0.0206676
0.0205511
0.0164588
0.0218841
0.0205706
0.018475
0.0215389
0.0197895
0.0190397
0.021747
0.0253428
0.0232725
0.0183969
0.0204147
0.0206115
0.018778
0.0208725
0.0194637
0.0184301
0.0183924
0.020495
0.0216505
0.0207369
0.0187681
0.0173227
0.0218363
0.0220564
0.0226566
0.0224327
0.0234217
0.0207159
0.0227764
0.0250189
0.0241062
0.0218282
0.0185169
0.0230061
0.0248475
0.0227353
0.0195198
0.0232947
0.0244228
0.0243309
0.0233359
0.0194543
0.0225589
0.0234372
0.0225116
0.0216208
0.0194328
0.0235626
0.0197693
0.0207166
0.0233597
0.0224886
0.0206646
0.0183191
0.0222647
0.0260099
0.023708
0.0232398
0.0231434
0.0234644
0.0221517
0.0194892
0.0193859
0.0202157
0.018928
0.0201075
0.0240882
0.0233901
0.0195696
0.0186521
0.0231346
0.0205132
0.0193192
0.0214087
0.0197696
0.0200988
0.0182687
0.0197135
0.0185213
0.0176653
0.0237929
0.0218617
0.0203489
0.0164059
0.0154874
0.0159768
0.0155157
0.0167464
0.0146931
0.0144659
0.0206992
0.0201409
0.0153556
0.0198916
0.0181382
0.0143922
0.0198435
0.0186724
0.0141692
0.0153633
0.0152558
0.0133559
0.0180544
0.0172929
0.0148302
0.0138357
0.013756
0.0126094
0.0132984
0.0144024
0.0136237
0.0140391
0.0178704
0.0150927
0.0145067
0.0159756
0.0153419
0.0185096
0.0145988
0.0152871
0.0191176
0.0192889
0.0161302
0.0150416
0.0161264
0.0177811
0.0177753
0.0179483
0.0173377
0.0178816
0.0171779
0.0168129
0.0164654
0.0161602
0.0205274
0.0152042
0.0188304
0.0150214
0.015519
0.0153111
0.0153601
0.014107
0.0149657
0.0131753
0.017545
0.0161055
0.0156325
0.0136605
0.015801
0.0145579
0.0149821
0.0140696
0.0139655
0.012944
0.0137172
0.0128381
0.0125763
0.0120143
0.0113584
0.0114975
0.0124804
0.0106474
0.0101386
0.014952
0.0112724
0.0118353
0.0107348
0.0123377
0.0135564
0.0133168
0.012616
0.0181445
0.0180718
0.0123376
0.0173601
0.0171173
0.0175965
0.0154373
0.0116643
0.01668
0.0160149
0.0166222
0.0166518
0.0172393
0.0165365
0.0175088
0.0141175
0.0128392
0.0125703
0.0176926
0.0136671
0.0137302
0.012721
0.0131718
0.0130914
0.0141258
0.0128104
0.0129357
0.0124831
0.0132175
0.0124311
0.0143575
0.0133168
0.0125537
0.015475
0.0135104
0.0142648
0.0128373
0.0184315
0.0148826
0.0139331
0.0184157
0.0144424
0.0145873
0.0145745
0.0139258
0.0134082
0.0138201
0.014466
0.0136762
0.0148915
0.0146512
0.0129264
0.0190353
0.0183567
0.0134428
0.0151426
0.0153552
0.0134653
0.0149775
0.0150416
0.0141639
0.0145929
0.0152796
0.0139622
0.0190953
0.0155751
0.0151399
0.0148497
0.0139867
0.0144254
0.014834
0.0134204
0.0183829
0.0181258
0.0126945
0.018228
0.0135941
0.0134027
0.0182239
0.018755
0.0131046
0.0144471
0.013893
0.0132895
0.0129566
0.0131256
0.0138961
0.0133489
0.0131519
0.0188553
0.0196188
0.016725
0.0125218
0.0179066
0.017183
0.0158629
0.0120444
0.0131796
0.0142707
0.0123468
0.0135605
0.0140179
0.0130613
0.0132869
0.0128406
0.0116172
0.0161546
0.0157038
0.0153132
0.0162158
0.0173864
0.0152641
0.0105568
0.0162656
0.0167386
0.0157576
0.0123979
0.0176837
0.0184688
0.0178086
0.0127495
0.0136585
0.0143862
0.0133363
0.0136815
0.0182619
0.018918
0.0179479
0.0137558
0.0147665
0.0152991
0.0147136
0.0160002
0.0165948
0.0164401
0.0142049
0.0154423
0.0165847
0.0165646
0.0148364
0.0199183
0.0207197
0.0197257
0.0164602
0.0190909
0.0185356
0.0155775
0.0143778
0.0191827
0.0208634
0.0156177
0.0158547
0.0177892
0.0159025
0.0156714
0.02147
0.0202309
0.0202007
0.0144248
0.016447
0.0158225
0.0147306
0.0164158
0.0156746
0.013911
0.0150277
0.0147684
0.0157554
0.0207513
0.0217973
0.0155826
0.0203315
0.0197304
0.0148418
0.0150292
0.0162563
0.014392
0.0199879
0.0197664
0.0161434
0.0159074
0.0196692
0.0174448
0.0196183
0.0205908
0.0140641
0.0191032
0.0184414
0.0140687
0.0184652
0.0196444
0.017509
0.0131124
0.0162685
0.0165173
0.0148847
0.0116022
0.0128208
0.0167475
0.012642
0.0140684
0.013348
0.0120655
0.0120545
0.0117082
0.0114922
0.0121819
0.0135588
0.0128801
0.0129853
0.0137151
0.0141363
0.0144
0.0128934
0.0129868
0.0135938
0.0137953
0.0138138
0.0129048
0.0135434
0.0135143
0.0137484
0.015114
0.0143534
0.014005
0.0147217
0.0150557
0.014584
0.0142975
0.0147473
0.0161147
0.0161185
0.0165016
0.0164623
0.016138
0.0152161
0.0175593
0.0167188
0.0168902
0.0150586
0.0190456
0.0143906
0.0206372
0.0162323
0.0154122
0.0159168
0.0164988
0.0150801
0.015536
0.0153572
0.0146469
0.0160993
0.0143252
0.0153646
0.0152466
0.0149301
0.0136557
0.0147825
0.0141784
0.0149343
0.0144781
0.0154607
0.0149679
0.0193566
0.0180412
0.0180174
0.0191259
0.0131145
0.0173603
0.0170395
0.0176671
0.0180646
0.0140337
0.0152482
0.0122686
0.0116493
0.0173756
0.0169281
0.0120947
0.0134313
0.0138317
0.0137454
0.0141636
0.0136231
0.017707
0.0192959
0.0132084
0.0182058
0.0185391
0.0152541
0.019009
0.0191036
0.0140192
0.0195161
0.0196877
0.0149697
0.0137034
0.0167624
0.0158604
0.0142372
0.0198226
0.0201237
0.0208239
0.0140654
0.0136303
0.0139617
0.0134392
0.0192776
0.0191486
0.0130126
0.017989
0.0185559
0.0153815
0.0150224
0.0149217
0.014771
0.0149336
0.0153422
0.01952
0.0231043
0.0211307
0.0157451
0.0179766
0.0184014
0.0184425
0.0158825
0.0211149
0.0213838
0.0181269
0.0187408
0.0174972
0.017343
0.0150677
0.019578
0.0205756
0.0185895
0.0154896
0.0177643
0.0171126
0.017064
0.0161697
0.0143238
0.0153639
0.0172036
0.0144075
0.0151776
0.0158983
0.0146251
0.0150696
0.0204613
0.0191093
0.0203648
0.0159659
0.0165727
0.016073
0.0172304
0.0173512
0.018836
0.0179836
0.0176373
0.0167978
0.0167067
0.0186273
0.0169765
0.0175726
0.0179557
0.0193771
0.0189037
0.0179814
0.0195863
0.017332
0.0207793
0.0177371
0.0216139
0.0209307
0.0206969
0.0189732
0.0169895
0.0174492
0.0228587
0.0151007
0.0207712
0.0215684
0.018018
0.01501
0.0148852
0.0168874
0.0163006
0.0151721
0.0199592
0.0213227
0.0194262
0.0157346
0.0151383
0.0157299
0.019482
0.0154788
0.0194052
0.0216071
0.0190344
0.0149629
0.0185065
0.0177624
0.0167934
0.0145753
0.0141903
0.0148167
0.0146991
0.0129269
0.0130153
0.0142304
0.0165197
0.0122923
0.0185484
0.0193223
0.0188053
0.0139884
0.0145149
0.0137485
0.0145082
0.0150159
0.0149315
0.0147515
0.015525
0.0154629
0.0160285
0.0161091
0.015793
0.0163949
0.0186931
0.0173524
0.016596
0.0179672
0.018875
0.0195161
0.0156037
0.0162533
0.015761
0.0175156
0.0167806
0.0160919
0.0172342
0.0183449
0.0177728
0.0173028
0.016346
0.0155838
0.0179747
0.017752
0.0194126
0.0155244
0.0153361
0.0175794
0.0174058
0.0158898
0.015015
0.0146492
0.0177159
0.0173955
0.0163195
0.0172695
0.0183032
0.0175269
0.0168643
0.0154453
0.0169219
0.0169146
0.0161571
0.01693
0.0162381
0.0167196
0.0161037
0.0201952
0.0222583
0.0214723
0.0209445
0.0207323
0.0227552
0.0229359
0.021479
0.018997
0.0169019
0.0189945
0.0179979
0.018039
0.0160823
0.0173651
0.0180616
0.016123
0.0154936
0.0150653
0.0160355
0.0162509
0.0169597
0.0167206
0.0160437
0.0188762
0.0171916
0.0162863
0.0160954
0.018789
0.0179293
0.0178612
0.0171541
0.0167404
0.0179517
0.0176577
0.0180185
0.0176962
0.015049
0.019284
0.0219071
0.0203401
0.0149657
0.0142058
0.0170108
0.0180477
0.014244
0.0134778
0.0141794
0.0154794
0.015175
0.0147701
0.0158662
0.0161043
0.015106
0.0160695
0.0158186
0.0196226
0.0180448
0.0196561
0.0190027
0.0149255
0.0162401
0.021184
0.0217262
0.0206202
0.0212617
0.0206951
0.021746
0.022315
0.0215018
0.0172019
0.0212658
0.0230388
0.0216275
0.0214277
0.0193443
0.0209256
0.0193481
0.0182412
0.0179603
0.0137941
0.0167749
0.0173056
0.0156356
0.01362
0.0144613
0.015923
0.0145708
0.0145136
0.0151321
0.0153012
0.0180632
0.0144696
0.0145444
0.0161773
0.0159069
0.0153373
0.0158219
0.0151826
0.0163316
0.0159616
0.0162521
0.0153567
0.0174135
0.0184671
0.0176236
0.0159937
0.0199994
0.0215817
0.0210846
0.019732
0.0155371
0.0206216
0.0219259
0.022658
0.020672
0.0158944
0.0150172
0.0161293
0.0148488
0.0146943
0.0147849
0.0138452
0.0155593
0.0147689
0.0146877
0.0143697
0.0168909
0.0167961
0.016252
0.0164617
0.0169365
0.0161443
0.0203571
0.0223116
0.021311
0.0202594
0.0146012
0.0182043
0.0193074
0.0190245
0.0189005
0.0188683
0.0132536
0.0189623
0.018588
0.018091
0.014411
0.0146316
0.0156139
0.0165651
0.0146439
0.0144389
0.0149289
0.0149443
0.01505
0.0162508
0.0145971
0.019548
0.0200165
0.0194302
0.0145598
0.015451
0.0192889
0.0169912
0.0163732
0.0161865
0.0160305
0.0165536
0.0157989
0.0168128
0.016538
0.0200109
0.0154919
0.015982
0.0154987
0.0158547
0.0146054
0.0137341
0.017294
0.0203913
0.0167208
0.0180277
0.0156025
0.0150491
0.020352
0.0202881
0.0194759
0.0194544
0.0186332
0.0177388
0.0203117
0.0202062
0.0192867
0.0160828
0.0151415
0.0187301
0.0187695
0.0189253
0.0168914
0.0156902
0.0152935
0.0181448
0.0170006
0.0180424
0.0166471
0.0208463
0.0217255
0.0200742
0.0200347
0.015519
0.0178971
0.0206183
0.019812
0.0202221
0.0190674
0.0190415
0.020073
0.019506
0.0193863
0.0143936
0.0147479
0.0166055
0.0165153
0.0187359
0.0186459
0.0171156
0.0171622
0.0180964
0.0183919
0.0191187
0.0186848
0.0193538
0.0209123
0.0181265
0.0201515
0.0189518
0.0187122
0.0185632
0.0189173
0.0192532
0.0190086
0.0182121
0.0181078
0.0223891
0.0237274
0.0236828
0.0254886
0.0192901
0.0172573
0.0217416
0.017717
0.0207561
0.0166116
0.0178055
0.0167516
0.0182369
0.0181767
0.0172765
0.0203033
0.023154
0.0231088
0.0203462
0.0208328
0.0167491
0.0194212
0.0190497
0.0223093
0.0184471
0.0165658
0.0174797
0.0169856
0.0184335
0.0175909
0.0171883
0.0176738
0.015905
0.0173827
0.0173223
0.016266
0.0164465
0.0157756
0.019661
0.0171842
0.0195572
0.0157568
0.0197204
0.0218135
0.0213687
0.0206401
0.0169177
0.0162775
0.0184648
0.0177038
0.0172741
0.0167431
0.0191011
0.017855
0.0188697
0.0186205
0.0176684
0.0181492
0.0181835
0.0172999
0.0190177
0.0180045
0.0175832
0.0167179
0.0188774
0.0192337
0.0172978
0.0185632
0.0180294
0.018394
0.0183729
0.0183769
0.0193499
0.0180674
0.0180371
0.0215882
0.0239518
0.0233062
0.0210255
0.0165862
0.0217215
0.0215559
0.021655
0.0201291
0.0198623
0.0218078
0.0210855
0.0202481
0.0170295
0.0170001
0.0173899
0.0174497
0.0156689
0.0161237
0.0205838
0.0211953
0.0214134
0.0190672
0.0167403
0.0204313
0.0201236
0.0179447
0.0158408
0.0154601
0.0163102
0.018023
0.0169933
0.0159127
0.0152365
0.0203298
0.0223807
0.0213377
0.0192139
0.0154139
0.0151523
0.017447
0.0173046
0.0148059
0.0154401
0.0166631
0.0161718
0.0158387
0.0157206
0.0168085
0.0171984
0.0159895
0.0159233
0.0175948
0.0175668
0.0159941
0.0157861
0.0183967
0.0169356
0.0170661
0.0171376
0.0167254
0.0167655
0.0171331
0.0169072
0.0168032
0.0153242
0.0187364
0.018249
0.016753
0.0171768
0.0178027
0.0164388
0.0154024
0.0176351
0.0169037
0.0159893
0.0162455
0.0175522
0.0178686
0.0169539
0.0169983
0.0177508
0.0208926
0.0226983
0.0206212
0.0161578
0.0205321
0.0189413
0.0195609
0.0199616
0.0168542
0.015912
0.0182675
0.0175852
0.0184293
0.0166571
0.0168782
0.0169048
0.0167274
0.0185681
0.016289
0.0194188
0.0224851
0.0205955
0.0201894
0.017088
0.0159387
0.0173303
0.0172611
0.017317
0.0151625
0.0143219
0.0187253
0.020263
0.0208897
0.0185067
0.0193776
0.0192759
0.0199543
0.0206593
0.0204429
0.021917
0.0204247
0.0200656
0.0167757
0.0157954
0.0200064
0.0174005
0.0163661
0.0173173
0.0159693
0.0160641
0.0184599
0.0165239
0.0186937
0.0167434
0.018157
0.0170033
0.017067
0.0180416
0.0170668
0.017037
0.0178943
0.018624
0.0174533
0.0177606
0.0169074
0.021243
0.0214819
0.0214197
0.0213439
0.0173117
0.0178397
0.0177177
0.0159259
0.0164236
0.0185257
0.0180193
0.0188882
0.0186263
0.0212146


