0.0123514
0.0181545
0.0192735
0.0165517
0.0170754
0.0201171
0.0190123
0.0164469
0.0174557
0.0152737
0.0167283
0.0183537
0.0188319
0.0172607
0.0186551
0.0207046
0.0199467
0.0183061
0.0169568
0.0170113
0.0221153
0.0191955
0.0177522
0.0193618
0.0201873
0.0199534
0.0170185
0.0187272
0.0170645
0.017395
0.0188504
0.0200807
0.0165495
0.0173187
0.0199376
0.0170116
0.0205007
0.0196042
0.0184424
0.0177557
0.0191486
0.0167901
0.0192203
0.0195958
0.0206783
0.0170673
0.0190599
0.0173883
0.0201973
0.0201609
0.0171564
0.0166966
0.0185458
0.0171139
0.019135
0.0200461
0.01781
0.0169658
0.0172391
0.0202542
0.0194672
0.0185323
0.0175354
0.028764
0.0187778
0.0971717
0.0747331
0.656246
0.0264793
0.0270344
0.0344364
0.0290001
0.214492
0.0401405
0.197263
0.0235811
0.0449763
0.0232297
0.0556539
0.0330372
0.0263043
0.0242336
0.0396972
0.0284538
0.0235672
0.0287924
0.0371925
0.0353727
0.0242734
0.0241201
0.019927
0.0211547
0.0210598
0.0198703
0.0212763
0.0222567
0.0232207
0.0253295
0.0231829
0.0227439
0.0221346
0.0220535
0.0226081
0.0252212
0.0244928
0.0189939
0.0208629
0.0196307
0.0214744
0.0217113
0.0190236
0.0198866
0.022112
0.0211412
0.0193306
0.0198834
0.021811
0.0196172
0.0223795
0.0210586
0.0217642
0.0218164
0.0200445
0.0207348
0.0224031
0.0215169
0.0263497
0.0274013
0.0229664
0.0205803
0.0201228
0.0196409
0.0218828
0.0193983
0.0221637
0.0215779
0.022403
0.0202418
0.0206695
0.0214539
0.0200104
0.0202601
0.0238719
0.0212768
0.0230148
0.0200307
0.020466
0.0215068
0.0237413
0.0221627
0.021412
0.0231523
0.0228672
0.0229364
0.0205921
0.0216936
0.0193741
0.0203909
0.0196143
0.0201668
0.0222082
0.0210999
0.0190046
0.021082
0.0190404
0.0227668
0.0224898
0.0211303
0.0221079
0.0193071
0.0196665
0.0205262
0.0221827
0.0194241
0.0204578
0.0183917
0.0187397
0.0210157
0.0209433
0.0183248
0.0202518
0.021601
0.021352
0.0217356
0.019736
0.0226614
0.0201789
0.0211823
0.0227358
0.0231473
0.0220195
0.0216035
0.0219056
0.0197919
0.0213416
0.0278578
0.0184537
0.0208245
0.0218393
0.0219809
0.0220119
0.02138
0.024542
0.0234554
0.0220997
0.0237948
0.0212597
0.0201013
0.0193546
0.0206948
0.022524
0.024159
0.0227024
0.0240235
0.0200579
0.0215274
0.0229189
0.0226426
0.0221935
0.0257598
0.020466
0.020389
0.0201913
0.0194588
0.0247164
0.0240786
0.0235269
0.0215579
0.021572
0.0236864
0.0233718
0.023145
0.023121
0.0197893
0.0217219
0.0218987
0.0213091
0.0195124
0.0215107
0.0212119
0.0200979
0.0197064
0.0188448
0.0194335
0.020462
0.0241026
0.0237299
0.0234614
0.0195225
0.0227504
0.0219313
0.0228985
0.0216425
0.017683
0.0184833
0.0175526
0.0180722
0.0200982
0.0191128
0.0189121
0.017589
0.0198526
0.0209849
0.0192459
0.0208947
0.0214689
0.01975
0.0170922
0.018166
0.0171514
0.0173138
0.0185969
0.0187809
0.02089
0.0199985
0.0199106
0.0203817
0.0208703
0.0225162
0.0233866
0.0194016
0.0217158
0.0221018
0.0208476
0.0229913
0.0198513
0.0220998
0.0217452
0.0198439
0.0185493
0.0209227
0.0205057
0.0194236
0.022335
0.0220432
0.0206445
0.0198914
0.0197545
0.0210567
0.0191468
0.0186029
0.0221202
0.0234568
0.0227595
0.0200941
0.0221456
0.0216778
0.0193926
0.0215298
0.0213449
0.0208739
0.0193722
0.0206216
0.023387
0.0227271
0.021632
0.0202705
0.0202381
0.0197153
0.0214322
0.0232504
0.0197537
0.0211284
0.019158
0.0191372
0.0191069
0.0200681
0.0190333
0.0214535
0.0182689
0.0220864
0.0222586
0.0191561
0.0196994
0.0200824
0.0217544
0.0221618
0.0241815
0.0208496
0.0216165
0.0232989
0.0234037
0.0215262
0.0246576
0.021532
0.0209366
0.022382
0.0216395
0.0198669
0.0195711
0.0210257
0.0190129
0.0238279
0.0207769
0.0195041
0.020992
0.0209583
0.0223935
0.0215596
0.0206638
0.0198196
0.0210013
0.0206417
0.01998
0.0194993
0.018133
0.0188344
0.0234736
0.0203332
0.0204255
0.0202406
0.0224707
0.0190377
0.0191356
0.0188644
0.0183807
0.0188388
0.0190236
0.0192352
0.021855
0.0213298
0.0199563
0.0212488
0.0201891
0.0203004
0.0214532
0.0216628
0.0194551
0.0216849
0.0208961
0.0200404
0.0219522
0.0190402
0.0218621
0.0198193
0.0214096
0.0226826
0.0249437
0.02411
0.0228753
0.0214852
0.020009
0.0232538
0.0218633
0.0237418
0.0199422
0.0221074
0.022307
0.0219109
0.0193104
0.0193027
0.0201992
0.0198337
0.0221688
0.0197178
0.0205489
0.0218192
0.0191261
0.019738
0.0224025
0.0228463
0.0231636
0.0241186
0.0222976
0.0242795
0.0223575
0.0239904
0.0238622
0.0216298
0.0239092
0.0225657
0.0229382
0.0192947
0.0212273
0.0205311
0.0207159
0.0200797
0.0194077
0.0217178
0.0199352
0.0188516
0.0208041
0.0193643
0.0237412
0.0205604
0.0245033
0.0206401
0.0219718
0.0211215
0.0214977
0.0224917
0.022366
0.019384
0.0213969
0.0196051
0.0185542
0.0211934
0.0226155
0.0221995
0.0238947
0.0211841
0.0208864
0.0239163
0.0201736
0.0233116
0.0204009
0.0207402
0.0237875
0.0215161
0.0197606
0.0207762
0.01948
0.0242797
0.0234403
0.0251378
0.0216701
0.0210897
0.020941
0.0211714
0.0212733
0.0217748
0.0223717
0.023162
0.0211155
0.0225811
0.020155
0.0218947
0.0193741
0.0190264
0.0207243
0.0224068
0.0202095
0.0214659
0.0211554
0.0227029
0.0212787
0.0197088
0.0196947
0.0231332
0.0218433
0.0217155
0.0200279
0.0204498
0.0197753
0.0228964
0.0215271
0.0226654
0.0219484
0.0221441
0.0225236
0.0213126
0.0232606
0.0238525
0.0232288
0.0212493
0.0200493
0.0232955
0.0222312
0.0233863
0.0232805
0.0235382
0.0231612
0.02179
0.0236118
0.0245585
0.0236654
0.0291935
0.0215875
0.0244555
0.0244422
0.0246863
0.0215483
0.0252023
0.0248726
0.0217595
0.0203877
0.0251145
0.021062
0.0239819
0.0253946
0.0243966
0.0234319
0.0251444
0.0247419
0.0250373
0.0213307
0.0220444
0.0205248
0.022203
0.0236744
0.0219753
0.0229951
0.0241582
0.0224213
0.0236935
0.0230524
0.0203677
0.0217579
0.0220919
0.0204448
0.0212869
0.0234431
0.0237345
0.0234567
0.0251849
0.0234979
0.0228112
0.0217918
0.0203396
0.0227649
0.0191549
0.0235002
0.0247764
0.0219987
0.0237975
0.0237477
0.022524
0.0232843
0.0228503
0.0190226
0.0229946
0.0202831
0.0198551
0.0231082
0.0190805
0.0230263
0.0233539
0.0235875
0.0243785
0.0222775
0.0206981
0.021088
0.021549
0.020818
0.0188474
0.0217376
0.0191293
0.0212038
0.0243408
0.0205166
0.0218766
0.0227446
0.0194082
0.0197833
0.0191704
0.0189691
0.017772
0.017285
0.0198489
0.0189768
0.0208131
0.0193281
0.0218664
0.0215562
0.0176946
0.0204615
0.0210951
0.0188643
0.0186826
0.0187003
0.0177028
0.0206155
0.0207974
0.0205731
0.0219403
0.0214968
0.0222423
0.0219385
0.0208704
0.0233502
0.0199673
0.0222166
0.0224293
0.0239266
0.0225671
0.0207878
0.020518
0.0217839
0.0220474
0.0221236
0.0213169
0.0218136
0.0222674
0.0214777
0.0192035
0.0200423
0.0199929
0.0199765
0.0235296
0.020052
0.0226341
0.0226323
0.0237605
0.0212011
0.0218797
0.0214337
0.0220248
0.022317
0.0205024
0.0224696
0.0234716
0.0221912
0.0214376
0.0224493
0.0237034
0.0218486
0.0195078
0.0229899
0.0208752
0.0214591
0.0227018
0.0226315
0.019974
0.0239308
0.0211548
0.0217221
0.0241968
0.0231812
0.0235633
0.0212826
0.0224825
0.0224293
0.033074
0.0231498
0.0218563
0.0231546
0.0226163
0.0225689
0.0209623
0.0229186
0.0220905
0.02105
0.0231195
0.021757
0.0199399
0.0193815
0.0201924
0.0249756
0.0246344
0.0263896
0.0245644
0.0231662
0.0250632
0.0236611
0.0244672
0.0232654
0.0207337
0.020227
0.0199991
0.0206493
0.0225341
0.0228806
0.021845
0.0211937
0.0230588
0.0228536
0.0221013
0.0230683
0.0190938
0.0220968
0.0227782
0.020956
0.0198016
0.0210536
0.0188513
0.0185017
0.0186382
0.018872
0.0225418
0.0250892
0.0226899
0.0247272
0.0232922
0.0254999
0.0219484
0.0217484
0.0239894
0.0241372
0.0235589
0.0221003
0.0239646
0.0229293
0.0217253
0.0226474
0.0218127
0.0200453
0.0199365
0.0222774
0.0221826
0.0208698
0.0223963
0.0213693
0.0233127
0.0221982
0.0237007
0.0241815
0.0214466
0.0224353
0.0207715
0.0205895
0.0203308
0.021138
0.0211237
0.0231633
0.0213485
0.0222243
0.0213085
0.0224399
0.0205092
0.0220822
0.0215204
0.0200865
0.0222292
0.0210023
0.022826
0.0200697
0.0229393
0.0207067
0.0211241
0.0229401
0.0221582
0.0216411
0.0220655
0.0224933
0.0219302
0.0233341
0.0217654
0.0218589
0.0227774
0.0216606
0.023158
0.0242965
0.0234849
0.0207241
0.0212045
0.0203813
0.0207739
0.024079
0.0207787
0.0293835
0.0213334
0.0231527
0.0233421
0.0228073
0.0229634
0.0212087
0.0245502
0.0233145
0.0229797
0.0216042
0.0221669
0.0193688
0.0219184
0.0208466
0.0223339
0.0207322
0.0247504
0.0213867
0.0221913
0.0214907
0.0239832
0.0227315
0.0216053
0.0219889
0.0207522
0.0211343
0.0227875
0.0241562
0.0223923
0.024273
0.0236208
0.0239408
0.0226247
0.0218811
0.0228091
0.021754
0.0212791
0.0234411
0.0215758
0.0229932
0.0211392
0.021025
0.0198077
0.0211591
0.0250619
0.0231362
0.0211395
0.0201402
0.0188067
0.0183974
0.020348
0.0199553
0.0207585
0.0215485
0.0209904
0.0226542
0.0239634
0.0220004
0.0197779
0.02072
0.0207201
0.0203799
0.019689
0.0242642
0.0214243
0.0223612
0.0208245
0.0213961
0.0205419
0.0192407
0.0189825
0.0207389
0.018548
0.021431
0.0247851
0.0207867
0.0229104
0.0193431
0.0190479
0.017866
0.0191287
0.01925
0.0206559
0.0188582
0.0186507
0.020477
0.0188061
0.0209532
0.020094
0.0200754
0.019313
0.0220794
0.0184246
0.0209872
0.0216256
0.0203718
0.0203967
0.0199051
0.0194481
0.0206295
0.0217384
0.0191738
0.0190721
0.0183867
0.0180798
0.0212852
0.0237834
0.023209
0.0201961
0.0207429
0.0204281
0.0205392
0.0221303
0.0216878
0.0203665
0.0247312
0.0216135
0.0217057
0.0218197
0.0229552
0.0239941
0.023504
0.0284272
0.0242836
0.0214565
0.0216233
0.0259274
0.0217595
0.0220802
0.0199653
0.0199199
0.0205527
0.0189601
0.0201279
0.0175437
0.0184129
0.022072
0.0204908
0.0216192
0.0207222
0.0236204
0.0226193
0.0226335
0.0212374
0.024082
0.0225225
0.0260414
0.0226139
0.023376
0.023792
0.0243521
0.0216775
0.0227166
0.0224045
0.0214938
0.0207179
0.0216985
0.0251829
0.0239283
0.0257288
0.02405
0.0232236
0.023792
0.0226636
0.0238945
0.0223976
0.0249259
0.0240404
0.0237357
0.0265019
0.0255563
0.0253584
0.0253257
0.0251177
0.025211
0.0212541
0.0219102
0.0228631
0.0261358
0.0234717
0.0254341
0.0234553
0.0237588
0.0236408
0.0238676
0.0245963
0.0250553
0.023271
0.0241969
0.0236611
0.0245832
0.0227558
0.0214404
0.0265042
0.0236049
0.0231821
0.0243931
0.0225784
0.0202255
0.0243271
0.0234622
0.0233244
0.0253403
0.0220354
0.0242943
0.0242332
0.0241154
0.0232675
0.0214142
0.0233473
0.0212308
0.0237192
0.0234419
0.0223326
0.023692
0.0219851
0.0218004
0.0215166
0.0204097
0.0217003
0.0211533
0.0221609
0.0209246
0.0217183
0.0233217
0.0205549
0.0193357
0.0228928
0.02137
0.0196168
0.0234418
0.0227001
0.0196909
0.0226891
0.0219882
0.0198651
0.0187906
0.0220611
0.0196674
0.0225701
0.0221019
0.0210419
0.0217599
0.0201467
0.0220195
0.0203363
0.0208925
0.0191917
0.0221582
0.021023
0.025891
0.0200184
0.0225166
0.0213873
0.0213598
0.0225657
0.0194898
0.0213451
0.0197773
0.0194613
0.0198607
0.0210069
0.0228728
0.0243628
0.0225922
0.0201428
0.0221134
0.0217811
0.0188914
0.020128
0.0196145
0.0211458
0.0201641
0.0213131
0.021313
0.0195868
0.0208364
0.0233471
0.0232641
0.0225882
0.0250696
0.020746
0.0223092
0.0225455
0.0239386
0.0235499
0.0232031
0.0212591
0.0215024
0.0216637
0.019305
0.021088
0.0232139
0.0230871
0.0206073
0.0204767
0.0211843
0.0223778
0.0234475
0.0191753
0.0195256
0.0215949
0.0231602
0.0329855
0.021992
0.0229099
0.0196987
0.0210164
0.022555
0.022758
0.0240626
0.0209129
0.0214248
0.0211654
0.0181223
0.0228544
0.0211567
0.0213059
0.0222991
0.0231362
0.0233929
0.0199591
0.0231071
0.0219623
0.0213502
0.0225185
0.0239854
0.0222768
0.0212162
0.0238558
0.0238616
0.0251351
0.0236802
0.0213295
0.0235859
0.0224438
0.0245465
0.0219067
0.0234409
0.0196299
0.0204288
0.0232883
0.0204013
0.0232996
0.0226685
0.022432
0.0244887
0.0225233
0.0213167
0.0232162
0.0231817
0.0227612
0.0230523
0.0242409
0.0231094
0.0236718
0.0232821
0.019562
0.0218089
0.0232195
0.0209113
0.0207698
0.0213098
0.0211173
0.0195638
0.0217653
0.0197897
0.0212364
0.0199898
0.0191791
0.0211202
0.0200983
0.0216808
0.0220262
0.0213442
0.0191342
0.0198683
0.0208374
0.0190949
0.0214629
0.0212216
0.0227038
0.0220972
0.0233808
0.0263573
0.0218676
0.0231894
0.0232398
0.0217226
0.0221246
0.0233621
0.0237763
0.0225919
0.0220749
0.0211557
0.0196061
0.0223161
0.0212634
0.0205443
0.0214181
0.02058
0.0231502
0.0216871
0.0217697
0.0206411
0.0231869
0.0208655
0.023113
0.0235859
0.0213722
0.022106
0.0221091
0.0242833
0.0212093
0.0238105
0.0224317
0.0236231
0.0241592
0.0221556
0.020844
0.0231576
0.0240069
0.0210705
0.0226345
0.0227446
0.022077
0.0228667
0.0238355
0.0224444
0.0243618
0.0228723
0.0221378
0.0249602
0.0220333
0.0247785
0.0237391
0.0234251
0.0219148
0.0233456
0.0207789
0.0213178
0.0224076
0.0225605
0.0238546
0.0236686
0.0241956
0.0223964
0.0218028
0.023456
0.0229749
0.0239962
0.0231227
0.0237751
0.0221902
0.0245968
0.021647
0.0224831
0.0223713
0.0240522
0.0248941
0.0223643
0.0245357
0.0229607
0.0235539
0.0232813
0.0243517
0.0230647
0.020753
0.0215989
0.0228017
0.0234563
0.0239877
0.0219803
0.0247574
0.0241751
0.023543
0.0217981
0.0234231
0.0245839
0.0242764
0.0241802
0.0226738
0.0246653
0.0233574
0.0227064
0.0232596
0.0244965
0.023537
0.0216486
0.0236406
0.0257277
0.0242229
0.0232682
0.0221077
0.0234919
0.0238444
0.0249403
0.0260383
0.0237175
0.0220625
0.0251161
0.0249281
0.0217565
0.0241485
0.0229058
0.0218938
0.0235392
0.0284959
0.027749
0.0272318
0.0247819
0.0250733
0.0234813
0.0215524
0.0223724
0.0227464
0.0226984
0.0230664
0.025025
0.0270921
0.0238853
0.0241355
0.0244285
0.0238428
0.0227669
0.0229287
0.0259431
0.0255294
0.0227402
0.0237388
0.0278724
0.025013
0.0266881
0.0244313
0.0243493
0.0255839
0.0277905
0.0266856
0.0260127
0.0256301
0.0265933
0.0259172
0.0274673
0.0262708
0.0269291
0.0256846
0.0262048
0.024615
0.0245733
0.022651
0.0242926
0.0251127
0.0235184
0.0243303
0.0286857
0.0224149
0.0237717
0.0255525
0.023163
0.0231234
0.0243687
0.0229588
0.0259133
0.0257524
0.0258486
0.0233842
0.0240869
0.0250602
0.0280507
0.0215942
0.0227618
0.0234365
0.0260145
0.0249236
0.0238282
0.0236833
0.0227884
0.0242404
0.0263088
0.022278
0.0245751
0.0238206
0.0222511
0.0226102
0.0248925
0.0236844
0.0203747
0.0225641
0.0213709
0.0226327
0.0214298
0.0202792
0.0208636
0.0238945
0.0244534
0.0231728
0.0220883
0.0254949
0.0250632
0.0219074
0.025895
0.0277096
0.0230246
0.0269988
0.0281819
0.0239875
0.025423
0.02361
0.0255009
0.0278325
0.0244512
0.026823
0.0261104
0.0243752
0.0242398
0.0236657
0.0260122
0.0241052
0.0225585
0.0236611
0.024864
0.0260189
0.0220508
0.0229444
0.0231812
0.0212891
0.0213254
0.0234198
0.0210864
0.0250133
0.0233825
0.0218848
0.0227306
0.0235304
0.0232488
0.0244667
0.0227864
0.0253039
0.0245861
0.0231679
0.0243588
0.0231687
0.0239199
0.0224227
0.0209237
0.0245303
0.020785
0.0236345
0.0238159
0.0237202
0.0222783
0.0245757
0.0220977
0.022686
0.0230804
0.0243924
0.029414
0.0215624
0.0218555
0.0247575
0.0244158
0.0250457
0.0255402
0.0243272
0.0245527
0.0252927
0.0241691
0.0304612
0.0280492
0.0226103
0.0245313
0.0246077
0.0248051
0.0257773
0.0259043
0.0233581
0.0257216
0.0250725
0.0240747
0.0268388
0.0259831
0.0235281
0.0261758
0.0258514
0.0229773
0.0250108
0.0233476
0.0257077
0.0263374
0.0233599
0.0234196
0.0222426
0.0234044
0.0231626
0.0222487
0.0230921
0.0231688
0.023136
0.0239896
0.0238348
0.0228695
0.0228957
0.0263781
0.0243943
0.0258162
0.0252335
0.0241076
0.0238068
0.0239675
0.0254104
0.0250968
0.0248203
0.0257661
0.0248905
0.024742
0.0244569
0.0231155
0.0254823
0.0229692
0.0263296
0.0238679
0.0230821
0.0262399
0.0241451
0.0256457
0.0248987
0.0260876
0.0252854
0.0259615
0.0245305
0.0248625
0.026146
0.0270181
0.0265133
0.023213
0.0273372
0.025066
0.0241562
0.0280071
0.0255012
0.0273104
0.0265162
0.0260606
0.0266962
0.0252415
0.0308206
0.0254111
0.0282705
0.0252126
0.0257336
0.0242088
0.0278412
0.0268823
0.0271543
0.0257155
0.0261468
0.0238679
0.0272986
0.0270057
0.0241007
0.0245421
0.0275735
0.0266954
0.0255625
0.0243774
0.0235945
0.0249078
0.026417
0.0247119
0.0238294
0.0235251
0.024426
0.0248401
0.0249885
0.0258634
0.0277808
0.0271492
0.0259805
0.0254047
0.0255592
0.0262501
0.0242545
0.0255165
0.0256608
0.0255171
0.025977
0.0248615
0.0244077
0.0271164
0.028249
0.0268333
0.0283886
0.0247963
0.0277318
0.027382
0.0268447
0.0249369
0.0264413
0.0251868
0.0251473
0.0262562
0.0240341
0.0246954
0.0218815
0.025234
0.0266569
0.0258966
0.0242345
0.025962
0.0233548
0.0257841
0.0256421
0.0239664
0.0244596
0.0235142
0.024021
0.0239859
0.0224689
0.0233752
0.0261502
0.0255422
0.0256568
0.0232681
0.0221353
0.0247323
0.0251841
0.0242871
0.023814
0.0222191
0.0227761
0.0246708
0.0226881
0.023696
0.0229842
0.0221265
0.0238676
0.0213424
0.0229264
0.0229101
0.0246385
0.0228133
0.0248367
0.0223068
0.0220713
0.0220463
0.0207109
0.0209956
0.0227633
0.020456
0.0203305
0.0217509
0.0206328
0.0227687
0.0237216
0.0199011
0.0199518
0.0215756
0.0202405
0.0242865
0.0219451
0.0212712
0.0201032
0.0204903
0.0224031
0.0213694
0.0221291
0.0201002
0.0191547
0.019701
0.021009
0.019872
0.0176126
0.0185233
0.017774
0.0182634
0.0211389
0.0202126
0.0212489
0.0189349
0.021418
0.0206267
0.0179826
0.0179304
0.0187099
0.0180677
0.0217299
0.0202927
0.0205815
0.0198883
0.020589
0.0199796
0.0181758
0.0212558
0.0208902
0.0204422
0.0211966
0.0181819
0.0211679
0.0201559
0.0178031
0.0189388
0.0187379
0.0198834
0.0188047
0.0205933
0.0191495
0.0197509
0.0186482
0.0191737
0.0202667


