0.0169882
0.0442507
0.0427238
0.0422135
0.0418176
0.0423416
0.0423671
0.0422782
0.0419008
0.0461513
0.0428342
0.0443327
0.0422373
0.0539349
0.0420885
0.0432085
0.0425187
0.0424964
0.0409769
0.0419475
0.0442155
0.0408125
0.0154022
0.0166358
0.0437585
0.0425169
0.0415845
0.0417516
0.0415844
0.0418962
0.0426561
0.0421322
0.0421169
0.0421621
0.0421844
0.0414728
0.0409141
0.0409485
0.0414473
0.0409026
0.0413531
0.0418075
0.0420169
0.0413591
0.0412176
0.0145433
0.0170887
0.0437233
0.0416737
0.0427242
0.0421895
0.0432043
0.0423614
0.0421623
0.0421971
0.041966
0.0427264
0.042405
0.0417888
0.0420521
0.0418367
0.0414454
0.0421432
0.0415382
0.0418343
0.0418802
0.0421452
0.0413177
0.0145865
0.0151927
0.0524489
0.0420084
0.0423871
0.0418122
0.0422582
0.0418906
0.042401
0.0416744
0.0422667
0.0414269
0.0423647
0.0417986
0.0421013
0.0410179
0.0410479
0.0410676
0.041233
0.0418253
0.0421148
0.0411492
0.0417329
0.0144094
0.0157459
0.0385956
0.0607477
0.0125441
0.00945207
0.0263981
0.069428
0.0148932
0.0123655
0.0269536
0.0727084
0.0105953
0.0319427
0.074833
0.0145804
0.028675
0.0756514
0.0106081
0.0283459
0.0764918
0.0124847
0.0314919
0.0427396
0.0405748
0.0403058
0.0767987
0.0134782
0.00987639
0.00911429
0.0101896
0.00973487
0.0105039
0.0104631
0.0104072
0.01061
0.0106554
0.0100603
0.0107927
0.0104932
0.0107813
0.0102142
0.0107597
0.012076
0.01221
0.0117769
0.0117565
0.0112005
0.0107508
0.0109174
0.0101962
0.0105824
0.010747
0.0111538
0.0111967
0.0114143
0.010677
0.0111912
0.0106032
0.0116354
0.0116569
0.0116543
0.0115028
0.0110296
0.0114926
0.0115108
0.0110459
0.011146
0.0141747
0.0112653
0.00979901
0.0121561
0.00993537
0.0103376
0.0102051
0.0122491
0.00985956
0.0101802
0.0105459
0.0109289
0.0112177
0.0117929
0.0130416
0.0168645
0.0134014
0.0127124
0.0131415
0.0167325
0.0131763
0.0121284
0.0129496
0.01633
0.0126693
0.012315
0.0128996
0.0166274
0.0130411
0.0169743
0.013339
0.0174125
0.0135299
0.0138687
0.0138915
0.0182363
0.0145514
0.013009
0.0138459
0.0177313
0.0138837
0.0129051
0.0130093
0.0172448
0.0128934
0.0126966
0.0121052
0.0138643
0.0121971
0.0133291
0.0127441
0.018974
0.0122133
0.0173229
0.0120031
0.0176554
0.0124459
0.0137071
0.0119251
0.0152969
0.0125195
0.0178489
0.0118574
0.0159047
0.0118458
0.012506
0.0115149
0.0127437
0.0116964
0.0174311
0.0113936
0.0167159
0.012735
0.012341
0.011638
0.0125667
0.0123495
0.0129636
0.0108319
0.0127876
0.0109784
0.0122845
0.0167985
0.0111936
0.0131858
0.0130017
0.0132676
0.0134866
0.0116154
0.0142501
0.0127633
0.0113868
0.0176456
0.0121759
0.0173404
0.0126638
0.0171177
0.0129277
0.0166998
0.0122918
0.0129266
0.0107822
0.0121966
0.010271
0.0156708
0.0146653
0.0155412
0.0143971
0.0148628
0.0107088
0.0111166
0.00932558
0.0154205
0.0113934
0.0156657
0.0116968
0.0164232
0.0109292
0.0180451
0.0125638
0.0126323
0.0115538
0.0127303
0.0217488
0.0127423
0.0126039
0.014301
0.0130965
0.0124569
0.0177192
0.0159335
0.0136211
0.0137388
0.0146512
0.0131858
0.0126658
0.0130567
0.0126381
0.0149014
0.0137871
0.013653
0.0156125
0.0186661
0.0150355
0.0156195
0.0156312
0.0161577
0.0153697
0.0188063
0.0184671
0.015278
0.0139498
0.0130845
0.0154606
0.0179054
0.0174531
0.0146214
0.0176696
0.017588
0.013264
0.0141054
0.0136809
0.0154532
0.0182201
0.0174246
0.0148774
0.0183212
0.0187887
0.0130476
0.0143333
0.0137746
0.0151184
0.0142372
0.0148469
0.015262
0.0189818
0.0189895
0.0134805
0.0147089
0.0138387
0.0160996
0.0188882
0.0178004
0.0154003
0.0148025
0.0146162
0.0152612
0.0142323
0.0133347
0.0134713
0.0183766
0.0168879
0.0145204
0.0169088
0.0135403
0.0142069
0.0179188
0.0163112
0.0145373
0.0125793
0.0115236
0.0128867
0.0173873
0.0158179
0.0129881
0.0120665
0.0115654
0.0117729
0.0114178
0.0111055
0.013111
0.0121859
0.0115793
0.0127016
0.0122868
0.0136262
0.0167982
0.0161238
0.0137676
0.0158173
0.0119934
0.0139442
0.0177063
0.0166536
0.0148731
0.0173722
0.0172249
0.0147482
0.0140125
0.0143117
0.0129766
0.0138162
0.0139715
0.0156855
0.0183048
0.0186262
0.016021
0.021785
0.0186406
0.015364
0.01382
0.0137941
0.0153515
0.0185123
0.0139415
0.0147093
0.0170964
0.0160923
0.0141217
0.0174416
0.0165872
0.0145017
0.0130203
0.0121671
0.0141629
0.0172904
0.0160542
0.0176991
0.016742
0.0142067
0.0167467
0.0153483
0.0148308
0.0132436
0.0125605
0.0134186
0.0134891
0.0132656
0.0142652
0.0134138
0.0121025
0.0140165
0.0178283
0.0174493
0.0161631
0.0176704
0.0165342
0.0162468
0.0162232
0.0160246
0.0160766
0.0160122
0.0159787
0.0154002
0.0155137
0.0155073
0.0130746
0.0117368
0.0117402
0.0111413
0.0112057
0.011088
0.011001
0.0162441
0.0161045
0.0140969
0.0126546
0.013851
0.0122555
0.0179496
0.0185016
0.0126613
0.0178956
0.0191112
0.0129559
0.0135678
0.0148342
0.0129033
0.0181773
0.01948
0.0146021
0.0140252
0.0151843
0.0137542
0.0135378
0.0146352
0.0125462
0.0192176
0.0148628
0.0122561
0.0171423
0.0182274
0.0124115
0.0133682
0.0131594
0.0116209
0.0125006
0.0133709
0.0114823
0.0122002
0.0126299
0.0120604
0.0126461
0.0133697
0.0115831
0.0166378
0.0178851
0.0163551
0.0167458
0.0184114
0.0138859
0.0161509
0.0167117
0.0123734
0.0171233
0.0172213
0.0161204
0.0136052
0.0146456
0.0126525
0.0134898
0.0144238
0.0124789
0.0140012
0.0142096
0.0127719
0.0133978
0.014205
0.0124125
0.0130684
0.0143734
0.0132528
0.0155328
0.0175335
0.0189256
0.0177599
0.0183456
0.019952
0.0176072
0.0180944
0.0203247
0.0179546
0.0162502
0.0142633
0.0163928
0.014532
0.0160135
0.0182555
0.0200488
0.0183956
0.0155818
0.014319
0.0157436
0.0143404
0.0153773
0.017071
0.0164145
0.0169462
0.0165885
0.0176481
0.0197528
0.0178499
0.0142038
0.018279
0.0199281
0.0173076
0.0152682
0.0152658
0.0137386
0.015219
0.0132919
0.0153917
0.0161398
0.0135713
0.0150367
0.0133356
0.0146489
0.0161853
0.0150084
0.0153952
0.0173889
0.0189351
0.0174987
0.0129318
0.0128977
0.0168382
0.0112597
0.0138741
0.016233
0.0171467
0.0154171
0.0164936
0.0170433
0.0147232
0.016668
0.0171763
0.0150552
0.016662
0.0176929
0.0148381
0.016954
0.0174378
0.0135525
0.0169834
0.0156402
0.0117145
0.012221
0.0130351
0.0103994
0.0165761
0.0164569
0.011179
0.0115031
0.0123899
0.0104886
0.011418
0.0115026
0.0101244
0.0115771
0.0113103
0.0100947
0.0111141
0.0111393
0.0101603
0.0111657
0.0114265
0.0101424
0.0112575
0.0115674
0.0121628
0.0164531
0.0164054
0.0110347
0.0118261
0.012616
0.0109864
0.0129744
0.0163065
0.016828
0.0125467
0.0158811
0.0158219
0.0124947
0.0174629
0.0161385
0.0112762
0.0157603
0.013757
0.0123275
0.0139014
0.0175558
0.0207316
0.0136828
0.0147848
0.0145965
0.0133175
0.0138477
0.0127117
0.015405
0.0181928
0.0187873
0.013214
0.0155736
0.0152328
0.0254198
0.0138868
0.0155859
0.0152462
0.015959
0.0135497
0.0144893
0.0124667
0.0152174
0.0141034
0.0135784
0.018226
0.0152551
0.0143282
0.0139416
0.0140575
0.0122837
0.0180981
0.0188863
0.013699
0.013432
0.0135446
0.0119059
0.0139863
0.0154997
0.0146715
0.014207
0.0122729
0.0129913
0.0121299
0.0131715
0.012094
0.0125816
0.0124094
0.0142938
0.0169191
0.0165057
0.0139332
0.0125319
0.0118604
0.0136284
0.0166898
0.0165567
0.0134843
0.0122148
0.0113506
0.0131454
0.0168599
0.0154936
0.0132651
0.0122905
0.0123996
0.0132843
0.0170444
0.0170874
0.0133345
0.0157952
0.0125093
0.0138303
0.0171931
0.0173693
0.014478
0.0142231
0.0133044
0.013078
0.0144213
0.0183888
0.018939
0.0145179
0.0142353
0.0142578
0.0154202
0.0181484
0.0203669
0.0135646
0.0196569
0.0192351
0.0146739
0.0142031
0.0157701
0.0145357
0.0141544
0.0156265
0.0137535
0.0142048
0.0157809
0.0143082
0.014091
0.0196845
0.0137567
0.0163025
0.018167
0.0201034
0.0181931
0.0161108
0.0143885
0.0157893
0.0143279
0.0154763
0.0180573
0.0197503
0.0171857
0.0158749
0.0144333
0.0159359
0.0143356
0.0158483
0.0179474
0.0210087
0.0192846
0.014412
0.0186057
0.020505
0.021541
0.0155242
0.0144597
0.0164103
0.0183672
0.0150433
0.0145734
0.0166744
0.0153083
0.0147231
0.0184495
0.0202141
0.0191258
0.0156537
0.014962
0.0165513
0.0179505
0.0147528
0.0148961
0.0154996
0.0160978
0.014199
0.0165308
0.0185648
0.0212184
0.0200428
0.0180363
0.0167006
0.0157787
0.0175488
0.0161867
0.0138409
0.0162629
0.0181643
0.0204236
0.0175451
0.0136411
0.0157315
0.0176943
0.0192114
0.0194945
0.0165691
0.0147484
0.0169598
0.0158344
0.0182185
0.0130596
0.0148433
0.0185972
0.0188667
0.018417
0.0178062
0.0125991
0.0175559
0.0194774
0.0188933
0.0171329
0.0136197
0.0154706
0.0150471
0.0173535
0.0189008
0.0193927
0.0181999
0.0139358
0.0132922
0.0141466
0.0136608
0.0126705
0.0139885
0.0120226
0.0133518
0.0126871
0.0111207
0.0123861
0.0159395
0.0160663
0.0154797
0.0144595
0.0154233
0.0159681
0.0162386
0.0145218
0.0151377
0.0153663
0.0143221
0.0114849
0.0103489
0.0119326
0.018251
0.0116262
0.0138911
0.0124978
0.01368
0.0133263
0.0121146
0.0139093
0.0176593
0.0185055
0.0189935
0.0175699
0.0155564
0.0162876
0.0180103
0.0192306
0.0194302
0.0196272
0.0142465
0.0146403
0.0157514
0.0152717
0.0189065
0.0145989
0.0179482
0.0194464
0.0160959
0.0145621
0.0135884
0.0132442
0.0145734
0.0146373
0.0147533
0.0137777
0.0180899
0.0202008
0.0196366
0.0176343
0.0132926
0.017769
0.0202868
0.0162722
0.0144798
0.015827
0.0169079
0.0183741
0.0201873
0.0206969
0.0182358
0.0141843
0.0139162
0.0157293
0.0162555
0.0147255
0.0143542
0.0183835
0.0195473
0.0205568
0.0185062
0.0164664
0.0145378
0.0184855
0.0185337
0.014452
0.0135541
0.0134292
0.0150263
0.0145033
0.0138993
0.0126095
0.0170708
0.0185323
0.0180701
0.0159066
0.0117406
0.0160839
0.0167063
0.016754
0.0154095
0.0124516
0.0110836
0.0137314
0.0107304
0.0166964
0.0181248
0.018537
0.0166973
0.0133497
0.0133545
0.0145101
0.0152068
0.0161346
0.0146773
0.0162261
0.0150354
0.0165279
0.016789
0.0158349
0.0149908
0.0163294
0.0173612
0.0189027
0.0204686
0.019961
0.019492
0.0142205
0.0184174
0.0200837
0.0200749
0.0186018
0.0159142
0.0156193
0.015621
0.0152352
0.015394
0.0144428
0.0286228
0.0196015
0.020284
0.0198723
0.0159911
0.0143276
0.0165869
0.0154499
0.0148083
0.0139372
0.0130036
0.0146975
0.0144791
0.0163265
0.0123061
0.0125801
0.0134542
0.0138727
0.0128361
0.0123733
0.0148548
0.0140009
0.0133658
0.0114822
0.0134494
0.0166385
0.0176424
0.0170545
0.0161487
0.016958
0.0179526
0.0176552
0.0141085
0.0126955
0.0147663
0.0175295
0.013256
0.0126276
0.0139032
0.0151144
0.0126765
0.0122907
0.0133912
0.0118764
0.0128816
0.0162794
0.0174554
0.0163907
0.0132829
0.0175203
0.0179698
0.0168268
0.0139664
0.0171752
0.0182436
0.017273
0.0123079
0.0131412
0.0140206
0.0119379
0.0140256
0.0124146
0.013674
0.0116172
0.0125525
0.0132439
0.0118204
0.0134261
0.0133349
0.0117027
0.0124385
0.0136854
0.011964
0.0169212
0.0168176
0.0112508
0.0175062
0.0167437
0.0133981
0.0163408
0.0172813
0.011156
0.0122623
0.0130785
0.011497
0.0124118
0.0141174
0.0133939
0.0131855
0.0224288
0.0177777
0.0121459
0.0140314
0.0140006
0.0122961
0.0141302
0.0123174
0.0175841
0.0191141
0.0124332
0.0135268
0.0144045
0.0128776
0.0133196
0.0150377
0.0131298
0.0183178
0.0196258
0.0174581
0.0145606
0.015616
0.0140963
0.0182024
0.0199622
0.0147436
0.0137531
0.0152726
0.0134746
0.0136371
0.0148959
0.0127411
0.0172994
0.0176363
0.0134744
0.0164885
0.0175605
0.0155944
0.0166804
0.0113362
0.0131536
0.0118984
0.0138458
0.0131499
0.0130346
0.0124058
0.0147039
0.0147883
0.0132974
0.0145548
0.0128141
0.0174651
0.0204444
0.0127176
0.0129699
0.0140227
0.0126409
0.0176005
0.0177485
0.013225
0.0182432
0.019218
0.0158737
0.0137226
0.0142832
0.0138092
0.0170203
0.0197134
0.014325
0.0128212
0.0142254
0.0131334
0.0198896
0.0194887
0.0168971
0.0144027
0.0177229
0.0193228
0.0173448
0.0147839
0.012738
0.0145888
0.0127871
0.01486
0.0185057
0.0196186
0.0128594
0.0159208
0.0154258
0.0178452
0.0197772
0.0176506
0.0181483
0.0197886
0.0178616
0.0147793
0.0149175
0.0135479
0.0132542
0.0146378
0.0131831
0.0137415
0.0135528
0.0114223
0.0123292
0.0130882
0.0110646
0.0119762
0.0137818
0.0111055
0.0120363
0.0130007
0.0111949
0.0163833
0.0167939
0.0115354
0.0119946
0.0122372
0.0117792
0.0159314
0.0206374
0.0129528
0.0120822
0.0133355
0.0109002
0.0110522
0.0116477
0.0102888
0.0109551
0.0124491
0.010814
0.0161821
0.0170837
0.0128681
0.0163245
0.0170142
0.0121235
0.0114332
0.0124202
0.0109724
0.0127409
0.0127359
0.0109092
0.0165366
0.0184911
0.0134803
0.0127749
0.0147897
0.0120789
0.0132396
0.0138922
0.0124522
0.0130672
0.0144205
0.0129701
0.0156377
0.0178049
0.0198537
0.0174637
0.0157711
0.0176258
0.0208501
0.0176402
0.0157557
0.0180499
0.0198362
0.0179104
0.0161387
0.0182624
0.0197181
0.0185739
0.0164215
0.0190887
0.0210726
0.0192316
0.0178475
0.0192527
0.0176827
0.01705
0.015871
0.0195884
0.0217446
0.0194804
0.0161741
0.0179008
0.015224
0.0174018
0.0151286
0.0173679
0.0191179
0.0211807
0.0195399
0.0160892
0.0202977
0.0212942
0.0182391
0.0172244
0.0179289
0.0157436
0.0174637
0.0175482
0.0161437
0.0171134
0.0155168
0.0185634
0.0178728
0.0159883
0.0183896
0.0162945
0.0182267
0.0153392
0.0164375
0.0197625
0.0217158
0.0201478
0.0169128
0.0184273
0.01605
0.0178627
0.0153324
0.0161787
0.0154522
0.0177175
0.0155867
0.0154792
0.0150995
0.0170214
0.0172384
0.0160552
0.0191205
0.0213946
0.0297921
0.016694
0.0156361
0.0171096
0.0163016
0.0153783
0.0149222
0.0167021
0.0195783
0.014425
0.0142328
0.0160485
0.0151142
0.0140739
0.0138242
0.0171766
0.0153814
0.0145527
0.0190231
0.0224841
0.0204133
0.020425
0.017483
0.0144323
0.0176336
0.0155859
0.0148573
0.0183149
0.021585
0.0208373
0.0155999
0.0173312
0.0179329
0.0177332
0.0153268
0.0176001
0.0170602
0.0147587
0.0174413
0.0196347
0.0219611
0.0216501
0.0190682
0.016516
0.0169196
0.0199126
0.0216627
0.0220551
0.0199714
0.0167203
0.0205229
0.0217377
0.0213288
0.0177877
0.0175097
0.0201161
0.0214158
0.0217398
0.0190001
0.0158762
0.0146442
0.0162452
0.0166352
0.014083
0.0151024
0.0182112
0.0210652
0.0205804
0.0190537
0.0161157
0.0172228
0.01606
0.0167245
0.0146099
0.0149452
0.0151417
0.0160616
0.0157822
0.0154076
0.0147623
0.0183541
0.0173848
0.0152065
0.0169895
0.0146527
0.0145641
0.015662
0.0158414
0.0151308
0.0151294
0.018064
0.01485
0.0153071
0.0156763
0.0147306
0.0148034
0.0144948
0.01677
0.0159542
0.0156082
0.0147692
0.0188443
0.01984
0.0210336
0.0201299
0.0163105
0.0147806
0.0169153
0.0167119
0.0160118
0.0164376
0.0150962
0.0165991
0.0181323
0.0162979
0.0159166
0.0155994
0.0168482
0.0173638
0.0162763
0.0158229
0.0153482
0.0174427
0.0186183
0.0158176
0.0162667
0.0173918
0.0196852
0.0199358
0.0173675
0.0167981
0.016005
0.0158547
0.0167041
0.0172091
0.0163315
0.0161936
0.0187
0.0275815
0.0220989
0.0227086
0.0238663
0.0209822
0.0176763
0.0171841
0.0192189
0.0185631
0.020224
0.0193506
0.0181344
0.0164897
0.0173395
0.0187037
0.0174563
0.0168045
0.0167306
0.0189372
0.0165543
0.0175541
0.0188635
0.0187248
0.0175334
0.0170798
0.0177233
0.0217041
0.0223517
0.0227161
0.023672
0.021643
0.0210655
0.021376
0.021784
0.0226461
0.0226525
0.0211216
0.0171292
0.0190265
0.016963
0.0175261
0.0191707
0.0178007
0.016989
0.0162199
0.0177513
0.0156975
0.0170274
0.0171493
0.0166766
0.0170094
0.0165747
0.0145604
0.0183094
0.0193982
0.0158976
0.0158306
0.0137699
0.013424
0.0148242
0.0195339
0.0180618
0.0186913
0.0182487
0.0175994
0.0177083
0.0179666
0.0157377
0.0152939
0.0148626
0.0146291
0.014304
0.0152645
0.0149403
0.0155757
0.0155382
0.0143458
0.0150942
0.0191228
0.0198013
0.0204551
0.0200048
0.0207939
0.0154902
0.0186713
0.0191327
0.0201065
0.0198183
0.0183242
0.0154333
0.0185839
0.0193066
0.0196007
0.0153821
0.0152376
0.016414
0.0140556
0.0154049
0.0170144
0.0160863
0.0165061
0.0166004
0.0144658
0.0153545
0.0165811
0.0159094
0.014728
0.015189
0.0189161
0.0202547
0.0208591
0.0175399
0.0170926
0.0156507
0.0173211
0.0182375
0.0164471
0.0174814
0.0182633
0.0180255
0.0173277
0.0167973
0.0181639
0.0192007
0.0283651
0.0188374
0.0208679
0.0223263
0.0221194
0.0224695
0.0217955
0.0211446
0.0211136
0.0210483
0.0215242
0.0218212
0.0202911
0.0213206
0.0159673
0.0204135
0.0213403
0.0223189
0.0225627
0.0233357
0.0213278
0.0190798
0.0178762
0.0187939
0.0200778
0.0195111
0.0182579
0.0176941
0.0183625
0.0221614
0.0231193
0.024166
0.0211256
0.0190916
0.0182464
0.0193747
0.0220591
0.0231197
0.0239908
0.0200692
0.0255816
0.0173345
0.0175621
0.0176624
0.0197391
0.0183926
0.0161301
0.0170579
0.0207074
0.021899
0.021643
0.0172316
0.0159979
0.0160988
0.0202221
0.0212108
0.0220109
0.0209032
0.0172014
0.018379
0.0204892
0.0219074
0.0223551
0.0214868
0.0183999
0.0206637
0.0213969
0.0227167
0.0222806
0.0185416
0.0208698
0.0184388
0.0197965
0.0198513
0.0168152
0.0209729
0.0228185
0.023663
0.0207831
0.0167935
0.0188176
0.0180779
0.0211165
0.0192318
0.0163391
0.0170507
0.0172316
0.0189019
0.0159167
0.0163492
0.0214871
0.0212764
0.0230902
0.0196096
0.0157641
0.014847
0.0175582
0.0167357
0.014788
0.0149361
0.0147503
0.0170465
0.0163737
0.0147457
0.0164042
0.0169711
0.0164661
0.0204869
0.0149464
0.0151449
0.0149958
0.0171632
0.0162802
0.0140508
0.0161327
0.0178481
0.0207168
0.0159564
0.0180101
0.0197867
0.0241168
0.0144017
0.014154
0.0140614
0.0161442
0.0184422
0.0184768
0.0192066
0.0156182
0.0185707
0.0136012
0.0185031
0.0134493
0.018462
0.013419
0.0185865
0.0138461
0.0142415
0.0136664
0.0182114
0.013812
0.017583
0.0135854
0.0155077
0.0138104
0.0136767
0.01887
0.0147362
0.0144868
0.0136679
0.0153435
0.0140488
0.0195866
0.0154923
0.0142275
0.0139112
0.0166915


