0.0162569
0.0453881
0.042408
0.0420913
0.0425641
0.0423963
0.0422199
0.0420656
0.0424796
0.0423753
0.0425263
0.0429617
0.0423794
0.0423539
0.041845
0.044529
0.0423915
0.0423359
0.0409217
0.0420244
0.0407407
0.0412355
0.0413674
0.0413942
0.0408899
0.0414646
0.0418626
0.0416876
0.0413971
0.0434289
0.041692
0.0414857
0.0419128
0.0417361
0.0417279
0.0412082
0.0417434
0.0413882
0.0431491
0.0409051
0.0415016
0.0409653
0.0406029
0.0417214
0.0417168
0.04141
0.0412428
0.0418739
0.0424949
0.0418975
0.0410509
0.04198
0.0416253
0.0419845
0.0413473
0.0422326
0.0411255
0.0418208
0.0411416
0.0414856
0.0410758
0.0419592
0.041921
0.0413414
0.0412976
0.0411715
0.0413857
0.0422358
0.0405559
0.0420496
0.0405644
0.0411268
0.0412263
0.0407236
0.0413436
0.0403188
0.0407215
0.0406146
0.0432316
0.040617
0.0418512
0.0412105
0.0411075
0.0405941
0.040979
0.0417928
0.040147
0.0415302
0.0405846
0.0405933
0.041305
0.0408565
0.0384092
0.0372051
0.0297681
0.015675
0.0373429
0.0354844
0.0333881
0.0172178
0.0715972
0.010765
0.0412378
0.0683771
0.0107423
0.045752
0.0708971
0.0107038
0.0443309
0.073418
0.0115595
0.0116454
0.0128687
0.0126521
0.0107765
0.0110086
0.0109715
0.0114583
0.0121564
0.0153685
0.011796
0.0131137
0.0141228
0.0120036
0.0127838
0.0158456
0.0165027
0.0158575
0.0176704
0.0187303
0.0218926
0.0206573
0.0194555
0.0198814
0.0174266
0.0177831
0.0172904
0.0192741
0.0178186
0.0187796
0.0163434
0.016893
0.0173001
0.017817
0.0168693
0.0173779
0.0173973
0.0161208
0.0154696
0.0143903
0.014559
0.0180235
0.0181989
0.0179547
0.0184609
0.014775
0.0175415
0.0153859
0.0157433
0.013462
0.0133018
0.0151161
0.0125053
0.013616
0.0163465
0.0173951
0.0175462
0.0147871
0.0143998
0.0133324
0.0133079
0.015696
0.0139512
0.0126053
0.0142004
0.0120739
0.0138359
0.0153746
0.0160484
0.0142044
0.0145006
0.0136182
0.0134097
0.0134657
0.0145353
0.0135389
0.0147038
0.014804
0.0148593
0.016846
0.0164876
0.0160086
0.0146556
0.0148473
0.0140875
0.0164297
0.0191621
0.0191099
0.0195538
0.0200694
0.0210281
0.0162472
0.0161977
0.0168055
0.0172087
0.0164418
0.0160521
0.0158113
0.0157252
0.0158394
0.0150972
0.0167983
0.0172099
0.0173476
0.0201879
0.0209601
0.0191082
0.0193464
0.0202949
0.0193694
0.0197402
0.021102
0.0203432
0.0192837
0.0197304
0.0193606
0.0188072
0.0198243
0.0215925
0.0215823
0.021534
0.0218206
0.0213523
0.0209525
0.0226177
0.0220193
0.0210564
0.0183959
0.0198021
0.0201968
0.0215359
0.0187011
0.0193795
0.0187468
0.021129
0.0185332
0.0192971
0.0186415
0.0180469
0.0272025
0.0171373
0.0162281
0.0167744
0.016071
0.0151061
0.0166106
0.0161559
0.0153765
0.0181918
0.0160054
0.0159188
0.0155749
0.0167504
0.0149405
0.014958
0.014318
0.0132868
0.0125242
0.0133318
0.0160476
0.0169759
0.0181824
0.018521
0.0177719
0.017514
0.0138525
0.0153974
0.0129648
0.0156434
0.014085
0.01456
0.0144887
0.0141648
0.0148017
0.014289
0.014489
0.0132371
0.0134534
0.0143735
0.0146002
0.0151901
0.0152202
0.0145197
0.0224535
0.0147734
0.0140998
0.0158969
0.017057
0.0191462
0.0208035
0.0176419
0.017888
0.0183685
0.0186413
0.0182256
0.0184043
0.0189035
0.0184863
0.0193661
0.0188738
0.0205927
0.0200393
0.0176971
0.0197648
0.0200591
0.0206058
0.0198135
0.020292
0.0216482
0.0223955
0.0233945
0.0241188
0.0233626
0.0245264
0.0238147
0.0239915
0.0246073
0.0250017
0.024009
0.0240535
0.0239975
0.0277689
0.0239292
0.0211886
0.0171368
0.0214127
0.0206579
0.0218025
0.0193767
0.0187493
0.0226742
0.0201496
0.0179992
0.0181622
0.0182808
0.0196459
0.0181865
0.0176284
0.0174363
0.0173806
0.0197719
0.0149598
0.0148446
0.0191079
0.0192983
0.0201826
0.0193562
0.0194084
0.0199337
0.0191143
0.0188659
0.019493
0.0186616
0.0259264
0.0191545
0.0176382
0.0125694
0.0176289
0.0181626
0.0192997
0.0197517
0.0184684
0.0205386
0.0180363
0.0143434
0.0152007
0.0178159
0.0158608
0.0164214
0.0162736
0.0156851
0.0163101
0.0156526
0.0175882
0.0151031
0.0176673
0.0174306
0.0176271
0.017831
0.0180247
0.0173576
0.0179265
0.0187016
0.0208262
0.0205863
0.0219602
0.0209116
0.0212242
0.0216089
0.0208898
0.019236
0.0186033
0.0148797
0.0135715
0.0143889
0.0149538
0.0148156
0.014264
0.0134715
0.0132448
0.012185
0.0122546
0.0166336
0.0178279
0.0175925
0.0177064
0.0143027
0.0126311
0.0141798
0.0152196
0.0125167
0.0143984
0.0151222
0.0150409
0.0150217
0.0147699
0.0159611
0.0183429
0.0135655
0.0125085
0.0125592
0.0166096
0.0170988
0.0179739
0.0172973
0.0165359
0.0172758
0.0175663
0.0179795
0.0178414
0.0165547
0.0144159
0.0170647
0.0178845
0.018158
0.0188986
0.0183596
0.0173358
0.0175772
0.0187184
0.0192162
0.0201953
0.0203971
0.0203741
0.0230258
0.0194133
0.0178271
0.0190752
0.0191568
0.0202446
0.0209093
0.0204768
0.021209
0.0206862
0.0204386
0.0215745
0.0211915
0.0368763
0.021227
0.0199721
0.0156438
0.0166758
0.0179321
0.0174877
0.021156
0.0174572
0.0182789
0.0169706
0.0176601
0.0166521
0.0179876
0.0205386
0.0213409
0.0210522
0.0226118
0.0209529
0.0240964
0.0217987
0.0214391
0.0215247
0.0210911
0.0216617
0.0182335
0.0194113
0.0192572
0.0273149
0.0177439
0.0171681
0.016373
0.0204895
0.021084
0.0223815
0.0234394
0.0224769
0.0233533
0.0222914
0.0219826
0.0222687
0.0184788
0.0192138
0.0190934
0.0190731
0.0162748
0.016816
0.0161902
0.0173392
0.0164449
0.0174574
0.0164695
0.0173791
0.0176832
0.0166349
0.016846
0.0165326
0.0163239
0.0156602
0.0182339
0.0191466
0.0170709
0.0169731
0.0203284
0.0193334
0.0166721
0.0167078
0.0164669
0.0176631
0.0186462
0.0181677
0.0176112
0.0209678
0.022512
0.0188046
0.0198953
0.0197991
0.0207691
0.0202311
0.0216953
0.0201669
0.0202539
0.0211583
0.0191961
0.0350599
0.0198351
0.0179858
0.0173951
0.0184854
0.0183269
0.0191102
0.0189018
0.0203303
0.0192027
0.0188943
0.0195387
0.0192066
0.0187074
0.0188375
0.0189784
0.0189572
0.0178632
0.0177086
0.0176192
0.0166611
0.0193126
0.0162055
0.0210248
0.0157949
0.0156884
0.0134201
0.0140124
0.0137904
0.0145989
0.0139823
0.0131951
0.0127153
0.022443
0.0121092
0.0116147
0.013369
0.0151329
0.0125026
0.0123813
0.0109444
0.00990128
0.0109799
0.0143922
0.014973
0.0141991
0.0112828
0.0102282
0.00961373
0.00878028
0.0119387
0.0106253
0.0117551
0.0126061
0.0104232
0.0114889
0.0103332
0.0111574
0.0104565
0.0127431
0.0107449
0.0124832
0.0102201
0.0122307
0.010405
0.012215
0.0111357
0.0139971
0.0143066
0.0134105
0.0122638
0.0133897
0.0132276
0.0131287
0.0116885
0.0124553
0.0163381
0.0134125
0.0126153
0.0123799
0.0127812
0.0124434
0.0127413
0.0122527
0.017426
0.0127991
0.0160036
0.0159465
0.0132905
0.013405
0.0142283
0.0139288
0.0132752
0.0142802
0.0146186
0.0150801
0.0172564
0.0138996
0.0151093
0.0152215
0.0154874
0.0160374
0.0155576
0.0157822
0.0165588
0.0153498
0.0159533
0.0166504
0.0163333
0.0159982
0.0161075
0.0169893
0.0159146
0.0156919
0.0176846
0.0187507
0.0169041
0.015203
0.0137948
0.0148146
0.0134657
0.0145734
0.0155347
0.0155678
0.0151262
0.0156306
0.0154852
0.0146076
0.014798
0.0150543
0.0122141
0.0141109
0.0163806
0.0161768
0.0133265
0.0118161
0.0122436
0.0139919
0.0139412
0.0139132
0.0124179
0.0121583
0.0119244
0.0124993
0.01326
0.0119379
0.0121283
0.0116254
0.0124883
0.0139496
0.0168755
0.0162791
0.0140861
0.0131834
0.0126186
0.0143778
0.0118627
0.0125005
0.0140078
0.0165955
0.0183501
0.0170347
0.012701
0.0140226
0.0155442
0.0177098
0.0200098
0.0142967
0.0132516
0.0148238
0.0132925
0.0138324
0.0153813
0.0135332
0.0161418
0.0189269
0.0201566
0.0192838
0.0185352
0.0144849
0.013264
0.0145161
0.0157265
0.0148449
0.0151772
0.0225559
0.0140464
0.0141163
0.0149719
0.0158218
0.0165192
0.0156443
0.0151766
0.0153837
0.0191902
0.0147924
0.0149305
0.0180664
0.0177772
0.01998
0.0180144
0.0200173
0.0191655
0.0185513
0.0157607
0.0172851
0.0161349
0.0156541
0.0152366
0.0159359
0.019157
0.0160147
0.0173566
0.0161456
0.0161657
0.017125
0.0287301
0.0209235
0.0150278
0.0161379
0.0154836
0.0162787
0.0164202
0.0172751
0.0196441
0.0183935
0.0167634
0.0173885
0.0176177
0.0178251
0.0180216
0.0174168
0.0178539
0.0221601
0.0163654
0.0159056
0.0178218
0.0201819
0.0198786
0.0207266
0.0215756
0.0210764
0.022843
0.0223406
0.0217275
0.0218959
0.0218217
0.0218494
0.0176443
0.0165232
0.0188811
0.0145753
0.0145712
0.0152412
0.0146923
0.0167722
0.01554
0.0154056
0.0178458
0.0167375
0.017333
0.0173907
0.0177655
0.0186053
0.0176765
0.0344226
0.0169522
0.0164741
0.0186333
0.0186346
0.0188071
0.0177769
0.0187748
0.018528
0.0173482
0.01906
0.0187654
0.0191783
0.0185215
0.0183922
0.0179982
0.0183041
0.017175
0.01897
0.0161157
0.0169317
0.0153935
0.0146986
0.0140538
0.0149541
0.0142798
0.013694
0.0132945
0.0133756
0.0125935
0.0120845
0.0117485
0.0134724
0.0165942
0.016339
0.0163151
0.0163777
0.0168937
0.0162473
0.0146063
0.0155749
0.0170471
0.01664
0.0228342
0.0148421
0.0114322
0.0111165
0.0110846
0.011177
0.0105764
0.00951603
0.0102769
0.0100839
0.0117354
0.0117788
0.015061
0.0148278
0.011061
0.0117453
0.0113756
0.00998113
0.0126079
0.0101089
0.0140834
0.017891
0.0159316
0.0188028
0.0154383
0.0164629
0.0158955
0.020159
0.0206814
0.0221213
0.0214266
0.0227842
0.0229398
0.0221639
0.0208107
0.0240659
0.0276907
0.0218851
0.0221712
0.0226212
0.0232247
0.0229151
0.0240854
0.0241345
0.0249027
0.0235123
0.0228638
0.0227776
0.0243114
0.0248786
0.0246737
0.025571
0.0249947
0.025483
0.0237687
0.0239715
0.0228658
0.0196897
0.0183529
0.0187399
0.0169713
0.0203728
0.0204539
0.0217512
0.0214759
0.0207869
0.0227683
0.020788
0.0197458
0.0189962
0.0191963
0.018776
0.018105
0.018078
0.0164698
0.0179303
0.0179405
0.0198618
0.0208624
0.0210839
0.0225635
0.0228516
0.0230862
0.0237674
0.0248753
0.0241494
0.0261777
0.0242376
0.022543
0.0209042
0.0189468
0.0270682
0.0211199
0.0212628
0.0206986
0.0228339
0.0236723
0.023658
0.0235614
0.0230975
0.0243828
0.0229774
0.0257815
0.0213849
0.0190544
0.0191103
0.0217544
0.0236312
0.0218462
0.0228697
0.0228834
0.0238055
0.0205561
0.0182942
0.0196271
0.0201162
0.0192334
0.0175431
0.0163774
0.0162187
0.0207631
0.0200551
0.0202339
0.0204519
0.0200028
0.0202212
0.0200423
0.0198044
0.0197365
0.0170467
0.0143256
0.0135912
0.0138761
0.0142211
0.0150714
0.0157462
0.0143927
0.015025
0.0153991
0.0139846
0.0140019
0.0130484
0.0141809
0.0160873
0.0166637
0.0162614
0.016749
0.0143417
0.0197859
0.0127726
0.0131761
0.0165642
0.0182246
0.0182635
0.01887
0.0175942
0.0171419
0.013024
0.0119178
0.0135401
0.0136435
0.0143771
0.0128241
0.0146383
0.019073
0.0188148
0.0183839
0.0184169
0.0174681
0.0177126
0.0171306
0.0151917
0.0121737
0.0141123
0.0143532
0.0143222
0.0131351
0.0125491
0.013911
0.0165825
0.0164186
0.0170397
0.0133502
0.0133825
0.0121343
0.0156702
0.0181479
0.0163675
0.0128152
0.012352
0.0124046
0.0160254
0.0170497
0.0178429
0.0177164
0.0161305
0.0119707
0.014233
0.0145665
0.0120938
0.0130844
0.0144763
0.0141022
0.0148334
0.0128088
0.0138333
0.0154656
0.0120777
0.0134412
0.0141354
0.0141053
0.0144482
0.0130283
0.0152759
0.0179761
0.0184545
0.0190965
0.018942
0.018251
0.0161655
0.0150869
0.0163588
0.0189782
0.0190781
0.0198191
0.0197023
0.018771
0.0182288
0.0145818
0.014419
0.0137388
0.0152182
0.0150095
0.0146438
0.0195029
0.0129194
0.012495
0.0137851
0.0145576
0.0155619
0.0151356
0.0148444
0.0141592
0.0150924
0.0136813
0.0156484
0.0172918
0.0189395
0.0199463
0.0200094
0.0190748
0.0163775
0.0143064
0.0168114
0.018222
0.018757
0.0185941
0.0296606
0.0175818
0.0133444
0.0179373
0.0180417
0.0192946
0.0156452
0.0156337
0.0187175
0.0138029
0.015388
0.0149468
0.0161496
0.0134818
0.0146355
0.0155353
0.0162689
0.0154875
0.0147812
0.0144111
0.0129815
0.0130092
0.0141626
0.0151146
0.0146821
0.0148802
0.0152726
0.0138438
0.0130673
0.0123058
0.0163917
0.0178379
0.0192562
0.0186614
0.0184072
0.0178373
0.0157326
0.0172075
0.0185864
0.0190963
0.0191233
0.018256
0.0173655
0.0183658
0.0127069
0.0123066
0.0151309
0.0131867
0.0123814
0.0123401
0.0209458
0.0114118
0.0114123
0.0109088
0.0120619
0.0127523
0.0125215
0.0128266
0.011974
0.0132097
0.0145148
0.0133304
0.0114258
0.0128351
0.0131164
0.0119617
0.0114896
0.0116381
0.0120942
0.0153327
0.0164879
0.0171565
0.0160289
0.0157389
0.0116421
0.0149944
0.0162714
0.0166639
0.0170545
0.0160437
0.0109017
0.0112034
0.0130523
0.014205
0.0126686
0.0114069
0.0131835
0.0132738
0.0142506
0.0126763
0.0134223
0.0142987
0.0152374
0.011912
0.0119879
0.013108
0.0144881
0.0138867
0.0147378
0.0138401
0.012615
0.0146102
0.0167288
0.0185518
0.0188263
0.0181243
0.0190851
0.0184511
0.0183549
0.0174478
0.0170683
0.0176233
0.0182716
0.020754
0.019307
0.0194169
0.0182167
0.0161239
0.0173048
0.0172242
0.0167173
0.0163272
0.0169803
0.0159065
0.0175507
0.0166757
0.0167501
0.0173686
0.0172112
0.0176134
0.0169688
0.0168882
0.0143546
0.016791
0.0166157
0.0168789
0.0167462
0.0171377
0.017303
0.0166865
0.016891
0.0154483
0.016884
0.0135974
0.0157371
0.0171136
0.0159555
0.0173341
0.0172652
0.0163054
0.0150452
0.0146441
0.0159251
0.016743
0.0182017
0.0172848
0.0186386
0.0162007
0.0157197
0.0173695
0.0185768
0.0178159
0.015123
0.0162949
0.0171604
0.0172368
0.0177195
0.0168488
0.015944
0.0156525
0.0153404
0.017072
0.015611
0.0160143
0.0166031
0.0184776
0.0181513
0.0179493
0.0200688
0.0302243
0.0173927
0.0165297
0.0182414
0.0206183
0.022533
0.0215127
0.0216079
0.0214007
0.0223626
0.022596
0.0232031
0.0224452
0.0230825
0.0227676
0.0230456
0.0218245
0.032048
0.0217427
0.0211301
0.0189986
0.0170768
0.0173712
0.017664
0.0188159
0.0190285
0.0222361
0.0224036
0.0203852
0.0210386
0.0208987
0.0212917
0.0194419
0.0206367
0.018458
0.017694
0.0220637
0.0214808
0.0227667
0.0228084
0.0233415
0.023326
0.023699
0.0242728
0.0230562
0.0238995
0.0230983
0.0241406
0.0237962
0.0238469
0.023381
0.0274139
0.0225203
0.0199988
0.0154868
0.0146843
0.0143486
0.0150817
0.0176154
0.0168463
0.0159445
0.0158868
0.0162883
0.015667
0.0157486
0.0159255
0.0156859
0.0154342
0.0146071
0.01395
0.0157342
0.0175992
0.0188735
0.0185862
0.0194971
0.0203031
0.0204755
0.0202769
0.0177536
0.0187429
0.0166591
0.0174424
0.0188828
0.0188673
0.0190231
0.0194483
0.0192751
0.0187268
0.0187614
0.018558
0.0174337
0.0174894
0.0181537
0.0196368
0.0191067
0.0202103
0.0197615
0.0197167
0.0191288
0.0162284
0.0188257
0.0176817
0.0181411
0.0157063
0.0173659
0.0192499
0.0194765
0.0192566
0.018878
0.0187681
0.0158513
0.0186858
0.0173047
0.0172713
0.018189
0.0175965
0.0179744
0.0173938
0.0164637
0.0162441
0.0156177
0.0202248
0.0180641
0.0203912
0.0186291
0.0188107
0.0170011
0.017496
0.0171748
0.0169566
0.0181211
0.0188229
0.0190133
0.0188836
0.0195914
0.0193478
0.0195684
0.0210214
0.0221625
0.0232903
0.0226261
0.0225652
0.0224883
0.023234
0.0230446
0.0231275
0.0228902
0.0238908
0.0228188
0.0232251
0.0222648
0.0406381
0.021667
0.0213791
0.0210416
0.0216942
0.0270796
0.0232806
0.0236074
0.0240391
0.0278475
0.0251815
0.0254877
0.0276365
0.0258232
0.0269289
0.0221591
0.0238606
0.0216511
0.0246933
0.0206089
0.0211875
0.0201088
0.0216433
0.0213436
0.0206146
0.0189495
0.017638
0.021998
0.028047
0.0221929
0.0214115
0.0228947
0.0229422
0.0223348
0.0215186
0.0211313
0.0205378
0.0212228
0.0202622
0.0194697
0.0196
0.0187425
0.0371555
0.0185289
0.0168564
0.0161564
0.0155002
0.0172985
0.017938
0.0183555
0.017956
0.0170444
0.0167679
0.014281
0.0156635
0.0165619
0.0166549
0.0154194
0.0156632
0.0146761
0.0155346
0.0152944
0.0155197
0.015866
0.0157975
0.0167722
0.0167581
0.0144074
0.0144683
0.0149343
0.0162185
0.0156218
0.0158069
0.0171825
0.0158245
0.0161789
0.0189067
0.0157114
0.0151553
0.0179043
0.0205077
0.0198473
0.0215536
0.0217103
0.0218803
0.0227175
0.0232357
0.0237344
0.0220209
0.0232726
0.0350987
0.0235507
0.0250873
0.0229743
0.0205537
0.0206586
0.0206263
0.0218767
0.0199114
0.0212287
0.020762
0.0220339
0.0222382
0.0203178
0.021766
0.0244037
0.0268666
0.0244764
0.0244019
0.0275085
0.0248064
0.0274813
0.0275686
0.0251361
0.0264448
0.0241205
0.024942
0.0218497
0.0230785
0.0225186
0.022601
0.0214779
0.0214482
0.021425
0.016968
0.0192877
0.0207974
0.0206417
0.020769
0.0198961
0.0218262
0.0200053
0.019013
0.0204638
0.0209062
0.0207223
0.021016
0.0234892
0.0220762
0.0230425
0.0227541
0.0224963
0.0215966
0.0237362
0.0222312
0.0214908
0.0221507
0.0217067
0.0202921
0.0206063
0.0198459
0.0204954
0.0225723
0.0292752
0.0229815
0.023031
0.0229024
0.0245369
0.0245623
0.0234825
0.0234978
0.0232159
0.0242997
0.0248766
0.0242126
0.023752
0.024342
0.0236942
0.0235224
0.0230565
0.0235453
0.0237469
0.0230698
0.0239346
0.0194039
0.0187408
0.0172798
0.0186298
0.0187645
0.0197191
0.0205037
0.0236345
0.0201941
0.0201093
0.0192648
0.0190707
0.0200549
0.020091
0.0196865
0.0190849
0.0189869
0.0183504
0.020927
0.0176707
0.0170608
0.0187271
0.0174886
0.0166485
0.0175269
0.017532
0.0187821
0.0193327
0.0180371
0.0177973
0.017302
0.017615
0.0173611
0.0181123
0.017381
0.0176342
0.0177152
0.0175794
0.0167362
0.0164698
0.0162956
0.0162937
0.0161754
0.0176608
0.0184351
0.0173161
0.0168404
0.0168333
0.0155118
0.0161865
0.0152909
0.0149527
0.0181499
0.0200103
0.0208655
0.020577
0.0206897
0.0188877
0.0190608
0.0194858
0.0201304
0.0217453
0.0208591
0.0195806
0.0189501
0.0183582
0.0199237
0.0198816
0.0193369
0.0186978
0.0170248
0.0172662
0.0172413
0.0172882
0.0172183
0.0165555
0.0172541
0.0179175
0.017198
0.0147733
0.0177109
0.0171855
0.0175682
0.0175891
0.0174754
0.0180679
0.0172512
0.0173087
0.016398
0.0173582
0.0116317
0.0123696
0.0120248
0.012056
0.0118665
0.0117376
0.0130714
0.0127547
0.0127108
0.0119023
0.0118159
0.0130596
0.0137526
0.0189037
0.0117108
0.0117059
0.0134304
0.0134797
0.0164876
0.0117241
0.0116384
0.0131286
0.0133173
0.0123271
0.0118108
0.0116008
0.0131643
0.0117665
0.0112423
0.0159396
0.0169695
0.0226939
0.0123202
0.0116866
0.0130642
0.0158236
0.0122451
0.0119676
0.0128973
0.0126804
0.0125586
0.0137815
0.0162003
0.0175613
0.0176624
0.0226387
0.0126329
0.016647
0.0172647
0.0178843
0.0169856
0.0135512
0.0119687
0.0125129
0.012327
0.0144391
0.0134809
0.013069
0.0127685
0.0123537
0.0112682
0.0112958
0.0114184
0.0118903
0.012061
0.0112972
0.0108082
0.0151454
0.0164596
0.016851
0.0165718
0.0157299
0.0157698
0.0158705
0.0159026
0.0166674
0.0162094
0.0163883
0.015969
0.0132814
0.0128104
0.0139489
0.0146435
0.0143606
0.0137592
0.0124861
0.0148451
0.0173239
0.0185656
0.0197038
0.0192987
0.0195701
0.018831
0.0187635
0.0154706
0.016312
0.0165816
0.0161205
0.0142435
0.0182923
0.0193482
0.0198114
0.0199047
0.0191699
0.0201865
0.020005
0.0191815
0.0266019
0.0180459
0.016086
0.0190082
0.0198622
0.0204168
0.021097
0.0209775
0.021738
0.0231542
0.0217002
0.0222794
0.0199982
0.0162115
0.0186513
0.0172457
0.0194073
0.0191621
0.0184371
0.0193311
0.018923
0.0183531
0.0179638
0.0171366
0.0168883
0.0194877
0.0188288
0.0176363
0.0183481
0.0193327
0.0189676
0.0202654
0.0189921
0.018399
0.0189009
0.0188997
0.0189684
0.0195851
0.0179333
0.0173072
0.0222903
0.024693
0.0247345
0.0245589
0.023889
0.0242813
0.0241503
0.0239374
0.0237592
0.0210954
0.0188159
0.0195736
0.0202213
0.0200915
0.020562
0.0186901
0.0194794
0.0202814
0.0204174
0.0211914
0.0201704
0.0201926
0.0203983
0.0203838
0.0207428
0.0197811
0.0207806
0.0205088
0.0339471
0.0201519
0.0188427
0.0181173
0.0180876
0.0192466
0.019756
0.020701
0.0198541
0.0207658
0.0209246
0.0202179
0.0199938
0.0197484
0.0199772
0.0205399
0.0198805
0.0320418
0.0198234
0.0186311
0.0179324
0.0182687
0.0180562
0.0186315
0.0199312
0.0195918
0.0194966
0.0196689
0.0200846
0.0203705
0.0201626
0.0197525
0.0203607
0.0205539
0.019157
0.0193677
0.0182509
0.0187163
0.0192431
0.0191948
0.0209496
0.0199428
0.0200359
0.0204546
0.0224159
0.0201948
0.0216938
0.0216761
0.0200922
0.0209902
0.0209229
0.0246945
0.0188463
0.0201689
0.0231131
0.022557
0.0236431
0.0205614
0.0206875
0.0232182
0.0227881
0.0203574
0.0218944
0.0208078
0.0220683
0.0214054
0.0213005
0.020636
0.0209367
0.0226582
0.0187735
0.020328
0.0190059
0.0190067
0.0201899
0.0200281
0.0200218
0.0243446
0.0213603
0.0211496
0.0245726
0.0207088
0.0207571
0.0203718
0.0212258
0.0207916
0.0365068
0.020459
0.0194741
0.0185543
0.0223858
0.0228814
0.0236349
0.0237601
0.0241352
0.0242918
0.0250882
0.024444
0.0257334
0.023721
0.0250614
0.0240729
0.0228782
0.0250166
0.0227978
0.0180979
0.0180101
0.0172179
0.0188366
0.0191828
0.0191971
0.0196416
0.019064
0.0202651
0.0186785
0.0183756
0.0189036
0.0184962
0.0337287
0.0172396
0.0166877
0.0165601
0.0208648
0.020617
0.0220782
0.0231005
0.0218188
0.0203339
0.0202072
0.017907
0.0173413
0.0180918
0.0178437
0.0186927
0.0160086
0.0164396
0.016665
0.0170659
0.0178001
0.0182233
0.0186829
0.0188012
0.0197388
0.0189349
0.0183816
0.0185064
0.0184963
0.0169826
0.0168096
0.0174898
0.0172848
0.0174658
0.0172051
0.0181897
0.0188581
0.017239
0.0172523
0.0173276
0.0174631
0.0176565
0.0168131
0.0163337
0.0158179
0.0150778
0.0163857
0.0191306
0.019752
0.0200347
0.0203638
0.0155977
0.0176701
0.0181887
0.0142518
0.014515
0.0141966
0.013499
0.0177862
0.0175594
0.0138889
0.0142398
0.0145221
0.0246135
0.0133042
0.0129756
0.0131836
0.0137535
0.0160108
0.0146862
0.0141597
0.0146328
0.0122544
0.0125412
0.0166766
0.0178062
0.0182902
0.0186015
0.0181839
0.0180427
0.0177149
0.0129406
0.0157593
0.017012
0.014132
0.0152121
0.0150222
0.0154759
0.0192258
0.0146668
0.0142107
0.0146087
0.0155533
0.0156052
0.0163806
0.0172001
0.0178385
0.0163124
0.0156744
0.0165572
0.0169433
0.0171984
0.0172505
0.0265771
0.0161464
0.015249
0.0185781
0.017688
0.0184957
0.0189801
0.0183912
0.0185463
0.0185399
0.0172695
0.0186188
0.0192619
0.0183642
0.0184782
0.0183711
0.0184846
0.0191115
0.0185094
0.0185633
0.0183027
0.0199562
0.0183902
0.0184422
0.0175449
0.0185334
0.0183039
0.0201275
0.0205052
0.020923
0.021145
0.0234889
0.0213795
0.0210852
0.0208814
0.0208757
0.0215637
0.0168825
0.0161981
0.0169228
0.01752
0.0175253
0.0178544
0.0172335
0.0172624
0.016978
0.0192614
0.0205391
0.0180415
0.0197003
0.0200675
0.0221667
0.0210586
0.0226617
0.021505
0.0212529
0.0224813
0.0226714
0.0198565
0.0163715
0.0155148
0.0159809
0.0165512
0.0174142
0.0174297
0.0173028
0.0183732
0.0172535
0.0179523
0.0168874
0.0163277
0.0190524
0.0213059
0.0221012
0.0229469
0.023128
0.0231116
0.0216087
0.0186322
0.0285365
0.016968
0.0163837
0.0168345
0.0179784
0.0179518
0.0181224
0.0184932
0.0187623
0.0185053
0.0193924
0.0186029
0.0183467
0.0183678
0.0198616
0.0211475
0.023246
0.0230747
0.0230444
0.0236996
0.0231696
0.0229254
0.0231319
0.0219976
0.028458
0.0216053
0.0208931
0.0185618
0.0182497
0.0173171
0.0199359
0.0191536
0.0199206
0.0214283
0.0204127
0.0189964
0.0192421
0.0195022
0.0183606
0.0195486
0.0187549
0.0187579
0.0183499
0.0188385
0.0194996
0.0202575
0.0201151
0.02358
0.0226833
0.0220488
0.022361
0.0203661
0.0207745
0.0215074
0.029057
0.0219279
0.0206147
0.0198457
0.0211214
0.0204732
0.0202126
0.0206294
0.0207813
0.0202111
0.0217543
0.0221526
0.0210623
0.0215412
0.0211503
0.0206657
0.0210115
0.0208181
0.0191296
0.018669
0.0197897
0.0190552
0.0205793
0.0209226
0.0212635
0.0207432
0.0211549
0.0214425
0.0206822
0.021638
0.0219896
0.0200681
0.0198688
0.02099
0.019189
0.0207791
0.0200993
0.0217851
0.0199336
0.0200668
0.0229852
0.0222656
0.0241157
0.0239753
0.0247111
0.0253327
0.0250759
0.027092
0.0251204
0.0250317
0.0242738
0.0248488
0.0230426
0.0233287
0.0234129
0.0240787
0.0241349
0.0256605
0.0263004
0.0248202
0.025706
0.0273
0.0249171
0.0251695
0.0249228
0.0268289
0.0228348
0.0204181
0.0228605
0.0230541
0.0245368
0.0250044
0.0251656
0.0254412
0.0262879
0.026878
0.0249364
0.025251
0.0249153
0.0245389
0.0250557
0.023219
0.0196074
0.0200381
0.0195865
0.0199047
0.0204632
0.0224736
0.0235414
0.0212439
0.0212293
0.0210637
0.0210005
0.0214693
0.0216042
0.0223272
0.0215638
0.0212674
0.020306
0.0237959
0.0200022
0.0207935
0.0195275
0.0198175
0.0199611
0.0206452
0.0203697
0.0251432
0.0207599
0.0221095
0.0214084
0.0221719
0.0209072
0.0216755
0.0210415
0.0224129
0.0218282
0.0221574
0.0210553
0.0252134
0.0199148
0.0201855
0.0246715
0.0240215
0.0249519
0.0248525
0.0250717
0.0279938
0.0257582
0.0260101
0.0256135
0.0243408
0.026451
0.025165
0.026134
0.0253523
0.0257555
0.024628
0.024728
0.0251786
0.0226013
0.02185
0.0198401
0.0201994
0.0204306
0.0197835
0.0175662
0.0168286
0.0180451
0.0176672
0.017367
0.0208625
0.0192361
0.0177559
0.0199366
0.0191542
0.0190249
0.0189913
0.0181104
0.0196069
0.0176107
0.0182061
0.0170397
0.0176569
0.0178264
0.0188614
0.0195899
0.0191236
0.0184728
0.0210834
0.0191891
0.0187595
0.0178073
0.0203449
0.0170191
0.0169374
0.0172336
0.0179436
0.0183923
0.0186179
0.0192059
0.018648
0.0186962
0.0196334
0.0196378
0.019431
0.0180999
0.0240916
0.0233988
0.0173723
0.018349
0.020865
0.021705
0.0218349
0.0225903
0.0227842
0.022458
0.0225042
0.0230612
0.0233634
0.0222748
0.020157
0.0168921
0.016565
0.0192949
0.0182691
0.0175371
0.0182604
0.0179783
0.0180156
0.0170021
0.0165937
0.0156944
0.01565
0.0147937
0.0146337
0.0163841
0.0165461
0.015937
0.0159146
0.0149581
0.0165086
0.0192161
0.0193593
0.0211763
0.0205756
0.021161
0.0200281
0.0199099
0.0165644
0.0144559
0.0148674
0.0159285
0.0152002
0.0147068
0.0146028
0.0149594
0.0180681
0.0194523
0.0202967
0.0197322
0.0192812
0.0187664
0.0148458
0.0187048
0.0203334
0.0203755
0.0178934
0.0150082
0.0177142
0.0167573
0.0150865
0.015921
0.0164796
0.0159275
0.015159
0.015562
0.0201539
0.0203043
0.0204749
0.0218785
0.0191245
0.015117
0.0193639
0.0203594
0.0218674
0.0210216
0.0197413
0.0150452
0.0186964
0.0159097
0.016452
0.0173638
0.0160706
0.0157963
0.0164744
0.0203343
0.0213341
0.0216473
0.0199807
0.0197254
0.0174794
0.0182732
0.0195756
0.0214222
0.0220867
0.0226492
0.0184942
0.018632
0.015448
0.016655
0.0167436
0.0168695
0.0166036
0.0160095
0.0201859
0.0215784
0.0200091
0.0168991
0.019108
0.0216661
0.0209314
0.0188762
0.0186396
0.0201105
0.0209561
0.020382
0.01925
0.016735
0.0146142
0.0163136
0.0173958
0.0160354
0.0149768
0.014639
0.0187093
0.0199047
0.021735
0.0210107
0.0207452
0.0189831
0.0145159
0.018529
0.0198874
0.0202499
0.0206112
0.0201368
0.0195835
0.0186846
0.0148271
0.0130963
0.0145857
0.0150132
0.0160431
0.0142589
0.0139974
0.0135685
0.0132749
0.0142198
0.0149821
0.0148717
0.0152201
0.0140826
0.0213358
0.0134416
0.0129449
0.014627
0.0170585
0.0160016
0.0151159
0.0155321
0.014392
0.0135492
0.0153207
0.0173292
0.0186174
0.0194531
0.0179865
0.0193292
0.0176129
0.0168761
0.0147736
0.0122703
0.0164815
0.0140719
0.0140759
0.0150737
0.0131096
0.0150288
0.0181593
0.0152011
0.0153793
0.01491
0.0163838
0.0149957
0.0139479
0.0143538
0.0175006
0.0186065
0.0200608
0.0190567
0.0199096
0.0205343
0.0197688
0.019085
0.016406
0.0147554
0.0164033
0.0161326
0.0161668
0.0163613
0.0156911
0.0155024
0.015505
0.0146815
0.0167609
0.01744
0.0179462
0.0152549
0.0160445
0.0157976
0.0160015
0.0173815
0.0139718
0.0132885
0.0173564
0.0192836
0.0194995
0.0201284
0.020454
0.0194356
0.0190215
0.0264438
0.0186963
0.014585
0.0146965
0.0155294
0.0172702
0.0173508
0.017447
0.0166385
0.0163763
0.0167879
0.0156389
0.0148366
0.0171004
0.0189341
0.019951
0.0200548
0.0204856
0.0215163
0.0209728
0.0218157
0.0211995
0.0212167
0.0222851
0.0212824
0.0405673
0.017074
0.0152832
0.0146447
0.0137539
0.0151012
0.0151562
0.0156635
0.0160746
0.0159257
0.0159587
0.0188357
0.0156732
0.0143782
0.0168081
0.0147993
0.0160605
0.0159852
0.0170226
0.0177196
0.0186646
0.0184543
0.0185827
0.0162294
0.0159475
0.0172045
0.0162539
0.0176035
0.0178323
0.0188278
0.0189994
0.0205778
0.0183004
0.0196792
0.0198489
0.0182711
0.0175731
0.0169567
0.0171299
0.0168951
0.0167538
0.0178526
0.0176754
0.0198447
0.018263
0.0182137
0.0177869
0.0191512
0.0189345
0.0191754
0.0188451
0.0321926
0.0202227
0.0181533
0.0177568
0.0174901
0.0175019
0.0186941
0.0190871
0.0196574
0.0204144
0.0215257
0.0203836
0.0208544
0.0209224
0.0214067
0.0205015
0.0203687
0.0195495
0.0204973
0.0220146
0.022582
0.0218886
0.0221733
0.0221412
0.0219163
0.0222317
0.0222357
0.0225762
0.0213216
0.0197441
0.0191476
0.0203166
0.0199729
0.0213385
0.0212816
0.0211052
0.0227637
0.0208508
0.0214192
0.0220379
0.0202764
0.019751
0.0237176
0.0212232
0.021329
0.0221293
0.0217909
0.023234
0.0209175
0.0237134
0.0216183
0.0252668
0.021628
0.0219096
0.0225056
0.0229804
0.0212988
0.0199302
0.019407
0.0190932
0.0187567
0.0235482
0.0236009
0.0242731
0.0255349
0.0254983
0.0259836
0.0251606
0.0249988
0.024935
0.0253685
0.0269996
0.0236286
0.021312
0.0236325
0.0234487
0.0238427
0.0250332
0.0238745
0.0245173
0.0246716
0.0232826
0.0232519
0.0221929
0.0227746
0.0212088
0.0184143
0.019818
0.0223945
0.0209733
0.0209153
0.0215034
0.0210138
0.0211827
0.021208
0.0290125
0.0212259
0.0198549
0.0161384
0.0191388
0.0226377
0.0212726
0.0221645
0.023338
0.0222801
0.0211513
0.034747
0.0240594
0.019796
0.0171161
0.0182509
0.0193176
0.0199852
0.0210944
0.021432
0.0207155
0.0195885
0.0182637
0.0141435
0.0165188
0.0150853
0.0164415
0.0157306
0.0157209
0.0144128
0.0141149
0.0181017
0.0201081
0.0204683
0.0200918
0.0186272
0.0166798
0.0163922
0.0153837
0.0164549
0.0166276
0.0169133
0.0168779
0.0164845
0.0163901
0.0164798
0.0171429
0.0168766
0.0156674
0.0161915
0.0164941
0.0152392
0.0150989
0.0162573
0.0136958
0.0159763
0.0173267
0.0149164
0.0152254
0.0175886
0.0158998
0.0171767
0.0171551
0.0172881
0.0185029
0.0190317
0.0168285
0.015919
0.0168854
0.0171851
0.0165499
0.0167933
0.0169393
0.0174622
0.0173534
0.0170469
0.0159177
0.0170946
0.0170838
0.0172282
0.0173092
0.0175068
0.017301
0.0190902
0.0161899
0.0169189
0.0170723
0.0171616
0.0171701
0.0160185


