0.0128731
0.0197548
0.0341326
0.0190668
0.0582441
47.3194
0.0341847
0.0868401
0.482385
0.378945
0.109224
0.0403214
112.429
1.93141
0.101105
0.173948
0.0852652
2.39384
0.0439444
0.0372913
0.0682925
0.027492
0.0409546
0.0269306
0.0397763
0.0279599
0.0276241
0.0363572
0.0340607
0.0273232
0.102192
0.989925
0.0269696
0.0478875
0.0242206
0.0336558
0.0293215
0.0360081
0.0250203
0.024035
0.0302401
0.0349363
0.0293331
0.0371698
0.0971403
0.0816322
0.0529127
0.0362467
0.0367077
0.125408
0.145329
0.505309
0.429699
0.0545273
3.16126
2.00658
0.0279932
0.046902
3.81102
0.274361
0.0703862
317.066
0.0389522
0.0646535
0.388928
0.0281152
0.0181846
0.194516
0.0587335
0.0300935
0.0391335
0.0403236
0.0415102
0.0342062
0.0456869
0.0339067
0.0294651
0.0406305
0.0421484
0.0215672
0.0231426
0.0295496
0.0259178
0.0245698
0.0210799
0.0254823
0.0283187
0.0184749
0.0236047
0.0270055
0.0234519
0.0260264
0.0188047
0.0192767
0.0198694
0.0211814
0.021617
0.0227936
0.0181759
0.0218498
0.0218387
0.0273386
0.0207697
0.0215801
0.0213169
0.021587
0.0193463
0.0228342
0.0201507
0.0217211
0.0221352
0.02279
0.0212531
0.0207663
0.02266
0.0228396
0.0230058
0.0211298
0.021563
0.0231359
0.0227091
0.0207443
0.0213841
0.0221287
0.019854
0.0207596
0.0203588
0.0215289
0.0392359
0.0255949
0.0224635
0.0226823
0.0208143
0.0211455
0.0204896
0.0242804
0.0227647
0.0213915
0.023678
0.0220881
0.0210252
0.0221591
0.0239152
0.0222134
0.0213411
0.0230879
0.0238307
0.022794
0.0217103
0.0220217
0.0219367
0.0215859
0.0217042
0.0253131
0.0230609
0.0204201
0.0221012
0.0202021
0.0202035
0.0214124
0.0191302
0.0209759
0.0198203
0.0197117
0.0197045
0.0211825
0.022511
0.0203642
0.0207334
0.0219332
0.0230362
0.019261
0.0230459
0.0209341
0.0184281
0.0209396
0.0195335
0.0223816
0.0195755
0.0224122
0.0188054
0.0208302
0.0218781
0.0213445
0.0202545
0.0197924
0.0205414
0.0195273
0.0216512
0.0223562
0.0223774
0.02234
0.0219947
0.0197787
0.0217634
0.0231587
0.0213483
0.021235
0.0252455
0.0234709
0.0225775
0.0214051
0.0207856
0.0224592
0.0201328
0.0230991
0.0219906
0.0210011
0.0250827
0.0228548
0.0203052
0.0241877
0.0222381
0.0195969
0.0234775
0.0227927
0.0232431
0.0218967
0.0207142
0.0204958
0.0206194
0.021056
0.0210547
0.0212949
0.0258082
0.020857
0.0226009
0.0225571
0.0224061
0.019814
0.0217824
0.0195234
0.0206226
0.0218723
0.020496
0.0198201
0.0197119
0.020739
0.0209352
0.0197376
0.0187756
0.0197991
0.0215514
0.021904
0.0239798
0.023088
0.0223176
0.0210031
0.0217416
0.0202219
0.0236748
0.0223999
0.0206973
0.0218602
0.0179306
0.0167067
0.0196974
0.0199783
0.0224403
0.0220892
0.0209076
0.0210961
0.0229513
0.0224592
0.0239161
0.0239464
0.0211157
0.0221194
0.0217117
0.0220912
0.0235329
0.0194121
0.0232195
0.0227092
0.0227485
0.021905
0.0233556
0.0223286
0.0227114
0.0220654
0.0232894
0.0239571
0.0258732
0.0232083
0.0224482
0.0239565
0.0256682
0.0245049
0.0248717
0.0249879
0.0247852
0.0239484
0.023033
0.0218545
0.0244288
0.0239691
0.0246398
0.0225261
0.0250491
0.0219769
0.0251278
0.0236948
0.0243171
0.0223977
0.0251393
0.0242374
0.0251407
0.0246112
0.0243445
0.0221042
0.0260133
0.0218123
0.0236395
0.023646
0.0252165
0.02445
0.0239745
0.0244522
0.023696
0.0232858
0.0225888
0.0228352
0.0232208
0.022938
0.0205768
0.0236229
0.0245425
0.0232398
0.0232718
0.0220458
0.0222966
0.0214662
0.0224107
0.0232636
0.0226706
0.0210506
0.0222049
0.0225599
0.0213775
0.0210265
0.0212
0.0226422
0.0195229
0.0228766
0.0211019
0.0206901
0.0200913
0.0203576
0.0208263
0.0207106
0.0194094
0.0225361
0.0224413
0.0198636
0.021422
0.0226284
0.0232252
0.0235055
0.0221844
0.0195717
0.0195895
0.0213656
0.023404
0.0226172
0.0219686
0.0226136
0.023132
0.0210365
0.0229645
0.0226452
0.0238847
0.023613
0.020244
0.0207661
0.0215646
0.0203115
0.0233764
0.0235471
0.0215079
0.0246361
0.0232046
0.0253494
0.0258021
0.0248721
0.0255
0.0259447
0.0229205
0.0233093
0.022122
0.0241168
0.0256001
0.022636
0.0244703
0.0250862
0.0228947
0.0213637
0.0222191
0.0242342
0.0241487
0.022912
0.0243264
0.0239348
0.0233537
0.0212062
0.0220815
0.0217799
0.0231086
0.0217617
0.0220152
0.0230332
0.0227965
0.0236942
0.024947
0.022735
0.0244756
0.020864
0.0211954
0.0237774
0.0241156
0.0213857
0.0220498
0.0227489
0.0217901
0.0243142
0.0217064
0.0258416
0.0229511
0.0240147
0.0229435
0.0238833
0.0222859
0.0217997
0.0241154
0.0228076
0.0205558
0.0231881
0.022045
0.0195083
0.0236893
0.0243607
0.0226074
0.0232258
0.0233895
0.0208157
0.0225813
0.0237354
0.0210967
0.0207165
0.0228038
0.0239759
0.0235121
0.0229779
0.0237195
0.0253418
0.0216479
0.0232052
0.0248481
0.0216447
0.0231474
0.023755
0.0217866
0.0234285
0.0256792
0.0280563
0.0253025
0.0231725
0.0235467
0.0247326
0.0264359
0.0260134
0.0248026
0.027142
0.0262122
0.0274221
0.0262934
0.0236623
0.0255656
0.0247922
0.0248162
0.0263963
0.0247549
0.0221379
0.0264843
0.0243862
0.0242112
0.0226802
0.0260492
0.0215257
0.0224749
0.025021
0.0246155
0.0234753
0.024367
0.0259508
0.0223925
0.0239416
0.0261138
0.0258549
0.0259286
0.0244552
0.0270032
0.0234614
0.0278367
0.0277865
0.0281442
0.030732
0.0270848
0.0245849
0.0269523
0.0267023
0.0265537
0.0301429
0.0260442
0.0259845
0.0261242
0.0233224
0.0246104
0.0259915
0.0267396
0.0261128
0.0233484
0.0253131
0.0271283
0.027598
0.0276369
0.0288978
0.0254807
0.0277977
0.0278024
0.0247693
0.0264211
0.0264309
0.0258192
0.02463
0.0263793
0.0243605
0.024946
0.0249997
0.0271106
0.026711
0.0278027
0.0243302
0.026164
0.0269154
0.0292804
0.027562
0.0233066
0.0254692
0.0269205
0.0243563
0.025066
0.0263841
0.027281
0.0245458
0.0254271
0.0259939
0.0232923
0.0245968
0.0255146
0.0297186
0.0250819
0.0325265
0.0278706
0.0285384
0.0244535
0.024258
0.0261191
0.0254099
0.0247132
0.0214227
0.0235195
0.0244309
0.0235652
0.0217742
0.023297
0.0254979
0.0223015
0.0208083
0.0217776
0.0270094
0.0239279
0.0228294
0.0238796
0.0228996
0.0239189
0.0234547
0.0244527
0.0233639
0.0196434
0.0195204
0.0197964
0.0227483
0.0239573
0.0225585
0.0240869
0.0230681
0.0219927
0.0219918
0.0203944
0.020572
0.022448
0.0230444
0.0221161
0.0219763
0.020738
0.020808
0.0199706
0.0224667
0.0223728
0.0205314
0.0190032
0.0201597
0.0184774
0.0225513
0.0220902
0.0217091
0.0210674
0.0210186
0.018457
0.0218342
0.0214559
0.0199697
0.019979
0.020035
0.0222351
0.0233929
0.0212618
0.0208363
0.0213587
0.0234961
0.0225527
0.0229931
0.0236021
0.0207912
0.0206784
0.0210881
0.0213329
0.0209518
0.0201965
0.0221044
0.0200934
0.0191027
0.0205383
0.0231093
0.0223424
0.0210343
0.0212834
0.0223086
0.0248766
0.0228708
0.0233073
0.022325
0.0236374
0.0244605
0.0231862
0.025276
0.0236966
0.0216001
0.0230991
0.0213811
0.021882
0.0212601
0.020725
0.0219054
0.0194317
0.0226371
0.0217997
0.0202581
0.02015
0.0232407
0.0229797
0.0230595
0.0219218
0.0240113
0.0245492
0.0209949
0.0195764
0.0235771
0.0205594
0.0224218
0.020479
0.021223
0.0206081
0.0205411
0.0206415
0.0224177
0.0227621
0.0229242
0.026626
0.0230231
0.0254151
0.0247141
0.0239493
0.0213073
0.0223295
0.0211744
0.0212628
0.0237473
0.0234942
0.0206753
0.0230475
0.0230218
0.0202609
0.0206952
0.0209715
0.0233953
0.019658
0.0224741
0.0213582
0.0245069
0.0265189
0.0254288
0.0256681
0.0248659
0.0245027
0.0233057
0.0249531
0.0250485
0.0246649
0.0244895
0.0230167
0.021621
0.0245529
0.0248232
0.0234193
0.0242484
0.0244266
0.0219279
0.022785
0.0220033
0.0280509
0.0249901
0.0264178
0.0245621
0.0265034
0.0252504
0.0256342
0.0273581
0.0250772
0.0240338
0.0247726
0.0250852
0.024504
0.023193
0.0249917
0.032226
0.0216802
0.0250617
0.0235044
0.0291787
0.0217371
0.0234676
0.0255646
0.026508
0.025384
0.0236509
0.0233586
0.0230592
0.0225376
0.0226584
0.0227333
0.0233171
0.0247043
0.0215645
0.0248456
0.0262958
0.0237486
0.0271513
0.0258173
0.0275112
0.0248723
0.0239399
0.021766
0.0254549
0.0245801
0.0222701
0.025728
0.0245363
0.0226325
0.0243245
0.0267499
0.0256425
0.0225476
0.0260247
0.0262437
0.0263707
0.0263634
0.0251299
0.0234648
0.024835
0.0270631
0.0215161
0.025372
0.0238586
0.0228471
0.0215138
0.0253401
0.0247429
0.0243903
0.0244111
0.0250362
0.0231713
0.0242538
0.0247032
0.0262153
0.0248059
0.0218363
0.0232975
0.0245499
0.0215322
0.0267911
0.0242909
0.021888
0.0252786
0.0256261
0.0246972
0.0276919
0.0258028
0.024579
0.0256348
0.0224601
0.0280583
0.0249316
0.0261819
0.0242369
0.025274
0.0255349
0.0296237
0.0261482
0.0257678
0.0255863
0.0255325
0.0244357
0.0283621
0.0257392
0.0244758
0.0247594
0.0250816
0.0273527
0.0236678
0.0265779
0.0241103
0.0263385
0.0211987
0.0238872
0.0226118
0.0243988
0.0256759
0.021924
0.0264222
0.0226397
0.0235024
0.0235374
0.0228383
0.0220459
0.0210816
0.0204938
0.0237723
0.023842
0.023799
0.0198331
0.0210595
0.0224946
0.0213384
0.022005
0.0208219
0.0189228
0.0226139
0.0229708
0.0240513
0.0225442
0.0210177
0.0229532
0.0205068
0.0219636
0.019954
0.0187625
0.0185467
0.0241153
0.0229894
0.0202382
0.0198876
0.021793
0.0211749
0.0200737
0.018395
0.0215194
0.0205148
0.0212663
0.0196546
0.0194824
0.0205776
0.0192432
0.0193521
0.0209708
0.0187828
0.0199752
0.0182119
0.0181699
0.021893
0.0209147
0.0220071
0.0222898
0.0200102
0.0214696
0.0202356
0.0199795
0.0185769
0.0191858
0.0196051
0.0196413
0.0210585
0.0214389
0.0205836
0.0202173
0.0243575
0.02483
0.0261189
0.0223039
0.0244035
0.0229506
0.0263185
0.024291
0.0258353
0.022219
0.0235707
0.0249178
0.0240181
0.0236924
0.0238463
0.0207132
0.0220488
0.0200966
0.0203706
0.019481
0.0198235
0.0222244
0.0238899
0.0215773
0.0252793
0.0238667
0.0235909
0.0250954
0.0251184
0.0253419
0.0237198
0.0249687
0.0295472
0.0285672
0.0244703
0.0249471
0.0265509
0.0264968
0.0253654
0.0250562
0.0253309
0.024467
0.0251753
0.0256804
0.0273867
0.0278853
0.0293732
0.0284171
0.0239408
0.0257086
0.0263043
0.0288704
0.0255702
0.0260104
0.0270805
0.0247509
0.0260472
0.0271215
0.0283247
0.0253211
0.027094
0.0233713
0.0267822
0.0300244
0.0245776
0.022035
0.023673
0.0257019
0.0239376
0.0256618
0.0254907
0.0256236
0.0259969
0.0252349
0.0232136
0.0259323
0.0232459
0.0236698
0.0245386
0.0248812
0.0252593
0.0248705
0.0250208
0.0228092
0.025671
0.0237914
0.0218159
0.026087
0.0221422
0.0224741
0.0243307
0.0221802
0.0232963
0.0221148
0.0215929
0.0219057
0.0253821
0.0202412
0.0232253
0.0225969
0.0218519
0.024845
0.0221024
0.0209084
0.0220866
0.0216937
0.0208804
0.0203132
0.0247433
0.0207523
0.0204978
0.023291
0.0233011
0.0229916
0.01936
0.0221795
0.0217101
0.0233177
0.0223243
0.0207578
0.0208131
0.0220266
0.0220697
0.0233626
0.0215935
0.0208426
0.0194978
0.0203693
0.0197676
0.02025
0.0205722
0.0227584
0.0205134
0.0210212
0.0219502
0.0220864
0.0265399
0.0219167
0.023996
0.0206206
0.0215789
0.0239758
0.0252492
0.0224908
0.0223889
0.0225824
0.0205147
0.0197605
0.0211425
0.0208153
0.0200775
0.0191903
0.0217417
0.0192737
0.0194296
0.0195067
0.0228886
0.0283684
0.021486
0.0213391
0.025209
0.0238822
0.0231916
0.0241528
0.0225381
0.0227392
0.0253596
0.0231757
0.0214751
0.0216364
0.0207278
0.0231768
0.0202427
0.0217659
0.0239057
0.0208282
0.023591
0.0237059
0.0238939
0.0234661
0.023643
0.0232516
0.0294633
0.0227645
0.024268
0.0212556
0.0208163
0.025818
0.0238426
0.0260019
0.0240499
0.0207886
0.0218932
0.0238599
0.0235764
0.0198143
0.0245041
0.0238407
0.0194418
0.0221028
0.0234372
0.0218159
0.02397
0.0232889
0.0269643
0.0221605
0.0218349
0.0216491
0.0231908
0.0232313
0.022761
0.0231414
0.0245422
0.0227385
0.0210268
0.0220243
0.0242051
0.023257
0.0242499
0.0208118
0.0245625
0.0283692
0.0244689
0.0230292
0.0225694
0.0230277
0.0223715
0.0216863
0.0238618
0.024373
0.0237689
0.022701
0.0215876
0.0241515
0.0220011
0.0265735
0.021973
0.0236973
0.0251553
0.023612
0.0252645
0.0244714
0.025736
0.0263182
0.0241881
0.0232458
0.0229991
0.0214439
0.0211361
0.022081
0.0236605
0.0232485
0.0229382
0.0231052
0.0236845
0.0217875
0.0221542
0.0220939
0.0208829
0.0213751
0.0234157
0.0238427
0.0221078
0.0268369
0.0225742
0.0270706
0.0241633
0.0257533
0.0243871
0.0233291
0.0251693
0.0222479
0.0227911
0.0227055
0.0223195
0.0220388
0.0244834
0.0217177
0.0231686
0.0207781
0.0216649
0.0240871
0.0220222
0.0246828
0.0210064
0.0205276
0.0217923
0.0202154
0.0217129
0.0214052
0.0240037
0.0217804
0.0245393
0.0237793
0.0244009
0.0261669
0.0222848
0.0265146
0.0238249
0.0236335
0.0251859
0.0237327
0.0248185
0.0248494
0.0228953
0.0258845
0.02469
0.0253703
0.024595
0.0248693
0.0231848
0.0242107
0.0252935
0.0254901
0.025914
0.0245162
0.0243055
0.0245118
0.0238674
0.0232522
0.0226677
0.0228045
0.0244253
0.0244143
0.0226235
0.0244424
0.0238312
0.026568
0.0265099
0.0240701
0.0220711
0.0240481
0.0217937
0.0234992
0.0277828
0.0234132
0.025955
0.0238356
0.0290674
0.0227134
0.0256609
0.0246293
0.023834
0.0248899
0.0230807
0.0269988
0.0262564
0.0320265
0.032714
0.0278275
0.0267685
0.0230918
0.0252024
0.0265641
0.0249724
0.0240631
0.0247457
0.0257141
0.0283326
0.0246274
0.0270742
0.0284262
0.0290716
0.023797
0.0251176
0.0263848
0.0239873
0.0239461
0.0268463
0.0228843
0.0261897
0.0256852
0.0246592
0.0259857
0.0264106
0.0239494
0.0240467
0.0241355
0.0246849
0.023847
0.0289834
0.02501
0.025412
0.0266135
0.0240348
0.031737
0.0474433
0.0385714
0.0280914
0.0249496
0.0242869
0.0260728
0.0246484
0.0297817
0.0269898
0.0277518
0.0263208
0.0249457
0.0240528
0.0282918
0.0245015
0.0243939
0.0274437
0.0257739
0.0295264
0.0322295
0.0407431
0.0576414
0.0296069
0.0279674
0.0287589
0.0271404
0.0280151
0.0349435
0.0314706
0.0259013
0.0252451
0.0252688
0.030952
0.0325804
0.0258013
0.0266789
0.0259577
0.0297852
0.0268558
0.0285065
0.0273542
0.0346296
0.0273888
0.0284362
0.0268908
0.0308829
0.0245524
0.0244279
0.0244646
0.026967
0.0295341
0.0264913
0.0231132
0.0269535
0.0280157
0.0273881
0.0291008
0.02581
0.0249722
0.0265925
0.0239857
0.0254001
0.0262561
0.024453
0.0244086
0.0241824
0.0246596
0.0230773
0.0228079
0.0229153
0.0236224
0.0227963
0.0253506
0.0213114
0.0249663
0.0246171
0.024867
0.0212989
0.024726
0.0256626
0.0210538
0.0270903
0.0221554
0.024475
0.0230111
0.0240229
0.0206417
0.0225168
0.0215458
0.0235586
0.0238351
0.0256935
0.0241515
0.0235301
0.0248366
0.0325354
0.0242458
0.0319739
0.0249306
0.0233801
0.0277478
0.0282112
0.0305963
0.0258207
0.0285276
0.0260593
0.0278849
0.0277266
0.0273675
0.0277431
0.0241598
0.0217345
0.0267854
0.0267956
0.0264541
0.0249429
0.0262654
0.0262716
0.0263658
0.0242064
0.0288089
0.0251996
0.02432
0.0285767
0.0310125
0.0249649
0.0266337
0.0261448
0.0243556
0.0235305
0.0282128
0.0277089
0.0248909
0.0294662
0.0337733
0.0320868
0.0386096
0.0347594
0.0362862
0.0383434
0.0418712
0.0399828
0.0490069
0.033117
0.0373856
0.039395
0.0338756
0.0342562
0.0349307
0.0377079
0.0337442
0.0326648
0.0332624
0.0333529
0.0386928
0.0329256
0.0271108
0.0242963
0.028022
0.0266411
0.0374845
0.033184
0.0423025
0.0368319
0.0345271
0.04502
0.0401628
0.0347494
0.0385871
0.0375161
0.0433555
0.037885
0.0345054
0.043016
0.0403501
0.0396931
0.0399073
0.0367951
0.0388345
0.0276673
0.0250137
0.0222603
0.0297125
0.0275557
0.0239512
0.0273753
0.0287515
0.0276566
0.0275694
0.0250983
0.0250427
0.023841
0.0227468
0.0246155
0.0230927
0.0284004
0.0257398
0.026622
0.0258088
0.0272772
0.0237411
0.0240543
0.0278532
0.0257296
0.0253491
0.0280457
0.0255715
0.0250861
0.0235184
0.0254341
0.0244585
0.026089
0.0251597
0.0246738
0.0249083
0.0242873
0.0238451
0.0249455
0.0248196
0.0255452
0.0259275
0.025747
0.0258895
0.023754
0.025391
0.0265087
0.0250147
0.0265056
0.0261543
0.0253023
0.028679
0.0255261
0.0243395
0.0244634
0.0282851
0.0256887
0.0279498
0.0244
0.0241091
0.0280772
0.0265405
0.0253256
0.026072
0.0291855
0.0279256
0.0279108
0.0260004
0.0287502
0.0260177
0.0267632
0.0249616
0.0271051
0.027553
0.0266179
0.0292941
0.0269984
0.028508
0.0258446
0.0318591
0.0280327
0.0286866
0.0298121
0.0319028
0.0333132
0.0340506
0.035594
0.0364257
0.0373528
0.0382165
0.0398349
0.0398226
0.0287231
0.0377274
0.0447759
0.0336242
0.0321871
0.0275266
0.0272104
0.0325075
0.0364725
0.0320031
0.0300195
0.030462
0.0285241
0.0268081
0.0268466
0.0322294
0.0305638
0.0275057
0.0273511
0.0304454
0.0254117
0.0278519
0.0285137
0.0268742
0.0286408
0.0276556
0.027106
0.0259851
0.0259926
0.0248509
0.0287178
0.0297676
0.0323431
0.0294351
0.0256918
0.0264
0.0235783
0.0253327
0.0269115
0.0266426
0.0249753
0.0269679
0.0262882
0.0289034
0.031518
0.0271005
0.0273198
0.0253839
0.0237569
0.0283147
0.0264699
0.0246459
0.0267951
0.0277544
0.0292487
0.026679
0.0289831
0.0256439
0.0263064
0.0262789
0.0273228
0.0258664
0.0226683
0.0246508
0.0250519
0.0297957
0.0259124
0.0248654
0.0277743
0.0265721
0.0239708
0.0239078
0.0247581
0.0244558
0.0238541
0.0229499
0.022363
0.0245924
0.0251443
0.0267042
0.0222515
0.0225805
0.0234184
0.0206737
0.0235113
0.0239055
0.024046
0.0231613
0.0224736
0.0239507
0.0243593
0.0206216
0.0221937
0.0289562
0.0213275
0.018955
0.0205063
0.0210714
0.0189903
0.0206759
0.026063
0.0190062
0.0238355
0.02537
0.0184749
0.0192395
0.0203854
0.021748
0.0208213
0.0181262
0.0196167
0.0197117
0.0207873
0.0214819
0.0206552
0.0188499
0.0235092
0.0193488
0.0195135
0.0215072
0.0184716
0.0201315
0.0186986
0.019946
0.0191541
0.0189689
0.0188115
0.0193627
0.0194785
0.0224876
0.0220367
0.0213075
0.0192054
0.0190557
0.0221909
0.0194644
0.0189367
0.0211657
0.0243645
0.0239414
0.0218821
0.0201658
0.0209385
0.0228871
0.0217007
0.0207806
0.0230419
0.0204125
0.0202972
0.0215196
0.0227103
0.02186
0.0220564
0.0202579
0.0192332
0.0213106
0.0261697
0.0230766
0.0222699
0.0218193
0.0243883
0.0231267
0.0233606
0.0241798
0.0238681
0.0227665
0.0205778
0.0232973
0.020659
0.020881
0.0208715
0.0208766
0.0225974
0.0184842
0.0221543
0.022025
0.022025
0.0206534
0.0224577
0.0204634
0.022623
0.02186
0.0187266
0.022095
0.0222837
0.0234859
0.0216046
0.02423
0.0243974
0.0238788
0.0240915
0.0217287
0.0207908
0.0228877
0.0205887
0.0190936
0.0231902
0.0211894
0.0225082
0.0225088
0.0221037
0.0215502
0.022817
0.0214737
0.022184
0.0204811
0.0191316
0.0204263
0.0191885
0.0197615
0.0214305
0.0201643
0.0209141
0.019481
0.0194985
0.021593
0.0222749
0.024724
0.0229419
0.0226768
0.0229612
0.0254013
0.0238515
0.0246714
0.0226261
0.0219073
0.021265
0.0227111
0.0231594
0.0227513
0.0200206
0.0229439
0.0217854
0.0217724
0.0279764
0.0237762
0.025769
0.0248297
0.0247275
0.0257958
0.0239149
0.0229336
0.0237362
0.0252291
0.0227803
0.0244937
0.0211688
0.0233885
0.0229586
0.0215163
0.0235944
0.0224032
0.023404
0.0244536
0.0247064
0.0223728
0.0217196
0.0224112
0.0244033
0.0227984
0.0236196
0.0214048
0.021925
0.024105
0.0240541
0.0226243
0.0266005
0.0236615
0.0236828
0.0260744
0.0253223
0.0263437
0.0249372
0.0261463
0.0257351
0.0250735
0.0225521
0.0249674
0.0238211
0.0259933
0.0249974
0.0227608
0.0240716
0.0354947
0.0247563
0.0250994
0.0226732
0.024452
0.0254349
0.0220361
0.0258774
0.0240717
0.0240976
0.0267653
0.0233695
0.0245724
0.0243282
0.0235942
0.0246755
0.0242262
0.0259147
0.0227661
0.0242462
0.0236305
0.0241535
0.0255909
0.0258394
0.0256379
0.023201
0.0223404
0.0232611
0.023273
0.0243273
0.025757
0.0251286
0.0252883
0.0219253
0.0255138
0.0218207
0.0250751
0.0251328
0.024912
0.0252251
0.0260378
0.0228912
0.0268214
0.0266388
0.0272984
0.0254832
0.0271392
0.0230405
0.025533
0.0267439
0.0245186
0.024956
0.0325077
0.022311
0.0265261
0.0237706
0.0256327
0.0244771
0.0236239
0.0231897
0.0257608
0.0240774
0.0252727
0.0263855
0.0256881
0.0263081
0.0241305
0.0241492
0.0246527
0.0247336
0.0256852
0.0229297
0.0257973
0.0240045
0.023208
0.0233311
0.0228292
0.026135
0.0237968
0.0231539
0.0246997
0.022422
0.0237229
0.0257302
0.0245872
0.0253923
0.0245807
0.0253008
0.0256327
0.0239255
0.0254058
0.0243038
0.0222191
0.0225823
0.0224678
0.0231443
0.0248811
0.0230637
0.0239692
0.0229556
0.0250221
0.0233175
0.0224636
0.0255451
0.0318674
0.0231122
0.0235955
0.0228637
0.0234944
0.0249586
0.0244658
0.0232922
0.0252645
0.0252021
0.025817
0.0242656
0.0238911
0.0234978
0.0263523
0.0244892
0.0229614
0.021737
0.0248575
0.0210652
0.0228138
0.0222542
0.0234618
0.0239703
0.0222836
0.0239056
0.0234605
0.0208412
0.0227487
0.0285609
0.0226572
0.0255791
0.0264701
0.0241906
0.0239256
0.0249282
0.0235776
0.0261832
0.0245703
0.023903
0.0246162
0.0248377
0.0246673
0.024884
0.0235534
0.0227092
0.0242095
0.0242407
0.0238901
0.0233201
0.0231569
0.0255877
0.0223577
0.0245383
0.0210191
0.0236884
0.0217474
0.0243245
0.0235354
0.0217275
0.0212108
0.0217545
0.0235735
0.023141
0.0237942
0.0234143
0.0222445
0.0218761
0.0220039
0.0229753
0.0232978
0.0226938
0.0234606
0.024058
0.0215905
0.0222707
0.0223423
0.0209434
0.0235929
0.0225963
0.0209909
0.0199089
0.021696
0.0244607
0.0213344
0.0215028
0.0219069
0.0230469
0.0254643
0.0208278
0.0212073
0.0234591
0.0238435
0.0269025
0.0234037
0.0257995
0.0247216
0.0226844
0.0263842
0.0262643
0.0248152
0.0239459
0.0226165
0.0225486
0.0251908
0.0232108
0.023021
0.0227186
0.0213962
0.0238967
0.0229564
0.0206786
0.0237331
0.0233188
0.0219748
0.0212266
0.0229218
0.022112
0.0218746
0.0244073
0.0230263
0.0215613
0.0228077
0.0236172
0.0228471
0.0220576
0.0223729
0.0216231
0.0211129
0.0225875
0.0236434
0.0216421
0.021821
0.0213779
0.0202839
0.0233681
0.0251356
0.0219406
0.0218671
0.0230987
0.0238085
0.030587
0.0249951
0.0219356
0.0236491
0.0234709
0.0252661
0.0247532
0.0248822
0.0236645
0.0242521
0.0234677
0.023562
0.0258907
0.0246893
0.023934
0.0247235
0.0246666
0.0225336
0.022858
0.0239937
0.0246064
0.0242623
0.0246372
0.0232308
0.0244674
0.0230363
0.0234163
0.0225083
0.0222941
0.0224429
0.0215313
0.0225217
0.022367
0.0210803
0.0212933
0.0225207
0.0234434
0.0230922
0.023739
0.0238655
0.0214422
0.0222021
0.0229
0.0219996
0.0240575
0.0226436
0.022333
0.0216096
0.0225631
0.0222658
0.0223966
0.0252768
0.0241422
0.0217379
0.0223568
0.0224394
0.0227996
0.0227347
0.0216924
0.0236266
0.0232997
0.0236197
0.023146
0.0262089
0.02295
0.0226739
0.0238308
0.0232936
0.0257175
0.0242234
0.0243079
0.0246339
0.0237806
0.0222777
0.0243438
0.0233573
0.0240223
0.0238661
0.0260488
0.0240778
0.0267539
0.0245895
0.026468
0.0249216
0.024377
0.0252569
0.0258118
0.025107
0.0257567
0.0266827
0.0256846
0.0261005
0.0231344
0.0248444
0.0254397
0.0254371
0.0223857
0.0257951
0.0255376
0.0271467
0.0239129
0.0252631
0.026838
0.0264107
0.0251742
0.0251649
0.0234328
0.0228893
0.0262255
0.023812
0.0274473
0.0253018
0.0261882
0.0252388
0.0246742
0.0257553
0.0273056
0.0243637
0.0252602
0.0235963
0.0251107
0.0222589
0.0245488
0.0237176
0.0224688
0.0259002
0.026201
0.0261557
0.0237957
0.0238688
0.0254747
0.0236486
0.0254633
0.0228227
0.0248966
0.0242445
0.025669
0.0244646
0.0228528
0.0232578
0.0249698
0.0255736
0.0253956
0.0260655
0.0229812
0.0224304
0.0248797
0.0228986
0.0252746
0.0233465
0.0234578
0.0248147
0.0256413
0.0229742
0.0223697
0.0223213
0.021822
0.0258195
0.0214508
0.0252639
0.0224119
0.0257583
0.0249832
0.0233634
0.021034
0.0213021
0.0213655
0.0244104
0.0239308
0.0223933
0.0243936
0.0249028
0.0236048
0.0219903
0.0255864
0.0247629
0.0245
0.0253702
0.023359
0.0255044
0.0216049
0.0217515
0.0238117
0.0245909
0.0235825
0.0253815
0.0248639
0.0235885
0.0241952
0.0256433
0.0240494
0.0218779
0.0227502
0.0262733
0.0233959
0.0260136
0.0258074
0.0243948
0.0240045
0.0247962
0.0222396
0.025396
0.0240747
0.0246369
0.0243576
0.0243712
0.0237911
0.0237322
0.0242278
0.0235364
0.0242355
0.0251895
0.0242647
0.0229108
0.0250859
0.0240411
0.0227858
0.0253199
0.0234231
0.0244619
0.0240857
0.0247586
0.0238501
0.0246569
0.0225988
0.0227434
0.0246247
0.0226561
0.022788
0.0230555
0.0230551
0.0243355
0.0221122
0.0220719
0.0228979
0.0246915
0.0253994
0.0242553
0.0239525
0.0236605
0.021514
0.0224773
0.0256787
0.0228113
0.023133
0.0239373
0.0236452
0.0241417
0.0229394
0.0236462
0.0238482
0.0229223
0.0221675
0.0252574
0.0252831
0.0224168
0.0230094
0.0222043
0.024545
0.0250363
0.0229233
0.0225726
0.0251466
0.0251612
0.0252076
0.0252385
0.0252808
0.025354
0.022116
0.022659
0.0245572
0.0256307
0.0232838
0.0242493
0.023044
0.0250972
0.024953
0.0236372
0.025401
0.0255647
0.0223315
0.0223138
0.0246335
0.0235391
0.0226318
0.0238743
0.0227456
0.0254045
0.0218342
0.0221795
0.0216818
0.0220568
0.0241983
0.0249434
0.0221286
0.0230779
0.0219034
0.0253858
0.0248941
0.0226266
0.0212938
0.0239875
0.0253888
0.0244234
0.0229157
0.0258676
0.0220924
0.0241538
0.0240734
0.0256977
0.0256378
0.0253812
0.0233654
0.0243439
0.0235231
0.0232849
0.0228386
0.0223389
0.0259368
0.0223428
0.0229018
0.0218632
0.0249588
0.0230561
0.0232987
0.0209786
0.0234434
0.0235015
0.0228652
0.0210075
0.0224284
0.0221229
0.0215063
0.0234122
0.0225223
0.0251184
0.0226497
0.0240576
0.0244463
0.0217415
0.0251603
0.0233952
0.0244009
0.0255462
0.0233336
0.0235877
0.0215765
0.0248125
0.0248964
0.0215269
0.0233501
0.0242888
0.0240539
0.022262
0.0234102
0.0226501
0.0246377
0.0237764
0.0280157
0.0265482
0.0254568
0.024971
0.0247057
0.0246487
0.0227987
0.0241403
0.0254338
0.0250866
0.0247617
0.0256432
0.0248845
0.0250947
0.0237822
0.024155
0.0232464
0.0242262
0.0223684
0.0253105
0.0221193
0.0231431
0.0224221
0.0241285
0.0219284
0.0231798
0.0242088
0.0242425
0.0236016
0.0237414
0.0228599
0.0227167
0.0224262
0.0212521
0.0242778
0.0231445
0.0222315
0.0218873
0.0215532
0.0229136
0.0226283
0.024294
0.022951
0.023218
0.0237833
0.0268832
0.024095
0.025649
0.0250498
0.0251622
0.0249628
0.0229922
0.0235923
0.0221847
0.0217338
0.0215886
0.0238866
0.0248412
0.0235851
0.0250275
0.0215537
0.0228464
0.0227667
0.0236369
0.0225757
0.0249005
0.0254108
0.0244186
0.0233161
0.0223058
0.0238626
0.0212716
0.0230147
0.0253516
0.022429
0.0220602
0.0230983
0.023374
0.0315428
0.0221501
0.0238715
0.0227768
0.0227788
0.023391
0.0231484
0.0254795
0.0240653
0.0235824
0.0239473
0.0219931
0.0218322
0.0242407
0.0221978
0.0229187
0.025454
0.0235883
0.0260386
0.0231284
0.0225538
0.0212691
0.0236071
0.0240369
0.0224793
0.0215355
0.0245317
0.0237208
0.0213573
0.0211363
0.0213532
0.0238728
0.0237414
0.0246227
0.0226295
0.023497
0.0221018
0.023727
0.0207468
0.0208039
0.0196623
0.0241114
0.023129
0.021195
0.0212783
0.0215571
0.023595
0.0212738
0.0232548
0.0229517
0.0231416
0.0226937
0.0223499
0.0207624
0.0232401
0.0218787
0.0213443
0.0209122
0.0207523
0.0227872
0.0198683
0.0190182
0.0241637
0.0233056
0.0230054
0.0232265
0.0222562
0.0200043
0.0211043
0.0201014
0.0222159
0.0225237
0.021326
0.0218242
0.0217586
0.0216021
0.0248093
0.0242171
0.0246819
0.0236999
0.0239883
0.0223344
0.0250397
0.0262524
0.0223719
0.0245499
0.0224992
0.0224983
0.0239031
0.0213209
0.0230563
0.0229871
0.0212179
0.0234657
0.0219674
0.0222668
0.0237529
0.0238079
0.0258912
0.0248137
0.0225339
0.0245803
0.0213644
0.0239463
0.0238139
0.0242616
0.0226818
0.0218877
0.0223675
0.0230933
0.0229756
0.023059
0.0235808
0.0227194
0.0236803
0.0241172
0.0211234
0.0226499
0.0213971
0.022271
0.0214621
0.0247206
0.0240406
0.0237342
0.0240907
0.0260831
0.0215116
0.0231243
0.0253301
0.026286
0.0245264
0.0241202
0.0206011
0.0222259
0.0225139
0.0232284
0.0275101
0.0213108
0.0225393
0.023487
0.0233587
0.0240476
0.0261035
0.0266837
0.0254738
0.0246772
0.0237917
0.0243448
0.0224358
0.0245178
0.0260392
0.022883
0.0296011
0.0226228
0.0277218
0.0258256
0.0218867
0.0244429
0.0227672
0.0259404
0.0271418
0.0225442
0.0251466
0.0201611
0.0216678
0.0239077
0.0274047
0.0226412
0.0217662
0.0244679
0.0193287
0.0243993
0.0254545
0.0255314
0.0231358
0.0215342
0.0245488
0.0241268
0.0212885
0.0211235
0.0243669
0.0212585
0.0210976
0.0218228
0.0223944
0.0230836
0.024129
0.0242718
0.0243263
0.0234739
0.0249222
0.0231603
0.0226095
0.0254346
0.0268964
0.0246243
0.0214746
0.0237035
0.0253218
0.0221575
0.0255414
0.0237935
0.0225297
0.0264936
0.0236892
0.0260467
0.0237368
0.0256368
0.0254299
0.0252815
0.0262778
0.0257838
0.0262317
0.0255816
0.0237764
0.0263669
0.023613
0.0245504
0.0241844
0.0267627
0.0244892
0.0248105
0.0224543
0.0251729
0.0241471
0.0273614
0.0276665
0.0228919
0.0253463
0.0255009
0.025232
0.0241934
0.0259
0.0248514
0.0252421
0.0246873
0.0233475
0.0238063
0.0256068
0.0265856
0.0239613
0.025088
0.0262729
0.0227099
0.0264587
0.0248516
0.0246735
0.0234114
0.0230884
0.0236139
0.0240387
0.0250162
0.0230159
0.0227127
0.0233031
0.0245043
0.023812
0.0251316
0.0227618
0.0224728
0.0240914
0.0255288
0.0254562
0.0242917
0.0257652
0.0257447
0.0245318
0.0249032
0.0246949
0.0228703
0.0250683
0.0253647
0.0243232
0.0244197
0.022416
0.024356
0.0220028
0.0225289
0.0206481
0.0211223
0.0220831
0.0210942
0.0188392
0.0225756
0.0209009
0.0216267
0.0201277
0.0225493
0.0199116
0.0222284
0.0230099
0.0205946
0.0232755
0.0219301
0.0237877
0.0210071
0.0220077
0.0207854
0.0203967
0.0200202
0.0224134
0.0225324
0.0208007
0.0194757
0.0200021
0.0200233
0.0232613
0.0177021
0.0178051
0.0213314
0.0166989
0.020109
0.0178875
0.0220951
0.0178828
0.017633
0.0197301
0.0171885
0.0177703
0.0191695
0.0186347
0.0192777
0.0172863
0.0174617
0.0204351
0.0195499
0.0170917
0.0181458
0.0205884
0.0192427
0.0181803
0.0153824
0.0205282
0.0171892
0.0198244
0.019651
0.017177
0.0195207
0.0200957
0.0178329
0.0199269
0.0182163
0.0195314
0.0185612
0.0169087
0.0197431
0.0190099
0.0186756
0.0201041
0.0198532
0.0192237
0.0200214
0.0179905
0.0194978
0.0199783
0.019247
0.0195884
0.017467
0.0207284
0.0178929
0.0175493
0.018306
0.0174149
0.0189458
0.0169947
0.0175152
0.0201908
0.0187338
0.0199555
0.0201022
0.0197442
0.0196935
0.0171272
0.0188594
0.0167313
0.0204453


