0.0151685
0.0438003
0.0434795
0.0429385
0.0430388
0.0425059
0.0433475
0.0432196
0.0427729
0.0432701
0.0435748
0.043067
0.0433413
0.0433003
0.0428854
0.0434192
0.0436179
0.0433697
0.046183
0.0421095
0.0423739
0.0421337
0.0149613
0.0171652
0.0442943
0.0428575
0.0423263
0.0430958
0.0427972
0.0425315
0.0431971
0.0431887
0.0428021
0.0431312
0.0430379
0.042296
0.041561
0.0426851
0.0421564
0.0420065
0.0421968
0.0424454
0.0419037
0.0424836
0.0422378
0.0147713
0.017278
0.0453136
0.0424876
0.0430191
0.0431377
0.0439373
0.0428185
0.0431526
0.0427771
0.0431587
0.0431891
0.0433752
0.0425331
0.0423642
0.0419618
0.0428274
0.0430196
0.0426146
0.0429344
0.0431976
0.0430673
0.0425099
0.0144779
0.0167724
0.044618
0.0425939
0.0425683
0.042465
0.0422785
0.0425059
0.0424761
0.0431566
0.0429951
0.043075
0.042573
0.0426932
0.0431917
0.0441564
0.0426005
0.0421979
0.0429314
0.0419652
0.0428047
0.0429565
0.0420643
0.0152995
0.0166526
0.0710511
0.0137872
0.0107701
0.0406139
0.0679511
0.0111375
0.0408075
0.0724362
0.0106079
0.0454435
0.0706426
0.0149704
0.0124756
0.0413147
0.075923
0.0120537
0.0418661
0.0410307
0.0752155
0.0119739
0.0398161
0.0420238
0.0410434
0.0764248
0.0157223
0.00969838
0.0101475
0.0101796
0.00990922
0.0453648
0.0405845
0.04059
0.039257
0.0718377
0.0122999
0.0097936
0.0098064
0.00946835
0.00927487
0.0374094
0.0378449
0.0663371
0.0175944
0.0146643
0.0131522
0.0130616
0.0133379
0.012928
0.0126267
0.0134297
0.0127407
0.0128467
0.0124035
0.013046
0.0140054
0.0135029
0.013587
0.0117687
0.0120507
0.0129335
0.0127339
0.0127996
0.0115774
0.0131293
0.0127503
0.0131934
0.0127372
0.0117023
0.0129213
0.0128706
0.0127077
0.0128265
0.0107301
0.0126612
0.0126118
0.0136042
0.0127461
0.0114329
0.0135971
0.0126197
0.0127639
0.0129055
0.0107244
0.0104425
0.0109673
0.0121585
0.0109496
0.01197
0.0151342
0.015985
0.0125451
0.0161189
0.0169552
0.0133149
0.0125508
0.012789
0.0128865
0.0137125
0.0173154
0.0137372
0.0134231
0.0135334
0.0141884
0.0119823
0.0130774
0.0130979
0.0180089
0.0121348
0.0125473
0.0133384
0.0130441
0.0128493
0.0130951
0.0121093
0.0145205
0.0119652
0.0129169
0.0124326
0.0131911
0.013928
0.0133118
0.0120745
0.0138234
0.0136151
0.0133717
0.0120216
0.0184183
0.0123542
0.0181017
0.0131977
0.0172649
0.0120034
0.013025
0.0123351
0.0132315
0.012737
0.0132262
0.0123308
0.0142358
0.0131554
0.0134931
0.0124467
0.0137196
0.0122611
0.0139855
0.0124041
0.013767
0.0131691
0.0139814
0.0136891
0.0151048
0.0187205
0.0176267
0.0180122
0.0172301
0.0149783
0.0182339
0.0176221
0.0147743
0.013159
0.0124641
0.0133424
0.0160691
0.0115386
0.0128285
0.0116069
0.0109623
0.0122974
0.0159011
0.0169946
0.0127487
0.0114856
0.0108529
0.0119344
0.0104586
0.0103714
0.0121334
0.0111911
0.0106516
0.0125624
0.0153439
0.0149773
0.0121369
0.0115248
0.0120719
0.013413
0.0116937
0.0121432
0.0136372
0.0132518
0.0151477
0.0152559
0.012986
0.0131239
0.0130159
0.0130216
0.0131171
0.0128225
0.0118915
0.0125254
0.0122022
0.0144886
0.0154493
0.0144133
0.0151528
0.0146323
0.0143574
0.0149193
0.0149362
0.0181154
0.0196196
0.0156687
0.0136749
0.0152634
0.0154564
0.018795
0.0184512
0.01591
0.0194411
0.0176291
0.0154986
0.0187361
0.0176228
0.0154604
0.0134872
0.0137537
0.0156132
0.0136424
0.0132956
0.01546
0.0134103
0.0146512
0.0131736
0.0139956
0.0145763
0.015348
0.0144416
0.0144673
0.0149892
0.0141923
0.0149188
0.0157226
0.014641
0.0136023
0.0161984
0.0142263
0.0139648
0.0160564
0.0199371
0.0189237
0.0195606
0.0143362
0.0155385
0.0151959
0.0182989
0.0182826
0.0161056
0.01811
0.0166129
0.0139286
0.013865
0.013923
0.0148093
0.0155184
0.0144513
0.0129873
0.0120585
0.0120683
0.0114867
0.0134476
0.0177143
0.0152659
0.0129038
0.0126006
0.0112195
0.0135413
0.0169778
0.015694
0.0138123
0.0146012
0.0135206
0.0139873
0.0128558
0.0124065
0.0145907
0.0181253
0.0174425
0.0146955
0.0144727
0.0143238
0.0129332
0.0184388
0.0191733
0.0134191
0.0160036
0.0151797
0.0145107
0.0155939
0.0142851
0.0149422
0.0166675
0.0162911
0.0189208
0.0157926
0.0139394
0.0144762
0.014852
0.0144637
0.0182019
0.0192133
0.0130869
0.0141561
0.0148355
0.0140946
0.0180216
0.0184783
0.014294
0.0176417
0.0182162
0.013629
0.0138029
0.0136267
0.0140686
0.0138807
0.0140989
0.0142083
0.0180219
0.0136239
0.0148948
0.0129609
0.0130787
0.0135107
0.0187221
0.017161
0.0141929
0.0137565
0.0136077
0.0123489
0.0181855
0.0178641
0.0149735
0.0181321
0.0201607
0.0144886
0.0135396
0.0146088
0.0133581
0.0183164
0.0185575
0.0148084
0.0137038
0.0147447
0.0134037
0.0182169
0.0194616
0.01349
0.0149909
0.0173788
0.0160977
0.0190354
0.0209087
0.0156336
0.0192372
0.0214183
0.0140574
0.0190492
0.0206683
0.0143775
0.0153111
0.0159977
0.0138926
0.0146012
0.0168994
0.013871
0.0147631
0.015929
0.0142756
0.0153334
0.016034
0.0139341
0.0159439
0.0184398
0.0193394
0.016864
0.0183093
0.0156105
0.0122926
0.0129817
0.012002
0.0131669
0.0123856
0.0144185
0.0172234
0.0164243
0.0139085
0.0141049
0.0112783
0.0114987
0.0114929
0.0115677
0.0111477
0.0111345
0.0112283
0.0114431
0.0110963
0.0108758
0.0110334
0.0111091
0.0112232
0.0667298
0.0100505
0.0182011
0.0114121
0.0151214
0.0109465
0.0148382
0.0119295
0.0135235
0.0171512
0.0184751
0.0171477
0.0168433
0.0212715
0.0184324
0.017671
0.0175687
0.0171434
0.0171945
0.0167941
0.0180723
0.0165549
0.0174629
0.0214897
0.0221623
0.0237704
0.020549
0.0179621
0.017749
0.0176259
0.019358
0.0171006
0.0166276
0.0172459
0.0186978
0.0204095
0.0181365
0.0184805
0.0182359
0.0201992
0.0225155
0.0198041
0.0189128
0.0192728
0.021104
0.0221771
0.0195777
0.0192151
0.0220317
0.024319
0.026197
0.0274784
0.0272114
0.0247084
0.0253096
0.0253669
0.0261199
0.0284342
0.0268167
0.0266064
0.0206682
0.0256287
0.0250802
0.0287829
0.0286008
0.0245449
0.0207602
0.0202454
0.0203549
0.0214712
0.0260891
0.0186762
0.0182886
0.0176118
0.0172335
0.0183594
0.0158972
0.015824
0.016911
0.0194695
0.0208195
0.0241116
0.0188957
0.0141795
0.014428
0.0161535
0.0131387
0.0132761
0.0143476
0.0173299
0.0182053
0.0156516
0.011232
0.0125952
0.0128222
0.0117007
0.0128563
0.0117266
0.0124653
0.0106203
0.0128582
0.0112808
0.0117128
0.0100991
0.0116461
0.0107499
0.0111797
0.00994164
0.0116491
0.0112875
0.011316
0.00999653
0.0110835
0.0111376
0.0106625
0.0110311
0.0114063
0.0109585
0.0120908
0.0117466
0.0123097
0.0124202
0.0154131
0.0171893
0.0185932
0.0121495
0.0166148
0.0176916
0.0161658
0.0144487
0.0131352
0.0160881
0.0123359
0.0140582
0.0171151
0.0176673
0.0157158
0.0137216
0.0176787
0.0156307
0.0170031
0.013942
0.0162565
0.0143068
0.0218061
0.0157274
0.0145717
0.014594
0.0157244
0.0139922
0.0146467
0.0154606
0.0165838
0.0156437
0.0165472
0.0150429
0.0146793
0.0156681
0.0195426
0.0212646
0.0198097
0.0149404
0.0140919
0.0152127
0.0164759
0.0134813
0.0136982
0.014836
0.014012
0.0140261
0.0135186
0.0159417
0.0165292
0.0132451
0.0137733
0.0151713
0.01457
0.0141511
0.0132199
0.0139605
0.0125339
0.0145923
0.0173883
0.0183922
0.0169878
0.0144214
0.0126054
0.0129873
0.0119131
0.0137069
0.0172784
0.016796
0.0121898
0.0167747
0.0175252
0.0111796
0.0127612
0.0152984
0.0129824
0.0165072
0.0169892
0.0123202
0.0128535
0.0129886
0.0140071
0.0176054
0.0181545
0.013064
0.0130388
0.0142907
0.0150501
0.0147959
0.0179783
0.017934
0.0139806
0.0190465
0.0187641
0.0136938
0.0139897
0.0147644
0.0133224
0.0143939
0.0152208
0.015477
0.0139449
0.0157813
0.0145977
0.0143622
0.0157627
0.0146517
0.0154149
0.0167996
0.0148417
0.0165947
0.0198412
0.0172938
0.0160299
0.0162311
0.0165198
0.0177495
0.015892
0.0165493
0.016345
0.0190692
0.0200629
0.0177156
0.0186179
0.0195519
0.0197562
0.0178833
0.0193064
0.0189276
0.0195504
0.0204247
0.019718
0.0176028
0.0183182
0.022561
0.0245842
0.0236388
0.0234663
0.0233125
0.0227396
0.023543
0.0264421
0.0365415
0.0237165
0.0197459
0.0196931
0.0197661
0.0216096
0.0209443
0.0194198
0.0216478
0.0238273
0.0244271
0.0261401
0.0265201
0.0240667
0.0247044
0.0225438
0.0208549
0.0216817
0.0223175
0.0226182
0.0202322
0.0212362
0.0214731
0.0245701
0.0243202
0.0216006
0.0259281
0.0227905
0.0200551
0.0198718
0.0208977
0.0213665
0.0185427
0.0200979
0.0223806
0.0199551
0.0177335
0.0177493
0.018687
0.0233067
0.0285313
0.022709
0.0241205
0.024117
0.0229779
0.0195789
0.0226607
0.0189714
0.020062
0.0219627
0.0307195
0.0197037
0.0193988
0.0304429
0.0230366
0.0225572
0.0243443
0.025038
0.0237187
0.0196661
0.0190355
0.0201401
0.0183701
0.0191478
0.0199301
0.0211134
0.0170576
0.0173618
0.0171407
0.0167449
0.0184832
0.0166969
0.0144083
0.014802
0.0149677
0.0149872
0.0158879
0.0224753
0.013826
0.0153633
0.0177444
0.0192735
0.0191397
0.0174979
0.0168733
0.0126315
0.0133213
0.0146491
0.0140386
0.0129023
0.012579
0.0130884
0.0144832
0.0137771
0.0118368
0.0124029
0.0162105
0.0128468
0.0117306
0.0100852
0.011234
0.015685
0.0115798
0.0238379
0.0159135
0.0176403
0.0181973
0.0173813
0.0194078
0.0215599
0.0232788
0.0224527
0.0214318
0.0216148
0.0216096
0.0222862
0.0234164
0.0232409
0.0179664
0.0182836
0.0184592
0.0187658
0.0207864
0.0208684
0.0184934
0.0185066
0.0200958
0.023273
0.0232274
0.0247094
0.0262259
0.0317178
0.0236935
0.023966
0.0205811
0.021675
0.021034
0.0241546
0.0235927
0.0246183
0.0265923
0.0262198
0.0299577
0.0233755
0.0222317
0.022865
0.0225928
0.0246848
0.0256988
0.0250561
0.0227193
0.0230921
0.0171991
0.0171052
0.0179275
0.0183843
0.0180719
0.0180106
0.0162777
0.0147789
0.0159004
0.0181315
0.0185148
0.0185852
0.0177124
0.0166274
0.0158948
0.020649
0.0195991
0.0222637
0.0219793
0.0194573
0.019808
0.0175239
0.0170808
0.0213961
0.0187495
0.0201994
0.0183653
0.0179389
0.0184157
0.0226103
0.0229212
0.0255383
0.0254795
0.0244368
0.0236284
0.0193573
0.0235813
0.0285887
0.0245077
0.0260231
0.0275164
0.0233503
0.0224559
0.023416
0.0229418
0.0256078
0.0246547
0.0236335
0.0229178
0.0185661
0.023437
0.0236448
0.0258353
0.0248876
0.0231809
0.0226318
0.0204653
0.0222574
0.0220855
0.0242134
0.0235361
0.0227849
0.0210995
0.0164103
0.0165465
0.0159339
0.0176982
0.0172933
0.016822
0.0153134
0.0164855
0.0195672
0.0204918
0.0214651
0.0219238
0.0185933
0.0187349
0.0191088
0.0193153
0.0205544
0.0193472
0.0187201
0.0184473
0.0154353
0.0135483
0.014542
0.0147045
0.013971
0.0135852
0.0134484
0.0155593
0.0142081
0.0148924
0.0184763
0.0128413
0.0150539
0.0134931
0.0170467
0.0144726
0.0139209
0.0128867
0.0147251
0.017061
0.0183584
0.0159001
0.0161333
0.0133147
0.0149027
0.0139591
0.0137459
0.0128179
0.0129447
0.0133312
0.0138399
0.0138262
0.0126759
0.0125587
0.0128219
0.0140111
0.0137953
0.0148809
0.012945
0.0146974
0.0135556
0.0148979
0.0124631
0.0131081
0.0125239
0.0134649
0.0142572
0.0119548
0.0118173
0.0129469
0.013819
0.0141317
0.01117
0.0137643
0.0165711
0.0181184
0.0176468
0.0157405
0.0127046
0.0137005
0.0143439
0.0138451
0.0128545
0.0138551
0.0135128
0.01246
0.0130031
0.0130956
0.0139642
0.014259
0.0128355
0.0155685
0.0156189
0.0150881
0.0171437
0.0167609
0.0148672
0.0164349
0.0177998
0.017187
0.0171588
0.018696
0.019831
0.0208447
0.0202475
0.017018
0.019068
0.0203444
0.0212642
0.0229134
0.0200794
0.0200862
0.0197794
0.0209233
0.0225256
0.0158198
0.0166164
0.0191582
0.0196733
0.0164701
0.0148786
0.0192166
0.020598
0.0196753
0.0183587
0.0158732
0.0148295
0.0168651
0.0179621
0.0147127
0.0150247
0.0138617
0.0159405
0.0164131
0.0142737
0.0161295
0.0208465
0.022143
0.0194389
0.0175988
0.0146744
0.0162177
0.0190381
0.0206417
0.0169442
0.0165502
0.0175024
0.0170534
0.0169666
0.0166148
0.0196567
0.0209544
0.021112
0.0191151
0.0172372
0.0151677
0.016006
0.0185359
0.0145722
0.0162232
0.0144275
0.0158409
0.0151997
0.0144803
0.0143888
0.0162455
0.0162747
0.0151947
0.0168934
0.0170005
0.0167271
0.0188228
0.0212839
0.0200552
0.017654
0.0183867
0.0198058
0.0188801
0.0150191
0.0174513
0.0189148
0.016751
0.0132362
0.0152574
0.0134801
0.0123887
0.0128211
0.015825
0.017221
0.0156628
0.0118338
0.0119443
0.0135368
0.0115091
0.0129028
0.0171317
0.0175037
0.0156526
0.0131656
0.0122604
0.0130752
0.0115388
0.0119728
0.0157198
0.0170118
0.0150229
0.0120451
0.0156901
0.017834
0.0155316
0.0120532
0.0168619
0.0142701
0.011547
0.0114668
0.0120581
0.0127422
0.0148959
0.0116073
0.0119071
0.0132223
0.0114574
0.0123192
0.0137951
0.0174546
0.0137374
0.0129113
0.0171566
0.0191547
0.0173719
0.0149378
0.013735
0.0154383
0.0147322
0.014053
0.014666
0.0158515
0.0156268
0.0149594
0.0147526
0.0165709
0.0153493
0.0151625
0.015331
0.0167928
0.0158633
0.0152643
0.0173533
0.0167834
0.0181799
0.01678
0.0168043
0.0182994
0.017833
0.0180498
0.0184798
0.0182871
0.0186048
0.0173292
0.018609
0.0192239
0.0159962
0.0190149
0.0168283
0.0176452
0.0182124
0.0162408
0.0185048
0.0168977
0.0229892
0.0227833
0.0202277
0.0191008
0.0166564
0.0184715
0.0188084
0.0168197
0.0190245
0.0214206
0.0230734
0.022923
0.0212148
0.0185885
0.0170781
0.0199535
0.019298
0.0167002
0.0176155
0.0172291
0.018121
0.0192646
0.0167136
0.0192673
0.0188255
0.0194872
0.0197924
0.0196592
0.0185977
0.0217239
0.0225897
0.0240835
0.0207306
0.0199393
0.0213199
0.0234176
0.0229946
0.0212604
0.0182306
0.0183261
0.018967
0.0208308
0.0210322
0.0197638
0.0199199
0.0196784
0.0226444
0.0269362
0.0208043
0.0197973
0.0203901
0.0203235
0.0228989
0.0216686
0.0195223
0.0194903
0.025162
0.0253524
0.02635
0.0247565
0.0246845
0.0232427
0.0210489
0.0220292
0.0253121
0.0241611
0.0211277
0.0208246
0.0229792
0.0223887
0.0253519
0.0255712
0.0228005
0.022583
0.0224881
0.0216178
0.0228796
0.0250648
0.0248403
0.0256657
0.0208052
0.0222258
0.0241859
0.0238405
0.0254926
0.0266527
0.0247614
0.0240587
0.0191514
0.0245563
0.0234021
0.0253861
0.0252653
0.0381219
0.0229979
0.0223411
0.0230766
0.0218792
0.0222663
0.0225022
0.0290464
0.0205371
0.0205178
0.0204062
0.0212051
0.0231692
0.0208952
0.0191347
0.0159283
0.0160158
0.0194198
0.0201969
0.0211438
0.021067
0.0207103
0.0199332
0.0152337
0.0157528
0.0160311
0.0168939
0.0167838
0.0185967
0.0153189
0.017205
0.0153392
0.0156679
0.017166
0.0168219
0.015893
0.0152117
0.0168014
0.0193291
0.0198286
0.0203307
0.0205779
0.0196523
0.0189825
0.0191914
0.0198475
0.0207379
0.0207339
0.0231642
0.0194202
0.0179276
0.0196776
0.0217095
0.0215989
0.0217292
0.0210951
0.0206754
0.0182075
0.0160582
0.0179608
0.0194872
0.0177051
0.0170975
0.0172848
0.0189852
0.0166987
0.0178501
0.0200216
0.0192789
0.01709
0.0181527
0.0179829
0.0197259
0.0198047
0.0296925
0.019108
0.0193023
0.0238465
0.0251327
0.0269902
0.0254657
0.0240596
0.0246262
0.024647
0.0258452
0.0283077
0.0283106
0.0261017
0.0284935
0.0217157
0.0254201
0.0219431
0.0228648
0.0239619
0.0340435
0.0218972
0.0232639
0.0217844
0.0220023
0.0213207
0.0218765
0.0231755
0.0234327
0.0213337
0.0226307
0.0233097
0.0273257
0.026784
0.0281362
0.0309352
0.0270365
0.0261595
0.0250352
0.0254698
0.0263519
0.0236889
0.0257845
0.028014
0.0283493
0.0249785
0.0241101
0.0241021
0.0242854
0.023053
0.0235607
0.0257204
0.0251824
0.0228139
0.0224526
0.0213679
0.0209299
0.0265327
0.0239762
0.0255843
0.0262911
0.0258629
0.0229755
0.0223423
0.0205387
0.0211202
0.0184203
0.0177849
0.0186373
0.0184572
0.0179216
0.01595
0.0162193
0.0189053
0.017008
0.0162834
0.0161077
0.015088
0.0161617
0.0174325
0.0170203
0.0177894
0.0176838
0.0183136
0.0169707
0.0196812
0.0186213
0.0197177
0.0170537
0.0167401
0.0168669
0.0169928
0.0185597
0.018818
0.0185799
0.0172796
0.0171002
0.0183144
0.021759
0.0211735
0.0243038
0.0239559
0.0308706
0.0222531
0.0223023
0.0226274
0.0225281
0.0251509
0.0225101
0.0253763
0.022872
0.0198546
0.0216655
0.02403
0.0233366
0.0250517
0.0273266
0.027247
0.0252421
0.0311359
0.0234791
0.0263157
0.0253465
0.0268709
0.029659
0.0261584
0.0237181
0.024482
0.0234608
0.0236006
0.0225196
0.0238679
0.0250937
0.0253597
0.0262065
0.0224795
0.0219707
0.0269708
0.0260137
0.0274377
0.0295048
0.0282282
0.0269541
0.0251826
0.0211691
0.0208379
0.02049
0.021209
0.0230243
0.0229905
0.0197344
0.0201303
0.0219588
0.0252237
0.0261295
0.0264184
0.0287516
0.0281471
0.027069
0.0274807
0.0223147
0.027245
0.0268672
0.0283845
0.0303386
0.0311649
0.0301593
0.0284243
0.0303273
0.025257
0.0269002
0.0238167
0.0242092
0.0248
0.0274598
0.0256701
0.0249739
0.024557
0.0227283
0.0226957
0.0223031
0.0219252
0.0225578
0.0244829
0.0251865
0.0228849
0.0213753
0.0213401
0.0216601
0.0317488
0.0234555
0.0239897
0.0237777
0.0238746
0.0220402
0.0215333
0.0256662
0.0282694
0.0265117
0.0269307
0.0233567
0.0232311
0.0213787
0.021277
0.0217677
0.023602
0.0226794
0.0244057
0.0233379
0.0217363
0.0216718
0.0216158
0.025958
0.0322325
0.0265771
0.0292109
0.0284315
0.0298215
0.0259844
0.0231121
0.0213281
0.021831
0.0218386
0.0238451
0.0221221
0.0223365
0.0224393
0.020585
0.020217
0.0209189
0.020647
0.0215506
0.024108
0.0195464
0.0190372
0.0208967
0.0235974
0.0237603
0.0254164
0.025033
0.0240344
0.0238643
0.0342296
0.0239188
0.0277718
0.0237818
0.0249157
0.0294246
0.0223626
0.019508
0.0216116
0.0234756
0.0225184
0.022197
0.0228121
0.0234623
0.0192637
0.0214426
0.0229941
0.016899
0.0178177
0.0203401
0.0174468
0.0174727
0.0187247
0.0208399
0.0245325
0.0179681
0.0176506
0.0203479
0.0176782
0.0177618
0.0185639
0.0203449
0.0200017
0.0180464
0.0179215
0.0173586
0.0205239
0.0190111
0.0174507
0.0186111
0.0209858
0.0191379
0.0182804
0.0179669
0.0175279
0.01961
0.020748
0.0189049
0.0183862
0.018339
0.0174678
0.017372
0.0160393
0.0128032
0.0146981
0.0138811
0.013672
0.0121188
0.0119452
0.0129367
0.0125401
0.0130173
0.0121494
0.013302
0.0115549
0.0128511
0.0165089
0.0164461
0.0112796
0.0138748
0.0124899
0.0138547
0.0115722
0.012853
0.0133004
0.011393
0.0131425
0.0174385
0.0172459
0.0156858
0.0175158
0.0130564
0.0114565
0.0141123
0.0122692
0.0135049
0.0120787
0.0142772
0.0130999
0.0115374
0.0150084
0.0163407
0.0147746
0.0115724
0.0134581
0.0168738
0.0178187
0.0161229
0.0144531
0.0155828
0.0134608
0.0135615
0.0143924
0.0164192
0.0175534
0.0156798
0.0161447
0.0172117
0.0155031
0.0159959
0.0167095
0.0151617
0.0163242
0.0122377
0.011607
0.0127883
0.0117854
0.0120829
0.0135582
0.013751
0.0117659
0.013189
0.0131202
0.0176008
0.0143031
0.031705
0.0257304
0.0210577
0.0188417
0.0246459
0.0310362
0.0243515
0.0170703
0.0273724
0.0205348
0.0223094
0.0231879
0.0188543
0.022057
0.0194518
0.0207822
0.0221095
0.018666
0.0178331
0.0199906
0.0214416
0.0261343
0.0272329
0.0240239
0.0198777
0.0168517
0.0194884
0.0153715
0.0161979
0.0178745
0.0158567
0.0162602
0.0186231
0.0261347
0.0329444
0.0262456
0.0230379
0.0222966
0.0211737
0.0184727
0.020666
0.0206316
0.0203669
0.0220026
0.0200009
0.0199266
0.0255222
0.0232571
0.0247693
0.0203519
0.0187
0.0196933
0.0201524
0.0210229
0.0183429
0.0194934
0.0201833
0.0188497
0.0209176
0.0215389
0.0179983
0.0187827
0.0202094
0.0184799
0.0199898
0.0218616
0.0196609
0.0197087
0.0202623
0.0188265
0.0202217
0.0214839
0.0193254
0.0190164
0.0201956
0.0195664
0.0221759
0.0207242
0.0194385
0.0208994
0.0244453
0.0245495
0.0271062
0.0260367
0.0239566
0.0215512
0.0207959
0.0210734
0.0233065
0.0246242
0.0203522
0.0201185
0.0210806
0.0209186
0.022564
0.0211373
0.0205068
0.0207105
0.0219564
0.0218459
0.0247079
0.0259676
0.027495
0.0317218
0.0245541
0.0206905
0.0200031
0.021045
0.0230142
0.0211434
0.0199388
0.0209154
0.020628
0.0212743
0.0239907
0.0211989
0.020215
0.0203291
0.0203043
0.0203577
0.0233541
0.0230923
0.0198015
0.0212304
0.0205645
0.0204055
0.0235277
0.0223231
0.0233491
0.0210996
0.0200441
0.0243404
0.025463
0.0260888
0.0273023
0.0209297
0.0203015
0.0207011
0.0213996
0.0227648
0.023935
0.0217958
0.0209275
0.0224807
0.0253953
0.0250273
0.0276238
0.0285975
0.025718
0.0254482
0.0215696
0.0219023
0.0246243
0.022039
0.023889
0.026111
0.024854
0.0259002
0.0272585
0.0278033
0.0256367
0.0231699
0.0244812
0.0259494
0.0276707
0.0300387
0.0275326
0.0267979
0.0264464
0.0277849
0.0291396
0.0282889
0.0308842
0.0341635
0.0279648
0.0281442
0.0346642
0.025635
0.02677
0.0242971
0.0269045
0.0236312
0.0220096
0.0281778
0.0253522
0.0252718
0.0256104
0.0251472
0.0217271
0.0208466
0.0208644
0.0200231
0.0197037
0.0207604
0.0232755
0.0215207
0.0205663
0.0194615
0.0213925
0.0203303
0.0219622
0.0237231
0.0246089
0.0224015
0.0217611
0.0203171
0.0207756
0.0199429
0.0199228
0.0207835
0.0233391
0.0219187
0.0204888
0.0187657
0.0201569
0.0229199
0.0233296
0.0201629
0.0223634
0.0214702
0.0203454
0.0183428
0.0181474
0.02255
0.0220169
0.0238683
0.0239415
0.0254416
0.0238275
0.0197909
0.0211835
0.0208865
0.0210613
0.019809
0.0205667
0.0223716
0.0224548
0.0215185
0.0206793
0.0213435
0.0205831
0.0202306
0.0225865
0.021044
0.0204117
0.0221766
0.0213501
0.020069
0.0197166
0.0178945
0.0180706
0.0180332
0.0169817
0.0189312
0.0189187
0.0191762
0.0192682
0.0197557
0.0213592
0.0190993
0.0208995
0.0229643
0.0229631
0.0231857
0.0191209
0.0251369
0.0168239
0.0204532
0.0157686
0.0160387
0.015863
0.0157531
0.0170632
0.0193961
0.0198647
0.0175856
0.0179675
0.0138691
0.0177018
0.0192037
0.0194405
0.0192074
0.017921
0.0144548
0.0147961
0.0135716
0.0144042
0.0150818
0.014695
0.0133107
0.0128254
0.0138317
0.0168128
0.0184662
0.0193869
0.0189308
0.0173473
0.017483
0.0145747
0.0134764
0.0174672
0.016378
0.0154671
0.0201703
0.0139509
0.0143723
0.0187341
0.0205107
0.0201529
0.0210248
0.0208649
0.015136
0.0156848
0.0189751
0.015979
0.0165344
0.0173228
0.0158907
0.0155399
0.0155878
0.0201284
0.0223138
0.0221387
0.0228941
0.0217411
0.0210083
0.0174064
0.0176334
0.0173844
0.0189714
0.0188247
0.0177989
0.0173811
0.0175379
0.0180587
0.0180165
0.0199586
0.0198123
0.0197442
0.0182632
0.017712
0.0194293
0.0220503
0.0226278
0.0231912
0.0236538
0.0284279
0.0217335
0.0211736
0.0217605
0.0211109
0.02212
0.0224629
0.0195458
0.0194829
0.017211
0.0192131
0.022773
0.0207472
0.0216153
0.0222804
0.030132
0.0213133
0.0171898
0.0168338
0.0170141
0.0166512
0.0178187
0.0179142
0.0175737
0.0167211
0.0166671
0.0174353
0.0161945
0.0170133
0.0184954
0.018379
0.0165492
0.0160047
0.0159749
0.0176179
0.0165862
0.0183393
0.0180185
0.0165322
0.0164553
0.0167385
0.0176171
0.0173223
0.0186646
0.018763
0.0180564
0.017567
0.0176173
0.0175988
0.0173158
0.0186044
0.0198436
0.0198781
0.0189312
0.0191236
0.0191389
0.0182966
0.0207101
0.0206287
0.0217166
0.0199781
0.0189093
0.0199513
0.0192234
0.0188023
0.0193077
0.0228353
0.0220907
0.0211355
0.019287
0.0191994
0.0190957
0.0228281
0.0231681
0.0247572
0.0250235
0.0220044
0.0181077
0.0205633
0.0179995
0.0192694
0.020409
0.0210573
0.0183038
0.0197167
0.0206566
0.022996
0.0236002
0.0254258
0.0253548
0.0244725
0.0231187
0.0193466
0.0240483
0.0240153
0.0268739
0.0271074
0.027451
0.0246861
0.0213543
0.020843
0.0210314
0.0227476
0.022276
0.025987
0.0207234
0.0203279
0.0219537
0.0248073
0.0251423
0.0270378
0.0268491
0.0257345
0.0246614
0.0221857
0.0267605
0.0248656
0.0266307
0.0273214
0.0289272
0.0256859
0.0244046
0.0217854
0.0206312
0.0226246
0.021228
0.0212407
0.0265231
0.0197258
0.0194011
0.0215077
0.0198269
0.0196036
0.0219039
0.0222796
0.0266099
0.0206451
0.0196293
0.020279
0.0242907
0.0238171
0.0255556
0.0261527
0.0309855
0.024007
0.0242311
0.0203314
0.0241873
0.0248851
0.025535
0.0267516
0.0258812
0.023793
0.0248011
0.0218954
0.0242589
0.0244192
0.0257245
0.0263924
0.0263771
0.0245351
0.0246063
0.020966
0.023718
0.0212125
0.0215333
0.0223046
0.0224964
0.0257523
0.0207135
0.0205974
0.0213777
0.0208764
0.021336
0.022796
0.0226204
0.0219457
0.0206245
0.02037
0.0220621
0.0208603
0.0214209
0.0319825
0.0230629
0.0239251
0.0207528
0.0206411
0.0254264
0.0295735
0.0264411
0.0272571
0.0266344
0.0252539
0.0250201
0.0219109
0.0210779
0.0205641
0.02159
0.022962
0.023358
0.0215923
0.0208656
0.020748
0.0222939
0.0208135
0.0213376
0.0227387
0.0231466
0.0218752
0.0208878
0.0214779
0.0238163
0.0263123
0.0250845
0.0256551
0.027527
0.0282587
0.0273736
0.0260977
0.0269303
0.0251452
0.0265144
0.0254349
0.0259331
0.0282303
0.0277481
0.0358039
0.0253107
0.0252456
0.0212533
0.0257066
0.0248706
0.0251275
0.0239649
0.0244921
0.0218551
0.0199931
0.0314693
0.0202845
0.0244264
0.0249402
0.0247431
0.0264152
0.0274489
0.0249148
0.0235415
0.0253007
0.0254885
0.0248932
0.0256354
0.0208619
0.0235709
0.0238798
0.0210602
0.0186918
0.0184616
0.01833
0.0226256
0.0228194
0.0229563
0.0239207
0.0258006
0.0311505
0.022544
0.0226178
0.0183014
0.0216519
0.0204135
0.019544
0.0197473
0.0205744
0.0266313
0.0181301
0.017878
0.0178038
0.0181303
0.018996
0.0189424
0.0200174
0.0193398
0.0184426
0.0184376
0.0225604
0.0195113
0.0226939
0.0243428
0.0237045
0.0240532
0.0266213
0.0238294
0.0233879
0.0210708
0.0195625
0.0222563
0.0229509
0.0237276
0.0224822
0.019888
0.0182527
0.0179582
0.0217687
0.0176667
0.0181305
0.0202525
0.0191583
0.0188999
0.0203142
0.0172662
0.0178908
0.0207784
0.0216883
0.0228191
0.0233601
0.0222678
0.0228747
0.0167725
0.0168264
0.0206733
0.0211675
0.0226612
0.0215977
0.0245162
0.0205802
0.0170446
0.016133
0.0161394
0.0171213
0.0170145
0.0156563
0.0156195
0.0160133
0.0197636
0.0209131
0.0220166
0.0210284
0.0203745
0.0201044
0.0181287
0.0176283
0.0198067
0.0171068
0.0169562
0.016762
0.0149698
0.0149647
0.0164939
0.0186814
0.0197216
0.0205264
0.0201822
0.0192523
0.0190013
0.0160081
0.0148977
0.0164191
0.0179803
0.0162246
0.0152169
0.01501
0.0164776
0.0196523
0.0203409
0.0209195
0.0210009
0.0203387
0.019924
0.0166189
0.0178542
0.0158481
0.0159798
0.0168425
0.016131
0.0158237
0.0161328
0.0169943
0.0177864
0.0170593
0.0160104
0.0156195
0.0182319
0.0153042
0.0159926
0.0166843
0.0171253
0.0159071
0.0153957
0.0172722
0.0194856
0.0205912
0.0213577
0.0210967
0.0205359
0.0194716
0.0177011
0.0154729
0.0167222
0.0181696
0.0168492
0.016319
0.016123
0.018247
0.0177743
0.0170977
0.0198471
0.0208
0.0219762
0.0211537
0.0197733
0.0178905
0.0154712
0.016605
0.0168912
0.016748
0.015755
0.0160235
0.015393
0.0168464
0.0170092
0.0169204
0.0154064
0.0156314
0.015947
0.0167797
0.0174274
0.0189981
0.0158796
0.0154576
0.0226248
0.0210126
0.0221306
0.0212501
0.0199792
0.018183
0.019743
0.0256638
0.0212248
0.0245753
0.0199027
0.0180934
0.0147262
0.0157534
0.0162596
0.0150193
0.0149405
0.0163592
0.0190974
0.0198541
0.0203024
0.0208135
0.0184687
0.0158099
0.018102
0.0196401
0.0199377
0.0185183
0.0146568
0.0175904
0.0161605
0.0199732
0.0150467
0.0165933
0.0188494
0.0184043
0.0194713
0.014358
0.0143722
0.0185944
0.0206105
0.0184838
0.0175467
0.0155651
0.0156376
0.0154572
0.0140564
0.0143104
0.0151401
0.0156422
0.014646
0.01454
0.0189779
0.0210777
0.0193286
0.0196945
0.0162329
0.016983
0.0160445
0.0151079
0.0210762
0.0175329
0.0206487
0.0164598
0.0177624
0.0205217
0.0225173
0.0256134
0.0203062
0.016702
0.0187506
0.0207144
0.0182384
0.0164496
0.0165395
0.015512
0.0184385
0.0164334
0.015909
0.015443
0.0166341
0.0156173
0.0155436
0.0175705
0.01536
0.0170045
0.0191745
0.0155758
0.0175132
0.0151899
0.0169899
0.0174601
0.0159662
0.0162909
0.0202219
0.0215959
0.022875
0.0209556
0.0209015
0.0215037
0.0226305
0.0233334
0.0221378
0.0216962
0.018603
0.0184908
0.0184183
0.0202079
0.0179132
0.0174729
0.0194165
0.0219465
0.0223187
0.0238511
0.0220075
0.0203181
0.0182019
0.0185288
0.0193003
0.0205643
0.0186188
0.019558
0.0188876
0.0177581
0.0181788
0.0185419
0.0173774
0.0172121
0.0197996
0.0232189
0.0222096
0.0250893
0.021147
0.0214351
0.0192787
0.0213157
0.0225785
0.0235488
0.0217441
0.0182743
0.0201409
0.0182829
0.019204
0.020287
0.0177826
0.0188881
0.0186356
0.0189526
0.0221136
0.0185883
0.0189088
0.020038
0.0194411
0.0191361
0.021119
0.0219839
0.0187552
0.0195879
0.0188101
0.0204259
0.0210069
0.0208792
0.0187222
0.0183928
0.0191426
0.0194229
0.0208828
0.0190498
0.0200165
0.0208195
0.0210522
0.0211849
0.0213832
0.0218737
0.0200611
0.0198009
0.0215987
0.022519
0.0205165
0.0200096
0.0216018
0.0229624
0.0226683
0.0221251
0.0207978
0.0278525
0.0219912
0.0232197
0.0239143
0.0208691
0.0226993
0.0253577
0.025171
0.027413
0.0278158
0.0224168
0.0239082
0.0204494
0.0209522
0.0207916
0.0222381
0.02245
0.0219919
0.0207032
0.0209801
0.0206445
0.023182
0.0240999
0.0229406
0.022451
0.0206556
0.0222574
0.0209327
0.0208985
0.0220771
0.0225926
0.0217371
0.0207906
0.020597
0.0208335
0.0211668
0.022543
0.0227017
0.021997
0.0210633
0.020598
0.0210105
0.0221403
0.0213156
0.02337
0.0215452
0.0202911
0.0202617
0.0248478
0.0246135
0.0261762
0.0227087
0.0220561
0.0211316
0.0212893
0.0219339
0.0202552
0.0229501
0.0218068
0.021679
0.0195801
0.0197549
0.0199744
0.0200179
0.0221005
0.0216886
0.0189309
0.0191764
0.0188213
0.0186165
0.0216945
0.0195387
0.0172934
0.0176463
0.0191051
0.0213102
0.0217538
0.0237753
0.0266475
0.0222497
0.0218435
0.0217094
0.0215887
0.0234021
0.0223214
0.0217671
0.0185908
0.0207226
0.0181828
0.0199046
0.0177728
0.0172942
0.017649
0.0211577
0.0187073
0.0191345
0.0193556
0.0170755
0.0179858
0.0153204
0.0181508
0.0151765
0.0155609
0.0172631
0.0153756
0.0246647
0.0218683
0.0151466
0.0195869
0.0221247
0.0169957
0.0166398
0.0169805
0.0176903
0.0155049
0.0158792
0.0174631
0.019879
0.0212411
0.0176137
0.0185782
0.0168712
0.0177958
0.0196217
0.0203708
0.0178653
0.020358
0.0200721
0.0177816
0.0151454
0.015703
0.0181705
0.0168982
0.0172746
0.0177071
0.0177135
0.0203533
0.0224794
0.0216744
0.0162035
0.02063
0.0224533
0.0231544
0.0200983
0.0167358
0.0198557
0.0200615
0.0206022
0.0169629
0.0182118
0.0175937
0.0183668
0.0176624
0.0238672
0.0222858
0.0226583
0.0200299
0.0203988
0.0204062
0.0217349
0.0216268
0.0200698
0.0207645
0.0186442
0.017543
0.0178765
0.015954
0.0181405
0.0186306


