0.0165359
0.0165279
0.0167771
0.0172392
0.0276458
0.0169052
0.0194448
0.0175481
0.0171962
0.0150422
0.0171102
0.0173923
0.0175614
0.0172587
0.0135227
0.0167278
0.0173148
0.0158835
0.0151652
0.0160959
0.017299
0.0183806
0.0172647
0.0172429
0.0149754
0.0164187
0.0153667
0.0148005
0.0167878
0.0148347
0.0181186
0.0152108
0.0160806
0.0169209
0.015352
0.0174032
0.0169864
0.0180938
0.0159856
0.0167208
0.0133528
0.0174688
0.0176747
0.0175841
0.0175609
0.0158087
0.0172856
0.0157511
0.014703
0.0168248
0.0167819
0.0164905
0.0178744
0.0135313
0.0164869
0.0161921
0.0167273
0.0172301
0.0149379
0.0165998
0.0164596
0.0145664
0.01602
0.0165538
0.0165943
0.0147519
0.0156795
0.0155932
0.0167249
0.0173947
0.0165945
0.0152651
0.0140248
0.0175196
0.0170494
0.0174709
0.0182646
0.0178452
0.0169465
0.0157758
0.0146545
0.0148512
0.0159001
0.0163128
0.0161989
0.0151587
0.0174777
0.0174986
0.0167902
0.0174385
0.0162463
0.0174387
0.0180134
0.0153223
0.0144278
0.0152668
0.0146461
0.0178134
0.016829
0.0172202
0.0177172
0.0168255
0.0174628
0.0158591
0.0254149
0.0208927
0.0205534
0.0200053
0.0211276
0.0227959
0.0230828
0.0227228
0.0208445
0.021762
0.0225901
0.0233412
0.0232924
0.0209398
0.020754
0.0225767
0.0217484
0.0215525
0.0239097
0.0234293
0.0217192
0.0237828
0.0248739
0.0230223
0.0227397
0.0230241
0.0247696
0.0247263
0.0228824
0.0314547
0.0231206
0.0230179
0.0242016
0.0227057
0.0226461
0.0239906
0.0238965
0.0260248
0.0229395
0.0252107
0.0251366
0.0248952
0.0240302
0.0229161
0.0212133
0.0199362
0.021565
0.0250956
0.0230062
0.0215628
0.0209898
0.0228671
0.0247095
0.0250718
0.0251762
0.0254489
0.0226816
0.0248818
0.0221927
0.0243666
0.0234056
0.0262336
0.0250651
0.0301016
0.0260945
0.0245105
0.0257048
0.0251559
0.0221044
0.0249562
0.0237805
0.0241194
0.0256712
0.0253867
0.0235077
0.0226221
0.0248068
0.0265025
0.024712
0.0250808
0.0246336
0.02297
0.0241162
0.0240081
0.0233099
0.0252228
0.0257565
0.0271709
0.0218978
0.0230323
0.0246495
0.0262901
0.0231405
0.0224868
0.0241553
0.025895
0.0246503
0.0254747
0.0239292
0.0229562
0.0261473
0.0247046
0.023004
0.0239506
0.0221946
0.022724
0.0215673
0.0258581
0.0229648
0.0259763
0.0245265
0.0247914
0.0252909
0.0232086
0.0236378
0.0242044
0.0263402
0.0239586
0.0232084
0.024015
0.0259581
0.0280183
0.0225319
0.0254648
0.0262365
0.0233749
0.0264122
0.0246351
0.0228347
0.0259692
0.0241184
0.0321378
0.0229895
0.0252937
0.023944
0.02354
0.0217325
0.0243153
0.0246544
0.0250421
0.0260794
0.0252224
0.0245647
0.0272446
0.0223954
0.0233349
0.0230722
0.025319
0.0267255
0.023961
0.0248967
0.0226365
0.0266711
0.0241817
0.0221146
0.0268215
0.0267106
0.0256436
0.0236384
0.0262436
0.0251446
0.0258101
0.0252035
0.0246123
0.0215087
0.0229361
0.02366
0.0241055
0.0257027
0.0247981
0.0237145
0.0257215
0.0244652
0.0221262
0.0266415
0.0236472
0.0264873
0.025373
0.0238134
0.0262615
0.0246907
0.0223711
0.0252212
0.0255484
0.0252334
0.0245935
0.0250681
0.0233136
0.0223996
0.0228006
0.0227653
0.0216371
0.0225745
0.0231896
0.0235738
0.0226338
0.0246541
0.0254846
0.0223713
0.0234622
0.0240672
0.0213245
0.0269153
0.0253011
0.0250523
0.0265932
0.0260116
0.0254736
0.0264551
0.0239705
0.0234179
0.0221225
0.0235149
0.0232484
0.0251572
0.0228574
0.0265923
0.0264369
0.0230984
0.0215286
0.0227289
0.0266008
0.0258043
0.023525
0.0229829
0.0228667
0.0263758
0.0220392
0.0231856
0.0232163
0.023779
0.0238403
0.0246778
0.0230618
0.0253434
0.0241088
0.0231405
0.0218728
0.0253654
0.0261752
0.023492
0.0231791
0.0246336
0.0251546
0.0237154
0.0261279
0.0224776
0.021213
0.0229266
0.0249656
0.0260796
0.0249726
0.0220802
0.023135
0.024204
0.0260359
0.0225234
0.0253694
0.0231751
0.0230213
0.020909
0.0239331
0.0253325
0.0239034
0.0251064
0.024781
0.0249874
0.0247812
0.0220634
0.0258993
0.0255808
0.0224972
0.0239234
0.0264747
0.0249178
0.0248012
0.0236174
0.0248728
0.0221307
0.0235161
0.0238439
0.0232764
0.0226399
0.0243513
0.0324311
0.0244354
0.0242361
0.0250696
0.0238694
0.022717
0.021379
0.022512
0.0230092
0.0228907
0.023336
0.0209338
0.0241053
0.0239625
0.0226549
0.0225882
0.0210747
0.0229756
0.0225777
0.023943
0.0252557
0.023498
0.024144
0.023876
0.0245203
0.0218388
0.0212727
0.0192655
0.021847
0.0221455
0.0242733
0.0235214
0.0212252
0.0202376
0.021146
0.0238728
0.0241856
0.0247423
0.0206469
0.0234835
0.0215077
0.0245912
0.0219106
0.0219672
0.0215866
0.0211934
0.0243683
0.0242014
0.0216351
0.0229735
0.0224807
0.0239115
0.0241005
0.0207665
0.023321
0.0240192
0.0241453
0.0219576
0.0229688
0.0226236
0.0256507
0.0209349
0.0257188
0.0256273
0.0234588
0.0292892
0.0248187
0.0256489
0.0245125
0.0256303
0.0211284
0.0224703
0.0243802
0.0227754
0.0219044
0.0230416
0.0261402
0.026344
0.0243448
0.02198
0.0228684
0.0230012
0.0234094
0.0228758
0.0246475
0.0245516
0.0261045
0.0242322
0.026859
0.0212721
0.0233766
0.0325942
0.0212597
0.0231225
0.025673
0.0235878
0.0247747
0.0220059
0.0227542
0.0266069
0.025864
0.0257205
0.0282295
0.0257388
0.0245345
0.0216522
0.0223403
0.0228842
0.0231674
0.0243519
0.0243661
0.0219081
0.022669
0.025911
0.0246851
0.0238318
0.0266089
0.0209728
0.0226435
0.0244879
0.0229856
0.0237336
0.022745
0.0231723
0.0226187
0.025821
0.0262795
0.0213598
0.0224692
0.0234051
0.022016
0.0228078
0.0249235
0.0236321
0.0235026
0.0244165
0.0265017
0.0215523
0.0225938
0.0241494
0.0248595
0.0200201
0.0235879
0.0221189
0.0233851
0.0250925
0.0208356
0.0247256
0.0250835
0.0249915
0.022537
0.0216694
0.0220689
0.0224257
0.0248042
0.023789
0.0213045
0.0225808
0.0229311
0.0239991
0.0250728
0.0247224
0.0227422
0.02295
0.0237234
0.0237579
0.0222287
0.0246887
0.0252585
0.0256632
0.0254752
0.0248265
0.0229054
0.024898
0.0221452
0.0226808
0.0224716
0.0233396
0.0231601
0.0241018
0.0235092
0.0245171
0.0269964
0.0240477
0.0248561
0.0238642
0.0226277
0.0256139
0.026487
0.0258662
0.0236515
0.0236727
0.0258669
0.0263438
0.0248457
0.0245469
0.0239383
0.0237754
0.0265738
0.0244487
0.024499
0.0242337
0.0267749
0.0247682
0.0257765
0.0272402
0.0236802
0.0253551
0.027059
0.0256934
0.0257551
0.0268049
0.0218198
0.0249413
0.0250714
0.0259646
0.0229939
0.0229307
0.0242475
0.0238457
0.0226761
0.0215537
0.0222373
0.0233475
0.023971
0.0272494
0.0212274
0.0225549
0.0247984
0.0226591
0.0233796
0.0225228
0.0240172
0.0244636
0.0249713
0.0255607
0.0252029
0.0231137
0.0262662
0.0250804
0.0249203
0.025794
0.0232138
0.0244289
0.0242255
0.0245782
0.0226494
0.0236631
0.0281486
0.0258845
0.0256308
0.025097
0.0245076
0.0243713
0.0248631
0.0242904
0.0229259
0.0211398
0.0239098
0.0255649
0.0239681
0.0247052
0.0226844
0.0235445
0.0218292
0.0237137
0.0238807
0.0250566
0.0246487
0.0224487
0.0254596
0.0256128
0.0237022
0.0239142
0.0224598
0.0261476
0.0265232
0.025278
0.0237554
0.0237415
0.0229367
0.0228706
0.0261299
0.0241466
0.0227026
0.0224181
0.0247634
0.0262711
0.0264398
0.0253757
0.0260244
0.0248085
0.0268312
0.0238132
0.0241085
0.0253908
0.0240327
0.0240455
0.0257847
0.0263456
0.0266982
0.0244953
0.0247949
0.0249575
0.0238045
0.0270206
0.0263116
0.0256781
0.0227319
0.0240549
0.024236
0.0246323
0.0284905
0.0237348
0.0277073
0.0253705
0.0260745
0.02626
0.0239381
0.0265444
0.0268131
0.0242597
0.0248449
0.0239135
0.0270283
0.0273991
0.0247363
0.0282736
0.026817
0.0264649
0.0255493
0.0269217
0.0253827
0.02338
0.0229875
0.0241467
0.0251784
0.024712
0.0266893
0.0240811
0.025764
0.0241116
0.0238424
0.0270964
0.0246102
0.0273171
0.0269279
0.0253162
0.0260943
0.0273396
0.024033
0.0223089
0.0247182
0.0245455
0.0257781
0.0223032
0.02312
0.0257507
0.0239308
0.025418
0.022715
0.0263312
0.0243131
0.0232925
0.0251351
0.0236952
0.025631
0.0254358
0.0217798
0.0241464
0.0262018
0.0252823
0.0240994
0.0246771
0.0254601
0.0228602
0.026544
0.0234032
0.023436
0.0239312
0.0243761
0.0249802
0.0251942
0.022726
0.0240162
0.0250342
0.0240692
0.0224482
0.0230149
0.0237692
0.0233359
0.0215421
0.0225834
0.0237009
0.022509
0.0227269
0.0243015
0.0225704
0.0228122
0.021339
0.0225534
0.023454
0.021614
0.0232745
0.0223992
0.0236016
0.0228696
0.0248328
0.0238625
0.0211988
0.0231561
0.0206504
0.0251341
0.0234895
0.0224899
0.0246014
0.0241067
0.0251716
0.0227584
0.0261823
0.0242593
0.0226284
0.0221125
0.0230895
0.0239604
0.0208892
0.0247973
0.0226847
0.0241231
0.0231631
0.0219098
0.0255188
0.0223897
0.0262804
0.0244782
0.0238214
0.023272
0.0216344
0.0229209
0.024954
0.0250761
0.0234969
0.0244761
0.0236766
0.0246082
0.0257879
0.0237931
0.0241408
0.0236485
0.0236341
0.0251287
0.0229589
0.0264675
0.0232541
0.0235248
0.0233598
0.0212448
0.025195
0.0216541
0.0261517
0.0234516
0.0224629
0.0218414
0.0257917
0.021637
0.0224329
0.0276351
0.0231819
0.0260608
0.0229743
0.0258973
0.0227003
0.021756
0.024309
0.0256296
0.0237888
0.0213775
0.0245501
0.0241634
0.0248884
0.0233568
0.024161
0.02238
0.0229956
0.0237391
0.0225146
0.0219912
0.0216838
0.0230843
0.0204195
0.0247807
0.0237016
0.024163
0.0209822
0.0253342
0.0208874
0.0215686
0.0223078
0.0221921
0.02202
0.0219163
0.0217849
0.023003
0.021917
0.025899
0.0221514
0.023794
0.0246736
0.0226451
0.0243949
0.0223929
0.023344
0.022739
0.0223774
0.0214602
0.0210846
0.0246341
0.0246393
0.0225363
0.0214056
0.0249182
0.0236284
0.024871
0.021339
0.024401
0.0236738
0.0237694
0.0223464
0.0229743
0.0223848
0.025231
0.0248177
0.022529
0.0232972
0.0214167
0.0203851
0.0219127
0.0223713
0.0206374
0.0243723
0.0252648
0.0215871
0.0242426
0.0222751
0.0212544
0.0205484
0.0284151
0.0255486
0.0231495
0.023709
0.0233619
0.0229634
0.0282068
0.0241468
0.025693
0.0223998
0.0239944
0.0241102
0.0237552
0.022548
0.0217449
0.0244592
0.0225239
0.0220322
0.0242269
0.0259008
0.0236511
0.0229235
0.0229784
0.0240009
0.0247074
0.0261202
0.0256111
0.0231169
0.0251277
0.0239424
0.0256737
0.0245787
0.0247184
0.0237873
0.0231968
0.0250898
0.0241905
0.021728
0.0239244
0.0229148
0.023168
0.0234419
0.0217632
0.0223826
0.0222306
0.0251353
0.0229297
0.0249652
0.0228817
0.0201975
0.0249091
0.0236324
0.0210736
0.0236577
0.0216735
0.0220398
0.0235076
0.0209169
0.021417
0.0238477
0.0238173
0.0239106
0.0252544
0.024375
0.0252425
0.0237927
0.0210219
0.0222308
0.0216731
0.0203764
0.0228836
0.0225648
0.0212256
0.0212305
0.0207384
0.020724
0.0202087
0.0205617
0.0194385
0.0234203
0.0212988
0.0232937
0.0222112
0.0210354
0.022465
0.0239062
0.0205245
0.0213366
0.0236317
0.0206433
0.0195212
0.0233282
0.0232134
0.0203597
0.0224063
0.0231074
0.0250629
0.0218514
0.022325
0.025233
0.0228054
0.0238628
0.022129
0.0259494
0.0216922
0.0224988
0.0226182
0.0248915
0.024351
0.0252066
0.0236546
0.0255461
0.0255686
0.0211079
0.022004
0.0221309
0.0231035
0.0237578
0.0236699
0.0242365
0.0306408
0.0230532
0.0250148
0.0236213
0.0223182
0.0241371
0.0217952
0.0244826
0.0236268
0.0240064
0.022389
0.0241577
0.0241727
0.020538
0.0232832
0.022602
0.0248576
0.02466
0.0247712
0.0225208
0.0228197
0.0217553
0.0233372
0.0215121
0.0232905
0.0236521
0.0228331
0.0256689
0.0250656
0.0247555
0.0226454
0.0215695
0.0225256
0.0251985
0.0224094
0.0247517
0.0233496
0.0258547
0.0225929
0.0231351
0.022429
0.0214158
0.0252981
0.0229783
0.0247933
0.0227406
0.0229856
0.025899
0.0237563
0.0228414
0.025915
0.0329456
0.0231337
0.0248211
0.0253235
0.0268941
0.0234271
0.026386
0.0236282
0.0235996
0.0260017
0.0239456
0.023981
0.0261248
0.0224115
0.023488
0.0237276
0.0240617
0.0229484
0.0246674
0.0247294
0.0244075
0.0260298
0.026147
0.0234454
0.025702
0.0266289
0.0258458
0.0247927
0.0233572
0.0277268
0.0241491
0.0245856
0.0243981
0.0272153
0.0268004
0.027221
0.0262399
0.0260259
0.0231339
0.0254834
0.0263827
0.0259293
0.0272202
0.0233653
0.0277415
0.0280508
0.025769
0.0259327
0.0245461
0.0243679
0.0265544
0.0277176
0.0255381
0.0270678
0.026786
0.023972
0.023816
0.0228021
0.0241394
0.025906
0.0263861
0.0263772
0.024916
0.0266204
0.0255645
0.0247288
0.0243704
0.0260794
0.0242662
0.0262388
0.0252614
0.026993
0.025196
0.0256997
0.0245644
0.0268237
0.0258101
0.0248037
0.0248663
0.0253619
0.0275177
0.0281549
0.0251544
0.0266806
0.0259214
0.0307264
0.0240973
0.0278132
0.0234307
0.0272021
0.0243439
0.0298756
0.0221069
0.0273969
0.0287047
0.0251151
0.0222036
0.025632
0.0254864
0.0268242
0.0273699
0.0271572
0.0340008
0.0262589
0.0264604
0.0268764
0.0232652
0.0266732
0.0258836
0.0270711
0.0245338
0.0274621
0.0251117
0.026603
0.0289102
0.0252763
0.0262188
0.0253609
0.0245386
0.027456
0.0274437
0.0265348
0.0251935
0.0253877
0.0241039
0.0245439
0.0231787
0.0277014
0.0241353
0.023717
0.0254447
0.0241599
0.0262554
0.0243085
0.0245387
0.0227
0.023487
0.0253004
0.0259023
0.0244746
0.0250495
0.0248346
0.0248441
0.0240788
0.0259552
0.0271244
0.0266108
0.024987
0.0232977
0.0239752
0.0230199
0.0241977
0.0225289
0.0231425
0.024084
0.0257223
0.0255046
0.0250378
0.0251137
0.022508
0.0216119
0.0228105
0.0251842
0.0223717
0.0248222
0.0244132
0.024575
0.0237935
0.0240199
0.0207969
0.0207451
0.0218753
0.0238707
0.0250308
0.0215625
0.0217551
0.0226742
0.0218097
0.0230852
0.0214906
0.0214279
0.0255263
0.0243037
0.0251003
0.0239754
0.0224732
0.0225123
0.0243429
0.0226814
0.0234225
0.0251735
0.0227325
0.0231348
0.0255021
0.0251701
0.0230459
0.0247341
0.0251021
0.022583
0.0213706
0.0223608
0.0216834
0.0230026
0.0225497
0.02387
0.0239442
0.0235129
0.0261799
0.0251827
0.0266835
0.021124
0.0267912
0.0258123
0.0236067
0.0253138
0.0251653
0.0244936
0.0260919
0.026508
0.0253296
0.0246703
0.0241662
0.0237191
0.0263332
0.0253384
0.0251162
0.0250272
0.0233716
0.0237614
0.0242816
0.0232976
0.0243146
0.0255541
0.0254087
0.023997
0.0247946
0.0237596
0.0244969
0.030559
0.0223251
0.0240694
0.0269812
0.0254278
0.0255435
0.0251046
0.0216529
0.0239782
0.024511
0.0258211
0.0254548
0.0259669
0.0223473
0.0237111
0.0246355
0.0252341
0.0211944
0.0254618
0.024267
0.0249181
0.0243551
0.0236249
0.022866
0.0241366
0.0241128
0.0232014
0.0208622
0.0250446
0.0247481
0.0237769
0.0230481
0.02635
0.0251839
0.026368
0.0237242
0.0242352
0.0230595
0.0240236
0.0255868
0.0251132
0.0243767
0.0266663
0.0258156
0.0261297
0.0253946
0.0226512
0.0236397
0.0242735
0.026217
0.0267204
0.0264658
0.0223822
0.0234285
0.0235883
0.0269355
0.0245344
0.0244785
0.0254516
0.021904
0.0239608
0.024399
0.0265072
0.024193
0.024296
0.0251335
0.0240325
0.0285594
0.0294772
0.0221625
0.0264273
0.0253222
0.0257537
0.0253766
0.0258332
0.0243737
0.024213
0.0253094
0.0247614
0.0223397
0.0241216
0.0230113
0.022538
0.0244363
0.0227992
0.0240595
0.0260116
0.0248876
0.0257814
0.0225
0.0236254
0.0249239
0.0250445
0.0250886
0.0249423
0.0258886
0.0253461
0.0263574
0.0234947
0.0218017
0.0251173
0.0252443
0.0242902
0.024157
0.0241531
0.0260752
0.0244375
0.0279864
0.0258024
0.0231169
0.025349
0.0270304
0.0255332
0.0245991
0.0223918
0.0250272
0.0277821
0.0268301
0.0255034
0.0262117
0.028907
0.0237605
0.0268773
0.0252127
0.0258862
0.0234395
0.0277872
0.025726
0.0241848
0.02436
0.025539
0.0261375
0.026445
0.0244574
0.02441
0.0242791
0.0262512
0.0265542
0.0264791
0.0275325
0.0260078
0.0234946
0.0217005
0.0273012
0.0239961
0.023045
0.0254208
0.0237769
0.0226
0.0249088
0.0244904
0.0216535
0.0246346
0.0258379
0.025889
0.0246619
0.0239855
0.0238593
0.0240063
0.0246718
0.0269777
0.0211948
0.022735
0.0255005
0.0239948
0.0238377
0.0235591
0.0212699
0.0241498
0.0250395
0.0260906
0.0261958
0.0256662
0.0242849
0.0243937
0.0277611
0.0264415
0.0221578
0.0240945
0.026337
0.0265171
0.0265084
0.025786
0.027482
0.0226571
0.0211896
0.0241102
0.0239188
0.023662
0.0269781
0.023578
0.0233323
0.0220531
0.0259073
0.0249
0.0246022
0.0215455
0.0250381
0.0246168
0.0267819
0.0265048
0.0247445
0.0230554
0.0243949
0.0248279
0.0256068
0.0223548
0.026393
0.0269406
0.0255078
0.0238953
0.0272742
0.0264561
0.0248446
0.0242076
0.0246236
0.0237644
0.0239879
0.0244438
0.0253758
0.0237084
0.0243328
0.0234497
0.0235686
0.0214633
0.0267618
0.0240086
0.0264499
0.0215002
0.0237284
0.0251735
0.0239195
0.0239363
0.0250136
0.0259642
0.0262979
0.0234712
0.0219431
0.0228014
0.0261775
0.0227991
0.0233491
0.0220232
0.0234795
0.0235868
0.0225885
0.024772
0.0233436
0.0260281
0.0265202
0.0259589
0.0275965
0.0220415
0.0247159
0.0260279
0.0263708
0.024107
0.0237216
0.0252948
0.0240793
0.0245757
0.0236764
0.0249945
0.0234457
0.0238308
0.0257166
0.0253003
0.0298608
0.0247174
0.0225121
0.0262558
0.0249746
0.0240787
0.0268829
0.0251751
0.0332531
0.0225839
0.0249595
0.0222755
0.0241895
0.0271418
0.0265243
0.0249076
0.0233522
0.0248888
0.0264661
0.026812
0.0260547
0.0263415
0.0259464
0.0242782
0.0254162
0.023567
0.0245675
0.0235258
0.0228359
0.0238617
0.0268998
0.0242628
0.0216725
0.0264819
0.0239375
0.0257975
0.0231408
0.0229944
0.0204588
0.0242612
0.0243842
0.0243943
0.0222044
0.0222678
0.0229504
0.0245781
0.0257527
0.0249909
0.0264885
0.024882
0.0237594
0.0229757
0.0231583
0.0240422
0.0230192
0.0251636
0.0261211
0.0245316
0.0259136
0.02555
0.0235237
0.0252044
0.0233915
0.0264632
0.0222978
0.0230075
0.0221664
0.0212538
0.0234079
0.0232304
0.0212688
0.0249443
0.0237407
0.0232559
0.0213934
0.0221611
0.0247544
0.0256513
0.0257415
0.0235855
0.0243591
0.0227118
0.0249095
0.0228013
0.0213163
0.0235229
0.0254306
0.0248267
0.0255346
0.0236324
0.0251435
0.0245726
0.0274162
0.0250834
0.026072
0.0244084
0.0242934
0.0231358
0.0223695
0.0247225
0.0303721
0.0264108
0.0226102
0.0212999
0.0222599
0.0253453
0.0243668
0.0224126
0.0205761
0.025009
0.0230647
0.0240016
0.0223131
0.0222722
0.0244907
0.0236002
0.0223127
0.0254202
0.0216785
0.0219877
0.0231935
0.0242962
0.0214367
0.0218321
0.0246969
0.0223003
0.0220451
0.0222474
0.0229856
0.0219691
0.0229801
0.0223218
0.0238491
0.0223939
0.0218425
0.0216929
0.0216093
0.0236013
0.0221664
0.0257831
0.0216398
0.020669
0.0256929
0.0249865
0.0219126
0.0242149
0.0300421
0.0247259
0.0226629
0.0248539
0.0212296
0.025322
0.0222211
0.0211328
0.0197592
0.020322
0.0217796
0.0198958
0.0208977
0.0235947
0.0249139
0.0242272
0.0236138
0.0232566
0.0218838
0.0224909
0.0217658
0.0247581
0.0207886
0.0252122
0.0235685
0.0232113
0.0213411
0.0215151
0.0230889
0.0227149
0.0217036
0.0229557
0.0225806
0.0241344
0.0244535
0.0244529
0.0237323
0.0233278
0.0236313
0.0236002
0.0263875
0.024235
0.0236678
0.0246761
0.0265393
0.0230782
0.0264454
0.0260608
0.0277814
0.0258916
0.0226028
0.0259022
0.0254201
0.02602
0.0255461
0.0241758
0.0267638
0.0262448
0.0233038
0.0272395
0.0263705
0.0235894
0.0237236
0.0239623
0.0249402
0.0261558
0.0279671
0.0247689
0.0236192
0.0272409
0.0268651
0.0245152
0.0251185
0.0279134
0.0269368
0.0247136
0.0257894
0.0250816
0.0234045
0.02551
0.0259138
0.0266376
0.0246056
0.0263154
0.0278567
0.0246169
0.0254396
0.0238974
0.0258379
0.0261792
0.0294396
0.0267424
0.0254597
0.025066
0.0242308
0.0260425
0.0274395
0.0275182
0.0280377
0.0275182
0.0272628
0.0262793
0.0237568
0.0315762
0.0252019
0.0290742
0.0288178
0.0277793
0.0262994
0.0287545
0.0275046
0.0273696
0.023983
0.0272903
0.0287431
0.0286367
0.0267466
0.0298898
0.026822
0.025735
0.0263368
0.0249822
0.0296796
0.0272344
0.0286747
0.028349
0.0286993
0.0284684
0.0273512
0.0254788
0.0273134
0.0266383
0.0277225
0.0286454
0.0267988
0.0290466
0.0283218
0.0266443
0.0287873
0.0263979
0.0271069
0.0280324
0.0278533
0.0262146
0.0283699
0.0293585
0.0262353
0.0261524
0.0273329
0.0263429
0.0297346
0.0289808
0.027238
0.0277855
0.0261599
0.0257139
0.0263271
0.0271331
0.0274843
0.0258091
0.0298657
0.0302993
0.0283651
0.0290302
0.0287412
0.0265512
0.0290457
0.0267542
0.0279378
0.0258166
0.027204
0.027308
0.0288438
0.027476
0.0299359
0.0277633
0.0290181
0.0295259
0.0262831
0.0277284
0.0274209
0.0312097
0.0290057
0.0274267
0.0274777
0.0280198
0.0265251
0.0299319
0.0262602
0.0289014
0.0290428
0.0303145
0.0294025
0.0294039
0.0279498
0.0305881
0.0260759
0.0279217
0.025971
0.0270781
0.0273849
0.0297928
0.0265905
0.0280464
0.0291867
0.0275577
0.0281799
0.0280418
0.0249922
0.0299399
0.029728
0.0298306
0.0282117
0.0274267
0.029233
0.0276772
0.0281362
0.0284303
0.0255438
0.0258018
0.0269873
0.0289863
0.0285527
0.026961
0.0268409
0.0288028
0.0260761
0.027102
0.0240519
0.0265596
0.0281203
0.0294292
0.0265521
0.0267026
0.0250376
0.0267962
0.0280723
0.0292392
0.0258821
0.0272391
0.0275877
0.0274469
0.0286789
0.0291989
0.0276475
0.0240321
0.0286307
0.0275168
0.0238801
0.026001
0.0229612
0.025447
0.0250997
0.026463
0.027738
0.0276673
0.0273707
0.0251418
0.0256582
0.0233568
0.0281645
0.0264809
0.0282062
0.0254163
0.0285713
0.0271106
0.0254207
0.0255926
0.026584
0.0243777
0.029209
0.0264914
0.0263475
0.0295192
0.0270761
0.0252737
0.0263121
0.0270267
0.0292781
0.0231435
0.0255064
0.0278767
0.0251909
0.0249082
0.0225367
0.0244705
0.0235739
0.0240262
0.0222377
0.0246473
0.024377
0.0241645
0.0255127
0.0218645
0.0247908
0.0239683
0.0250649
0.0223575
0.0271407
0.0237028
0.0242624
0.0219502
0.0264688
0.0248182
0.0268509
0.0261462
0.0275514
0.022798
0.0233084
0.0230874
0.0236434
0.023394
0.025193
0.0247545
0.0255816
0.0219696
0.0221913
0.0224863
0.0236168
0.0216105
0.0306242
0.0216006
0.0236672
0.0210018
0.0231372
0.0233445
0.0237611
0.0270499
0.0262174
0.0214936
0.0231215
0.0235119
0.020914
0.0240646
0.0251007
0.0229386
0.0262998
0.0222679
0.020487
0.0238416
0.0243969
0.020988
0.0234707
0.0232965
0.0209719
0.0272757
0.023997
0.0246773
0.0228404
0.0271858
0.0253724
0.0232489
0.0249846
0.0264032
0.0228337
0.0258369
0.0275235
0.0277633
0.028162
0.0235529
0.0272857
0.0264027
0.0251169
0.0252663
0.0268284
0.0282122
0.0259991
0.0224447
0.0250682
0.0245802
0.0273876
0.0242282
0.0226572
0.0252641
0.0249152
0.0230891
0.0280054
0.024012
0.022391
0.0243058
0.0269577
0.0257137
0.024692
0.0268608
0.0293092
0.0279877
0.0253151
0.0258455
0.0245147
0.0257777
0.0283103
0.0280421
0.0273786
0.0258537
0.0289823
0.0230977
0.0260296
0.0269218
0.0287081
0.0235219
0.0263052
0.0256188
0.0254587
0.0254997
0.0240215
0.0275675
0.0242461
0.0259639
0.0288797
0.0282525
0.0281115
0.0269223
0.0273891
0.0274784
0.0281432
0.0275809
0.0242905
0.0260415
0.0242079
0.0275205
0.028595
0.0244819
0.0295209
0.0258927
0.0282556
0.0296658
0.0284862
0.0249134
0.026439
0.0276424
0.0248221
0.0262715
0.0240242
0.0259589
0.0271925
0.0293603
0.028398
0.0268175
0.0278102
0.0247894
0.0272256
0.0258611
0.0278301
0.0285562
0.02854
0.0316924
0.0249695
0.0284994
0.0295582
0.027873
0.0273476
0.0248592
0.0256261
0.0265281
0.0268973
0.0259656
0.0287127
0.0275164
0.0249478
0.0257613
0.0277127
0.025678
0.0280514
0.0278563
0.0299415
0.0297681
0.0260111
0.0271565
0.0288488
0.0278757
0.0289712
0.0267229
0.0290012
0.0271053
0.0278147
0.0317498
0.0255101
0.0256492
0.0265875
0.0266767
0.0271968
0.0298848
0.0288496
0.0293721
0.0270847
0.0277185
0.0247841
0.0300417
0.028196
0.0296319
0.029983
0.0299323
0.0291327
0.0282692
0.0264394
0.028433
0.0250788
0.0301989
0.0287526
0.0277418
0.0286032
0.0277694
0.0285773
0.028023
0.0285206
0.0273317
0.0249063
0.0264597
0.0296029
0.0287675
0.0272778
0.0265234
0.0276326
0.0279435
0.0268791
0.0279414
0.024436
0.0282089
0.028587
0.0304202
0.0275932
0.0274355
0.0275267
0.0299162
0.026695
0.0282881
0.0254941
0.0312844
0.0307156
0.0272696
0.026249
0.0273777
0.0299209
0.0277317
0.0273468
0.0288099
0.025112
0.027751
0.0281943
0.0301606
0.0300713
0.0295814
0.0315595
0.0300102
0.0283772
0.0316404
0.0271614
0.0268487
0.0287966
0.0305028
0.0266231
0.0301306
0.0269804
0.0299971
0.0273891
0.0311029
0.029184
0.030168
0.0297813
0.0311514
0.0274275
0.0308248
0.0275156
0.0299474
0.0295786
0.0289923
0.0267109
0.0307415
0.0283609
0.0289091
0.0281741
0.0257377
0.0264411
0.0301623
0.0282061
0.0274449
0.0271225
0.0290662
0.0310719
0.0261245
0.0276874
0.0292359
0.0255924
0.0267968
0.0308035
0.0292976
0.0305579
0.0303401
0.0280508
0.0325268
0.0320965
0.026807
0.0283844
0.0276487
0.02951
0.0313852
0.0299646
0.0298674
0.0299549
0.0273281
0.0266813
0.0305571
0.031255
0.030038
0.026989
0.0301719
0.0299298
0.0278083
0.0279396
0.0300973
0.0258693
0.0270031
0.0285281
0.0290232
0.0275705
0.0259864
0.0288485
0.0275064
0.0265725
0.0256301
0.0261785
0.02683
0.0266382
0.0277085
0.0263179
0.0291589
0.027447
0.0269042
0.0251572
0.024854
0.0265531
0.0263122
0.0239958
0.0252357
0.025408
0.0266848
0.0257886
0.0242113
0.0289743
0.0284884
0.0285731
0.0280638
0.0255529
0.0249307
0.0271794
0.0273149
0.0240007
0.0263944
0.0294155
0.0282441
0.0277135
0.0288188
0.0249188
0.0268281
0.0249885
0.0248393
0.0283515
0.0282792
0.0278447
0.0251717
0.0289865
0.0250549
0.0263432
0.0280504
0.0277189
0.0288025
0.0291361
0.0282076
0.029202
0.0255284
0.0318621
0.0266933
0.0246737
0.0274405
0.0286106
0.0276992
0.0277381
0.0265682
0.0267284
0.0262547
0.026491
0.0285898
0.0243111
0.0289927
0.0283179
0.0277541
0.0261367
0.0274998
0.0277308
0.0260375
0.0261218
0.0254788
0.0262132
0.0270643
0.0273832
0.0276568
0.0270872
0.0239217
0.0271085
0.0252382
0.0261313
0.0236081
0.0250763
0.0256982
0.0251691
0.0266551
0.0244361
0.0285719
0.0277978
0.0239554
0.0253106
0.0241747
0.0241651
0.0241591
0.0272884
0.0250502
0.0268951
0.0269384
0.0275241
0.0250286
0.0247703
0.0235283
0.0248688
0.0252789
0.0329485
0.02512
0.0268288
0.0263055
0.0265983
0.0251722
0.0247126
0.0235743
0.0261975
0.0272622
0.024608
0.0236982
0.0267131
0.0235988
0.0253005
0.0245194
0.0237447
0.0232481
0.0255238
0.0272738
0.0267019
0.0246915
0.0242897
0.0263806
0.0257897
0.0241277
0.0285224
0.0273473
0.0238069
0.0243782
0.0263934
0.0247757
0.0244269
0.0236445
0.0231809
0.0241787
0.0248593
0.0275
0.0262447
0.0290139
0.0282419
0.0260134
0.0248491
0.0238148
0.0230485
0.0253242
0.0267695
0.0249115
0.0251911
0.0262023
0.0377232
0.0231872
0.025097
0.0240187
0.0224244
0.0247183
0.0246325
0.0266657
0.0270767
0.026682
0.0271654
0.0234248
0.0269451
0.0264126
0.0237689
0.0265097
0.0259906
0.025511
0.024441
0.0237969
0.0247099
0.0268455
0.0239209
0.0295804
0.0273208
0.0263207
0.0265068
0.0254175
0.0236061
0.0281371
0.0234896
0.0254673
0.0265051
0.023887
0.0253632
0.023802
0.0230324
0.0239949
0.0276569
0.0226632
0.0269713
0.0242136
0.0235988
0.0218485
0.0236818
0.0230674
0.0238427
0.0214784
0.0248443
0.0255796
0.0238877
0.0232849
0.0214576
0.0214603
0.0265648
0.0234476
0.0232112
0.0216326
0.0228326
0.0231904
0.025923
0.0231871
0.0237766
0.0229518
0.0232805
0.0227365
0.0232861
0.0227012
0.0208382
0.0227918
0.0231746
0.0265229
0.0239714
0.0208552
0.0253994
0.0221979
0.0230281
0.0231192
0.0239248
0.0233467
0.0247824
0.0257947
0.023251
0.0231936
0.025021
0.0293811
0.0237013
0.0224235
0.0247101
0.0251817
0.0253799
0.0232371
0.0243751
0.0245337
0.0223239
0.0251307
0.0270517
0.0270527
0.0256901
0.0244494
0.0271077
0.0256214
0.0264709
0.0254278
0.0261116
0.0220161
0.0272679
0.0272057
0.0271392
0.0241421
0.0261399
0.0269222
0.0272135
0.024485
0.0260335
0.0262162
0.0256424
0.0276782
0.0237593
0.0215143
0.0275833
0.0274273
0.0240961
0.0273695
0.0222123
0.027944
0.0261434
0.0245756
0.0246751
0.0263793
0.0249929
0.0270452
0.0278781
0.0238937
0.0259079
0.0255756
0.0235958
0.0272254
0.0245879
0.0280425
0.0232304
0.0269009
0.0247376
0.0269702
0.0239767
0.0258288
0.0259679
0.0279192
0.0266475
0.023699
0.0268108
0.0265054
0.0232072
0.0257182
0.0255764
0.0233378
0.0268249
0.0242163
0.0249831
0.0240496
0.02413
0.0251418
0.0230059
0.0241332
0.0252011
0.0250583
0.0233482
0.0231633
0.0212032
0.024089
0.0244984
0.0252052
0.0242025
0.0236827
0.0228027
0.026877
0.0243087
0.0242661
0.0247454
0.0232148
0.0238792
0.0227528
0.0241511
0.0263289
0.0228298
0.023848
0.023636
0.0225005
0.0240013
0.0245271
0.02395
0.0218121
0.023951
0.0254348
0.0245863
0.0262867
0.0270788
0.0270189
0.0264603
0.0266976
0.0271526
0.0245789
0.0274195
0.0236042
0.0245538
0.0229902
0.0258032
0.0255186
0.02588
0.0279362
0.0252694
0.0250687
0.0313485
0.0259513
0.0266752
0.0241449
0.0272959
0.0265736
0.0278983
0.0278968
0.0270687
0.0272103
0.0298207
0.0248446
0.0265439
0.0240614
0.026587
0.0273288
0.026994
0.0275831
0.0267246
0.0265029
0.0266857
0.0258527
0.0276721
0.028366
0.0253202
0.0283834
0.0251552
0.0282903
0.0291417
0.0269008
0.0272675
0.0280883
0.0289662
0.025749
0.0302418
0.0280997
0.0254357
0.03028
0.0248718
0.0268252
0.0249829
0.0263997
0.027862
0.0291852
0.0273181
0.0279684
0.0269218
0.0244457
0.0283733
0.027663
0.0262592
0.0272254
0.0245867
0.0261441
0.0259743
0.0269958
0.0285625
0.0273304
0.0279151
0.0266729
0.024028
0.0262148
0.0231616
0.0240691
0.0247823
0.023806
0.0237768
0.0253548
0.0220849
0.0242652
0.023623
0.0220891
0.0237772
0.0228169
0.0207273
0.0219847
0.0218124
0.0240707
0.0214341
0.0244333
0.0219831
0.0214198
0.0216278
0.0204226
0.0215245
0.0213613
0.0199373
0.0235212
0.0211329
0.0239589
0.022714
0.0208111
0.0227268
0.0226916
0.0193766
0.020696
0.0187603
0.0217146
0.021875
0.0200136
0.0179232
0.0214505
0.0199872
0.0203673
0.0193747
0.021916
0.0177713
0.0214402
0.017468
0.0200101
0.0180676
0.0220766
0.0189747
0.0171132
0.0193467
0.0179596
0.0200539
0.0190591
0.0212298
0.0194476
0.0199584
0.0216752
0.019677
0.019378
0.0202886
0.022509
0.021594
0.0209957
0.020639
0.0200532
0.0191267
0.019588
0.0190836
0.0228531
0.0216204
0.0209218
0.0182601
0.0207188
0.0192475
0.0219992
0.0212348
0.0203365
0.019437
0.0233384
0.0220495
0.0201307
0.0175667
0.0199048
0.0196236
0.0224086
0.022892
0.0197524
0.0219726
0.0194874
0.0227429
0.0198189
0.0183368
0.0199846
0.0184419
0.0224875
0.0197361
0.0228854
0.0209265
0.0220859
0.0166638
0.019314
0.0199194
0.0197184
0.0229243
0.0181945


