0.0183636
0.047655
0.0400535
0.0393668
0.0393913
0.0400279
0.0396476
0.0386859
0.0410959
0.0390122
0.0394969
0.0403016
0.0395705
0.0403559
0.039691
0.0393664
0.0392252
0.0397084
0.0400405
0.0386815
0.0393958
0.0496503
0.0153337
0.0173692
0.0413536
0.0429254
0.0395724
0.0394054
0.0398226
0.0396819
0.0397785
0.0397236
0.0393325
0.0404342
0.0393979
0.0388914
0.0402686
0.038885
0.0404865
0.0390447
0.0406706
0.0390095
0.0395059
0.0402482
0.039174
0.0170873
0.0170424
0.0409768
0.0392967
0.0390767
0.0399048
0.0401616
0.0391877
0.0404616
0.0394633
0.0391536
0.0403676
0.0391198
0.0394713
0.039253
0.0388616
0.0391199
0.0406974
0.0397567
0.0402797
0.0389722
0.0395363
0.0391526
0.0169679
0.0170863
0.0405796
0.0393946
0.0405158
0.0387068
0.0392566
0.0390139
0.0392807
0.0389588
0.0391978
0.0390734
0.0397383
0.0396591
0.0403345
0.0391302
0.0395652
0.0390776
0.0392669
0.0386216
0.0394682
0.0387069
0.0384039
0.0160455
0.0176856
0.0401018
0.0389519
0.0396138
0.0392526
0.0388554
0.0392925
0.0393905
0.0392951
0.0389129
0.0386407
0.0388474
0.0386806
0.0388024
0.0383749
0.0384935
0.038407
0.0380847
0.037435
0.0366196
0.0738756
0.0169853
0.0166523
0.01707
0.0176429
0.01794
0.0131011
0.0154236
0.0144015
0.0148128
0.0144767
0.0142771
0.0158939
0.0146952
0.0156611
0.0158563
0.0139499
0.013819
0.0153316
0.0155364
0.0158718
0.0136293
0.0166137
0.014999
0.0152504
0.0158694
0.0146538
0.0161301
0.0163163
0.0152641
0.0163236
0.0147925
0.0162531
0.0162398
0.0160811
0.0162577
0.017239
0.0169108
0.0165696
0.0163556
0.0155794
0.0139645
0.0126319
0.0141764
0.0169381
0.0177116
0.018308
0.0149987
0.0144362
0.0153702
0.0189771
0.0152451
0.0152586
0.0154953
0.0198711
0.0157396
0.0151433
0.0136176
0.0191697
0.0141167
0.0196336
0.0138435
0.0149951
0.0141214
0.0194384
0.0161622
0.0194422
0.0184937
0.0190185
0.0179941
0.0191666
0.0145645
0.0191699
0.0145719
0.0151848
0.0135467
0.0197282
0.0139223
0.0150915
0.0139446
0.015068
0.0134839
0.0190519
0.0156282
0.0143658
0.0134215
0.0190982
0.0139528
0.015218
0.0143563
0.019365
0.0138264
0.0194566
0.0179385
0.0185474
0.0154973
0.0192402
0.0145369
0.0193958
0.013918
0.0200225
0.0187677
0.0200353
0.0158506
0.0162574
0.0157397
0.0167456
0.0148139
0.0204331
0.0190526
0.0179704
0.0159182
0.0165862
0.0157645
0.0150258
0.0159945
0.0157442
0.0173543
0.020536
0.0211475
0.0158542
0.015897
0.0155651
0.0171516
0.0198832
0.0195303
0.0173132
0.0201605
0.0196656
0.0199449
0.0191249
0.0167367
0.0157041
0.0158771
0.0169973
0.0151454
0.0158412
0.0170345
0.0166605
0.0195609
0.0189446
0.0200796
0.0200228
0.0199319
0.0192231
0.0167074
0.0172917
0.0172741
0.0168844
0.0155336
0.0149624
0.0170298
0.0162347
0.0176094
0.016783
0.0196713
0.0187637
0.0167615
0.0143738
0.0143588
0.0153225
0.0192348
0.018629
0.0159766
0.0141899
0.0136064
0.0146063
0.0135098
0.0190576
0.0146802
0.0157552
0.0145948
0.013634
0.0158425
0.0141138
0.0156696
0.0159375
0.0196282
0.0181058
0.0159982
0.014034
0.0146767
0.0149941
0.0183275
0.0181166
0.0140393
0.0137963
0.0133433
0.0150968
0.0138172
0.0142379
0.0143731
0.0183246
0.0173126
0.0178435
0.0182491
0.0148195
0.0146657
0.0178006
0.0168568
0.0154715
0.0147813
0.0144723
0.0134155
0.0129495
0.0147274
0.0182059
0.0200637
0.0180538
0.0170736
0.0180998
0.0171824
0.0182573
0.0175742
0.0181535
0.0174941
0.0150985
0.0187989
0.0183984
0.0154981
0.0148143
0.014314
0.0164019
0.0191121
0.0184305
0.0160895
0.0150199
0.0143086
0.0156925
0.0149507
0.0150109
0.0138453
0.0196397
0.0182077
0.0188142
0.0190244
0.0157836
0.0189922
0.0191006
0.0158422
0.0186355
0.0182626
0.0159574
0.0145932
0.0147636
0.0146293
0.0141133
0.0135383
0.0151882
0.0181325
0.0178865
0.015487
0.013648
0.0145536
0.0148546
0.0184994
0.0187665
0.012806
0.0141473
0.0138767
0.0151913
0.0137462
0.0143816
0.0143021
0.0181762
0.01756
0.0148745
0.0135671
0.0142682
0.0144514
0.0135868
0.0147104
0.0145262
0.0186112
0.0182626
0.0139397
0.0135685
0.0144114
0.0144321
0.0130309
0.0148691
0.0144742
0.013563
0.0144205
0.0146855
0.0132998
0.0141384
0.0141208
0.0179786
0.0189469
0.0128125
0.0181547
0.0187369
0.013112
0.0183179
0.0188409
0.0150494
0.0177269
0.0186527
0.0130386
0.0180656
0.0189887
0.0138197
0.0182592
0.019653
0.0133363
0.0187724
0.0191721
0.0133707
0.0190527
0.0181715
0.0132461
0.0163848
0.0154812
0.0143619
0.0151716
0.0123682
0.0143073
0.0138748
0.0140104
0.0140038
0.0135277
0.0124912
0.0167269
0.0178202
0.0119077
0.012993
0.01354
0.0129352
0.0184247
0.0186261
0.0131789
0.0139678
0.0129316
0.013565
0.0129064
0.0136829
0.0143736
0.0122547
0.0179028
0.0184839
0.01236
0.0179418
0.0184673
0.012788
0.0181939
0.0184121
0.0126095
0.0179238
0.0184904
0.0127492
0.0138177
0.0155339
0.0130453
0.0183492
0.0187823
0.0150848
0.017851
0.0190619
0.0180255
0.0183425
0.0198787
0.0178195
0.0158541
0.0145493
0.0153654
0.0133927
0.0139924
0.0149718
0.0138837
0.0159174
0.0181822
0.0194144
0.0176513
0.0188259
0.0195254
0.0181507
0.0160837
0.0139171
0.0157377
0.0139456
0.0157035
0.0184095
0.0189808
0.0175946
0.0148669
0.017251
0.0185449
0.0170783
0.0154115
0.0137194
0.014539
0.0135011
0.0143814
0.0148891
0.0134799
0.0153409
0.0188196
0.0195212
0.0182702
0.0164141
0.0159918
0.0161715
0.015933
0.0139555
0.0156552
0.0139308
0.0164113
0.0145903
0.0153716
0.0138921
0.0148689
0.0154083
0.0136329
0.0141603
0.0153639
0.0133045
0.0161075
0.0188961
0.0195318
0.0138398
0.0138501
0.014932
0.0129339
0.0150208
0.0177701
0.0187929
0.0147724
0.0176504
0.0185841
0.0156045
0.0177366
0.0186367
0.0172222
0.0175693
0.0196678
0.0172879
0.0152223
0.0150506
0.013215
0.0137224
0.0147912
0.0132073
0.0136336
0.0150769
0.0134561
0.0155642
0.0194578
0.01938
0.016631
0.015752
0.0146027
0.0152839
0.0139429
0.0168618
0.0161643
0.0192663
0.0204297
0.0184239
0.0165293
0.0188629
0.0204078
0.0188055
0.0192467
0.0206
0.0194285
0.0177842
0.0152149
0.0166219
0.015423
0.0167396
0.0170761
0.0174929
0.0197754
0.0220909
0.0199509
0.0172133
0.0180561
0.0173231
0.0149775
0.0166788
0.0147714
0.0157887
0.0192038
0.0166854
0.0174647
0.0165562
0.0191377
0.0205737
0.0183464
0.0165771
0.0184153
0.0196725
0.0178251
0.0182071
0.0162803
0.015132
0.0190946
0.0160325
0.0126504
0.0181226
0.0188088
0.0125028
0.0129998
0.0136882
0.0128171
0.0137502
0.0139942
0.0123261
0.0152198
0.0184353
0.01909
0.0127371
0.0188844
0.0208661
0.0142671
0.0161294
0.014588
0.0151692
0.0135921
0.014828
0.0154416
0.0134054
0.0156937
0.0158983
0.015927
0.0157936
0.0190814
0.0195807
0.0138639
0.0190366
0.019912
0.013751
0.019513
0.0199557
0.0147261
0.0152714
0.0147328
0.0153792
0.0143373
0.0145079
0.0154483
0.0138977
0.0147757
0.0157892
0.0139806
0.0189487
0.0199743
0.0148096
0.0145792
0.0155632
0.0135688
0.0147266
0.0155311
0.0141739
0.0145973
0.0156763
0.0136286
0.0146691
0.0156824
0.0142135
0.0150819
0.0160329
0.01406
0.0149773
0.0163016
0.0147427
0.0170458
0.0180499
0.0172496
0.0179034
0.0174149
0.0161538
0.0173878
0.0161797
0.0175627
0.0150667
0.0175348
0.0198831
0.0214201
0.0192723
0.0194917
0.0211228
0.0192469
0.0156846
0.0152435
0.016591
0.015226
0.016678
0.0191416
0.0211072
0.0200357
0.0168405
0.0169496
0.0148546
0.0173637
0.0161131
0.0163145
0.018138
0.0166843
0.0167696
0.017594
0.0179752
0.0173177
0.0153569
0.0176517
0.0159115
0.0156726
0.0197658
0.0182249
0.01598
0.0171683
0.0194427
0.0212848
0.0200455
0.0169168
0.0197065
0.0213895
0.0205896
0.0158619
0.0157035
0.017884
0.0163467
0.016393
0.0199135
0.021028
0.0200684
0.0148598
0.0187343
0.0201951
0.0195884
0.0144368
0.0185382
0.0199456
0.0193749
0.0148549
0.0142195
0.018787
0.0154379
0.0145672
0.0187231
0.020311
0.0222633
0.0152699
0.0157742
0.0159538
0.0168773
0.0155725
0.0148474
0.0164017
0.0151054
0.0149897
0.0199674
0.0200144
0.0191607
0.017359
0.0172441
0.0192367
0.0209073
0.0190564
0.0147743
0.0185537
0.0201332
0.0188917
0.0140056
0.0188991
0.0160752
0.0141131
0.0136771
0.0135336
0.0148048
0.0136087
0.0135758
0.012868
0.0147971
0.0133278
0.0126149
0.0176979
0.018688
0.0169085
0.0131894
0.013833
0.0136858
0.0121958
0.0142542
0.0168054
0.0176537
0.0159466
0.013791
0.0158008
0.0161411
0.012218
0.0135021
0.0131569
0.013861
0.0125396
0.0135242
0.0146566
0.0122413
0.0147662
0.0172176
0.0179705
0.016511
0.0139233
0.0127655
0.013924
0.0118886
0.0135268
0.0170133
0.0183322
0.0158218
0.0138277
0.0160475
0.0175916
0.0118887
0.0134606
0.0147417
0.0128365
0.0112784
0.0112805
0.0116667
0.0134064
0.0112663
0.0123449
0.0163409
0.0168407
0.0156724
0.0130755
0.012266
0.0133319
0.0116351
0.0137017
0.0157152
0.0133044
0.0114239
0.013281
0.0161234
0.0173166
0.0155469
0.0164109
0.0172151
0.0130401
0.0138557
0.0118845
0.0133833
0.0112618
0.0141986
0.016872
0.0180051
0.0161172
0.0144346
0.0122685
0.0136273
0.0120953
0.0141064
0.0172855
0.0180077
0.0166417
0.0139539
0.0165883
0.0185349
0.0162855
0.0138942
0.0133433
0.0140389
0.0133122
0.0134696
0.0173368
0.0184753
0.0168416
0.013404
0.0171878
0.0184224
0.0163101
0.014814
0.0125306
0.0138712
0.0120434
0.0146692
0.0128611
0.013672
0.0124196
0.0144855
0.0179811
0.0187994
0.0141536
0.0148387
0.0156351
0.0134733
0.014588
0.0128809
0.0150693
0.0174864
0.0185269
0.017442
0.0150586
0.0138107
0.01481
0.012649
0.0153813
0.0186109
0.0148651
0.012685
0.0157636
0.0175422
0.0192727
0.0162288
0.0137399
0.0150173
0.0129022
0.0156808
0.0174646
0.0180452
0.0121754
0.0150634
0.0143811
0.0134572
0.0161173
0.0152061
0.0136627
0.0138509
0.014753
0.0131539
0.0185833
0.0182753
0.0164328
0.0146889
0.0160591
0.0138093
0.0140825
0.0151519
0.0132604
0.0188846
0.0193023
0.0177191
0.0182834
0.0192684
0.0183922
0.0186193
0.0193771
0.0180579
0.0160112
0.0154095
0.0155314
0.013656
0.0201512
0.0206501
0.0203476
0.0166137
0.0160155
0.0150822
0.0160486
0.0142356
0.0168404
0.0163366
0.016882
0.0164225
0.0157479
0.0144988
0.0155466
0.0147513
0.0161528
0.0143203
0.0159951
0.0167414
0.0162261
0.0187374
0.0194159
0.0138008
0.0159227
0.0156067
0.017624
0.0197698
0.0172631
0.0135879
0.01789
0.0188651
0.0136908
0.015336
0.0132901
0.0140882
0.0125778
0.0145895
0.0177764
0.0185792
0.0166926
0.0180355
0.0191054
0.0135483
0.013509
0.0172317
0.0124265
0.0130109
0.0140515
0.0119846
0.0140455
0.018223
0.017724
0.0129953
0.0131211
0.0160566
0.0116519
0.0166163
0.0176465
0.0137051
0.011909
0.0131709
0.0119646
0.013869
0.012394
0.0134194
0.0118292
0.0137213
0.0174263
0.0193393
0.0131771
0.0144502
0.0143538
0.0129782
0.0148592
0.0178304
0.0159403
0.013002
0.015338
0.0174566
0.0187328
0.017031
0.0144875
0.0135166
0.0150864
0.0132606
0.014894
0.0194613
0.0189221
0.01406
0.0147253
0.0163059
0.0146464
0.0144249
0.0156657
0.0140637
0.0163735
0.0186603
0.0201187
0.0187433
0.0162549
0.0197931
0.0205274
0.0183072
0.0142312
0.0143515
0.0155681
0.0137827
0.015841
0.0183637
0.0203941
0.0179018
0.0158932
0.0176776
0.0157351
0.0134644
0.0158775
0.0182299
0.0197303
0.0183065
0.0162435
0.0144343
0.0152031
0.0147493
0.0146097
0.0178386
0.0199246
0.01782
0.014639
0.0140143
0.0153841
0.0144848
0.014778
0.0143561
0.015851
0.0232778
0.0146745
0.0143209
0.0156354
0.0142256
0.0157183
0.0161553
0.0195805
0.0150903
0.0146689
0.0142455
0.0161722
0.014484
0.0150511
0.0192708
0.0201054
0.019242
0.0145706
0.0186347
0.0205417
0.0184948
0.0163194
0.0141343
0.0166693
0.014246
0.0170326
0.0184658
0.0199915
0.0190031
0.0148558
0.0190899
0.0207074
0.0196649
0.0169298
0.0156508
0.0168492
0.0167697
0.0152068
0.0174953
0.0194142
0.0217155
0.0226699
0.0211974
0.0207668
0.0217847
0.0216032
0.0198351
0.0176796
0.0201035
0.0214816
0.0216183
0.0198842
0.0176544
0.0201322
0.0312816
0.0216088
0.0199247
0.0169777
0.0161748
0.0172852
0.0183169
0.0163265
0.0180541
0.0202695
0.0241482
0.0216563
0.0204928
0.0183439
0.0190201
0.0189171
0.0181751
0.017901
0.0196885
0.0168305
0.0172038
0.0212587
0.0232721
0.0228512
0.0206712
0.0187051
0.0211048
0.0221698
0.022567
0.0205984
0.0174871
0.0171406
0.0182033
0.0188111
0.0167019
0.0170847
0.0177594
0.0178245
0.0185896
0.016794
0.0174732
0.0170973
0.0174065
0.0189149
0.0174877
0.0172843
0.0169852
0.0196086
0.0190042
0.0161725
0.0164771
0.016438
0.0167443
0.0202112
0.0176635
0.0169069
0.0170971
0.0170272
0.0180064
0.0174971
0.0163123
0.0160129
0.0169441
0.0174641
0.0169689
0.016888
0.0205702
0.0214459
0.0219884
0.0212382
0.0202726
0.0204813
0.0213461
0.0221022
0.0213454
0.0209471
0.0212261
0.0220196
0.022129
0.0210649
0.0206065
0.0206245
0.0212799
0.0218991
0.0198751
0.0168751
0.016402
0.0177347
0.0178679
0.0154219
0.0159442
0.020368
0.0209411
0.0215114
0.0194738
0.0152333
0.0195801
0.0207552
0.0211901
0.0190237
0.0170895
0.0153188
0.0180037
0.0168363
0.0156216
0.0154943
0.0197313
0.0212407
0.0212231
0.0169881
0.0152527
0.0195285
0.0209598
0.0216896
0.0189684
0.0168174
0.0146774
0.0189678
0.0162952
0.0149291
0.015284
0.0197465
0.0203624
0.0210213
0.0187855
0.0148355
0.018752
0.0203259
0.0202126
0.0187558
0.0149475
0.0165449
0.0156871
0.0162126
0.0146854
0.0164307
0.0191746
0.0205768
0.0200392
0.0175412
0.0170806
0.0151023
0.0165946
0.0159243
0.0151314
0.0148993
0.0166361
0.0185337
0.0149499
0.0166855
0.0187948
0.0213542
0.0217101
0.0194906
0.0170406
0.014932
0.0167637
0.0168799
0.0146281
0.0167513
0.0191757
0.0206535
0.0227768
0.0189233
0.0168904
0.0151992
0.0200858
0.0162929
0.0148579
0.0158804
0.0193691
0.0188887
0.0167564
0.0172748
0.0147991
0.0147749
0.0161458
0.0193504
0.0147646
0.0175343
0.0145655
0.0163697
0.01583
0.0142858
0.0168472
0.0152117
0.0189019
0.0161721
0.0141914
0.0160562
0.0193839
0.0195886
0.0209853
0.018979
0.0166975
0.0144667
0.0164939
0.0176877
0.0149775
0.0167772
0.0171587
0.0162957
0.014982
0.0177559
0.0156087
0.0174192
0.0162449
0.0161612
0.0177197
0.0154595
0.0172127
0.0162525
0.0157049
0.0174845
0.016619
0.0163685
0.0149716
0.0161242
0.0193929
0.0211822
0.0207658
0.0189241
0.0168752
0.0145471
0.0158831
0.0160101
0.0142779
0.0170144
0.0182603
0.0175495
0.0158409
0.0153331
0.0153853
0.0165085
0.0161796
0.014809
0.0174044
0.0198002
0.0218281
0.0209275
0.0200398
0.0179124
0.0156877
0.0180717
0.0173956
0.0150257
0.0183518
0.0203637
0.0217122
0.0242062
0.0169874
0.018097
0.0163128
0.0176982
0.0175484
0.0156118
0.0161331
0.0193649
0.0172781
0.0291842
0.0164565
0.0161664
0.019847
0.021914
0.0183382
0.0164423
0.0160289
0.0153687
0.0173787
0.0167614
0.0150969
0.0164696
0.0199088
0.0218386
0.0212943
0.0190804
0.0157773
0.0159212
0.0170974
0.0176627
0.0147979
0.015933
0.0197748
0.0211564
0.0210595
0.0203484
0.0191674
0.0158239
0.0175701
0.0176747
0.0153627
0.0168396
0.0185919
0.0180969
0.0171286
0.0185246
0.0167026
0.0172115
0.0177455
0.0178665
0.0221613
0.0238326
0.022784
0.0177752
0.0161099
0.0165708
0.0169147
0.0176118
0.0194099
0.0189432
0.0179353
0.0184105
0.0213003
0.0227485
0.0251971
0.0222502
0.0212415
0.0173841
0.0172415
0.0176691
0.018661
0.0170903
0.0160021
0.017205
0.0206917
0.0182664
0.01892
0.017976
0.0165727
0.0184184
0.0164958
0.0169299
0.0190713
0.0169014
0.017472
0.0164714
0.0201184
0.0219514
0.0218053
0.0205301
0.0224679
0.020568
0.0210926
0.0218552
0.0210605
0.0285131
0.017383
0.0163965
0.0171748
0.0177679
0.0166147
0.0156532
0.0174226
0.0190317
0.0204107
0.02251
0.021456
0.0191771
0.0187299
0.0159526
0.0174877
0.0154969
0.0161996
0.0193306
0.0158327
0.0153939
0.0160534
0.0166613
0.0159119
0.0158421
0.0173587
0.0190233
0.020371
0.016836
0.0184426
0.0156376
0.0169107
0.0190096
0.0162499
0.0198495
0.0191941
0.0156049
0.0179196
0.0173551
0.0196817
0.0210297
0.0209837
0.0202361
0.0199344
0.0177027
0.0165203
0.0168306
0.0181187
0.0166756
0.0162434
0.018533
0.0200093
0.0212049
0.0218257
0.0203645
0.0205963
0.0176392
0.0164346
0.0177363
0.0177744
0.0179784
0.0162187
0.0168937
0.0196954
0.0211923
0.0227252
0.0203822
0.0210272
0.0202493
0.0208235
0.0219954
0.0207777
0.019935
0.0198551
0.017597
0.016474
0.0156518
0.0151319
0.0170586
0.0150676
0.0166075
0.0169306
0.0157473
0.0155182
0.0199211
0.0205243
0.0212159
0.0203348
0.01958
0.0174182
0.015632
0.0164908
0.01725
0.0160117
0.0155666
0.016964
0.0197223
0.0209589
0.0212282
0.0206064
0.0166646
0.0193894
0.0207596
0.0180121
0.0158404
0.0156788
0.0153536
0.0164319
0.0167746
0.0159236
0.0163931
0.0193902
0.0206614
0.021089
0.0192588
0.0212248
0.0157679
0.017747
0.0167931
0.015425
0.0159821
0.0195804
0.0211604
0.0211569
0.0190866
0.0168065
0.0156451
0.0170687
0.0171209
0.015328
0.0160993
0.0156765
0.01696
0.0170713
0.0153058
0.0169377
0.0160588
0.0176242
0.0182849
0.0155937
0.0166868
0.0161126
0.0177073
0.0174156
0.0154883
0.0169332
0.0154814
0.0169243
0.0168905
0.0149096
0.0158892
0.0148862
0.0189211
0.0159196
0.0156745
0.0159057
0.0133883
0.015083
0.016411
0.0141115
0.0133564
0.0147943
0.0143952
0.0137871
0.0146916
0.0129849
0.0141862
0.0128059
0.0131866
0.0131152
0.0141853
0.0136783
0.0133618
0.0152783
0.0256759
0.0184033
0.0167175
0.0168441
0.0157885
0.0125355
0.0141789
0.0140313
0.0123576
0.0148167
0.0126956
0.0133277
0.0124662
0.01203
0.0122982
0.0137989
0.0121999
0.0125636
0.0121169
0.0132875
0.0139578
0.0119142
0.0123465
0.0134573
0.012897
0.0125813
0.0128693
0.0138795
0.0126637
0.0124079
0.0169086
0.0189022
0.0166218
0.0128887
0.0133626
0.0140287
0.01276
0.0127445
0.0170178
0.0180421
0.0175104
0.0156709
0.0122115
0.0133854
0.0120969
0.0128986
0.0122597
0.0128105
0.0114387
0.0119375
0.0162877
0.0170174
0.0188113
0.0124107
0.0128176
0.0136065
0.0115328
0.0137667
0.0166699
0.0175185
0.0160858
0.0139812
0.0168586
0.0175532
0.0123813
0.0137466
0.0170188
0.0189665
0.0157824
0.0167846
0.013795
0.0144909
0.0138665
0.0121658
0.0130295
0.012294
0.0118593
0.0131449
0.0114015
0.013405
0.0168132
0.0176865
0.0150429
0.0170404
0.0183868
0.0160717
0.0142319
0.0162584
0.017674
0.0162955
0.0137091
0.0165626
0.0183459
0.0163372
0.0128435
0.0166686
0.0180286
0.0165099
0.0121335
0.0116583
0.0132799
0.0114882
0.014358
0.0162878
0.0170975
0.0157942
0.0130547
0.0115831
0.0124572
0.0113205
0.0162322
0.0172442
0.0148534
0.0164283
0.0171707
0.0122317
0.0164406
0.0181279
0.0162555
0.0162192
0.0172697
0.0161402
0.0143729
0.0172642
0.0180266
0.016492
0.0152229
0.0185864
0.0168135
0.0156954
0.0151577
0.0138448
0.0155485
0.0139009
0.0159912
0.0182552
0.0200746
0.0142848
0.0153806
0.0186107
0.0206109
0.0188979
0.0149741
0.0186906
0.0203334
0.0188247
0.0155234
0.0143885
0.0154276
0.0148309
0.0151908
0.0146089
0.0165325
0.0144208
0.0148032
0.0150701
0.017883
0.016981
0.0165684
0.0176963
0.0188234
0.0204587
0.0227882
0.0218514
0.0211926
0.0182951
0.0168988
0.0187756
0.0179855
0.0169442
0.017606
0.0175905
0.0199561
0.0185686
0.0175
0.0194415
0.0250359
0.0271031
0.0269162
0.0226165
0.023783
0.0242155
0.0239546
0.0254004
0.0237095
0.0237846
0.0189976
0.0244385
0.0261352
0.0253972
0.0310292
0.0258586
0.0245414
0.0255034
0.0251225
0.026396
0.026024
0.0294328
0.0299069
0.0304486
0.0267259
0.0248403
0.0282492
0.022973
0.0206162
0.0215073
0.0205833
0.0208671
0.0217051
0.0263313
0.0203762
0.0197746
0.0197529
0.0207522
0.0222679
0.0211981
0.0211628
0.0234731
0.0202444
0.020788
0.0222499
0.0214942
0.0235713
0.0205079
0.0201718
0.0214639
0.022452
0.0253024
0.0211693
0.0217508
0.0201225
0.0204476
0.0221186
0.0224167
0.0203393
0.0204916
0.0204138
0.0208523
0.0239712
0.0211991
0.0198531
0.0205931
0.0206437
0.0210858
0.0221859
0.0217539
0.0201074
0.020596
0.0209726
0.0202062
0.0223785
0.0227608
0.0197338
0.0206051
0.0196068
0.0244035
0.0274992
0.0267195
0.0270862
0.0244084
0.0254976
0.0327028
0.0251014
0.0265618
0.0276852
0.0271169
0.0251344
0.021953
0.021397
0.0221794
0.0227317
0.0236737
0.0225651
0.0214811
0.0223211
0.0226288
0.0244817
0.0231338
0.022045
0.0266013
0.0221578
0.0222775
0.0280794
0.0211208
0.020933
0.0217083
0.0229297
0.0235171
0.0230252
0.0280466
0.021793
0.0224412
0.0237766
0.0255954
0.0256796
0.0259232
0.0339178
0.0275347
0.025296
0.0252079
0.0231181
0.0255652
0.0251544
0.0264453
0.0293417
0.0271583
0.0262526
0.0259549
0.022278
0.0221358
0.0222512
0.023297
0.0213714
0.0235089
0.0222136
0.0207602
0.0206789
0.0199125
0.0247475
0.0239926
0.0248045
0.0258595
0.0212139
0.0199261
0.0225142
0.0207068
0.0202637
0.025214
0.0197462
0.021367
0.0205266
0.0192258
0.0188555
0.0203773
0.018507
0.0184033
0.0196157
0.020318
0.0199291
0.0190469
0.0181267
0.0193185
0.0226275
0.0223188
0.0236061
0.0245789
0.0244333
0.0221447
0.0208654
0.0178136
0.0205822
0.0177525
0.0187075
0.0194019
0.0193138
0.0178512
0.0183056
0.0195338
0.0199204
0.0188088
0.0217723
0.0201068
0.0211277
0.0198631
0.019138
0.0183375
0.0191997
0.0216092
0.0192103
0.0199819
0.0203335
0.0187212
0.0175249
0.0177783
0.0185446
0.0178708
0.0181901
0.0183304
0.0181065
0.0162626
0.0163497
0.0171823
0.0210183
0.0199939
0.0171836
0.0172871
0.0154344
0.0155011
0.0158257
0.0155219
0.0158763
0.0190455
0.0163889
0.0153642
0.0142689
0.0166207
0.0175481
0.0184566
0.0183687
0.0142174
0.0129037
0.0141124
0.0142463
0.0175426
0.0183379
0.0192931
0.0190616
0.0173702
0.0178196
0.0144804
0.0133888
0.0133929
0.0141021
0.0221667
0.0136702
0.0135148
0.0141506
0.0142809
0.0150175
0.0191607
0.0150783
0.014069
0.0139112
0.0164671
0.0161977
0.0171634
0.0158954
0.0148533
0.0168127
0.0194658
0.0197025
0.0208443
0.0214201
0.021042
0.0197484
0.0171874
0.0162946
0.0168267
0.0175071
0.017929
0.0171201
0.016818
0.0166229
0.0179037
0.0191367
0.0195987
0.0213254
0.0221602
0.0236282
0.0248165
0.023552
0.0217529
0.0188437
0.0177294
0.0180728
0.0195683
0.019719
0.0243339
0.0178313
0.0176873
0.0179638
0.0188843
0.0201324
0.020995
0.0180143
0.0183612
0.019391
0.0179514
0.01745
0.0192336
0.019578
0.0180318
0.0171809
0.0167017
0.0168826
0.0169787
0.0185162
0.0182961
0.0173804
0.0165169
0.0168662
0.0169923
0.0171386
0.0186679
0.018681
0.0203561
0.0213435
0.0176128
0.0171528
0.0169087
0.0191085
0.0184381
0.0206769
0.0166118
0.0183208
0.020548
0.0218077
0.0225867
0.0230915
0.021388
0.020485
0.0164492
0.0207967
0.0215942
0.0233602
0.0227429
0.0205747
0.0216035
0.0213137
0.021721
0.0236031
0.0243134
0.0219975
0.0221227
0.0190353
0.0218085
0.0218763
0.023579
0.0236369
0.0256545
0.0195402
0.0174772
0.0176653
0.0283916
0.0198033
0.019702
0.018132
0.0188239
0.0196112
0.0232508
0.0235634
0.0267583
0.0274257
0.0331938
0.0257603
0.0207907
0.0218203
0.0192877
0.0189421
0.0202813
0.0200851
0.0213108
0.0182695
0.0179523
0.0220475
0.0226564
0.0239272
0.0236662
0.0224847
0.0195502
0.0190095
0.0191873
0.0187627
0.0213814
0.0208841
0.0188474
0.0195353
0.0207833
0.0244091
0.0235637
0.0261922
0.0267816
0.0245598
0.024261
0.0209677
0.0250008
0.0259304
0.0257656
0.0274091
0.0269926
0.0248652
0.0248245
0.0247114
0.0247732
0.0259532
0.0272391
0.0253237
0.0249322
0.0250428
0.0230768
0.0250402
0.02481
0.0245321
0.0231953
0.023297
0.0210698
0.0204043
0.0202685
0.0202077
0.022723
0.0218171
0.0213705
0.0198748
0.019788
0.0239177
0.0236751
0.0257101
0.0266124
0.0244422
0.0244153
0.0241753
0.0212009
0.0229587
0.0193428
0.0216346
0.0219741
0.0209174
0.0200016
0.0200208
0.0217958
0.0240963
0.0243496
0.0272545
0.0279247
0.0279266
0.0243752
0.0245719
0.0247271
0.0250774
0.0283532
0.0287531
0.0256334
0.0250995
0.0252632
0.0206729
0.0210451
0.0230866
0.0239526
0.0246416
0.0236889
0.0220693
0.0224713
0.0222391
0.0217337
0.0211963
0.0261994
0.0271799
0.0280616
0.02813
0.0281875
0.0257461
0.0244381
0.0246205
0.0222001
0.0223997
0.0237808
0.0303994
0.030714
0.0239304
0.0315085
0.0271448
0.0255543
0.0337768
0.0237346
0.0247908
0.025895
0.0242313
0.0247462
0.0241284
0.0242647
0.025237
0.0254598
0.0252084
0.0250921
0.0246896
0.0248975
0.0229458
0.0228703
0.0218433
0.0212494
0.0225595
0.0217204
0.0213452
0.021731
0.0230558
0.0235723
0.0272174
0.0238749
0.0223529
0.0268143
0.0269305
0.0268314
0.0397681
0.0283449
0.0272548
0.0257132
0.0256242
0.0231504
0.0227298
0.0224779
0.0223782
0.024328
0.0244776
0.028221
0.023736
0.0229172
0.0224509
0.0234744
0.022904
0.0235789
0.0251019
0.0246315
0.02549
0.0244155
0.0235105
0.0209804
0.0215082
0.0254156
0.0250715
0.0251366
0.0271325
0.023479
0.0227079
0.02101
0.0202876
0.0201323
0.0246851
0.0232205
0.0244271
0.024045
0.0212099
0.0204913
0.0198713
0.0191162
0.0220704
0.0185318
0.0183729
0.0179402
0.0194827
0.0267909
0.0277331
0.0321233
0.0193081
0.0268728
0.0193284
0.0304914
0.0239986
0.022904
0.0248093
0.0249108
0.0246419
0.0294185
0.0231726
0.0227452
0.0223204
0.0228813
0.0226958
0.0242219
0.0242079
0.0248602
0.0229284
0.0238514
0.0251411
0.0203729
0.0230863
0.0312925
0.026051
0.0245292
0.0263492
0.0241039
0.0245108
0.0225327
0.0185548
0.0222104
0.0234505
0.0248485
0.0236466
0.0242887
0.0230277
0.0221881
0.0176887
0.0219438
0.0227604
0.0242562
0.0243508
0.0240462
0.0222875
0.0222113
0.0181846
0.0173851
0.0186949
0.0187053
0.0185307
0.0167575
0.0174811
0.0217253
0.0170321
0.0174695
0.0198573
0.0183626
0.0172112
0.0163949
0.0160861
0.0162549
0.019615
0.021589
0.021608
0.0216106
0.0209111
0.0206797
0.0162313
0.0173691
0.0176676
0.0176777
0.0208156
0.020277
0.0208035
0.0207003
0.019858
0.0191361
0.0168575
0.0159338
0.0154815
0.0158455
0.0160686
0.0154092
0.0150696
0.01548
0.0150662
0.015759
0.0170436
0.0169283
0.0153407
0.0185568
0.0152489
0.0196061
0.0200641
0.0208909
0.0175748
0.0186125
0.0163291
0.0174388
0.0194815
0.020456
0.0215295
0.0207874
0.0198194
0.0199458
0.0158472
0.017556
0.0174945
0.0174943
0.0157528
0.0168161
0.0170445
0.0171737
0.0160479
0.0156878
0.0176634
0.0197485
0.0210927
0.0218256
0.0231525
0.0218218
0.0206827
0.0180849
0.0180844
0.0182054
0.0173811
0.0203699
0.0219196
0.0214254
0.0213327
0.0204195
0.0199417
0.0209674
0.0209568
0.0229222
0.0218945
0.0204364
0.0209931
0.0178686
0.0197602
0.0209222
0.0219533
0.0239775
0.028278
0.0217656
0.0182244
0.017839
0.019101
0.018706
0.0234609
0.0170922
0.0169145
0.0198682
0.021181
0.0196691
0.0169633
0.0164938
0.0162699
0.016031
0.0266416
0.0184625
0.0186576
0.0168373
0.0164631
0.0163205
0.0164621
0.0178809
0.0190875
0.0212558
0.0163641
0.015704
0.0204018
0.0204331
0.0221601
0.0225154
0.0205923
0.0163574
0.0162009
0.0157674
0.0159525
0.0148133
0.0143499
0.0163316
0.0192201
0.0208034
0.0203641
0.0187785
0.0158926
0.0179982
0.0194182
0.0182612
0.0149915
0.015227
0.0218356
0.0212498
0.0213467
0.0173064
0.0149539
0.0157533
0.017344
0.0165703
0.0145145
0.0162432
0.0184863
0.0209163
0.0186183
0.0186688
0.0163048
0.0202013
0.0206766
0.0201048
0.0200959
0.0185744
0.0150368
0.0176824
0.0160697
0.0153393
0.0175723
0.0229406
0.021963
0.0207316
0.0200739
0.0195744
0.0220568
0.0213464
0.0198855
0.0162075
0.0200747
0.0221732
0.0215716
0.0201364
0.0177007
0.0205319
0.0226936
0.0217172
0.0196191
0.0163425
0.0195256
0.0217993
0.0240498
0.0198938
0.0165857
0.0199173
0.0215156
0.0227365
0.019879
0.0156879
0.0156413
0.0181805
0.0179422
0.0157799
0.0161711
0.015972
0.0182481
0.018547
0.0160969
0.0180738
0.0179827
0.0181494
0.0199593
0.0173061
0.020169
0.019213
0.0221862
0.0222736
0.0249439
0.0225325
0.0218005
0.0174546
0.0224144
0.0226901
0.0241926
0.0242886
0.0217383
0.0176977
0.0213278
0.0236125
0.0215887
0.0181652
0.0178086
0.0196617
0.0219139
0.0229306
0.0236807
0.0222914
0.0222512
0.0173831
0.0176685
0.0184253
0.0201406
0.0175688
0.0175813
0.0177581
0.0185779
0.0204213
0.0178395
0.0186228
0.0178589
0.0187163
0.0197817
0.0176771
0.0179678
0.0199499
0.0225062
0.0229515
0.024391
0.0196266
0.0214423
0.0188056
0.0232411
0.0233164
0.0256357
0.0311545
0.0245243
0.020415
0.0206859
0.0191664
0.0299944
0.0211014
0.0203089
0.0189067
0.0186327
0.023492
0.0232011
0.0250936
0.0236758
0.0205274
0.0194607
0.0219963
0.0200063
0.0222033
0.0216645
0.0196294
0.0196124
0.0215125
0.0243212
0.0219172
0.0226425
0.024177
0.0253294
0.0257072
0.0273561
0.0289362
0.0212207
0.0217471
0.023283
0.0218144
0.0222092
0.0240428
0.0280139
0.0285041
0.0272222
0.0282876
0.0272684
0.0221033
0.0225484
0.0229963
0.0234923
0.0221562
0.0240946
0.0253706
0.0212323
0.0205678
0.0208863
0.0249783
0.025071
0.0280017
0.0274752
0.0252835
0.0249779
0.0212521
0.0255229
0.0238155
0.0234753
0.0235781
0.0227637
0.0211025
0.0227842
0.024826
0.0253255
0.0273339
0.027039
0.0251156
0.0248714
0.0207369
0.0208282
0.0220097
0.0230365
0.0234041
0.0215706
0.0210287
0.0209167
0.0207233
0.0233939
0.0225216
0.0228085
0.0217791
0.0212794
0.0206071
0.0247474
0.02479
0.0273343
0.0278018
0.0272546
0.0242379
0.0209912
0.0247573
0.0239002
0.0251893
0.0257192
0.0240747
0.0233781
0.0234535
0.0234118
0.0229618
0.0245835
0.0239752
0.0227184
0.0196092
0.0180158
0.0176912
0.0175278
0.0191387
0.0187481
0.0165278
0.0175014
0.0190967
0.0176765
0.0185062
0.0194756
0.0228505
0.0176883
0.0175397
0.0195539
0.0217454
0.0220755
0.0232924
0.0235111
0.0174267
0.0174927
0.0182362
0.0207053
0.0215621
0.0224156
0.021092
0.0164067
0.0193191
0.0221404
0.0170723
0.0179073
0.0177077
0.0158594
0.0189472
0.0180679
0.0151209
0.0202753
0.0205827
0.0175236
0.0165855
0.0174574
0.0179231
0.0214545
0.020022
0.0216548
0.0214675
0.0176693
0.0196014
0.0199832
0.0200611
0.0273706
0.020368
0.0200516
0.0170639
0.0164468
0.0182122
0.0164164
0.0162307
0.0176114
0.0174338
0.0156901
0.0158803
0.0181402
0.023695
0.0199658
0.0179611
0.0163321
0.0202641
0.0176335
0.0159286
0.0164423
0.0188202
0.0192229
0.0180375
0.0181702
0.0182544
0.0203371
0.0210466
0.0186557
0.0210846
0.0165071
0.0179581
0.0204012
0.0222254
0.0220746
0.0199958
0.0183806
0.0175771
0.0168344
0.0185431
0.0184756
0.01889
0.0165858
0.0177736
0.0181718


