0.0110294
0.0190067
0.0187365
0.018023
0.0195911
0.0185736
0.0191832
0.0190042
0.0199089
0.0193583
0.0186123
0.0195251
0.0192427
0.0188168
0.019856
0.0189223
0.0190706
0.0190122
0.0184337
0.0193994
0.0189443
0.00902403
0.010681
0.0192915
0.0186124
0.0186251
0.0190011
0.0187411
0.0189213
0.0184259
0.0184479
0.0185417
0.0189151
0.0191135
0.0182913
0.0188888
0.0183246
0.0194174
0.0187114
0.0189924
0.0186427
0.0192686
0.0184264
0.0105571
0.0101732
0.0182555
0.0192473
0.018984
0.0187223
0.0346796
0.0182305
0.0157205
0.0155046
0.0152143
0.0160477
0.0149005
0.0132536
0.015148
0.0139525
0.0134264
0.0142107
0.0131498
0.0150744
0.0140991
0.0138916
0.0139001
0.0130872
0.0146028
0.0139217
0.0148511
0.0133253
0.0165235
0.0192538
0.0175871
0.0175893
0.0193745
0.0168133
0.0188442
0.0182011
0.0187358
0.0203827
0.0191489
0.0173487
0.0205754
0.0202024
0.0192216
0.0192382
0.0216067
0.0195982
0.0204494
0.0188121
0.0200319
0.0177601
0.0149635
0.0136985
0.0164897
0.0169177
0.0149128
0.017294
0.01577
0.0166882
0.0159682
0.0149252
0.016102
0.0160775
0.0169365
0.0154852
0.0205942
0.0158645
0.0168563
0.0160136
0.0179603
0.0172086
0.0163345
0.0187681
0.0184322
0.0209506
0.0171274
0.0183012
0.0185073
0.0175533
0.0187046
0.0188813
0.0183408
0.0178229
0.0185577
0.0192006
0.0195427
0.0193016
0.0181354
0.0194861
0.0194886
0.0194981
0.017698
0.0187985
0.0182482
0.0195104
0.0193492
0.0198755
0.0176449
0.0191678
0.0179338
0.0188403
0.0177234
0.0195387
0.0215466
0.0224064
0.0173201
0.0187421
0.0180485
0.0180852
0.0177452
0.0214742
0.0192611
0.0180408
0.018901
0.0181733
0.0172167
0.0170499
0.0174806
0.0180327
0.0173412
0.0178902
0.0183375
0.0178918
0.0185478
0.0179434
0.0188663
0.021749
0.0220345
0.0170057
0.0221522
0.021504
0.0192157
0.0180547
0.018607
0.0176006
0.017949
0.0220445
0.0229921
0.0177154
0.022867
0.0240993
0.0183275
0.0199617
0.0222325
0.0174084
0.0226972
0.0232894
0.0182421
0.0220736
0.0235296
0.0180855
0.0224693
0.0237425
0.0196015
0.0187048
0.0205283
0.0196216
0.021468
0.0192776
0.0198973
0.0188147
0.0190883
0.0203591
0.0182507
0.0202884
0.0225768
0.0234583
0.0188123
0.0236237
0.0236996
0.0186818
0.0212655
0.02092
0.0205731
0.02215
0.0235602
0.0184767
0.0206739
0.0186911
0.019135
0.0187717
0.019604
0.0220567
0.0226328
0.0166379
0.0176122
0.0187573
0.0164225
0.0216108
0.0218359
0.0170896
0.0180702
0.0208859
0.0211919
0.0171224
0.0172995
0.0185738
0.0162095
0.0212215
0.0205026
0.0180478
0.0205922
0.0201393
0.0182092
0.0208721
0.0214007
0.0175349
0.0161535
0.017158
0.0153771
0.0201839
0.0211508
0.0150206
0.0163012
0.0169421
0.0151814
0.0168599
0.0165831
0.0160196
0.0207042
0.0202199
0.017876
0.0174497
0.0217834
0.0211323
0.0163199
0.0167023
0.0174146
0.0164382
0.0174329
0.0183246
0.0166743
0.0180362
0.0185313
0.0172187
0.0199687
0.0221526
0.0227421
0.0169054
0.0176309
0.0189334
0.0171871
0.0176111
0.0187662
0.0184126
0.0194718
0.0187982
0.0190428
0.0179973
0.0204671
0.0204541
0.0193018
0.0187196
0.019973
0.0177698
0.0186571
0.0198603
0.0179574
0.0184555
0.0201364
0.018873
0.0199438
0.0219746
0.0230694
0.0173584
0.0177725
0.0184196
0.0168328
0.0220025
0.021967
0.016131
0.0182212
0.0175979
0.0162093
0.0178464
0.0178787
0.0171067
0.0215664
0.0222947
0.0171391
0.0180436
0.0196663
0.0177869
0.0186482
0.0194353
0.0175984
0.0206745
0.0188502
0.0201009
0.0178377
0.0227611
0.0238327
0.0221188
0.0228141
0.0238662
0.0195291
0.020878
0.0190954
0.0202473
0.0210063
0.0182101
0.0190733
0.0197419
0.0187403
0.0187549
0.0199511
0.0181876
0.0200448
0.0220493
0.022558
0.0199925
0.0210267
0.0209852
0.0227482
0.0194838
0.0203254
0.0197328
0.0195438
0.0193135
0.0205944
0.0242985
0.0207246
0.0202178
0.0227397
0.0225707
0.0228037
0.0229532
0.0239223
0.0238004
0.0257243
0.0254476
0.0238286
0.0224507
0.0214625
0.0213103
0.0219142
0.0221451
0.0198327
0.0200786
0.0207412
0.0191416
0.0215545
0.0227656
0.0192131
0.0196823
0.0197876
0.0202058
0.0214655
0.02118
0.018678
0.0190164
0.0198829
0.0188611
0.020475
0.0207949
0.0183761
0.0179406
0.0197392
0.0225571
0.0225362
0.0228558
0.0226216
0.0210101
0.0210741
0.023226
0.0218207
0.0237978
0.0238627
0.0219443
0.021152
0.0175717
0.0226015
0.0220281
0.0235765
0.0232788
0.0208007
0.0226115
0.0240218
0.0234672
0.0235966
0.0246011
0.0244924
0.0224684
0.0181199
0.0191634
0.0203076
0.0216198
0.0229612
0.0207696
0.0195035
0.0206932
0.0240991
0.0252032
0.0259243
0.0258315
0.0241173
0.0208349
0.0205047
0.0206168
0.0209539
0.0209866
0.0188305
0.0182224
0.0178378
0.0230378
0.0218811
0.0233684
0.024168
0.0225867
0.0218847
0.0182979
0.0190474
0.0186068
0.0201389
0.0214788
0.0183945
0.0193525
0.0210581
0.0236263
0.0244808
0.0249139
0.0249748
0.0233683
0.0225632
0.0191254
0.0229668
0.0226551
0.024681
0.0247327
0.0237906
0.0228447
0.0196778
0.0239612
0.0230289
0.0248777
0.0253235
0.0233936
0.0228568
0.0231457
0.0229787
0.0227342
0.0238226
0.0245369
0.0224246
0.0216635
0.0182903
0.0188924
0.0179434
0.0194797
0.0204018
0.0191601
0.01813
0.0189508
0.0240276
0.0229669
0.0237401
0.0244152
0.0250621
0.0223948
0.0218567
0.0192956
0.0205499
0.0186657
0.0190839
0.0194293
0.0231814
0.0183378
0.017856
0.0222719
0.0219458
0.0231372
0.022838
0.0213066
0.0209101
0.0184679
0.018589
0.0187271
0.0196822
0.0205751
0.018473
0.0188517
0.0190245
0.0176617
0.0197666
0.0203051
0.0198276
0.0180339
0.0191733
0.0198232
0.0192986
0.0202307
0.0207521
0.0198404
0.018502
0.0195253
0.0227564
0.022503
0.0245739
0.0241167
0.0227463
0.0223018
0.0197752
0.0226535
0.0227036
0.0239598
0.023156
0.0212692
0.02201
0.023748
0.0225679
0.0239079
0.0242476
0.0227651
0.0218814
0.0192314
0.0184094
0.0184019
0.0200294
0.0204036
0.0187119
0.0186071
0.0207301
0.0240126
0.0227214
0.0245804
0.0243369
0.0233337
0.0227896
0.0191575
0.0232884
0.0222156
0.0240372
0.024707
0.02331
0.0227028
0.0210328
0.0220517
0.0196421
0.0195927
0.0210018
0.0207428
0.018258
0.0187695
0.0214803
0.0235438
0.0241919
0.024389
0.0234539
0.0215102
0.0197358
0.0192408
0.0193203
0.0208545
0.0208515
0.0194221
0.0186897
0.0197394
0.0216877
0.0205563
0.0182801
0.0185608
0.0174981
0.0159122
0.0173168
0.0179349
0.0177358
0.019208
0.0224746
0.0172974
0.0174835
0.0193631
0.0219509
0.0222331
0.0240105
0.021057
0.0203581
0.0219155
0.0201356
0.023629
0.0241757
0.0235888
0.0226653
0.0256842
0.01936
0.0193131
0.0231413
0.0226377
0.0238971
0.0234191
0.0218278
0.0204514
0.0168018
0.0168558
0.0184306
0.018732
0.0186638
0.0174676
0.0170781
0.0177005
0.0174549
0.0182692
0.018467
0.0168049
0.0165632
0.0185261
0.0207141
0.0213943
0.0228173
0.0234346
0.0211299
0.021724
0.022934
0.0222176
0.0240492
0.0247095
0.0234692
0.0221728
0.0190978
0.0220674
0.0186835
0.0196834
0.0195434
0.0207028
0.0181792
0.0188175
0.0179132
0.0200134
0.0198734
0.0227955
0.0182479
0.019402
0.0200101
0.0185481
0.0210246
0.0209523
0.0199984
0.0187728
0.0201922
0.0207451
0.018674
0.0204762
0.0205845
0.0187095
0.0187366
0.019403
0.0227235
0.0223654
0.0236428
0.0233949
0.0213834
0.0209988
0.0216494
0.0214184
0.021974
0.0227641
0.0214789
0.020778
0.018086
0.021808
0.021607
0.023284
0.0242547
0.0228465
0.0223879
0.0199874
0.0233699
0.0203605
0.0207272
0.0205063
0.0206376
0.0179311
0.017756
0.0198092
0.0210163
0.0228502
0.0223938
0.0238091
0.0243965
0.0240913
0.0220033
0.0190952
0.0184296
0.0178204
0.0205274
0.0195718
0.0178881
0.0170986
0.0175144
0.019682
0.0197109
0.0213472
0.0210318
0.0197264
0.0189079
0.0189424
0.0199573
0.018458
0.0199401
0.0199288
0.0181514
0.0172109
0.0184102
0.0173654
0.0182414
0.0182297
0.0185147
0.0162787
0.0163035
0.018466
0.0204186
0.0205939
0.0217622
0.0211245
0.0202317
0.0203948
0.0165042
0.0179706
0.0178428
0.0195174
0.0203147
0.01933
0.0184282
0.0198994
0.0226851
0.022488
0.0239934
0.0238276
0.022776
0.0217799
0.0181364
0.0190168
0.0190878
0.0206173
0.0206733
0.0238161
0.0179485
0.0183104
0.0230177
0.0218416
0.0238078
0.0236297
0.0219529
0.0235927
0.0176213
0.0186195
0.0175333
0.0193751
0.0201984
0.018694
0.0183449
0.0200487
0.0218689
0.0213108
0.0233826
0.022638
0.0220606
0.0211186
0.016681
0.016062
0.0158978
0.017449
0.017629
0.0157893
0.0164278
0.0163835
0.0164206
0.0175824
0.0172487
0.0154597
0.0151481
0.0153207
0.0197906
0.0201933
0.0216227
0.0221034
0.0211993
0.0207336
0.0226807
0.021586
0.0232035
0.0236424
0.0237846
0.0213998
0.018652
0.0222964
0.0223656
0.022874
0.0228117
0.0218006
0.0213089
0.0185333
0.0196587
0.0182882
0.0204811
0.0210426
0.0218982
0.0184315
0.0185186
0.0194479
0.0200178
0.0211496
0.0205242
0.0210321
0.0179823
0.0185697
0.0205846
0.0234471
0.0226117
0.0245333
0.0230243
0.0221801
0.0202558
0.0204889
0.0209192
0.0215259
0.0226476
0.0227999
0.0212468
0.0215198
0.0198843
0.0191659
0.0189424
0.0201764
0.0201668
0.0196016
0.0191719
0.0212522
0.0229034
0.0223649
0.0242404
0.0244678
0.0221283
0.0187811
0.0227266
0.0209919
0.0222195
0.0227137
0.0237925
0.0200864
0.0199075
0.0166612
0.0194235
0.0193235
0.0182752
0.0178321
0.0165135
0.0167695
0.0211208
0.0212285
0.0228209
0.0229158
0.0209557
0.021426
0.0224933
0.0222789
0.0242147
0.0242273
0.0230907
0.0218382
0.020985
0.0231884
0.0230093
0.0220848
0.0210269
0.0208158
0.0183593
0.0178399
0.0188182
0.0190425
0.0200989
0.0183038
0.017861
0.0195972
0.0192077
0.0168322
0.0187097
0.0190717
0.0189513
0.0185893
0.0191088
0.020485
0.0211332
0.0196898
0.0178436
0.0206612
0.0216376
0.0221478
0.0196952
0.0209415
0.0206304
0.0182295
0.0179234
0.0199766
0.0191845
0.018357
0.0190684
0.0183356
0.0209077
0.0158363
0.016951
0.0171123
0.0166582
0.0180323
0.0183705
0.0177326
0.0170841
0.0174556
0.0182555
0.0192212
0.019536
0.0194539
0.0194657
0.0192949
0.0181346
0.0202277
0.0230781
0.0211742
0.0230551
0.0231362
0.0229942
0.0213545
0.0211236
0.0189917
0.0228517
0.0216751
0.0215359
0.0215373
0.0194071
0.0189096
0.0154193
0.0167247
0.0162237
0.0205719
0.0185335
0.0171938
0.0162625
0.017533
0.0207953
0.0208557
0.0216711
0.0219416
0.0203943
0.0203195
0.0172872
0.0169985
0.017139
0.0182674
0.0193529
0.0175018
0.0164493
0.0164435
0.0193011
0.0212657
0.0210067
0.0224034
0.0220617
0.0209759
0.0183209
0.0189443
0.0189921
0.0189225
0.0204814
0.020398
0.0230048
0.0179097
0.0191023
0.0231978
0.0218094
0.0231549
0.0235112
0.0230038
0.0215384
0.0219141
0.022863
0.0247816
0.0232192
0.0240231
0.0239643
0.0207849
0.0215618
0.0211747
0.0209815
0.0216676
0.0189292
0.0180924
0.0196967
0.0165316
0.0214007
0.0203931
0.0226688
0.0233835
0.0217091
0.0213837
0.0188754
0.0184847
0.018355
0.0197473
0.0195317
0.0247897
0.0186413
0.018592
0.0197623
0.023385
0.0220189
0.0242379
0.0245755
0.0235131
0.0215186
0.0185686
0.0224759
0.0194999
0.0185312
0.0189389
0.0189961
0.0178592
0.0175008
0.0188063
0.0212039
0.0222233
0.0232465
0.0226881
0.0207693
0.0209593
0.0229339
0.0248011
0.0230983
0.023698
0.0242873
0.0226959
0.0228552
0.0210594
0.0248237
0.0248943
0.023096
0.0250758
0.0249502
0.0232962
0.0221363
0.0183837
0.0195659
0.0217767
0.0211965
0.0211381
0.0201487
0.0191
0.0193525
0.0245817
0.0229041
0.0208927
0.0220376
0.0213044
0.0193374
0.0188367
0.0211095
0.0222163
0.0198968
0.0199284
0.0205905
0.0205021
0.0189335
0.0190356
0.0206491
0.0247091
0.023434
0.0239962
0.0248356
0.0248583
0.0237356
0.0232852
0.0232711
0.0241722
0.0231611
0.0223868
0.0240348
0.0240148
0.0216031
0.0244575
0.0195643
0.0204501
0.0194574
0.0202817
0.0209322
0.0244106
0.0180156
0.0183387
0.0200885
0.0184944
0.0191391
0.0194234
0.0207414
0.0177832
0.0182321
0.0224334
0.0217144
0.0230061
0.0227533
0.0223022
0.0194563
0.0200456
0.0182587
0.0202611
0.0203637
0.0220984
0.0223802
0.0267842
0.0214026
0.0184003
0.0223035
0.0217292
0.0204464
0.0203653
0.0206276
0.0185369
0.0188109
0.0203625
0.0232973
0.0227383
0.0234767
0.0245104
0.0250886
0.0222655
0.0240989
0.0206497
0.0196521
0.0189441
0.0207328
0.0210851
0.0206787
0.0186569
0.0187823
0.021501
0.0244858
0.0230952
0.0243219
0.0217594
0.0209271
0.0192417
0.018233
0.0195513
0.0240489
0.0229841
0.0249056
0.025076
0.0255432
0.0232968
0.0235889
0.0205322
0.020166
0.0209457
0.018036
0.0183115
0.0180847
0.0179772
0.0172242
0.0176428
0.0234505
0.0242247
0.0249379
0.0256192
0.0253281
0.0232018
0.0232336
0.0183914
0.0191518
0.0192464
0.0202924
0.0210723
0.0209021
0.018689
0.0197681
0.0222343
0.0208379
0.0200063
0.0195968
0.019976
0.0194919
0.0178537
0.0172871
0.017726
0.0237757
0.022909
0.0242061
0.0220242
0.0218532
0.0219124
0.019299
0.0194299
0.0244887
0.02301
0.0228349
0.0244881
0.0248428
0.0243649
0.0250988
0.0233928
0.0259098
0.0235347
0.0237614
0.0235932
0.0235973
0.0216276
0.0213645
0.019428
0.0194634
0.020139
0.0188073
0.0215561
0.0213008
0.0215952
0.0204361
0.0186778
0.0190708
0.0245718
0.0227272
0.0230841
0.0246611
0.0245462
0.0251395
0.0223671
0.0199559
0.0213703
0.0200831
0.0187866
0.0184988
0.0192324
0.0180987
0.0193089
0.0165296
0.0206255
0.0207294
0.0215177
0.0224398
0.0210209
0.0211573
0.0217509
0.0236224
0.0224795
0.0237394
0.024669
0.0235572
0.0201075
0.0177907
0.0197996
0.0193934
0.0184541
0.0204046
0.020448
0.0207329
0.0188966
0.0174739
0.018407
0.0221195
0.0209186
0.023456
0.0229102
0.0230843
0.0203848
0.0210292
0.0206149
0.0216205
0.0239576
0.0206482
0.0200561
0.0179924
0.0178201
0.0192554
0.0232475
0.0223719
0.0227988
0.0239764
0.0236239
0.0224397
0.0221102
0.0195129
0.0201286
0.0209604
0.0198074
0.020516
0.0216127
0.0216065
0.0203675
0.0198244
0.0196052
0.0232614
0.0225562
0.0228105
0.0224301
0.0214499
0.0212021
0.0168568
0.0206807
0.0183481
0.0196096
0.0203552
0.0219851
0.0200145
0.0196079
0.0195756
0.0226834
0.0245653
0.0233815
0.0236707
0.0249416
0.0251645
0.0240934
0.023062
0.0231535
0.023655
0.0229034
0.0245552
0.0253205
0.0254944
0.0229786
0.0231249
0.0210685
0.0221712
0.0222302
0.0222096
0.0216926
0.0200696
0.0199739
0.0210769
0.0217424
0.0197612
0.0191067
0.0188386
0.0210734
0.0192179
0.0202447
0.0214731
0.02076
0.0193154
0.0184748
0.01846
0.020178
0.0182448
0.0187975
0.0201737
0.0192286
0.0175983
0.0168512
0.0188898
0.0196943
0.0176496
0.0183774
0.019402
0.0191113
0.0188797
0.0171358
0.0171913
0.0187089
0.0180146
0.0181621
0.0190226
0.0190037
0.0182251
0.0182133
0.0182638
0.0205545
0.0183807
0.0191398
0.0201881
0.0198408
0.02314
0.0182239
0.0188777
0.0189263
0.0204373
0.0245059
0.0223837
0.0225036
0.0237843
0.0241753
0.0228673
0.0219163
0.0218671
0.0252095
0.0224189
0.0229119
0.0233707
0.024086
0.0252826
0.0221523
0.021854
0.0198902
0.0212211
0.0211342
0.0188062
0.019424
0.0203226
0.0201346
0.019431
0.0180816
0.0182339
0.0202004
0.0198919
0.0204861
0.0195729
0.0189982
0.0201877
0.0199675
0.0180269
0.018468
0.0183338
0.0240596
0.0223845
0.0221767
0.0238411
0.0232928
0.0230462
0.0214996
0.0225611
0.0241699
0.0214921
0.0222335
0.0228746
0.0230411
0.0222359
0.021387
0.0187474
0.0222317
0.021385
0.021411
0.0225892
0.0221118
0.0202998
0.0194256
0.016806
0.0200453
0.0195942
0.0192425
0.0176684
0.0164781
0.0159873
0.0148693
0.0157772
0.0155457
0.015638
0.0161722
0.0156714
0.013582
0.013548
0.0150838
0.017493
0.0181114
0.0183896
0.0183188
0.0165566
0.0168522
0.0132788
0.0153178
0.0147034
0.0133011
0.0125125
0.012565
0.0117982
0.01096
0.0152483
0.0157383
0.0153638
0.0192015
0.0141024
0.010861
0.0111662
0.0109506
0.00874317
0.00937543
0.0101928
0.013229
0.0135621
0.0126511
0.00855503
0.00981995
0.00951228
0.0146894
0.0089753
0.0100098
0.00914462
0.0129122
0.01338
0.0134627
0.0121752
0.00914143
0.00883251
0.00913471
0.00889323
0.00769442
0.00884213
0.00871279
0.0134351
0.0124819
0.00948438
0.0136636
0.00802085
0.0102697
0.0101648
0.0135135
0.00909179
0.0108749
0.0132921
0.00973548
0.0104889
0.0123141
0.0112565
0.0117369
0.0111173
0.0107691
0.0113865
0.0115617
0.010758
0.0110981
0.0145496
0.0155218
0.0150523
0.0129293
0.0113625
0.0119575
0.010918
0.0131004
0.0114848
0.0117571
0.0113246
0.0130301
0.0153327
0.0154845
0.0157759
0.0156143
0.0158881
0.0143335
0.0161318
0.016453
0.0154386
0.0133244
0.0126166
0.0124258
0.0107511
0.0121328
0.0121703
0.0110777
0.0158784
0.0156552
0.0131039
0.0122849
0.0115775
0.0114101
0.0160941
0.0122311
0.0125713
0.0119949
0.0123977
0.0115858
0.0122588
0.0112312
0.0166208
0.014831
0.0161754
0.0156804
0.0168349
0.0162462
0.0113799
0.012637
0.0121684
0.0128759
0.0123133
0.0137525
0.0163985
0.0153161
0.0164023
0.0157809
0.0162036
0.0154005
0.0131331
0.015801
0.0146227
0.0165307
0.0157872
0.0125148
0.0131629
0.0158159
0.0156301
0.0112016
0.0157363
0.0149918
0.0130811
0.012034
0.0147234
0.0119143
0.0121888
0.0137663
0.0120799
0.011675
0.0131627
0.015928
0.0161369
0.0109455
0.0122888
0.0124603
0.0132642
0.0165213
0.0144532
0.0165309
0.0164612
0.0138568
0.0120518
0.011898
0.0112404
0.0119487
0.0118683
0.0131632
0.0161782
0.0165369
0.0114938
0.0160425
0.0157711
0.013619
0.0150132
0.0118139
0.0136343
0.0156865
0.0160993
0.0130404
0.0157354
0.0158047
0.0118441
0.0124494
0.0113566
0.0162789
0.0166389
0.0134022
0.0118672
0.0137828
0.0130755
0.016772
0.0159042
0.0126539
0.0131506
0.0129072
0.0117046
0.017214
0.0174446
0.0126569
0.0142568
0.0136724
0.0134691
0.0136688
0.0126355
0.017407
0.0170775
0.0125886
0.0134571
0.0142641
0.0127775
0.0172935
0.0175629
0.0128406
0.0136522
0.0147039
0.0129104
0.0152192
0.0134348
0.0140088
0.0126037
0.0178855
0.0184136
0.013795
0.0170808
0.0134086
0.0137405
0.0132965
0.0146746
0.012583
0.0165536
0.0171505
0.0122225
0.0173447
0.0167744
0.0139777
0.0128991
0.0134215
0.0121588
0.0176685
0.0202636
0.0142078
0.0179452
0.0179871
0.0122381
0.0136496
0.0136802
0.0120099
0.0176787
0.017836
0.012217
0.0172353
0.0177763
0.0133972
0.0139064
0.0138276
0.0138093
0.0133125
0.013654
0.0121997
0.0129295
0.0142853
0.0127232
0.0169856
0.0167263
0.0133062
0.0173091
0.0173958
0.014996
0.0161304
0.0124249
0.0141702
0.0164486
0.0162634
0.0155858
0.0138238
0.0115552
0.0115574
0.0107701
0.0117422
0.0110478
0.0118443
0.0148997
0.0155071
0.0106058
0.011564
0.0127894
0.0115359
0.0155791
0.0152457
0.0107636
0.0118236
0.0114314
0.0129812
0.0150145
0.0126357
0.0112212
0.0114132
0.0113618
0.0125836
0.0159591
0.0107277
0.0113885
0.0133418
0.0117538
0.012522
0.0120945
0.0124076
0.0164782
0.0154305
0.0158138
0.0119265
0.0123034
0.0115406
0.0132897
0.0124258
0.012456
0.0120913
0.0109083
0.0131358
0.0116647
0.0113552
0.0138323
0.0111089
0.0134941
0.0132104
0.011858
0.0128398
0.0125339
0.0113029
0.0124337
0.0112122
0.0127565
0.0118666
0.012871
0.0118368
0.0128989
0.011762
0.0128265
0.0133931
0.0129112
0.0121257
0.0143866
0.0119277
0.0134129
0.0127682
0.0128901
0.0124608
0.013196
0.0129838
0.0139278
0.0126327
0.0143975
0.0129799
0.0138521
0.0129544
0.014116
0.01297
0.0137688
0.0136831
0.014979
0.0137488
0.0143891
0.0134732
0.0146853
0.0142853
0.0147067
0.0147145
0.0161153
0.0145827
0.0164925
0.0189188
0.0185488
0.0167351
0.0150178
0.0173779
0.0156023
0.0158986
0.0170842
0.0158136
0.0159277
0.0146236
0.0159797
0.0155574
0.0168627
0.0192596
0.0201666
0.0157915
0.019504
0.0199889
0.0145836
0.0162314
0.0164192
0.0155233
0.015931
0.0155559
0.0171838
0.0196251
0.0203335
0.0156377
0.0179002
0.0168158
0.0149912
0.0197758
0.0199356
0.0164079
0.0162244
0.0168203
0.0150703
0.0197829
0.0207441
0.0158744
0.0159836
0.0169041
0.0153765
0.0199011
0.0205385
0.0157348
0.0156278
0.0164405
0.015046
0.0155184
0.0169577
0.0151962
0.0155714
0.0162777
0.0146966
0.0200948
0.020507
0.0151535
0.0189288
0.0170397
0.0156541
0.015523
0.0166754
0.0161386
0.019664
0.0207841
0.0157529
0.0169513
0.0174843
0.0153046
0.0161972
0.0166303
0.0155771
0.01643
0.0167902
0.0155731
0.0159577
0.016792
0.0151169
0.0161898
0.019627
0.0156784
0.0156316
0.0166618
0.0150983
0.0197332
0.0174099
0.014819
0.0159685
0.0167003
0.0154527
0.0157088
0.0167728
0.0151753
0.020021
0.0205499
0.016153
0.0163906
0.0167122
0.015098
0.01884
0.0173527
0.0163889
0.015982
0.016169
0.0148159
0.0160041
0.0163544
0.0148993
0.015661
0.0160351
0.0154323
0.0160678
0.0160766
0.014443
0.0197376
0.0203666
0.0161445
0.0186559
0.0168892
0.0151598
0.0184188
0.0159212
0.014753
0.0157532
0.0156746
0.0147817
0.0146937
0.0154566
0.0140107
0.014252
0.0152546
0.013757
0.0144703
0.0152822
0.013752
0.014186
0.0146278
0.0135798
0.018638
0.0186684
0.0173557
0.0184572
0.0189221
0.0144366
0.0144652
0.0157877
0.0136722
0.0146439
0.0152992
0.014566
0.0150919
0.0158211
0.0140588
0.0188172
0.0197611
0.0165707
0.0156394
0.0160679
0.0150904
0.0154617
0.0167412
0.0150061
0.0157654
0.0165724
0.0153521
0.0154767
0.0166814
0.0148566
0.02023
0.0209346
0.0179422
0.0188454
0.0178877
0.0166606
0.0164383
0.0170721
0.015299
0.0166667
0.0176119
0.016153
0.0162571
0.0173043
0.0165573
0.0183116
0.0205337
0.0217721
0.0181128
0.0210448
0.0218244
0.0168169
0.0226071
0.0222857
0.0203581
0.0208956
0.0217383
0.0200376
0.0206875
0.0216688
0.0198311
0.0180351
0.0167618
0.0181092
0.0160459
0.0184011
0.0202826
0.020662
0.0194275
0.0206185
0.0216876
0.0198026
0.0181303
0.0201846
0.0213638
0.0200056
0.0204518
0.0214478
0.0198124
0.0182628
0.0165803
0.0179887
0.0166336
0.0165847
0.0206395
0.0214947
0.0199687
0.0209153
0.0225222
0.0200469
0.0205097
0.0217757
0.017617
0.0210835
0.0214592
0.0203078
0.0185912
0.0164283
0.0186454
0.0162983
0.0180362
0.0201837
0.0212711
0.0201695
0.0173673
0.0203344
0.0222706
0.0208568
0.01622
0.017484
0.0206317
0.0163186
0.0183288
0.0206921
0.0216657
0.0198468
0.0201556
0.0211117
0.0204174
0.0182862
0.0211009
0.0216533
0.0205526
0.0183308
0.0167714
0.0171854
0.0172056
0.016166
0.016979
0.0177755
0.0162391
0.0180578
0.0163388
0.0175725
0.0158051
0.0168589
0.0175621
0.0164754
0.0171267
0.018035
0.0185235
0.0174232
0.0169054
0.0180737
0.0164891
0.0172892
0.0181793
0.0165468
0.0174396
0.0180054
0.0167461
0.0173326
0.018055
0.0161099
0.0185324
0.0200215
0.0220396
0.0195262
0.0171101
0.0177021
0.0169162
0.0163421
0.0201915
0.0212698
0.0203752
0.0163009
0.018231
0.0178429
0.0163894
0.0166931
0.0180427
0.0163928
0.0165271
0.0201581
0.0212887
0.0201191
0.0177358
0.0170165
0.0175581
0.0160872
0.0159754
0.020503
0.020852
0.019623
0.0174561
0.0158704
0.0172783
0.0157357
0.0175604
0.0201697
0.0209226
0.0189817
0.0204612
0.0209489
0.0193989
0.0160472
0.0157201
0.0166966
0.0156909
0.0170472
0.0164585
0.0173844
0.0158303
0.0164677
0.0179482
0.0167913
0.0165542
0.0202346
0.021447
0.020507
0.0182428
0.0163678
0.0178172
0.0165268
0.0181138
0.0206648
0.0185357
0.0195733
0.0169576
0.0167994
0.0176557
0.0203763
0.0166589
0.0203244
0.0213018
0.0201735
0.0161237
0.0204609
0.0219551
0.0204784
0.0162756
0.0171914
0.0207696
0.0164637
0.0182898
0.0196982
0.0213319
0.0200265
0.0167199
0.0160462
0.0173142
0.0170652
0.0160764
0.0196413
0.0209131
0.0205441
0.0163445
0.0166322
0.0180687
0.0166228
0.0170269
0.0164609
0.0176788
0.0161429
0.0181806
0.0161229
0.0171599
0.0158211
0.017489
0.0163297
0.0177448
0.0170454
0.0166049
0.018047
0.0184666
0.02012
0.0157319
0.0169247
0.0177508
0.0165572
0.0164462
0.0185034
0.0204502
0.021375
0.0198469
0.0163668
0.0165008
0.0215146
0.0167424
0.0170698
0.0165557
0.017778
0.0163791
0.0168513
0.0206183
0.0215654
0.0201596
0.0167393
0.0169292
0.0173647
0.0156933
0.0172352
0.0207617
0.0217304
0.0205378
0.0185454
0.0205186
0.017897
0.0157405
0.0179916
0.0205277
0.0212139
0.0232457
0.0166008
0.0168671
0.0170049
0.0161919
0.0171942
0.0204922
0.021658
0.0165714
0.0211903
0.02183
0.0201026
0.0212349
0.0221032
0.0212344
0.0176935
0.0173252
0.0185867
0.0169927
0.0163023
0.0206142
0.0216893
0.0206072
0.0184348
0.0166173
0.0177522
0.0174905
0.0170093
0.0205596
0.0186035
0.0166523
0.0183994
0.0228821
0.0216104
0.0216142
0.0172612
0.0206254
0.0218723
0.0163352
0.0169173
0.0174627
0.0185868
0.0164481
0.018982
0.0205562
0.0196712
0.0195467
0.018926
0.0171633
0.0190862
0.0168965
0.0174627
0.0187406
0.0185521
0.0196933
0.0169498
0.0208009
0.0219851
0.0206991
0.0171897
0.0176021
0.0183829
0.0172799
0.017409
0.0218108
0.0219009
0.0246684
0.0176218
0.0176223
0.0184366
0.0169414
0.0168294
0.0213424
0.0219785
0.0206767
0.017219
0.0199681
0.0187691
0.0166127
0.0167191
0.0208157
0.0221451
0.0211819
0.0211318
0.0194531
0.0187806
0.0205449
0.0165533
0.0168938
0.0180482
0.0165359
0.0165365
0.0206245
0.0217999
0.0202666
0.0170913
0.0169516
0.018005
0.016129
0.0177956
0.0208642
0.0211048
0.0201263
0.017129
0.0213121
0.0184212
0.0197125
0.0166924
0.0165451
0.0177876
0.0173497
0.0162004
0.0168981
0.0181798
0.0192311
0.019097
0.0182319
0.0197943
0.0201347
0.0180524
0.0175127
0.0175121
0.0195214
0.0204115
0.0236377
0.0205763
0.0179367
0.0194859
0.0189299
0.0194494
0.018391
0.018528
0.0180981
0.0185444
0.0172617
0.01845
0.0172822
0.018198
0.0197952
0.0182501
0.018399
0.0176645
0.0236313
0.020847
0.0239294
0.0189668
0.0205802
0.0217394
0.0194448
0.019915
0.0189797
0.0179403
0.0183798
0.0185775
0.0172772
0.0184956
0.0193028
0.0188615
0.0204714
0.0172105
0.0175791
0.0168349
0.0173949
0.0191488
0.0281336
0.0211779
0.0257413
0.0179487
0.0177986
0.0168003
0.0166508
0.0171203
0.0214859
0.0212206
0.0189565
0.0175893
0.0195332
0.0183061
0.0182353
0.0163872
0.0165056
0.0166397
0.0194068
0.0185667
0.0206615
0.0187802
0.017969
0.0183699
0.0180665
0.0172176
0.0175766
0.0165432
0.0183874
0.0190028
0.016504
0.0173334
0.0186026
0.020214
0.0175243
0.0158496
0.0167769
0.0170768
0.0215609
0.0202396
0.0185543
0.0179007
0.0185597
0.018147
0.0179128
0.0169665
0.0173257
0.0160532
0.0180028
0.0177907
0.0170959
0.0184893
0.019882
0.0219096
0.0184074
0.0199845
0.0204805
0.0179904
0.0188313
0.0176188
0.0191274
0.0175384
0.0192271
0.0174039
0.0181364
0.0187409
0.0176285
0.0179401
0.0187518
0.0181169
0.0170646
0.0154616
0.0185921
0.0183297
0.0192018
0.0191215
0.016966
0.0166771
0.0163245
0.0212166
0.016692
0.0161694
0.0193849
0.0215221
0.0204561
0.0166404
0.0168717
0.020292
0.0158448
0.0159352
0.0154946
0.0168874
0.0169394
0.0158613
0.0162148
0.0174015
0.0166329
0.0162175
0.0165558
0.0180261
0.0163488
0.0162145
0.016643
0.0172887
0.0168341
0.0163866
0.0163985
0.017013
0.0158693
0.0158331
0.0163293
0.0198634
0.0191614
0.0175177
0.0164223
0.0167012
0.0165309
0.0160222
0.0158887
0.0176911
0.0186171
0.015874
0.0159076
0.0170119
0.0156397
0.0157029
0.0190474
0.0182602
0.0182139
0.0192618
0.0175591
0.0161081
0.0270764
0.0173404
0.015598
0.0174791
0.0161071
0.0176093
0.0176799
0.0164199
0.0170236
0.0163212
0.0183332
0.017377
0.0157371
0.0160069
0.016316
0.0149873
0.0163814
0.018781
0.0205918
0.0205263
0.0154027
0.0164486
0.0160349
0.0149711
0.0163032
0.0151551
0.0161547
0.0175019
0.0152448
0.0161249
0.0168321
0.01832
0.015111
0.015753
0.0162942
0.0154795
0.0161688
0.0158327
0.0165704
0.0150528
0.0158212
0.0162512
0.0166602
0.0161557
0.0153879
0.015559
0.0163221
0.0155111
0.0159779
0.0149208
0.0168618
0.0155427
0.0149953
0.0189894
0.0203934
0.0182326
0.0149513
0.02016
0.0171956
0.0154005
0.0151422
0.0158191
0.017079
0.0153059
0.0153093
0.0155208
0.0170681
0.0159353
0.0163159
0.0162725
0.0173917
0.0152868
0.0159209
0.0155511
0.0167133
0.0149907
0.0166382
0.0197133
0.0211943
0.0198379
0.017413
0.0183414
0.0198891
0.0154455
0.0171122
0.0155478
0.0167375
0.0155652
0.0156284
0.0152023
0.0170028
0.0162016
0.0160143
0.016211
0.0162309
0.0157563
0.0162563
0.0165799
0.0169761
0.015497
0.0161664
0.015861
0.0175155
0.0158589
0.0160438
0.0199439
0.0208634
0.0193057
0.0162544
0.0189794
0.0202469
0.0168746
0.0165926
0.0155514
0.0167437
0.0152545
0.015782
0.015845
0.01695
0.0152557
0.0156624
0.016512
0.017267
0.0158518
0.0174489
0.0201248
0.0207872
0.0190251
0.0156849
0.0156972
0.0169236
0.0152499
0.0155984
0.0165892
0.0171145
0.0169163
0.0156934
0.0197752
0.0204942
0.0193002
0.0205576
0.0209572
0.0195878
0.0170414
0.0198819
0.0207585
0.0211702
0.0194403
0.0179639
0.0199878
0.0166744
0.0165609
0.0171269
0.0174227
0.0170207
0.0158122
0.0199212
0.0202088
0.0168361
0.0176642
0.0157818
0.0166516
0.0163747
0.0155087
0.0153563
0.0152073
0.0165238
0.015354
0.0158726
0.0172921
0.0164815
0.0154028
0.0145306
0.0156181
0.0232866
0.0202139
0.0149956
0.0150123
0.0151456
0.0149422
0.0145579
0.0151896
0.0173215
0.0175985
0.014607
0.0151988
0.0147577
0.0142204
0.0182593
0.0152677
0.0154032
0.0133218
0.0137191
0.0142449
0.0133954
0.0135193
0.0153551
0.0120224
0.0126631
0.0118933
0.0122152
0.0128285
0.0120434
0.0130004
0.0182194
0.0161376
0.0148933
0.0133666
0.0138154
0.0133549
0.0114836
0.0126222
0.0124863
0.0151138
0.011412
0.0139977
0.0134916
0.0131135
0.0170525
0.016781
0.0153389
0.0130809
0.0136526
0.0123975
0.0129404
0.0129919
0.0166759
0.0141577
0.0142539


