0.0159927
0.014812
0.0158624
0.0303789
0.0282082
0.0280148
0.0287077
0.0290801
0.0353578
0.0329659
0.0324758
0.0307166
0.0328557
0.03151
0.033468
0.0325631
0.0343093
0.0320231
0.0344428
0.0349864
0.0322703
0.0327938
0.0320672
0.0337011
0.0322114
0.0319607
0.0346069
0.0347445
0.0349826
0.0346818
0.0347431
0.036283
0.038174
0.0356422
0.0413987
0.0347576
0.0357808
0.034813
0.0355998
0.0354319
0.0365011
0.0334135
0.0328054
0.0358267
0.0355918
0.0371362
0.0335085
0.0336482
0.0346991
0.038297
0.0262677
0.0267174
0.026387
0.0277064
0.0271454
0.0267687
0.02882
0.0298806
0.0276762
0.0285895
0.0327621
0.0315301
0.029889
0.0308357
0.0327489
0.0303067
0.0300472
0.0292026
0.033808
0.031762
0.0305034
0.0312117
0.0294771
0.0304782
0.0305765
0.0333488
0.0312483
0.0302141
0.0320367
0.0300221
0.0312859
0.0306448
0.0316966
0.0311483
0.0292292
0.0313638
0.0301596
0.0300215
0.0298703
0.0308544
0.0333602
0.0289327
0.0328566
0.0316431
0.0316954
0.0298457
0.0323339
0.0334456
0.0321991
0.0333818
0.0338485
0.0315159
0.0311244
0.031391
0.0311626
0.0309462
0.0305489
0.0305539
0.0347322
0.0392204
0.0416623
0.0418581
0.0351541
0.0391339
0.0377568
0.0334301
0.0344725
0.0305784
0.0339116
0.0314294
0.0339586
0.0357506
0.0334921
0.031234
0.0318623
0.0308757
0.0324211
0.0338261
0.032316
0.0342048
0.0351916
0.0329249
0.0335847
0.0334092
0.0365546
0.0344448
0.0331201
0.0336804
0.0345826
0.0352086
0.0369014
0.0359314
0.0334798
0.031048
0.0315882
0.034094
0.0345784
0.0317301
0.0332863
0.0344791
0.0328031
0.0322828
0.0325495
0.0311329
0.0346
0.0346204
0.0316422
0.0291201
0.0340452
0.0335059
0.0349739
0.0353356
0.029218
0.0308359
0.030666
0.0315296
0.0295619
0.0274231
0.0292774
0.0297068
0.0306072
0.0301331
0.0323892
0.0328777
0.0334312
0.0342904
0.0324002
0.034126
0.0319714
0.0347284
0.0329069
0.0292634
0.0313066
0.0303157
0.0316927
0.032487
0.036624
0.0349711
0.0328028
0.032427
0.030609
0.0310859
0.0326008
0.0349336
0.0343724
0.0328584
0.0308533
0.0317177
0.0320256
0.035702
0.0307793
0.0317894
0.0330657
0.0326617
0.0342968
0.0322184
0.0314163
0.0329713
0.0325512
0.0345979
0.0355911
0.0316936
0.0327656
0.0334643
0.0328511
0.0327801
0.0323487
0.03059
0.0353799
0.036314
0.0373994
0.0341421
0.0319364
0.0345767
0.0329935
0.0348129
0.0382153
0.0341515
0.0366378
0.0309686
0.0315066
0.0330863
0.0322738
0.0325225
0.0363064
0.0305893
0.0315914
0.0315961
0.0324328
0.0330794
0.0327134
0.0320536
0.0307763
0.0327867
0.0323405
0.0332063
0.0312303
0.0301421
0.0316675
0.0319095
0.0353333
0.0311205
0.0298842
0.0310475
0.0315868
0.0317421
0.030502
0.0302993
0.0320814
0.0327625
0.0326876
0.0309871
0.0332448
0.0328625
0.0340196
0.033253
0.0317513
0.0313396
0.032442
0.0327957
0.0355687
0.0314213
0.0325493
0.0354671
0.0331978
0.0345842
0.0319973
0.0324945
0.0331316
0.0338331
0.0310392
0.0317498
0.0325676
0.0319258
0.0335582
0.032266
0.0325878
0.0319268
0.0315691
0.0326652
0.0325065
0.0345921
0.0319566
0.0331253
0.0331792
0.0328408
0.0333635
0.0341363
0.0342088
0.0326613
0.0326658
0.0332181
0.0330213
0.0326602
0.0344716
0.0330616
0.0332734
0.0333485
0.0321692
0.0332352
0.0330159
0.0330219
0.0337332
0.0311746
0.0336478
0.0320025
0.0328392
0.0315336
0.0298298
0.0284432
0.0296886
0.0293493
0.0295828
0.0291054
0.031742
0.0543618
0.0379654
0.0404823
0.0262203
0.0254149
0.0263771
0.0215367
0.0228922
0.0229145
0.0227385
0.0180289
0.0206797
0.0333012
0.0242049
0.0271078
0.0310046
0.0313693
0.0302378
0.0301017
0.0239467
0.0273446
0.0275836
0.0262479
0.0241702
0.0265016
0.0266849
0.0277588
0.0227501
0.0320395
0.0284573
0.0249888
0.0241981
0.0265371
0.0256954
0.0243134
0.023607
0.0247399
0.0249034
0.0244641
0.0229139
0.0261818
0.0256289
0.0251416
0.022757
0.0251236
0.0253561
0.0254257
0.0252596
0.0264708
0.026118
0.0249138
0.0303643
0.0244521
0.028888
0.023071
0.0239563
0.0233794
0.0242958
0.0217541
0.0237267
0.0228773
0.0230232
0.0243525
0.0217946
0.0219141
0.0222003
0.0226813
0.021539
0.0225378
0.0247964
0.0216022
0.0215495
0.0231854
0.0231063
0.0219752
0.0236229
0.022564
0.0219338
0.0232562
0.0272649
0.023121
0.0301068
0.0274456
0.0253896
0.0295441
0.0267368
0.0285899
0.0210134
0.0236174
0.0234435
0.0220201
0.0219504
0.0285216
0.0261954
0.025573
0.0274749
0.0266844
0.0248757
0.0244461
0.0253369
0.0250133
0.0296271
0.0309682
0.0279644
0.0287902
0.0286731
0.0290537
0.0313147
0.0276141
0.0244399
0.0236447
0.0273209
0.0275996
0.0288177
0.0323367
0.026238
0.0298472
0.0326249
0.0287314
0.0308218
0.0274176
0.031258
0.0275304
0.0296357
0.0283677
0.0281297
0.0284266
0.0287485
0.0304568
0.029105
0.0268164
0.0282255
0.0296297
0.0283162
0.0316624
0.0274585
0.0285854
0.0311127
0.0353964
0.0329254
0.0292539
0.0329538
0.0291471
0.0293457
0.0292122
0.0290471
0.0298323
0.0307292
0.0307846
0.031383
0.0331784
0.0342601
0.0338482
0.0302335
0.0313025
0.0329755
0.0331084
0.0316136
0.0302185
0.0310465
0.0326524
0.0360008
0.0355618
0.0317404
0.0334531
0.0326482
0.031811
0.0333576
0.0324492
0.0332048
0.03279
0.034164
0.0352805
0.0356174
0.0349238
0.0312221
0.0343786
0.0323571
0.0332837
0.0326782
0.0313381
0.0314577
0.0306852
0.0310073
0.0330939
0.0320017
0.0312505
0.0333596
0.036172
0.0347157
0.0342276
0.033543
0.0333962
0.0342098
0.0347087
0.03692
0.0347842
0.0334481
0.0331638
0.0325388
0.0325328
0.0320901
0.0318241
0.0309065
0.0339761
0.0339495
0.0341689
0.0327691
0.0322081
0.032634
0.0315138
0.0320235
0.0312969
0.0326751
0.03295
0.0363146
0.0374612
0.0370601
0.0318806
0.0333125
0.0339279
0.0331034
0.0340128
0.0385009
0.0365171
0.0337905
0.0339725
0.0346801
0.0335797
0.0332897
0.0377848
0.0338093
0.0345926
0.0321459
0.0328094
0.0366824
0.0344646
0.0334248
0.0329453
0.031819
0.0334938
0.0356824
0.0327233
0.0326033
0.032019
0.0318763
0.0328992
0.0319737
0.0323436
0.0341804
0.0354372
0.0344904
0.0360569
0.0360002
0.0347666
0.0340454
0.0356477
0.0368425
0.0346029
0.0344791
0.03547
0.0352663
0.0357109
0.0349557
0.0324708
0.0330351
0.0337403
0.032178
0.0353501
0.0343475
0.0374718
0.0345308
0.0351516
0.0302489
0.0311837
0.0301625
0.030536
0.030519
0.0289284
0.028924
0.0275421
0.0311482
0.0328648
0.0340787
0.0332927
0.0313868
0.0326268
0.0331064
0.0334843
0.0328575
0.0347332
0.0352567
0.0341006
0.0336606
0.0346061
0.0348549
0.038938
0.0359759
0.0383442
0.0361004
0.0353569
0.033374
0.0327451
0.0342984
0.0310842
0.0314297
0.0308711
0.0303098
0.0279346
0.0280237
0.0311759
0.0312224
0.0329184
0.030402
0.0323122
0.030464
0.034281
0.0352085
0.0336507
0.033008
0.0312249
0.0320751
0.0313154
0.0296921
0.0306552
0.0309869
0.0319236
0.0338204
0.0338626
0.036649
0.0381683
0.0359257
0.0336135
0.0337829
0.0332145
0.0326304
0.0325647
0.0315328
0.0325991
0.0320014
0.03208
0.0318694
0.0304502
0.0322329
0.0327304
0.0328979
0.034378
0.0333199
0.0355123
0.0336413
0.0348771
0.0359785
0.033769
0.0350799
0.0354942
0.0350918
0.0354636
0.0347606
0.0329127
0.0314737
0.0314466
0.0323824
0.0317822
0.0323863
0.0315674
0.0336309
0.0342165
0.0336958
0.0367831
0.0361004
0.034021
0.0338044
0.0361385
0.0390281
0.0388779
0.0324274
0.0329127
0.0339064
0.0332576
0.0335835
0.0342114
0.0360711
0.0359893
0.0347885
0.0344015
0.0343728
0.0361647
0.0331378
0.0348481
0.0322196
0.029836
0.0320255
0.0315151
0.0321876
0.035941
0.0345101
0.0375749
0.0369981
0.0375085
0.0337769
0.0343204
0.0323995
0.0334091
0.0347038
0.0341465
0.0362876
0.0474408
0.0378877
0.0373304
0.0377556
0.0479593
0.0357573
0.0337347
0.0326598
0.0339791
0.0312539
0.0312012
0.0313367
0.0311346
0.030976
0.0314077
0.0311879
0.0352885
0.0365733
0.0340604
0.0337785
0.0324345
0.0321071
0.0327655
0.0327649
0.033495
0.0323552
0.0350401
0.0315742
0.0348484
0.0370198
0.035723
0.0368894
0.0330416
0.0347747
0.0326736
0.0315598
0.034653
0.0331565
0.0342176
0.0336999
0.0331249
0.0328389
0.0335839
0.0343502
0.0365196
0.0354956
0.0348505
0.0333872
0.0332704
0.0342861
0.0359104
0.038263
0.0367482
0.0322195
0.0320211
0.0331086
0.0365174
0.0361291
0.0384803
0.0354887
0.0331996
0.0327643
0.0333306
0.0328316
0.0352627
0.0372903
0.0348023
0.0314663
0.0306037
0.0292707
0.0301737
0.0333066
0.0362251
0.0373544
0.0366757
0.0325351
0.0303677
0.0324848
0.0330325
0.0323805
0.0329042
0.0341285
0.0330364
0.0327797
0.032746
0.0341205
0.0364307
0.0347648
0.0329816
0.0322346
0.0322715
0.0333261
0.0328006
0.0329546
0.0324443
0.0314851
0.0336103
0.0333576
0.0356978
0.0333236
0.0326996
0.0324205
0.0347515
0.0368119
0.0349936
0.034446
0.0323061
0.0345979
0.0355226
0.0335249
0.0339617
0.0345479
0.0341978
0.0336693
0.0352074
0.0347224
0.0354174
0.0323131
0.033073
0.032872
0.0329595
0.0340253
0.0352872
0.0307784
0.0299005
0.0299475
0.0308676
0.0345442
0.0341229
0.0332873
0.037365
0.0331632
0.0324039
0.0357179
0.0351979
0.0380915
0.0358597
0.0322251
0.0310229
0.0311673
0.0329312
0.0353519
0.0355651
0.033852
0.0336176
0.0306976
0.0309632
0.0308192
0.0310279
0.0303821
0.0294558
0.0277186
0.0324908
0.030908
0.0310418
0.0316424
0.0277631
0.0305947
0.0362481
0.0341609
0.0386041
0.0365585
0.0344268
0.031353
0.0340656
0.0318737
0.0341556
0.0322818
0.0342915
0.0331612
0.0331013
0.0339408
0.0370112
0.0318638
0.0323692
0.0336031
0.032572
0.0316323
0.0316825
0.0320064
0.03258
0.0325698
0.0362979
0.0339475
0.0326192
0.0324411
0.0349822
0.0375372
0.0388421
0.0394588
0.0389843
0.0375679
0.034523
0.0345792
0.0334638
0.0346948
0.0338083
0.0336364
0.0340646
0.0359687
0.0331793
0.0337252
0.0329525
0.0332002
0.0338338
0.0337053
0.0359422
0.0370784
0.0355172
0.0337095
0.0318679
0.0321757
0.0329224
0.0330482
0.0360784
0.0365255
0.0374001
0.0348609
0.0342232
0.0340957
0.0334262
0.0347848
0.0366508
0.0346559
0.0362447
0.0353808
0.0356117
0.0343788
0.0335337
0.033638
0.0335694
0.0355574
0.0378699
0.0354036
0.0328541
0.0324804
0.032918
0.0354377
0.0325017
0.0344754
0.0318508
0.0302787
0.0310973
0.0347934
0.0332206
0.0336842
0.0321237
0.031257
0.0343081
0.0349848
0.034049
0.0332351
0.0361177
0.0358516
0.0373278
0.0378643
0.0367279
0.0334004
0.0342524
0.0341166
0.0346163
0.0340196
0.0354443
0.0340261
0.0335415
0.0318137
0.0327614
0.0320306
0.0327428
0.0310317
0.0325929
0.0332079
0.0333522
0.0378368
0.0348641
0.036447
0.0348222
0.032861
0.0352437
0.0355112
0.0371726
0.0393085
0.0348624
0.0361505
0.0345145
0.0347302
0.0342919
0.03368
0.0338695
0.0338222
0.0337453
0.033332
0.0338731
0.0317344
0.0350599
0.0348726
0.0349085
0.0385456
0.0353804
0.0335916
0.0340797
0.0359619
0.0363402
0.037953
0.0358442
0.0349804
0.0352404
0.0337662
0.0356288
0.0338527
0.0335489
0.0337884
0.0341138
0.0375553
0.0332681
0.0325093
0.0322626
0.0353935
0.0343481
0.0328409
0.03504
0.0333205
0.0300339
0.0359957
0.0330884
0.0344599
0.0368256
0.0358731
0.0393216
0.0329074
0.0349786
0.0326038
0.0351522
0.0356042
0.0436972
0.0418454
0.0337082
0.033798
0.0349915
0.0361024
0.0356189
0.036577
0.0377003
0.0377557
0.0448671
0.039911
0.0350298
0.034382
0.0374569
0.0366668
0.0364813
0.0377475
0.0472766
0.0392969
0.0360214
0.0374543
0.0384929
0.038351
0.0393368
0.0413329
0.0381628
0.0384671
0.0349299
0.0353531
0.0359995
0.0354924
0.0366454
0.0366639
0.0388515
0.0369732
0.042044
0.0377522
0.0363471
0.0370491
0.0367295
0.0364165
0.0354432
0.037706
0.0375161
0.0394788
0.0363086
0.0369804
0.0362119
0.035689
0.0357988
0.0344078
0.0372954
0.0341948
0.0346537
0.0350697
0.0352117
0.0351693
0.0360605
0.034479
0.0337241
0.0336599
0.0335197
0.0335446
0.0337029
0.0354192
0.0346517
0.0342092
0.0328012
0.0338381
0.0544837
0.0358743
0.0363621
0.0421335
0.0362021
0.0330371
0.0315542
0.0339231
0.035609
0.0352724
0.0356842
0.0397866
0.0354441
0.0369314
0.0423251
0.0353294
0.0354167
0.0357096
0.0349256
0.0374094
0.0375822
0.038498
0.036161
0.036229
0.0372174
0.0377712
0.0374203
0.0362186
0.0364437
0.0366773
0.0377334
0.0377582
0.0366834
0.0356819
0.0350084
0.0365956
0.0365438
0.0360628
0.0361868
0.0348362
0.0376446
0.0383946
0.0346535
0.0327847
0.0329115
0.034802
0.034605
0.0359302
0.037287
0.0362676
0.0358897
0.0351504
0.0392923
0.0400244
0.0374448
0.0340413
0.0353253
0.0336782
0.0334151
0.0338945
0.0337525
0.0358221
0.0361749
0.0369281
0.0397889
0.0370407
0.0355495
0.0355859
0.0346163
0.0349674
0.0365168
0.0351552
0.032402
0.0350589
0.0349888
0.0381913
0.0402704
0.0362679
0.0360469
0.0373153
0.0352843
0.035525
0.0345931
0.0344007
0.0378503
0.043885
0.041692
0.0469469
0.0379313
0.0365962
0.0370337
0.0360358
0.0354688
0.0350419
0.036767
0.0360896
0.0351772
0.0369845
0.0363736
0.0360931
0.0346084
0.0366883
0.0451366
0.0366434
0.0375769
0.0384571
0.034485
0.0360926
0.0360215
0.0356341
0.036478
0.0394657
0.037818
0.0352246
0.0365529
0.0354442
0.0379873
0.0343727
0.0348593
0.0359243
0.0356532
0.0347089
0.0345906
0.0343448
0.0349124
0.0357676
0.0360434
0.0374309
0.0365909
0.0374381
0.0328452
0.0358007
0.0367972
0.0377499
0.0429757
0.0408159
0.0371536
0.0360772
0.0383031
0.0388819
0.036184
0.0361238
0.0378979
0.0380982
0.0357089
0.0358765
0.0353485
0.0354024
0.036216
0.0388984
0.0392662
0.0361699
0.0354469
0.0360099
0.0395964
0.0391915
0.0356985
0.0360696
0.0339543
0.0341797
0.0354489
0.0373029
0.0339202
0.0368005
0.0373574
0.0349737
0.0380699
0.0353689
0.0350053
0.0364233
0.0375633
0.0389322
0.0361698
0.0347646
0.0359499
0.033246
0.031959
0.0353423
0.0361556
0.0356827
0.0356046
0.0378723
0.0367801
0.0370891
0.036495
0.0370632
0.0383769
0.0369051
0.0379101
0.0374514
0.0379076
0.036849
0.035998
0.0355377
0.0338453
0.0319938
0.0350182
0.037493
0.0349444
0.0396318
0.0396667
0.0371554
0.0380447
0.036493
0.0369375
0.0411281
0.0441521
0.0403985
0.0425708
0.0370059
0.0383135
0.0372656
0.0365442
0.0371169
0.0353559
0.0341205
0.036135
0.0382775
0.0385114
0.0385965
0.0389933
0.0372576
0.0357267
0.0358387
0.042427
0.0386917
0.0437227
0.0386301
0.0400805
0.0378423
0.0372255
0.0438445
0.0396827
0.0368549
0.042409
0.0381598
0.0421151
0.0401289
0.0393177
0.0393268
0.0392807
0.0388392
0.0384305
0.0380002
0.0397092
0.0387997
0.0372411
0.0367322
0.0406201
0.0366955
0.036838
0.0339183
0.036031
0.0366177
0.0369411
0.0356708
0.0378803
0.0387261
0.0357389
0.0382305
0.0364069
0.0395863
0.0366569
0.0370463
0.0362643
0.0361326
0.0361292
0.0378957
0.0375088
0.040909
0.0414617
0.0432172
0.0397036
0.0363728
0.0382036
0.0400519
0.0370744
0.0390714
0.0410452
0.037801
0.0368719
0.0365649
0.0373727
0.0376725
0.0377447
0.0378608
0.0384238
0.0381494
0.0384149
0.0390779
0.0366406
0.0367476
0.0387536
0.0377541
0.0400241
0.0388308
0.0364672
0.0377054
0.0389361
0.0419218
0.0360148
0.0364352
0.038446
0.040494
0.037148
0.038024
0.0376688
0.0372082
0.0379926
0.0371831
0.037025
0.0369538
0.036313
0.0367321
0.0363362
0.0370015
0.0359555
0.0367919
0.0381511
0.0397254
0.0411098
0.0361302
0.0358451
0.0371391
0.0351725
0.0367392
0.0382786
0.0375743
0.0393041
0.0354281
0.0368036
0.0345411
0.0368988
0.0384835
0.050033
0.0399936
0.0398156
0.0365784
0.0348202
0.0350104
0.0368431
0.0345923
0.034892
0.0358567
0.0406291
0.0452323
0.0435211
0.0314921
0.0334197
0.0333651
0.0334063
0.036274
0.0317318
0.0402396
0.0464798
0.045525
0.0337928
0.0301878
0.0268833
0.0252263
0.0238812
0.0253335
0.0297078
0.0275083
0.0250588
0.0262057
0.0247361
0.0243014
0.0240052
0.0238638
0.0243834
0.0271731
0.027493
0.0240425
0.0386535
0.0229387
0.022931
0.0224632
0.0221107
0.0260976
0.0340599
0.0281483
0.0314196
0.0269602
0.0250097
0.0241302
0.0263116
0.0332429
0.035263
0.0266107
0.0239021
0.0233522
0.0219984
0.0214159
0.0242397
0.0253265
0.0219982
0.020228
0.0195146
0.0205354
0.021986
0.0215146
0.0206424
0.0207087
0.0220161
0.0208601
0.0191507
0.0199165
0.019803
0.0210761
0.0237307
0.0245598
0.0204749
0.018812
0.0197583
0.0200871
0.0193147
0.0221565
0.0210405
0.022229
0.0212933
0.0203778
0.0211368
0.0208909
0.0198442
0.0209936
0.0273435
0.0228197
0.0221495
0.0220551
0.0210801
0.021777
0.0224299
0.0250568
0.0224265
0.0221049
0.0214171
0.0227619
0.0218774
0.0215372
0.0247862
0.0222624
0.02248
0.0224514
0.0212535
0.022484
0.0252171
0.0253208
0.0223498
0.020944
0.0218723
0.0218246
0.0227713
0.0233436
0.0230996
0.0228432
0.0222895
0.0212603
0.0226945
0.023984
0.0258367
0.0257613
0.0257323
0.0222273
0.0249827
0.024652
0.0245738
0.0264774
0.0231492
0.0235833
0.026101
0.0254912
0.0245669
0.0242611
0.0238532
0.0253303
0.0256472
0.0278587
0.0264899
0.0230932
0.024976
0.0243622
0.0256905
0.0305778
0.0231523
0.0269782
0.0270125
0.0242261
0.024002
0.0223387
0.0258508
0.0269919
0.02699
0.0223841
0.0218734
0.0222056
0.0238348
0.0234706
0.0244205
0.0214805
0.0228714
0.0241522
0.0236898
0.0236029
0.0231747
0.0210726
0.0218904
0.0234327
0.0231532
0.0225452
0.0213585
0.0235902
0.0226718
0.0236825
0.0207635
0.0212305
0.0237085
0.0258103
0.0220942
0.0220722
0.0207691
0.0214944
0.0210784
0.0231752
0.0243932
0.0232495
0.0220865
0.0204107
0.0209736
0.0229147
0.022229
0.0228222
0.0265988
0.0262384
0.0243623
0.0223091
0.023877
0.0234572
0.0225964
0.0238953
0.0223418
0.0229954
0.0212873
0.0219073
0.0215959
0.0246673
0.0228242
0.0249591
0.0221959
0.0214826
0.0230831
0.0267582
0.022821
0.0235182
0.0222195
0.0218088
0.0256731
0.0238293
0.0219558
0.0232043
0.0216721
0.0231779
0.0261427
0.0251735
0.0248618
0.0239624
0.0258896
0.0250816
0.025643
0.0241281
0.0243154
0.0256805
0.0276923
0.0256762
0.0241539
0.0261958
0.0258576
0.0258731
0.0246825
0.0237818
0.025834
0.0278564
0.0251328
0.0242257
0.0258966
0.0253397
0.0255187
0.0251688
0.02801
0.0285896
0.0250353
0.0246269
0.0252977
0.0257392
0.0240903
0.0255418
0.0287484
0.0295458
0.0253949
0.0242851
0.0269744
0.0271614
0.0257091
0.0238867
0.0262443
0.0257883
0.0250275
0.0229671
0.0251792
0.025071
0.0248965
0.0232406
0.0259017
0.0281752
0.0264907
0.0237779
0.0249452
0.0246407
0.027829
0.0263947
0.0240965
0.0239435
0.0238444
0.0234866
0.0248424
0.0209279
0.0263889
0.0227115
0.0232927
0.0210417
0.0225098
0.0234565
0.0229791
0.0226712
0.0215658
0.0231304
0.0227254
0.0236942
0.022958
0.0225489
0.0240872
0.0219626
0.0217156
0.0233021
0.0264929
0.024123
0.0234823
0.0235298
0.0221295
0.0243081
0.023934
0.0235502
0.0228008
0.0259699
0.0249368
0.0234766
0.024214
0.0265213
0.0244576
0.0242816
0.0248574
0.0249398
0.0254414
0.0252514
0.0243709
0.0240712
0.026253
0.0280889
0.025879
0.0246453
0.0250494
0.0279645
0.0234839
0.024201
0.0240743
0.0253248
0.0230479
0.0240446
0.0257087
0.0238077
0.0237671
0.0220741
0.0249903
0.0238127
0.0223943
0.0233759
0.0238218
0.023699
0.0223811
0.0234235
0.0232998
0.0236199
0.0222227
0.0235413
0.0237992
0.0245957
0.0232185
0.0238133
0.0240174
0.0244992
0.0231771
0.0237391
0.0243352
0.0239126
0.0243446
0.0253676
0.0271215
0.0264489
0.0278174
0.0259827
0.0253241
0.0253805
0.0252842
0.0252486
0.0255372
0.0252426
0.0294272
0.0279609
0.0274269
0.0272194
0.0266383
0.0265303
0.0266264
0.0267108
0.0269711
0.026434
0.0290453
0.0285533
0.0359675
0.0276468
0.0290554
0.0269567
0.0280444
0.0270202
0.0272362
0.0274569
0.0312122
0.0290712
0.0273924
0.0283023
0.0281135
0.0278889
0.0283375
0.0271582
0.0276168
0.0272379
0.0282287
0.0298984
0.0272497
0.0294513
0.0289725
0.0298383
0.0290917
0.0282684
0.026547
0.0302546
0.0328899
0.0323501
0.0287259
0.0292808
0.029441
0.0288614
0.0286355
0.0283089
0.0277499
0.0293529
0.0282388
0.0287031
0.0274165
0.0282854
0.0282209
0.0277728
0.0284399
0.0279414
0.0264964
0.0276244
0.029139
0.0291106
0.0281836
0.0283023
0.0286354
0.0282199
0.0283293
0.0295735
0.0275643
0.0282549
0.0286365
0.0311796
0.0281624
0.0284399
0.0307906
0.0283252
0.0279473
0.0275594
0.0303002
0.027664
0.0283167
0.028953
0.0272278
0.027612
0.0274164
0.0278159
0.0288817
0.0270882
0.0271357
0.0297112
0.0282727
0.0283567
0.0287105
0.0283088
0.0276239
0.027122
0.0274871
0.0267856
0.0282424
0.0303828
0.0274059
0.0281778
0.0281077
0.0288051
0.0288191
0.0276756
0.0270893
0.0280361
0.0290548
0.0304508
0.026508
0.0271518
0.027528
0.0254212
0.0272129
0.0273633
0.0268713
0.0261698
0.0274528
0.027673
0.0265853
0.0272895
0.0272086
0.0275114
0.026022
0.026262
0.0275276
0.0275433
0.0292932
0.0269121
0.0274764
0.0303168
0.0260635
0.0258894
0.0256449
0.0262753
0.0265322
0.0245231
0.0255834
0.0258247
0.0241756
0.0253297
0.025622
0.0253462
0.0238598
0.0253115
0.0253855
0.0247719
0.0251985
0.0242269
0.0257781
0.0288773
0.0289489
0.0245741
0.0254472
0.0255283
0.0258431
0.0248051
0.0248833
0.0249634
0.0248223
0.0246924
0.0281485
0.0278729
0.0279793
0.0279668
0.0273679
0.0268878
0.0267267
0.0268977
0.0265968
0.0265129
0.0285337
0.0284635
0.0338581
0.0274643
0.0281888
0.0286129
0.0284349
0.0276997
0.0306581
0.0280608
0.0302376
0.0301206
0.0282813
0.0294164
0.029358
0.0287573
0.0279183
0.0282861
0.0286233
0.0296624
0.0286121
0.0309669
0.0316539
0.030303
0.0292596
0.0292328
0.0285009
0.0297738
0.0292396
0.0290558
0.0300263
0.0306602
0.0335613
0.0299505
0.0300879
0.0303997
0.0286428
0.0287618
0.028063
0.0323706
0.0302623
0.0313609
0.0296882
0.0317366
0.0301232
0.0303074
0.0296538
0.0298253
0.0281494
0.0331323
0.0339915
0.0303702
0.0296174
0.030259
0.0299923
0.0296764
0.0295822
0.0293509
0.0303034
0.0337904
0.0337541
0.0302711
0.0298154
0.0305199
0.0304945
0.0301713
0.0317205
0.0297756
0.0294763
0.0309343
0.0317176
0.0310263
0.0298099
0.0333697
0.0320782
0.0333087
0.0292595
0.0298838
0.0295035
0.0304712
0.0314956
0.0318375
0.030795
0.0301989
0.0304793
0.030455
0.0302631
0.029605
0.0307574
0.0308235
0.0315696
0.0338291
0.0301409
0.03067
0.0300402
0.0303938
0.029814
0.0292599
0.0294262
0.0313776
0.0333258
0.0365316
0.0303663
0.0304618
0.0298242
0.0303316
0.0300784
0.0305157
0.0301133
0.030464
0.0355185
0.0326031
0.0311286
0.0308664
0.0318974
0.0308321
0.031853
0.030633
0.0305189
0.0317707
0.038205
0.0350369
0.0310455
0.0319838
0.031316
0.0307303
0.0302648
0.0304036
0.030782
0.0310222
0.0317523
0.0341015
0.031589
0.0302023
0.0313075
0.0299385
0.0297251
0.0298537
0.0288068
0.0306518
0.031125
0.0325357
0.0289341
0.0297841
0.031013
0.0291267
0.0282997
0.0300977
0.028868
0.0303918
0.0299311
0.0295597
0.0286719
0.0293067
0.0294235
0.0284044
0.0285093
0.0293526
0.0285087
0.0311044
0.029654
0.0308779
0.0282592
0.0289409
0.0295729
0.0289474
0.0283089
0.0286189
0.0281014
0.0278687
0.0304801
0.0308869
0.0292343
0.0288058
0.0291398
0.0287339
0.0285012
0.0285494
0.0288693
0.028716
0.0299241
0.0304626
0.0335462
0.0306432
0.029547
0.0296135
0.0295326
0.0299675
0.0290495
0.0298536
0.0298227
0.0307655
0.0321263
0.0312772
0.0293964
0.0292998
0.0294276
0.0311893
0.029832
0.0293069
0.0294446
0.0302336
0.0322757
0.0329564
0.0319931
0.0308125
0.0285854
0.0292989
0.0293732
0.0294579
0.0291725
0.0321111
0.0303868
0.0312543
0.0302008
0.0313563
0.0303392
0.0301872
0.0298222
0.0303647
0.0298393
0.0314248
0.0319741
0.0306783
0.0294871
0.0306598
0.0299566
0.0306185
0.0293797
0.0321926
0.0294526
0.0299264
0.0310982
0.031103
0.0299023
0.0306588
0.0301491
0.0320644
0.0291495
0.0297419
0.0296385
0.032404
0.0340117
0.0310726
0.0322036
0.0294908
0.0309461
0.033169
0.030808
0.0318449
0.0307269
0.0366129
0.0322973
0.0321694
0.0336896
0.0311741
0.031709
0.030953
0.0304579
0.0321552
0.0320482
0.0304889
0.0318394
0.0313007
0.0325764
0.0303141
0.0307536
0.0303256
0.0319178
0.0301881
0.0308747
0.0338699
0.0319568
0.0325201
0.0301348
0.0300812
0.030493
0.0312972
0.0306404
0.0293469
0.030752
0.0316626
0.0320672
0.0318949
0.0326032
0.0306311
0.0313477
0.0302529
0.0299497
0.0304406
0.0316097
0.0317371
0.0326758
0.0340311
0.0343778
0.0309579
0.0319313
0.0308309
0.031695
0.0302072
0.030734
0.0330547
0.0332665
0.0384637
0.0323958
0.0323014
0.031144
0.0305244
0.0310721
0.0304948
0.031973
0.0326724
0.0322114
0.0335217
0.0316541
0.0306049
0.031502
0.0310673
0.0310357
0.0308847
0.0348193
0.0325727
0.0318299
0.0326847
0.0301474
0.0309142
0.0307236
0.0303089
0.0310823
0.0316738
0.031397
0.0318518
0.0341088
0.0342243
0.0341921
0.0300086
0.0336251
0.0317483
0.0308843
0.0302427
0.032475
0.0391697
0.0336252
0.0334559
0.0336464
0.0347304
0.0300037
0.0297236
0.0298195
0.0294488
0.0306453
0.0314799
0.0347596
0.0342533
0.0303101
0.0309809
0.0299439
0.0302964
0.0298035
0.0311363
0.0307298
0.0328691
0.0312
0.0311201
0.0299963
0.0307498
0.0302052
0.0303917
0.0297279
0.0312377
0.0306894
0.033134
0.030779
0.0303288
0.0297652
0.0306546
0.0290253
0.0306434
0.0291925
0.0298741
0.0306714
0.0308166
0.0311744
0.0301925
0.0312926
0.0311025
0.0297025
0.0300984
0.0299739
0.0299932
0.0292073
0.0335742
0.0312735
0.0308146
0.0324035
0.0299737
0.0296042
0.0298814
0.0290586
0.0285885
0.0305652
0.0307413
0.0348766
0.0308947
0.0301402
0.0306985
0.0298961
0.0298795
0.0293241
0.030432
0.0312841
0.0307544
0.0309279
0.0305803
0.0289841
0.0296586
0.0298144
0.0296791
0.0331999
0.032164
0.0368676
0.0347678
0.0307769
0.0301036
0.0287956
0.0301415
0.0308889
0.0292648
0.0293872
0.0289756
0.0301619
0.0299059
0.0318804
0.029675
0.0285267
0.0303555
0.030202
0.0293244
0.0294312
0.0287903
0.0303315
0.0303153
0.0309333
0.0323474
0.0306475
0.0314574
0.0295101
0.0290691
0.0292084
0.0290393
0.0299874
0.0318622
0.0315593
0.031977
0.0294265
0.0295713
0.029899
0.0297184
0.0296227
0.0310802
0.0311849
0.0315515
0.0342735
0.0311632
0.0297409
0.0293916
0.0301642
0.0315931
0.0321275
0.0299794
0.0297978
0.0304214
0.0340698
0.0330489
0.0290803
0.0292933
0.0290799
0.0292538
0.0318381
0.0312453
0.0312648
0.0309586
0.0295223
0.0303098
0.030004
0.0284856
0.0294668
0.0293143
0.0320571
0.0310667
0.0332193
0.0306662
0.0311423
0.0310025
0.0294868
0.029232
0.0289703
0.0298316
0.0306301
0.0306562
0.031185
0.0295565
0.0317169
0.0314401
0.0296363
0.0284929
0.0292947
0.0306048
0.0309307
0.0306425
0.029918
0.0289551
0.0288734
0.0292023
0.0289007
0.0293026
0.0287295
0.0295846
0.0296061
0.0287051
0.0291222
0.0293277
0.0279644
0.0287138
0.0287854
0.0293363
0.0282877
0.0293981
0.0297921
0.0295111
0.028795
0.0285798
0.0291206
0.0293973
0.0287192
0.0286449
0.0290171
0.028881
0.0312987
0.0323336
0.0312385
0.0278809
0.0278465
0.0282648
0.0281687
0.0277318
0.0282207
0.0294189
0.0297014
0.0316832
0.0289425
0.0296108
0.0276771
0.0277311
0.0275786
0.0275838
0.0275888
0.0315998
0.029877
0.0298198
0.029229
0.028272
0.0281521
0.0284186
0.028078
0.0279047
0.0294633
0.0288065
0.0291562
0.0300226
0.0284809
0.0273557
0.0285252
0.0359611
0.028628
0.0291192
0.0283899
0.0294697
0.0304568
0.0299929
0.0292711
0.0284407
0.0276061
0.0277044
0.0264363
0.0276871
0.0274847
0.0294908
0.0294339
0.0309059
0.0342674
0.0327159
0.0276899
0.0327333
0.0330178
0.0272115
0.0303452
0.0279721
0.0266968
0.0271886
0.031153
0.0279083
0.0271724
0.0282271
0.0272804
0.0285841
0.0295408
0.0296272
0.0292054
0.0276341
0.0277294
0.0278155
0.0271291
0.0277503
0.0267238
0.0288587
0.0335934
0.0404496
0.0282908
0.0268706
0.0260166
0.0267966
0.0304374
0.0284269
0.0281674
0.0280212
0.0270146
0.0309219
0.0303919
0.0275002
0.0297682
0.030026
0.0307991
0.0341446
0.0326472
0.0301469
0.027524
0.026593
0.0275314
0.0277484
0.0272722
0.0286813
0.029903
0.0297678
0.0323086
0.0299433
0.0291363
0.0278031
0.0266892
0.027959
0.0344494
0.0280565
0.0300682
0.0311343
0.0284723
0.0291452
0.0265133
0.0291862
0.0302924
0.0291117
0.0321272
0.0297378
0.0289226
0.0276408
0.0281
0.0282812
0.0278071
0.0301198
0.0310828
0.0301886
0.0304292
0.0300481
0.0328089
0.0303555
0.027422
0.0278664
0.0280217
0.0268755
0.0277443
0.0318051
0.0302085
0.0298004
0.0333269
0.0288124
0.0278172
0.0259871
0.0281995
0.0265528
0.0295423
0.0286742
0.0314767
0.0280614
0.028487
0.0298385
0.0274438
0.0279353
0.0272691
0.0295294
0.0282861
0.0304959
0.0327342
0.0287862
0.0282039
0.0286018
0.0278687
0.0282123
0.0288619
0.0288637
0.0304037
0.0325376
0.0300612
0.0295495
0.0288116
0.0278703
0.0279059
0.0276255
0.0269296
0.0274282
0.0283116
0.0280457
0.0275534
0.0306961
0.0274082
0.0282237
0.0275585
0.0256455
0.0257508
0.0267264
0.0272694
0.0276606
0.0288036
0.0302802
0.0261707
0.0257401
0.0301425
0.0293928
0.029903
0.0256349
0.0261203
0.0273199
0.0268592
0.0287867
0.0290335
0.0329144
0.0299156
0.0263075
0.0276111
0.0273272
0.0278809
0.0292544
0.0303361
0.0269771
0.0265815
0.0264929
0.0264168
0.0273598
0.0267246
0.0288045
0.0280619
0.0263266
0.0265447
0.0255925
0.0256036
0.0256036
0.0231903
0.0263589
0.0252564
0.02406
0.0241495
0.0249047
0.0272359
0.0379044
0.0362526
0.0230175
0.0250754
0.024536
0.0249771
0.0234477
0.0248995
0.0247009
0.037762
0.0332993
0.0255159
0.0247355
0.0285631
0.0287051
0.030133
0.0306287
0.0256975
0.0309178
0.0287399
0.0273417
0.0283725
0.0267383
0.0269704
0.0303057
0.0259424
0.0263733


