0.00978459
0.0193376
0.0184659
0.0184431
0.018547
0.0190796
0.0164312
0.0189796
0.0183615
0.0179428
0.0185977
0.0186564
0.0186094
0.0190932
0.0186868
0.0166854
0.0187864
0.0188157
0.0180329
0.0186374
0.0184677
0.0185924
0.0183259
0.0181228
0.0165871
0.0181213
0.0183746
0.0181825
0.0180623
0.0180579
0.0184482
0.0181062
0.0181229
0.0319413
0.0146151
0.0121831
0.0123288
0.0126045
0.0127653
0.013274
0.0130072
0.0132946
0.0112961
0.0128261
0.0137492
0.013025
0.0130048
0.0122512
0.013758
0.0130056
0.0124475
0.0127058
0.0128784
0.0124509
0.0126049
0.0130579
0.0126035
0.0126577
0.0121735
0.0125019
0.0119694
0.0128141
0.0126139
0.0126919
0.0130112
0.0128569
0.0111282
0.0129264
0.0124095
0.0135098
0.0127562
0.0128026
0.0127595
0.0131847
0.0131521
0.0129143
0.0136331
0.0126987
0.0120859
0.0133822
0.0113699
0.0128042
0.0131559
0.0137814
0.0121415
0.0131321
0.0125242
0.0136962
0.0115284
0.0133075
0.0127053
0.0132961
0.0114504
0.0135048
0.0129476
0.0125305
0.0138743
0.0120511
0.0130511
0.0143969
0.0124916
0.01371
0.0130841
0.0116582
0.0155493
0.0135793
0.0141819
0.0136515
0.0144831
0.0127612
0.0136823
0.0132589
0.0136169
0.0132016
0.0145375
0.0123606
0.0112981
0.0113258
0.013802
0.0119887
0.0141063
0.0150059
0.0175795
0.019918
0.0181206
0.0200948
0.0190721
0.0178894
0.0195899
0.0214109
0.0181656
0.0183728
0.0195495
0.0184915
0.0190948
0.0166724
0.0192877
0.0205446
0.0216952
0.0204142
0.0204623
0.0190715
0.0215194
0.021322
0.021326
0.0217558
0.0209126
0.0194038
0.0193832
0.0218383
0.0192522
0.0203625
0.02068
0.0185887
0.0244223
0.0221717
0.0195843
0.0192395
0.017996
0.0228585
0.0201183
0.0229124
0.0175835
0.0227778
0.0183715
0.0225027
0.0181118
0.0199214
0.018926
0.0178065
0.0175629
0.0196189
0.0167794
0.0170688
0.0168484
0.0163073
0.0154884
0.0173663
0.0166697
0.0179802
0.017037
0.0183849
0.0184003
0.0209066
0.0226957
0.0195114
0.0191683
0.0206884
0.0191944
0.019462
0.0225228
0.0214892
0.0172928
0.0183897
0.0192351
0.0197032
0.0208935
0.0201154
0.020217
0.0207531
0.0203638
0.0200073
0.0210868
0.0191649
0.0205665
0.0194304
0.0186686
0.0206628
0.0191645
0.0196508
0.0201387
0.0178228
0.0195372
0.0217906
0.0197346
0.0198074
0.0212943
0.020979
0.0213693
0.0194656
0.0203951
0.0199429
0.0211081
0.0232511
0.0225927
0.0225004
0.0238644
0.021921
0.018223
0.023155
0.0209394
0.0193508
0.0199573
0.0180172
0.0198627
0.0187369
0.0195579
0.0186576
0.0202209
0.0201732
0.0176554
0.0170953
0.0171331
0.0205415
0.0159702
0.0198223
0.0165378
0.0170031
0.0190577
0.0179915
0.0189656
0.0193102
0.0169713
0.0189514
0.0176701
0.0204415
0.0192676
0.0164422
0.0180871
0.018981
0.0186645
0.0201817
0.0184646
0.0199744
0.0220895
0.0189829
0.0177571
0.0185339
0.0176985
0.0211131
0.0195536
0.0174847
0.0215102
0.0170512
0.0198726
0.0162284
0.0177308
0.0166887
0.0169064
0.0183739
0.0180025
0.01859
0.0178375
0.018028
0.0174067
0.0182249
0.0186064
0.0197885
0.0194882
0.0206032
0.0175183
0.0194862
0.0186976
0.0177233
0.0180637
0.0188881
0.0213392
0.0208618
0.0217199
0.023732
0.018758
0.0171481
0.0170022
0.017029
0.0178791
0.0203173
0.0193183
0.0214369
0.023992
0.020525
0.0212567
0.0205616
0.0226214
0.0215079
0.0206253
0.0188524
0.0185385
0.0176572
0.0200319
0.0195982
0.0205472
0.0186482
0.0200292
0.0189763
0.0192916
0.0194172
0.0162151
0.0171075
0.0154074
0.0169388
0.0174788
0.017735
0.0203975
0.0209997
0.0208042
0.0222712
0.022989
0.0181492
0.0178296
0.0163562
0.0174021
0.0161806
0.0191489
0.0199409
0.0174542
0.0181035
0.0160418
0.0166594
0.0149
0.01735
0.0175169
0.0163948
0.0160201
0.0167376
0.0175273
0.0194399
0.0197822
0.0194112
0.0229804
0.0238707
0.0177157
0.0183011
0.020221
0.0176043
0.0221259
0.0239964
0.0185193
0.0181675
0.0201719
0.0194567
0.0238071
0.0238467
0.0189426
0.0183994
0.0173051
0.0178823
0.0208082
0.0230768
0.0192104
0.023056
0.021708
0.0203889
0.0229642
0.0229856
0.0175652
0.0229852
0.0224348
0.0189253
0.0191484
0.0199773
0.0183989
0.0207634
0.0189016
0.0205578
0.0214666
0.021379
0.0213569
0.0196734
0.0215319
0.0194427
0.0231598
0.0212321
0.0204459
0.0220191
0.0190377
0.0240243
0.023251
0.0244275
0.0210889
0.0195611
0.0212555
0.0200442
0.0234561
0.0254224
0.0220369
0.021859
0.0215383
0.0211486
0.0239051
0.019711
0.019518
0.0184741
0.0234134
0.0244537
0.0194854
0.0209787
0.0229354
0.0208614
0.0243062
0.0244529
0.0194112
0.0181694
0.0171645
0.0174131
0.0153632
0.0173872
0.0186817
0.017678
0.0181955
0.0181978
0.0197455
0.0218109
0.0186069
0.0183706
0.0176911
0.0164024
0.0182844
0.0206451
0.0217765
0.0184382
0.0175992
0.0186628
0.0189565
0.0210474
0.0221053
0.0194602
0.0205812
0.0220701
0.0187381
0.0213701
0.021668
0.0184974
0.020412
0.0217794
0.0195147
0.0178756
0.0172107
0.0185836
0.0198071
0.0180533
0.022011
0.0226187
0.0211081
0.0228494
0.0239541
0.0202012
0.019348
0.0203001
0.0202147
0.0182778
0.0194574
0.0171623
0.0172584
0.0193829
0.0185033
0.016455
0.0163815
0.0189794
0.0167508
0.0183047
0.0175887
0.0170931
0.01802
0.016373
0.0175752
0.0184756
0.0180926
0.0197585
0.0198948
0.026802
0.019612
0.0193789
0.0191944
0.0165378
0.0173249
0.016864
0.0178636
0.0164195
0.0164434
0.0180332
0.0154205
0.0175167
0.0162437
0.0165189
0.0162382
0.0175306
0.0191752
0.0202552
0.0170412
0.0159059
0.0195041
0.0158048
0.0186638
0.0195925
0.0142463
0.0146295
0.0153359
0.016305
0.0179351
0.0144693
0.015264
0.0187358
0.0171201
0.0124598
0.0122311
0.0128768
0.0126553
0.0130234
0.0158889
0.0137779
0.0115846
0.0103373
0.011275
0.00948894
0.0085303
0.0093074
0.0106602
0.00992222
0.00949285
0.0115881
0.0110389
0.00964617
0.0125437
0.0122269
0.0119602
0.0152289
0.0130292
0.0125873
0.0132915
0.0121743
0.0104523
0.0121488
0.0125179
0.0157567
0.0128296
0.0115313
0.0131259
0.0157247
0.0135432
0.0166352
0.0147739
0.0141401
0.0167651
0.0154696
0.0156232
0.0163697
0.0146027
0.0119812
0.0151495
0.0164369
0.0140893
0.0142889
0.0121774
0.0149026
0.0167086
0.0153319
0.0149507
0.0183203
0.0153705
0.0189478
0.0162726
0.0152377
0.0141513
0.0146033
0.0188398
0.0147006
0.0160526
0.0156392
0.0166767
0.0141556
0.0144482
0.0147449
0.0141908
0.0156356
0.0147765
0.0149069
0.0154785
0.018512
0.0162623
0.0149602
0.0163879
0.0139545
0.0128618
0.0141757
0.0126233
0.0124166
0.0132993
0.0134667
0.0129605
0.0136338
0.0131408
0.0152324
0.0144464
0.0117763
0.0104253
0.0104277
0.0113369
0.011098
0.0122882
0.0123129
0.0122677
0.0152293
0.0159158
0.0112811
0.0125755
0.0160441
0.0169559
0.0144326
0.0150494
0.0127594
0.0129248
0.0142634
0.017655
0.0165906
0.0122451
0.0164504
0.0170746
0.0122856
0.0160021
0.0180705
0.0138475
0.0175077
0.0165936
0.01399
0.0132176
0.0135003
0.0125833
0.0171717
0.0169882
0.0135206
0.0178188
0.0176238
0.0179103
0.0177291
0.0141422
0.0170748
0.01704
0.0149352
0.0138208
0.0140019
0.0129516
0.0145745
0.0175863
0.017562
0.0122832
0.0138466
0.0128387
0.0137017
0.0147075
0.0128061
0.0174736
0.0142652
0.0126702
0.0133023
0.0143335
0.0143811
0.017632
0.0136779
0.0142558
0.0156102
0.0194636
0.0144229
0.0147357
0.0151485
0.0160485
0.0199274
0.0166062
0.0197173
0.0180054
0.0190835
0.0153178
0.015822
0.0153224
0.016078
0.0151177
0.015897
0.0150788
0.0165064
0.0191796
0.0177207
0.0183498
0.0155734
0.0140894
0.0142588
0.0145899
0.0148104
0.0144001
0.0181451
0.0177513
0.0160061
0.0153058
0.0161184
0.0157239
0.0149111
0.013968
0.0142138
0.0160458
0.0154589
0.0179193
0.0177386
0.0133808
0.0146753
0.0140945
0.013569
0.0177116
0.0179432
0.014478
0.0154009
0.0132704
0.0143836
0.0145454
0.0178954
0.0182215
0.0139599
0.0179339
0.0168356
0.0150741
0.0140497
0.0144156
0.0142421
0.0185613
0.0184487
0.0144199
0.0156857
0.0186406
0.0171433
0.0147074
0.0155012
0.0154206
0.0165363
0.0162231
0.0163468
0.015946
0.0164031
0.0177695
0.0199921
0.0153391
0.015225
0.0172245
0.0169456
0.0149765
0.0153395
0.0142775
0.0191038
0.0189192
0.0145787
0.0164489
0.0199669
0.0170242
0.0151217
0.0148251
0.0156287
0.0143583
0.0156709
0.0178015
0.0163161
0.017643
0.0196899
0.0202773
0.0194075
0.018523
0.0170794
0.0196183
0.0194304
0.0160774
0.0207001
0.0210252
0.020577
0.0171489
0.0147546
0.0163141
0.0160197
0.015099
0.0151073
0.016024
0.0156949
0.0151589
0.0146856
0.0160783
0.0160948
0.014996
0.0155663
0.0165436
0.0160276
0.0152858
0.0158581
0.0163882
0.0164731
0.0156632
0.017285
0.0153371
0.0160766
0.016955
0.016647
0.0164771
0.0204283
0.0215178
0.0218564
0.0204113
0.0185656
0.0192611
0.019164
0.0190351
0.0180702
0.0189232
0.0198497
0.0203864
0.0177557
0.0193008
0.0205357
0.0197558
0.019993
0.0195688
0.0196979
0.0188428
0.0173783
0.0186083
0.0181678
0.0173993
0.016571
0.0190347
0.0180298
0.0188277
0.0141262
0.0123677
0.012048
0.0122307
0.0117794
0.0129218
0.0151399
0.0143816
0.0134822
0.0131433
0.0115267
0.0110357
0.012117
0.0145382
0.0132817
0.0118081
0.0134776
0.0153293
0.0138228
0.0159949
0.0160703
0.0149796
0.0154469
0.0158764
0.0164524
0.0168797
0.0167834
0.0163119
0.0160369
0.0169667
0.0179754
0.0162013
0.0187073
0.0216256
0.0159269
0.0144489
0.0142927
0.0155964
0.0179155
0.0143689
0.0134295
0.0131924
0.0138769
0.0130872
0.0135377
0.0136757
0.0141118
0.0173529
0.0182981
0.0150021
0.014018
0.0151322
0.0134344
0.0143882
0.0148474
0.0147775
0.015107
0.0155736
0.0146752
0.0164153
0.0155995
0.0157118
0.0152563
0.0149244
0.0164274
0.0140017
0.0144663
0.0151456
0.0145637
0.0193821
0.0188917
0.0149729
0.0159893
0.0156508
0.0135855
0.0192792
0.0188878
0.0147036
0.019381
0.0192116
0.0142701
0.0192431
0.0161245
0.0167158
0.0157064
0.0169015
0.018544
0.0181296
0.0158227
0.0157213
0.0196653
0.017047
0.0183731
0.0153567
0.0149203
0.0144941
0.0159615
0.0152242
0.0160784
0.0154514
0.0156431
0.0159092
0.0156734
0.0149535
0.0150309
0.0164552
0.0151311
0.0143791
0.0154839
0.0147595
0.0151445
0.015279
0.0148777
0.0157045
0.0170945
0.0152837
0.0193571
0.0238264
0.0155363
0.0159854
0.0170341
0.014598
0.0152125
0.0162399
0.0144474
0.0184745
0.0176156
0.013324
0.0128245
0.0167516
0.0121156
0.016794
0.0163143
0.0173218
0.0174022
0.0143999
0.0129408
0.0121364
0.0121885
0.0161304
0.0163613
0.0134699
0.01281
0.012505
0.0118704
0.0130716
0.0136635
0.0151308
0.0145958
0.0129989
0.0126088
0.0146477
0.0138945
0.0162817
0.0159357
0.0155372
0.0148339
0.0130749
0.0139842
0.0147248
0.0152722
0.014306
0.0184145
0.0186816
0.0164301
0.0144776
0.0120833
0.0173537
0.0160848
0.0164152
0.0165922
0.0117185
0.0156196
0.0114554
0.0116568
0.0109264
0.0151711
0.014687
0.0159525
0.0118373
0.0116322
0.0137432
0.0118399
0.0115629
0.0135847
0.0117567
0.0151658
0.0137229
0.0137685
0.0133275
0.0140583
0.0146983
0.0147762
0.0160729
0.0147668
0.0196354
0.019555
0.0169884
0.0154405
0.0164684
0.01681
0.0193092
0.0197001
0.0204743
0.0202588
0.0217193
0.0200869
0.0174878
0.0196109
0.0193022
0.0160418
0.0164709
0.015399
0.0162165
0.0155872
0.0174281
0.0190629
0.0196398
0.0163383
0.015823
0.0163702
0.0155583
0.0149224
0.0158655
0.0145147
0.0147716
0.0142923
0.0155659
0.0185673
0.0181395
0.0130178
0.0136098
0.01641
0.0145991
0.0145588
0.0141704
0.0149919
0.0152199
0.0177809
0.0183271
0.0154753
0.0150509
0.0183773
0.0182136
0.013837
0.0151315
0.0150288
0.0165072
0.0159398
0.0153712
0.0184373
0.0141603
0.0156102
0.0157011
0.0147117
0.0152311
0.015744
0.0165847
0.0160666
0.0169
0.015832
0.0142465
0.015973
0.0148987
0.0161289
0.0166251
0.0152965
0.0173552
0.016637
0.0192189
0.0213064
0.0210932
0.0177052
0.0164372
0.0185297
0.0173213
0.0215822
0.0162445
0.0164803
0.0178973
0.0170297
0.0166315
0.0166852
0.0151396
0.0164549
0.0153752
0.0149287
0.0162507
0.0183786
0.0200979
0.0194256
0.0169567
0.0177817
0.0159826
0.0182141
0.0159056
0.0182717
0.0193298
0.0173883
0.0136633
0.0171548
0.0174392
0.0165705
0.0130842
0.0163483
0.0142653
0.013253
0.0175709
0.0150483
0.0147408
0.0184569
0.0182808
0.0145578
0.0148021
0.0145441
0.0155864
0.0191549
0.0184375
0.0189655
0.0229485
0.0152677
0.0187156
0.0182168
0.0147432
0.0184755
0.0198221
0.0148104
0.0177197
0.0149729
0.0153874
0.0150064
0.0190033
0.0201103
0.0150776
0.0154231
0.0187944
0.0188559
0.0144473
0.0194917
0.0199932
0.0158852
0.0200394
0.0212536
0.0175116
0.0170329
0.0166266
0.0153056
0.0163035
0.0170176
0.0153405
0.0206725
0.0213013
0.0209218
0.019859
0.0187506
0.0212453
0.0198905
0.0196314
0.0201689
0.0220897
0.0211729
0.0159086
0.0167774
0.0168887
0.0152182
0.0155897
0.0184661
0.0205277
0.0202956
0.0154602
0.0183819
0.0202955
0.0187465
0.0153908
0.0154943
0.0164431
0.0160637
0.0149679
0.0161971
0.0172185
0.0184093
0.017226
0.0172959
0.0163292
0.0170068
0.0175585
0.0160125
0.0161494
0.0189662
0.0213866
0.0207396
0.0197611
0.0156375
0.0202651
0.0233928
0.0223332
0.0184239
0.0168692
0.0192316
0.0186295
0.0190061
0.0188081
0.0165563
0.0186912
0.0187512
0.0181507
0.0174909
0.0168176
0.0194703
0.0207823
0.0233169
0.0223389
0.0239169
0.0208804
0.0168702
0.0164515
0.0173269
0.0181104
0.016642
0.0166594
0.023622
0.0222669
0.0227132
0.0214777
0.0216141
0.0175915
0.0167145
0.0173395
0.0176026
0.0166083
0.0175006
0.0166607
0.0158521
0.0167054
0.018309
0.0212364
0.021455
0.0207955
0.0170469
0.0155909
0.0193619
0.0214811
0.0215454
0.0208561
0.0171445
0.017511
0.0180319
0.0182698
0.0190223
0.0192224
0.0187402
0.020138
0.0226382
0.0219575
0.0206994
0.0176223
0.018324
0.0180148
0.0178565
0.0163744
0.0155883
0.0141354
0.0146672
0.0181544
0.0151082
0.0156507
0.0133177
0.0156495
0.0158783
0.0149825
0.0141282
0.0150396
0.0167616
0.0161632
0.0143989
0.014527
0.014243
0.015576
0.0150654
0.0145977
0.0180588
0.0196539
0.0191971
0.0139455
0.0178977
0.0160634
0.0138843
0.0158954
0.0187128
0.0199741
0.0180573
0.0163187
0.0143261
0.0153847
0.0145335
0.0140097
0.0190395
0.019236
0.0142788
0.0184958
0.0196648
0.0179727
0.0185981
0.0196924
0.0161952
0.0191945
0.0178275
0.0186607
0.0186585
0.015715
0.0178126
0.0139135
0.0145125
0.0166123
0.0150957
0.0137608
0.0149992
0.0145363
0.0154406
0.0174744
0.0142578
0.0153897
0.0122948
0.0135136
0.0155172
0.0148963
0.0135008
0.0154118
0.0183388
0.0173175
0.0135018
0.0181288
0.0145931
0.0128855
0.0182992
0.0187685
0.0149278
0.0164934
0.014563
0.0163334
0.0151113
0.0156172
0.0154115
0.0154419
0.0156558
0.0163564
0.0154642
0.0161326
0.0161788
0.0157285
0.0154734
0.0167778
0.0167542
0.0176372
0.0189759
0.020015
0.0176859
0.0193785
0.0205123
0.0192423
0.0165666
0.0160497
0.015411
0.0150425
0.0170074
0.0155138
0.0149182
0.0191848
0.0201037
0.0189523
0.016268
0.0154948
0.0157582
0.0169294
0.0151052
0.0154769
0.014889
0.015293
0.0169514
0.0160841
0.0171859
0.019735
0.0194452
0.0156305
0.0182354
0.0192016
0.0164782
0.0168677
0.0157648
0.0171548
0.0170181
0.0153786
0.0151412
0.0164409
0.0168739
0.0169049
0.0171667
0.0175881
0.0179769
0.0163699
0.0160901
0.0169826
0.0176738
0.0185996
0.0174898
0.0171965
0.0184884
0.0186739
0.0187867
0.0180866
0.0184765
0.018768
0.0189978
0.0191357
0.0189462
0.0177912
0.0165771
0.0174467
0.0151047
0.0158877
0.0168887
0.0151907
0.0169772
0.0164901
0.0173696
0.0170125
0.0167803
0.0155015
0.0164729
0.017687
0.0161045
0.0175607
0.0170388
0.0162756
0.0168226
0.0196522
0.0159761
0.0165468
0.0165205
0.015963
0.01525
0.0160939
0.0169688
0.0143188
0.0140427
0.0161912
0.0158029
0.0135353
0.0126355
0.0135948
0.0113843
0.0125105
0.0132024
0.0137878
0.0172552
0.0135387
0.0152835
0.0152637
0.0160531
0.0185587
0.0188169
0.0194421
0.0161254
0.0156692
0.0157398
0.0152353
0.0189381
0.0203599
0.0165028
0.019448
0.0156997
0.0145767
0.0144077
0.0152791
0.0145343
0.0152102
0.01464
0.0160612
0.0146455
0.0150451
0.0149214
0.0133688
0.0182641
0.016067
0.0149086
0.0146965
0.0132569
0.0149445
0.0137051
0.0145929
0.0141358
0.0138283
0.0172408
0.0173024
0.014818
0.0167759
0.012911
0.014708
0.0138748
0.0134427
0.0149542
0.0158735
0.0140448
0.0119145
0.0163913
0.016544
0.012355
0.0166521
0.0161651
0.016804
0.0168447
0.0145565
0.01666
0.0179762
0.0144887
0.0148008
0.0143828
0.0143753
0.0121147
0.0167863
0.0171169
0.0118087
0.0165937
0.0130359
0.0132507
0.0125003
0.0123356
0.0140795
0.0164513
0.0172388
0.0143472
0.0164466
0.0169125
0.0174289
0.013596
0.014357
0.014639
0.0142045
0.0130665
0.0132169
0.0130791
0.0175366
0.0142115
0.0143986
0.014023
0.0139365
0.0142671
0.0144747
0.0133549
0.0149066
0.0141233
0.0148755
0.0146327
0.0164422
0.015973
0.0156134
0.0139908
0.0185582
0.0185377
0.0146248
0.0148379
0.0150495
0.0144005
0.0155784
0.0156169
0.0141778
0.0135592
0.0143857
0.0137381
0.0148047
0.0146947
0.0130857
0.013091
0.0146398
0.0140677
0.0157101
0.0141623
0.017064
0.013513
0.0149883
0.0124125
0.0141039
0.0140833
0.0114666
0.0110356
0.0172087
0.0132939
0.0154843
0.0178273
0.0147663
0.0155869
0.0181967
0.0141086
0.0141539
0.0132543
0.0130797
0.0135192
0.0171052
0.0134644
0.0138876
0.0135274
0.0151811
0.0182414
0.0142556
0.0147546
0.0145469
0.017531
0.0145918
0.0175839
0.019428
0.0125225
0.0137552
0.0135736
0.0140708
0.018961
0.0190948
0.0147093
0.0170646
0.0169762
0.0181969
0.0183205
0.0175525
0.0173488
0.0169961
0.0165834
0.015905
0.0176882
0.0176163
0.0187944
0.0168188
0.0197605
0.0157429
0.0159769
0.0154606
0.0172184
0.0163295
0.0163583
0.015652
0.0161838
0.0170356
0.0170054
0.0161909
0.017372
0.0194137
0.0203779
0.0203037
0.021481
0.0160157
0.019765
0.0209814
0.0198651
0.0187343
0.0202794
0.0214153
0.0225534
0.0218064
0.021197
0.0189433
0.0192895
0.0215385
0.0209631
0.0185397
0.0187956
0.0197656
0.0191916
0.0172451
0.0183233
0.017836
0.0168556
0.0179628
0.0165782
0.0169792
0.0152815
0.0170143
0.0166396
0.0167551
0.01509
0.0149663
0.0149271
0.0151035
0.0159188
0.0150509
0.0166292
0.0140634
0.0176014
0.0207544
0.0183172
0.0155659
0.0141428
0.0178094
0.0189882
0.0141108
0.0141691
0.0155303
0.0173697
0.0141837
0.0134848
0.0139588
0.0127714
0.0125253
0.0174578
0.0173991
0.0130733
0.0171239
0.0134572
0.0142089
0.0168704
0.0175918
0.0120912
0.0168477
0.0157313
0.0168399
0.0123573
0.0118027
0.0112878
0.0111245
0.0106386
0.0112843
0.0126203
0.013552
0.0132401
0.0156433
0.0132996
0.0171886
0.0172158
0.014528
0.0150598
0.0175479
0.0175313
0.0178304
0.0153137
0.0162443
0.0149696
0.0147209
0.0146934
0.0154097
0.014893
0.0152159
0.0164224
0.0152615
0.0155476
0.0152064
0.0137949
0.0145441
0.0144835
0.0165408
0.0149002
0.0189666
0.0203956
0.0193934
0.0195529
0.0144728
0.0188833
0.0198939
0.01911
0.0144053
0.0179943
0.0183148
0.0180743
0.013992
0.0145468
0.0152795
0.0147192
0.0140578
0.0183123
0.0198324
0.0234416
0.0165179
0.0183099
0.0188681
0.019128
0.0187164
0.0137141
0.0145777
0.0151651
0.0134837
0.0132381
0.0137929
0.0146395
0.0145795
0.0129583
0.0167709
0.0184831
0.0170517
0.015723
0.0136589
0.01268
0.0143417
0.0136485
0.013915
0.0173002
0.0191704
0.0178753
0.0154228
0.0149604
0.0172928
0.019217
0.0172402
0.0132498
0.0133109
0.0144413
0.0133285
0.0146989
0.0168838
0.0184975
0.0170777
0.0133583
0.0163915
0.0128003
0.0137027
0.0135346
0.0135103
0.0141043
0.0130564
0.0133057
0.0139569
0.0146494
0.0141981
0.0160398
0.0181557
0.0181333
0.0152016
0.0146783
0.0147466
0.0144709
0.0183557
0.0180006
0.0140423
0.0161852
0.0142724
0.0145808
0.016399
0.0141896
0.0145563
0.0129401
0.0128347
0.015497
0.0146321
0.0129138
0.0152327
0.0147596
0.0147298
0.0142807
0.0133914
0.0163725
0.0157758
0.0156534
0.0151408
0.0140748
0.0163361
0.0187155
0.0163599
0.0172184
0.0156449
0.0158187
0.014172
0.0141298
0.0177136
0.0162863
0.0159202
0.0142442
0.0151886
0.0131538
0.0155255
0.0144067
0.0152869
0.0164217
0.0182116
0.0156641
0.0169624
0.0146483
0.0144084
0.0160853
0.0150687
0.0140901
0.0181334
0.0142494
0.0145409
0.0164854
0.0140229
0.0122575
0.0167933
0.0123185
0.012196
0.0122952
0.0141524
0.0104104
0.0153623
0.00978454
0.0100596
0.00916302
0.0118753
0.00790955
0.0090535
0.00998975
0.00908171
0.0095189
0.00993645
0.010436
0.0109733
0.0113177
0.0128227
0.0134862
0.0149603
0.0139113
0.0125164
0.0128966
0.0133952
0.0141638
0.0133287
0.0139447
0.0148273
0.0153395
0.0134767
0.0181892
0.0202789
0.0140655
0.0168718
0.0156477
0.0145052
0.0140451
0.0145046
0.0140458
0.013231
0.0144957
0.0175755
0.0131622
0.0133685
0.0151303
0.011827
0.0113556
0.0156755
0.0121094
0.0165368
0.0119452
0.0149095
0.0132732
0.0146883
0.0181894
0.014223
0.0180877
0.0140468
0.0133406
0.0131169
0.0131051
0.0129723
0.0168878
0.0127548
0.0161001
0.0147157
0.0165372
0.0145533
0.0125496
0.0143689
0.0170937
0.0144067
0.0175215
0.0143487
0.0186535
0.0143275
0.0164248
0.0158262
0.0156111
0.0192006
0.0153216
0.0162094
0.0141894
0.0141236
0.0180564
0.0185021
0.0154457
0.0189456
0.0158941
0.014266
0.0155514
0.018254
0.0143769
0.015509
0.0164746
0.0152198
0.0143402
0.0164769
0.0143779
0.0165437
0.0158625
0.0127243
0.0152763
0.0122679
0.0113249
0.015318
0.0120988
0.0106773
0.0123199
0.0160107
0.0127156
0.0135854
0.0127935
0.0152331
0.0139489
0.0176897
0.0178323
0.0171735
0.0156888
0.0163529
0.0161856
0.0169257
0.015953
0.0159295
0.0164333
0.0169515
0.016891
0.0164326
0.0184557
0.0175844
0.0173566
0.0186694
0.0201466
0.0206644
0.0200461
0.0190831
0.0217582
0.021195
0.0219258
0.0242304
0.0196401
0.0183509
0.0216417
0.0228258
0.0234264
0.0257093
0.0215104
0.0208385
0.0245934
0.022661
0.0199459
0.0174788
0.0221344
0.0237279
0.0255764
0.022403
0.0202296
0.0185819
0.0200637
0.0183618
0.0185095
0.0179924
0.019616
0.0171051
0.017333
0.021728
0.0226525
0.0219061
0.0213304
0.0168361
0.022128
0.0231973
0.0217282
0.0191215
0.0201442
0.0210836
0.0208976
0.0200684
0.019631
0.0200199
0.0198182
0.0192441
0.0202905
0.0227756
0.0218941
0.0218763
0.0207522
0.0214264
0.0197615
0.0193011
0.0216897
0.0201784
0.0279797
0.0203296
0.0203224
0.0195973
0.0196443
0.0177049
0.0146549
0.0146315
0.0130233
0.0130701
0.0135872
0.0123798
0.0165219
0.0164891
0.016839
0.0163728
0.0115813
0.0123715
0.0121707
0.0114179
0.0151448
0.0154298
0.0106333
0.0166536
0.0170186
0.013215
0.0129879
0.0135632
0.0132146
0.0161709
0.0177526
0.0132695
0.0150077
0.0137697
0.0142663
0.0122597
0.0128829
0.0128462
0.0126691
0.0121862
0.0132396
0.0114744
0.0137391
0.0140653
0.0138254
0.0162421
0.0180534
0.017693
0.0179978
0.0166375
0.0180823
0.019445
0.020096
0.0170079
0.0188824
0.019671
0.0165893
0.0193747
0.0205634
0.0247349
0.0191827
0.0200146
0.0193807
0.0185055
0.0174641
0.0186132
0.0195831
0.0180025
0.0189822
0.0204782
0.0192605
0.0160937
0.0171814
0.017453
0.0147392
0.015395
0.0140219
0.0148564
0.0191438
0.0156949
0.0163763
0.0157245
0.0153809
0.01349
0.0143834
0.0154095
0.0143441
0.0186194
0.0174623
0.0178881
0.015221
0.0146621
0.0150448
0.0206735
0.0148015
0.0155645
0.0149143
0.020248
0.0161768
0.0151803
0.0137592
0.014523
0.0144372
0.0154552
0.0141275
0.0140479
0.0149204
0.0158508
0.0147345
0.0142469
0.0133203
0.0137475
0.0131548
0.0139848
0.0157186
0.0154323
0.0175597
0.0168394
0.0170546
0.0175173
0.0137146
0.015322
0.0148573
0.0169934
0.0164126
0.0166133
0.016737
0.0147308
0.0138431
0.0123088
0.016257
0.0188562
0.0129867
0.0154259
0.0157319
0.0135888
0.0144903
0.0139579
0.0134086
0.0141705
0.0137714
0.0130286
0.0137378
0.014724
0.0151261
0.0135288
0.0143115
0.0152635
0.0136864
0.0143073
0.0186384
0.0168581
0.0144428
0.0143367
0.0156636
0.01628
0.0158534
0.0151198
0.0166812
0.0148758
0.015061
0.0140848
0.0137869
0.0129682
0.012314
0.013495
0.0167887
0.0155133
0.0189424
0.0185699
0.0142985
0.0150479
0.0166209
0.0137317
0.0173587
0.0155577
0.0152983
0.0141157
0.0155304
0.0178838
0.01535
0.0148121
0.0139521
0.0145778
0.014117
0.016003
0.0137266
0.015165
0.0149815
0.0184136
0.0138824
0.0175712
0.01763
0.0146828
0.0144185
0.0169496
0.0148956
0.0151664
0.0180107
0.0178989
0.0146344
0.012394
0.0134231
0.0122713
0.0131032
0.0141152
0.0121275
0.0173211
0.0208373
0.0137812
0.0150367
0.0144108
0.0149804
0.0147305
0.0142931
0.0167705
0.0176295
0.0151455
0.0180928
0.0160005
0.0152852
0.0177796
0.0153588
0.014647
0.0156594
0.0161852
0.0147213
0.0159682
0.0184523
0.0193412
0.0187554
0.0183218
0.015209
0.0174945
0.0164213
0.0146944
0.0136467
0.0138314
0.0148515
0.014561
0.0140126
0.0137423
0.0154285
0.013955
0.0138894
0.0139108
0.0177443
0.0190376
0.0181128
0.0184563
0.0143437
0.0141902
0.0154735
0.0144288
0.013326
0.0153155
0.0146437
0.0152719
0.0152428
0.0136371
0.0137798
0.0169745
0.0183644
0.0195149
0.0195615
0.0178852
0.0146337
0.0134958
0.0148493
0.0150658
0.0140219
0.016079
0.0155483
0.0188958
0.0204789
0.0194218
0.0150386
0.0180564
0.0171968
0.0165946
0.0184876
0.0207948
0.021039
0.0213056
0.0198886
0.0203978
0.0169089
0.0168737
0.016534
0.0159177
0.0167175
0.0188119
0.019692
0.0208151
0.0205374
0.0210983
0.0190642
0.0198993
0.0217482
0.0210112
0.0211219
0.0194358
0.0165133
0.0191611
0.021546
0.021091
0.0214236
0.0218466
0.0174703
0.0177022
0.020805
0.0170983
0.0184217
0.0176017
0.0172118
0.0175967
0.0190151
0.0178463
0.0194844
0.0175507
0.0179628
0.0184207
0.0199817
0.0189908
0.0206189
0.021528
0.0209739
0.0196364
0.0157906
0.0152585
0.0146457
0.0149744
0.0155225
0.0150752
0.0180454
0.0193985
0.0177782
0.018082
0.0198829
0.0184229
0.0174359
0.0131526
0.0125222
0.0131648
0.0121615
0.0114444
0.011924
0.013501
0.0134164
0.013595
0.0164253
0.0165184
0.0141233
0.0176153
0.0170522
0.0154466
0.0161168
0.0183087
0.0182399
0.0177073
0.0169048
0.0170609
0.0173377
0.0127252
0.0144848
0.0188004
0.0143752
0.0187773
0.0203317
0.0205283
0.0159259
0.0181412
0.0156927
0.0194335
0.0220648
0.0207654
0.0174256
0.0188913
0.0188136
0.0185793
0.0160941
0.0169217
0.0151424
0.0152283
0.0188637
0.0201518
0.0221831
0.0189546
0.0161695
0.0173275
0.0180801
0.0146407
0.0162666
0.0191489
0.0199027
0.0188891
0.0154465
0.016518
0.0170719
0.0163192
0.0153521
0.0193873
0.0212769
0.0192857
0.0194187
0.0204455
0.0188464
0.0159137
0.0166607
0.0143012
0.015075
0.0159097
0.0144368
0.0156345
0.0148156
0.0151153
0.0148086
0.0170801
0.0143867
0.0141766
0.0174926
0.01565
0.0149697
0.0150159
0.0142008
0.0147666
0.0202118
0.0197752
0.0179848
0.0187659
0.0189886
0.0173734
0.0131518
0.0133839
0.0152228
0.0142763
0.0149934
0.0196585
0.0204344
0.0173574
0.014756
0.0170972
0.017533
0.015021
0.0159688
0.0175871
0.0144121
0.0163207
0.018056
0.0181253
0.0171125
0.0159363
0.0140617
0.0142531
0.014698
0.0135029
0.0136937
0.0144029
0.0165075
0.0175527
0.0139316
0.0135008
0.0159503
0.0157594
0.0148236
0.0135476
0.0133226
0.0155182
0.0139908
0.0139457
0.0153575
0.0159315
0.0145559
0.014302
0.0161865
0.0182615
0.0138494
0.0146062
0.0145797
0.0159893
0.014837
0.0162425
0.0158117
0.0162486
0.0147012
0.0184529
0.0188611
0.0143211
0.0169845
0.0183314
0.0190034
0.0187523
0.0194504
0.0202491
0.0197078
0.0205198
0.0200442
0.0212674
0.0159147
0.0162445
0.0153407
0.0151293
0.0201799
0.0192141
0.0167068
0.0186189
0.0171068
0.0166483
0.019744
0.0187234
0.0148081
0.0184356
0.0195627
0.0166533
0.0162853
0.01612
0.0177591
0.0128668
0.0148352
0.0151308
0.0153193
0.0152656
0.0137414
0.0148889
0.0149608
0.0177375
0.019969
0.0134083
0.014613
0.0148789
0.0130567
0.0145701
0.0152797
0.0135559
0.0178717
0.0143927
0.0185103
0.0179667
0.0136062
0.014807
0.0136673
0.0142331
0.0142615
0.0149584
0.0148455
0.0152702
0.0140071
0.0136638
0.0132745
0.0147581
0.0145343
0.0131018
0.01735
0.0174215
0.0131872
0.0134966
0.0135084
0.0173742
0.0180107
0.0146459
0.0185797
0.014877
0.0122756
0.0141521
0.0148449
0.0160182
0.0154945
0.0155047
0.0150153
0.0140189
0.0190802
0.0182221
0.0161944
0.01466
0.0135001
0.0176352
0.0151444
0.0185507
0.0188192
0.0167819
0.0149437
0.0171628
0.0152388
0.0141611
0.0148365
0.014725
0.0192308
0.0197796
0.0162764
0.0163621
0.0202266
0.0202471
0.0150695
0.0208506
0.0211725
0.0161993
0.0160606
0.0163752
0.0160819
0.0176312
0.0179407
0.0159845
0.017856
0.0180499
0.0162944
0.0178501
0.017512
0.019009
0.016661
0.0168665
0.0158379
0.0166897
0.0168997
0.0160055
0.0181722
0.0196753
0.0204303
0.0164937
0.0165624
0.0177539
0.0160798
0.0154369
0.0150417
0.0149462
0.0147057
0.0156044
0.0167597
0.0158163
0.0149149
0.0195526
0.0200577
0.019938
0.0169758
0.0146613
0.0155525
0.0153376
0.014939
0.0190688
0.0199082
0.0191938
0.0171537
0.0193761
0.0198459
0.0189665
0.0149198
0.0162768
0.0155265
0.0155039
0.0133331
0.0154943
0.0146355
0.0156585
0.0165558
0.0150334
0.0160543
0.0160886
0.0151894
0.0170088
0.0157439
0.0181583
0.0158702
0.0145457
0.0144449
0.0149689
0.0175705
0.012262
0.0132405
0.0133768
0.0129698
0.0152977
0.0135299
0.0183586
0.0156544
0.0150909
0.0138655
0.0146162
0.0156148
0.0154648
0.0148371
0.0136662
0.0166913
0.0144132
0.0156971
0.0157354
0.016587
0.0153399
0.0151702
0.0160314
0.0160497
0.0161915
0.0145187
0.0162481
0.0188307
0.019889
0.0193628
0.0190426
0.0172138
0.0186986
0.0198719
0.0201066
0.0195061
0.0187085
0.0179114
0.0155761
0.0175082
0.0187298
0.0183023
0.0168207
0.0149097
0.0137925
0.0150002
0.015066
0.0137122
0.0152409
0.0155532
0.0134275
0.015091
0.0149036
0.0140975
0.0146101
0.0161032
0.0153405
0.0151567
0.0167114
0.0163964
0.0173105
0.0159487
0.0172451
0.0167905
0.0179382
0.0206453
0.0203723
0.0206247
0.0201651
0.0191636
0.0161755
0.01851
0.0204147
0.0197044
0.0198901
0.0200209
0.0192095
0.0146539
0.0183632
0.0200127
0.0199037
0.0193995
0.0187072
0.0158409
0.0187106
0.0217815
0.0197584
0.0198133
0.0182118
0.014005
0.013812
0.0155392
0.0151869
0.0144022
0.0137841
0.0153837
0.0175874
0.0187356
0.018018
0.0175714
0.0171716
0.0154919
0.0181274
0.0182633
0.0168627
0.0155476
0.0140075
0.0153948
0.014578
0.0158958
0.0147775
0.0153143
0.01451
0.0144019
0.0183725
0.0183724
0.0188404
0.018828
0.0131603
0.016114
0.0138674
0.0142291
0.0138689
0.0156077
0.0145596
0.0157407
0.0161743
0.0160884
0.0160064
0.0157318
0.0143757
0.0153728
0.0149132
0.0141395
0.0146394
0.015946
0.0141838
0.015299
0.0171766
0.0187954
0.0206854
0.0209965
0.0188935
0.0168619
0.0199359
0.0220918
0.0209387
0.0211324
0.0196622
0.0158659
0.015654
0.018564
0.0160675
0.0148986
0.0211274
0.0231047
0.0197294
0.0223961
0.0204874
0.0154452
0.0148057
0.0169617
0.0148349
0.0131611
0.0148314
0.0177853
0.019305
0.0175809
0.0148949
0.0175275
0.0193927
0.018777
0.0145992
0.0163268
0.0195549
0.0208696
0.0175626
0.0169612
0.0172713
0.0172987
0.0167858
0.0178467
0.0176665
0.0160164
0.016224
0.015703
0.0200853
0.0209592
0.0209608
0.0202977
0.0188462
0.0170883
0.0189693
0.01704
0.0176608
0.0177797
0.0193167
0.0171501
0.0170783
0.0233254
0.0245291
0.0241664
0.0225304
0.0184458
0.0178264
0.0211589
0.0210392
0.0175558
0.0184966
0.0221082
0.0251096
0.0212795
0.0215066
0.02168
0.0253789
0.0231396
0.0214126
0.0175475
0.0204097
0.0170708
0.0183214
0.0147453
0.0151568
0.0145195
0.0153334
0.0189715
0.0190108
0.015126
0.0176648
0.019646
0.0166473
0.0169511
0.0165054
0.0182911
0.0175786
0.0176007
0.0203087
0.0162782
0.0158614
0.0173151
0.0154768
0.0161374
0.019861
0.0208782
0.0168675
0.0178271
0.017941
0.0165469
0.0162571
0.0157997
0.0212277
0.0206823
0.0178715
0.0168552
0.0171801
0.0175024
0.0181106
0.0193049
0.0177462
0.0175155
0.0185051
0.0189839
0.0208147
0.0220249
0.0228978
0.0234701
0.0186592
0.0202722
0.0195519
0.0191665
0.0188971
0.0189275
0.0181113
0.0213269
0.0175901
0.0180615
0.0180268
0.0159704
0.0164898
0.0215046
0.0167515
0.016337
0.0182588
0.0154626
0.0163002
0.0144362
0.0155126
0.0205673
0.0189513
0.0152288
0.0191156
0.0194021
0.0155463
0.0191294
0.0153492
0.0148243
0.0206298
0.0190207
0.0156968
0.0156034
0.0145689
0.0142294
0.0152179
0.0149435
0.0146417
0.0197311
0.0207067
0.0210376
0.0210024
0.0167606
0.0211894
0.0208374
0.0160868
0.0178692
0.0208353
0.017413
0.0183922
0.0186323
0.0175656
0.017741
0.0179881
0.0189205
0.0174045
0.0185674
0.0189593
0.0171667
0.0161141
0.0147322
0.0187015
0.015206
0.0170158
0.0141907
0.015827
0.013002
0.0128355
0.0126828
0.0132273
0.0125169
0.0124779
0.0116976
0.0167882
0.0129694
0.0120453
0.0113366
0.0157361
0.0112974
0.0151445
0.0130987
0.0124812
0.0151166
0.0139819
0.0149166
0.0176055
0.0167025
0.0156972
0.0146536
0.015122
0.0153127
0.0145727
0.0193419
0.0164982
0.0171978
0.0162263
0.01624
0.0165544
0.0180149
0.0159963
0.0155132
0.0165629
0.0172573
0.0168605
0.0174759
0.0185456
0.0176636
0.0176947
0.0169085
0.0224538
0.0203098
0.0193549
0.0187137
0.018187
0.0180351
0.0173686
0.0172104
0.0167121
0.0182112
0.0174432
0.0179157
0.0206288
0.0182112
0.0210545
0.0204483
0.017006
0.0192523
0.017256
0.0184458
0.0160052
0.016774
0.0162459
0.0184621
0.021157
0.0209967
0.0207126
0.0217667
0.0212612
0.0179843
0.0180265
0.0163469
0.0166104
0.0171188
0.013885
0.0140119
0.013876
0.0123146
0.0164257
0.012888
0.0136326
0.012771
0.01376
0.0118258
0.0164913
0.0171249
0.0134106
0.0130734
0.014486
0.0138389
0.0129848
0.0140307
0.0124197
0.0178355
0.0183637
0.0139726
0.0167302
0.0146239
0.0171052
0.0156018
0.0142365
0.0150821
0.0144512
0.0179555
0.0153589
0.0146224
0.0144973
0.0158798
0.0135124
0.0154485
0.0160055
0.0163204
0.0157248
0.0191417
0.0212394
0.0200027
0.0182991
0.0176418
0.0183231
0.0181152
0.017643
0.0171051
0.0175873
0.0179528
0.0177041
0.0215143
0.0237374
0.0228407
0.0205374
0.0201893
0.0202022
0.0206813
0.0203161
0.0203245
0.020424
0.020653
0.0198311
0.0190626
0.0191402
0.0159728
0.0151627
0.0159038
0.0150955
0.0155883
0.0141833
0.0144466
0.0150016
0.0149231
0.0128882
0.0143247
0.0173519
0.0176972
0.0167624
0.0115055
0.0171265
0.0177944
0.0184484
0.0147798
0.0170659
0.0183418
0.0180693
0.022898
0.0191857
0.0198338
0.020849
0.0231523
0.0238432
0.024166
0.0189189
0.0237772
0.0228768
0.0230799
0.0186727
0.0215444
0.0216141
0.0224807
0.0192826
0.0206439
0.0218739
0.0214342
0.0181106
0.0215841
0.0199267
0.02104
0.0180971
0.0174874
0.0181508
0.0178972
0.017984
0.0171474
0.0162403
0.0202846
0.0217085
0.0177485
0.018215
0.0161139
0.0200531
0.022439
0.0219542
0.020322
0.0158605
0.018314
0.0180008
0.0180448
0.0154851
0.0161043
0.0193924
0.0203917
0.0161587
0.0153053
0.0171965
0.0199683
0.0218901
0.0212883
0.0203865
0.0202673
0.0173848
0.0203874
0.0221701
0.0223558
0.0218667
0.0178246
0.0220761
0.0239276
0.0244761
0.0233978
0.0202217
0.0214576
0.020017
0.0191951
0.0209789
0.0191778
0.0190633
0.0183549
0.0207832
0.023105
0.0232369
0.0222175
0.0250714
0.0235301
0.0216571
0.0189914
0.0205339
0.0202327
0.0189692
0.0183792
0.0187385
0.0165063
0.0177522
0.0196179
0.0183469
0.0173015
0.0159571
0.0151184
0.0180906
0.0205818
0.0198757
0.0180442
0.0163127
0.0147603
0.0163347
0.0158078
0.014615
0.0153069
0.0163765
0.0153461
0.0149125
0.0157297
0.0160897
0.0147992
0.0168261
0.0164092
0.0178662
0.0143033
0.0159237
0.0162178
0.0172903
0.016184
0.0170029
0.0174519
0.0156808
0.0187372
0.0158135
0.0161649
0.0164121
0.0181122
0.0169346
0.016582
0.0164404
0.0162475
0.0164918
0.0146274
0.0170502
0.0159175
0.0152829
0.0169323
0.0170376
0.0161909
0.0137156
0.0144267
0.0148977
0.0155201
0.014209
0.0133821
0.0146983
0.0140993
0.0154643
0.0143665
0.0151286
0.0154232
0.0164562
0.0163355
0.0152593
0.0145346
0.0164041
0.0146212
0.0151458
0.0174529
0.0168642
0.0152405
0.0192128
0.0161763
0.0168028
0.0174737
0.0162784
0.0158322
0.0152961
0.0171989
0.0163287
0.0166809
0.0166077
0.0164851
0.0162362
0.0156589
0.017485
0.0155006
0.0204274
0.0190321
0.0192352
0.0159321
0.0167673
0.0192714
0.0149076
0.0179812
0.0167171
0.0149838
0.0152517
0.0158055
0.0182329
0.0211275
0.0201309
0.0162633
0.0161101
0.0148471
0.0174646
0.0154883
0.015674
0.0147453
0.0161141
0.0159299
0.0183267
0.0159227
0.0186003
0.0150473
0.0167357
0.0168095
0.0162548
0.016019
0.016082
0.0156974
0.0178357
0.0173557
0.0169691
0.0143399
0.0140225
0.0146256
0.0139776
0.0143663
0.0147259
0.0147064
0.0148049
0.0141814
0.0146749
0.0141037
0.0126259
0.0128942
0.0175135
0.0145121
0.014296
0.0136482
0.0141633
0.0147153
0.0137551
0.0159625
0.0153258
0.0178163
0.0172212
0.0189426
0.0179793
0.0142894
0.0180659
0.0152769
0.0140655
0.015366
0.0184571
0.0154529
0.0142976
0.0153315
0.0155327
0.0171159
0.0147943
0.0160246
0.0161923
0.015794
0.0176711
0.0178793
0.0157368
0.0158547
0.0154109
0.0163139
0.0144554
0.0145613
0.0174284
0.0176726
0.0147187
0.0146011
0.015552
0.0138969
0.0141853
0.0147799
0.0143295
0.0144039
0.0153512
0.0138669
0.0135264
0.0145527
0.0150569
0.0140599
0.0152592
0.0142587
0.0136031
0.0150042
0.0161278
0.0142648
0.0139545
0.0143109
0.0176823
0.0167024
0.0158054
0.0144979
0.015305
0.0143848
0.013511
0.0139149
0.0152662
0.0141938
0.0152181
0.0154988
0.0145936
0.0156564
0.0152234
0.0144045
0.0157132
0.0168282
0.0151641
0.0139798
0.0128944
0.0134631
0.0124422
0.013705
0.0148827
0.0140173
0.0145981
0.0127165
0.0148705
0.0142362
0.0132479
0.0130778
0.016391
0.0180637
0.0182685
0.014133
0.0171925
0.0147939
0.0167877
0.0133105
0.0140046
0.0122598
0.0123715
0.0116354
0.0115842
0.0109681
0.0122311
0.0117708
0.0131206
0.0122405
0.0130703
0.012094
0.011687
0.0130797
0.0127851
0.014257
0.014379
0.0122747
0.0126589
0.0128486
0.0125563
0.0141791
0.0137695
0.0137561
0.0157806
0.0120649
0.0125636
0.0134373
0.0140755
0.0134025
0.0148149
0.0136763
0.0151132
0.0145082
0.0120198
0.0141186
0.0145224
0.0116098
0.0127978
0.0118229
0.0111674
0.0117861
0.0145358
0.0131004
0.0128565
0.0146906
0.0134119
0.0127826
0.0170207
0.0175733
0.0141629
0.0134853
0.0205356
0.0142549
0.0157007
0.0152552
0.0149904
0.0195951
0.0187966
0.0149361
0.0148336
0.0151886
0.0143065
0.0135588
0.0142421
0.0131954
0.0119859
0.0171212
0.0123451
0.0146067
0.0136326
0.0128554
0.0151099
0.01474
0.013719
0.0155829
0.0162441
0.0150163
0.0169319
0.0153373
0.0158452
0.01829
0.0154904
0.0200901
0.0180341
0.0161936
0.0162203
0.0198324
0.0187034
0.0160894
0.0149262
0.0149901
0.0153754
0.0142735
0.0154567
0.0152517
0.0145667
0.0184338
0.0184599
0.0153539
0.0143674
0.0138506
0.0194326
0.0197184
0.0171635
0.0146753
0.0164736
0.0145887
0.0153859
0.0159764
0.015516
0.0190434
0.0186811
0.0144277
0.0148642
0.0145435
0.0154498
0.0147802
0.0160822
0.0154268
0.0151135
0.0162284
0.0172964
0.016559
0.0165459
0.0150996
0.0147067
0.0161921
0.0190829
0.0189549
0.0203309
0.0179712
0.0203497
0.0202615
0.0156975
0.0161138
0.0200988
0.0153109
0.0151755
0.0159471
0.0194914
0.0193507
0.0178003
0.0156975
0.0160278
0.0201931
0.019842
0.0175503
0.0159828
0.0173135
0.0151223
0.0159079
0.0160549
0.0157204
0.0150434
0.0163405
0.0156825
0.0169989
0.0181445
0.0194375
0.0195667
0.0200556
0.020554
0.0167515
0.0165645
0.0167536
0.0153173
0.0182289
0.0197503
0.0186804
0.0176247
0.0176346
0.0151576
0.0148048
0.0157146
0.0141808
0.015735
0.0166776
0.0181125
0.0146525
0.0155538
0.0193862
0.019315
0.0154133
0.0147226
0.0168838
0.015662
0.0146703
0.0161606
0.0148583
0.0149166
0.0194522
0.0193533
0.0162363
0.0148651
0.01565
0.0168733
0.0165768
0.0168893
0.0169569
0.0171214
0.0174052
0.0182494
0.0165091
0.0167188
0.0161491
0.0168645
0.020553
0.0212266
0.0181518
0.0171202
0.0207163
0.0163004
0.0170393
0.0191483
0.0182481
0.0153806
0.015603
0.0169559
0.0183821
0.0154376
0.0178455
0.0206582
0.022034
0.0220156
0.0222094
0.0203659
0.0165103
0.0180677
0.0176257
0.0170183
0.0185935
0.0181971
0.0181947
0.0195255
0.0186599
0.0175005
0.0174365
0.0195095
0.0185069
0.0179484
0.0184529
0.019792
0.0222287
0.0170332
0.019866
0.021112
0.0200928
0.0191957
0.019007
0.0222939
0.0241165
0.016923
0.0205923
0.0181848
0.0171707
0.0167499
0.0183224
0.0203751
0.0191701
0.0179711
0.0179753
0.0183299
0.0186403
0.0179788
0.0141814
0.0129685
0.0137163
0.0178681
0.0126772
0.0127577
0.0135154
0.0121275
0.0140198
0.0151034
0.0131899
0.0135067
0.0139748
0.0137444
0.0143516
0.019218
0.0173168
0.0185304
0.0161501
0.0184841
0.0169802
0.0144234
0.0178549
0.0181158
0.0132677
0.0188475
0.0136185
0.0131338
0.0188026
0.0189361
0.0183633
0.0178924
0.0159895
0.0167722
0.0166237
0.0172148
0.0176264
0.0152311
0.0180041
0.0183697
0.015815
0.0170878
0.0168957
0.0173602
0.0151535
0.0151146
0.0144924
0.0165292
0.0158149
0.0147999
0.0148145
0.0159255
0.0148757
0.01671
0.0155483
0.0168105
0.0152463
0.0138775
0.0154091
0.0151778
0.0139826
0.0163826
0.014973
0.0182335
0.0146037
0.0192052
0.0195174
0.0190121
0.0143857
0.0186793
0.0187213
0.0169625
0.0125293
0.0132807
0.0135395
0.0122776
0.0178523
0.0184244
0.0167673
0.0144905
0.0149584
0.0152223
0.0146141
0.0146774
0.0149787
0.0136961
0.0180214
0.018927
0.0165778
0.0158029
0.0156619
0.0136413
0.0148776
0.0148346
0.0146165
0.0181101
0.0150297
0.0163685
0.0187428
0.0197822
0.0172375
0.0186593
0.0192746
0.0142095
0.0173492
0.0150355
0.0140466
0.0156899
0.0141738
0.0140222
0.013463
0.0143387
0.0139337
0.0122961
0.0136682
0.0129439
0.0141817
0.0123332
0.012425
0.0128594
0.0139753
0.0136634
0.0131059
0.0163333
0.0129592
0.0132137
0.0128627
0.0120853
0.0126429
0.0127049
0.0149467
0.0134014
0.0146814
0.0132297
0.0143137
0.0181195
0.0184319
0.0153864
0.0145001
0.0132557
0.0153363
0.0179122
0.0159632
0.014844
0.0138886
0.0142278
0.0153785
0.0164586
0.015083
0.0153105
0.0186321
0.0172097
0.0162
0.0168324
0.0162209
0.0152787
0.0152563
0.0159178
0.0161743
0.0153681
0.0155675
0.0151197
0.0129535
0.0140352
0.0131468
0.014068
0.0182228
0.0183022
0.0127863
0.0147583
0.0145372
0.0130812
0.0181109
0.0180234
0.0139788
0.0128374
0.0163517
0.0125383
0.0134413
0.013164
0.0137336
0.0143767
0.0129834
0.0129494
0.0127299
0.012596
0.012562
0.0125717
0.0128097
0.0128978
0.0135003
0.0131103
0.0148796
0.0156474
0.0149183
0.0153695
0.0163006
0.0142511
0.0150466
0.0181907
0.0167334
0.0157042
0.0148885
0.0141652
0.0186656
0.0185322
0.0142736
0.017184
0.0185755
0.0181472
0.0145586
0.0136243
0.0135564
0.012154
0.0124537
0.0123711
0.0116982
0.0156267
0.0143955
0.0127187
0.0118175
0.0113115
0.0118277
0.0119828
0.0118002
0.0125773
0.0124485
0.01634
0.0124235
0.0128415
0.0130733
0.0143703
0.0140294
0.0172813
0.0174716
0.0173938
0.0150245
0.0146938
0.0144819
0.0158344
0.018433
0.018568
0.0186713
0.0181724
0.015673
0.0184061
0.0191655
0.0159738
0.0191987
0.0183032
0.0152683
0.0156224
0.0143044
0.0137963
0.0194388
0.0190357
0.0144054
0.015756
0.0144248
0.0145627
0.0140874
0.0148771
0.0138825
0.0188166
0.0173557
0.0151413
0.0139415
0.0142168
0.0168662
0.0151378
0.0142201
0.0143798
0.0146596
0.0148785
0.015726
0.0164698
0.0223056
0.0191704
0.0191396
0.0207755
0.0213771
0.0219935
0.0930193
0.0216057
0.0199177
0.0210883
0.0229803
0.0210759
0.0202377
0.0198524
0.0171557
0.0183234
0.0214067
0.0218327
0.0227618
0.0226744
0.0219663
0.0189398
0.0172054
0.0163075
0.0183818
0.0178062
0.0170673
0.0163153
0.0162259
0.0165049
0.0165911
0.0180094
0.0164684
0.0177294
0.0174316
0.0178448
0.0206416
0.0165829
0.0163428
0.017592
0.0185967
0.0180804
0.0181598
0.0192478
0.0177455
0.0180213
0.0175044
0.0181485
0.0181544
0.0179036
0.0177889
0.0171505
0.0181141
0.0169507
0.0174796
0.0199548
0.0207305
0.0217774
0.0180192
0.016165
0.0163276
0.0148318
0.0148383
0.0153835
0.0153598
0.0169758
0.00881888
0.00496694
0.00514266
0.00586989
0.00641789
0.00622358
0.00676349
0.00632073
0.0117901
0.0125891
0.00871819
0.00876365
0.00940461
0.0102674
0.0108464
0.0115947
0.0133056
0.0132716
0.0142175
0.0135859
0.0138576
0.0138747
0.0139439
0.0133254
0.0129683
0.0136402
0.013364
0.0136178
0.0142264
0.0130749
0.013849
0.0146993
0.0132676
0.013251
0.0150575
0.014359
0.013977
0.0172948
0.0131301
0.0135283
0.0153088
0.0129407
0.0126713
0.0141794
0.0135427
0.0134159
0.0137134
0.0135068
0.0141252
0.0131382
0.0136459
0.013083
0.0165605
0.0317404
0.0120916
0.0145828
0.0130836
0.0144656
0.0128759
0.0131775
0.0125767
0.0127687
0.0120131
0.0114904
0.0122038
0.0100942
0.00951394
0.0102219
0.0109944
0.0111009
0.0126326
0.0133192
0.0124361
0.0127461
0.010514
0.0103212
0.0104826
0.00963818
0.0095018
0.010679
0.00985981
0.00947652
0.00908662
0.0085713
0.00859878
0.00906389
0.00931569
0.0095364
0.0095696
0.00907668
0.00894499
0.00957972
0.00863968
0.00901053
0.00821364
0.00796209
0.00749785
0.00704625
0.00972757
0.00876755
0.00934978
0.00861266
0.00891686
0.00864094
0.00954159
0.00920772
0.0135429
0.0133779
0.0377466
0.0127579
0.0389094
0.023736
0.0188468
0.0194008
0.0190827
0.0162146
0.0155943
0.0146364
0.0151981
0.0137751
0.0139538
0.0137983
0.013833
0.0139356
0.0144072
0.0156998
0.0199972
0.0142742
0.0143195
0.0158278
0.0145028
0.0177236
0.0186464
0.01868
0.0183848
0.0169317
0.0174887
0.0144091
0.0147984
0.0130883
0.0140192
0.0153793
0.0136297
0.0150876
0.0167724
0.016398
0.0161018
0.0149472
0.0132913
0.0134041
0.0145127
0.0142096
0.0139921
0.0150659
0.0153823
0.0153425
0.0205155
0.0232634
0.0235969
0.023203
0.0241681
0.024644
0.0239859
0.0208683
0.0194189
0.0192735
0.0192858
0.0209313
0.0206122
0.0200323
0.0201207
0.022023
0.0176036
0.0168819
0.0172623
0.0167653
0.0169716
0.0152925
0.0154593
0.0160943
0.0146978
0.0153749
0.0151658
0.0227893
0.0158181
0.0152442
0.0161052
0.0174683
0.0156603
0.0149376
0.0148205
0.013267
0.0149899
0.0150862
0.0163974
0.0150749
0.0110498
0.0158111
0.0160979
0.0180912
0.013107
0.0070826
0.00854879
0.00884201
0.00652855
0.00631302
0.00470213
0.00486118
0.00529032
0.00533117
0.00494244
0.00530844
0.00405957
0.0273897
0.0160823
0.0143548
0.0143909
0.0148922
0.0151526
0.0154756
0.0158503
0.0268076
0.0167461
0.0169922
0.0164525
0.016886
0.0161313
0.0162248
0.0172686
0.0154375
0.0150026
0.0152082
0.0161624
0.0157874
0.0169139
0.0170912
0.0173515
0.0157157
0.0148075
0.0159646
0.0153893
0.0150351
0.0145808
0.018927
0.013529
0.0181684
0.0184295
0.0187543
0.0152614
0.0146474
0.0128883
0.012422
0.0124061
0.0166577
0.0142197
0.0141135
0.0136954
0.0142219
0.0145915
0.0183047
0.0139138
0.0184467
0.0174556
0.0181799
0.0141505
0.019107
0.0132257
0.019012
0.0138928
0.0185513
0.0180056
0.0186151
0.0191918
0.0188999
0.0193213
0.0193142
0.0188077
0.0191565
0.0188792
0.0147962
0.0191161
0.0190312
0.0156587
0.0153068
0.01922
0.018452
0.0144719
0.0143144
0.0149507
0.0154563
0.0153124
0.0162117
0.0158062
0.0168234
0.015555
0.0153676
0.0186347
0.0181178
0.0177996
0.0155029
0.0142659
0.0142444
0.0186232
0.0181097
0.0227475
0.0139596
0.0135993
0.0127531
0.0164049
0.0164462
0.0164109
0.0152107
0.0153946
0.0153623
0.0155709
0.0147413
0.0158043
0.014823
0.0153838
0.0158257
0.0128561
0.0129238
0.0132056
0.0135669
0.0123741
0.0133684
0.0122348
0.0130122
0.0137047
0.0129688
0.0137325
0.0140623
0.0139891
0.01466
0.0151712
0.0143031
0.0140199
0.014421
0.0139449
0.018245
0.0193482
0.0142648
0.0149474
0.016605
0.0149509
0.0200675
0.0216874
0.0148617
0.0156183
0.0168093
0.0148126
0.0163004
0.0157417
0.016787
0.0162452
0.0163094
0.0191184
0.0156332
0.0194653
0.0166579
0.0141503
0.0132899
0.0142068
0.0124699
0.0131653
0.0130413
0.0141178
0.0132813
0.0125838
0.0104962
0.010926
0.0126784
0.0104285
0.0105813
0.0103094
0.00968712
0.0120445
0.0152043
0.0135917
0.0115645
0.0111687
0.0101413
0.0112619
0.0146495
0.0132453
0.0162482
0.0158495
0.0148947
0.0136499
0.0135124
0.0133693
0.0127333
0.0134866
0.0131419
0.0147001
0.0152824
0.0181047
0.0178277
0.0130969
0.0149206
0.0170451
0.0151213
0.0137369
0.0143448
0.0131329
0.0179523
0.0184738
0.0154832
0.0145005
0.0152363
0.0137999
0.0141815
0.0148995
0.0141005
0.0151523
0.0156601
0.0138553
0.0139948
0.0149231
0.0150962
0.0135037
0.0178365
0.0178797
0.0149239
0.0145241
0.0144218
0.0140824
0.0179543
0.0174129
0.0139696
0.0144131
0.0162647
0.0169154
0.018438
0.0197829
0.0159347
0.0190247
0.016113
0.0151953
0.0161358
0.0160191
0.0169735
0.0153804
0.0165574
0.0158572
0.0172273
0.0157715
0.015016
0.0199133
0.0226335
0.0156535
0.0151768
0.0147031
0.0150786
0.0161717
0.0152084
0.0164243
0.0192445
0.017372
0.0127101
0.0170873
0.0129238
0.01725
0.0167216
0.0170486
0.013017
0.0132565
0.0129723
0.0125635
0.0135658
0.0167262
0.0164899
0.0132785
0.012409
0.0133921
0.0126021
0.0118017
0.0128881
0.0123291
0.0117496
0.0121628
0.0120376
0.0123803
0.0137074
0.0134107
0.014457
0.0172906
0.0187835
0.0138206
0.0186139
0.0224973
0.0162156
0.0149434
0.0153073
0.0152856
0.015461
0.0145324
0.0147421
0.0148283
0.013963
0.0150733
0.0150427
0.0138444
0.0150242
0.0158043
0.0148574
0.014991
0.0138021
0.0131581
0.0145143
0.012593
0.0124145
0.0135317
0.0163896
0.0160896
0.0174101
0.0175697
0.0136021
0.0130735
0.0133618
0.0122696
0.0130857
0.0131304
0.0134407
0.0135892
0.0135117
0.0138744
0.0145263
0.0163759
0.0131123
0.0156625
0.0108856
0.0132379
0.0113333
0.0151151
0.0146464
0.0150698
0.0123327
0.0135612
0.0137349
0.0152019
0.0126832
0.0113296
0.0142423
0.0131246
0.0123353
0.0113331
0.013352
0.0159227
0.0153369
0.0131667
0.0157682
0.0154456
0.0131597
0.0141225
0.0165303
0.0146493
0.0178528
0.0171984
0.0142632
0.0190727
0.0182782
0.0192434
0.0181583
0.0150929
0.0196228
0.0187858
0.0142776
0.0143398
0.0130582
0.0133008
0.0146078
0.0150362
0.0141334
0.0193403
0.0185852
0.0152565
0.0151866
0.0152478
0.0164409
0.0156114
0.0145648
0.0161973
0.0150556
0.014761
0.0152007
0.013844
0.0146256
0.013672
0.0132475
0.0143347
0.0140327
0.0176839
0.0183847
0.0159144
0.0142521
0.0149856
0.0142779
0.0145964
0.0170218
0.0135733
0.0180522
0.0182318
0.0152663
0.0141682
0.0139597
0.0131967
0.0134586
0.0133464
0.0142624
0.0131
0.0130827
0.0122187
0.0123224
0.0132007
0.0133353
0.0115745
0.0127063
0.0123814
0.0164934
0.0155207
0.012389
0.0123834
0.0125636
0.0121345
0.0173117
0.0175317
0.0127171
0.016984
0.0153651
0.013733
0.0139797
0.0171775
0.0182818
0.0168355
0.0177396
0.0189439
0.0180165
0.0135618
0.017691
0.0190043
0.0170829
0.0166488
0.0167612
0.0156593
0.0126382
0.0123171
0.0166165
0.0127073
0.0166056
0.0124515
0.0171321
0.0133206
0.0168463
0.0116483
0.0127475
0.014004
0.012394
0.0124912
0.0155416
0.0128836
0.0121444
0.0140031
0.0116699
0.011196
0.0111061
0.0159569
0.0131508
0.0157178
0.0115029
0.0126937
0.0122913
0.0159827
0.0117239
0.0167994
0.0159211
0.014769
0.0135698
0.0149374
0.0164542
0.0124926
0.0127326
0.0125234
0.0152077
0.0126315
0.0138366
0.0170219
0.015873
0.0127228
0.0155882
0.0115158
0.0133395
0.0124963
0.0149685
0.0129627
0.0131506
0.0132078
0.0138924
0.0131316
0.0152489
0.0152303
0.0132566
0.0137634
0.0131704
0.012908
0.01663
0.0147641
0.016794
0.0127747
0.015535
0.0147442
0.0118648
0.0154097
0.0129835
0.0114291
0.0115403
0.0146156
0.0133387
0.0152962
0.0116312
0.0142536
0.0119418
0.0120523
0.0126936
0.0119308
0.0142462
0.0118492
0.0115138
0.0158886
0.0127573
0.0140118
0.0123075
0.0174316
0.0154199
0.0141014
0.0133435
0.0150096
0.0156777
0.013077
0.0135802
0.0132074
0.0132639
0.0129634
0.014519
0.0145188
0.0159926
0.018018
0.0187278
0.0164983
0.018764
0.0196016
0.0155425
0.0178794
0.017176
0.0187693
0.0193825
0.0166083
0.0168724
0.0149644
0.0138888
0.0146614
0.0145169
0.0130971
0.0136073
0.0149236
0.0144986
0.0135197
0.0149232
0.0148428
0.0180793
0.01858
0.0167007
0.0183479
0.0193218
0.0193917
0.0143663
0.0153967
0.0170616
0.0145361
0.0151085
0.0141896
0.0156073
0.0177371
0.0177083
0.0147299
0.0139674
0.0140422
0.0140321
0.0173641
0.0188165
0.0134844
0.0186853
0.0190965
0.0142195
0.0180198
0.0192799
0.0180794
0.016594
0.0182207
0.0187849
0.0168096
0.0135489
0.0130022
0.012198
0.0177958
0.0164854
0.0117565
0.0126473
0.0153582
0.0134193
0.0121133
0.0115944
0.0113764
0.0120414
0.0124488
0.0115552
0.0131971
0.0164703
0.0162063
0.0197374
0.0335999
0.0241013
0.0236205
0.0279388
0.0240348
0.0232583
0.0284499
0.0288325
0.0306167
0.0277992
0.110683
0.030586
0.0292705
0.0296396
0.0290205
0.0304522
0.032164
0.0309083
0.0309392
0.029604
0.0298716
0.02933
0.0289287
0.0286361
0.0242591
0.0278848
0.0317051
0.0300041
0.0289944
0.0279534
0.0268022
0.0266421
0.0246086
0.0255481
0.0249574
0.0262796
0.0249672
0.0259342
0.0309437
0.0230683
0.0289463
0.0271385
0.02335
0.0233055
0.022945
0.0233771
0.0230737
0.0234949
0.0243789
0.0245823
0.0243599
0.0246413
0.0278319
0.0277067
0.0269168
0.027476
0.0279461
0.0305934
0.0306747
0.0320773
0.0311623
0.0308085
0.0318977
0.0308727
0.03009
0.0291882
0.0301135
0.0307941
0.031823
0.0316866
0.032725
0.032648
0.035052
0.0345366
0.0325821
0.0300956
0.0284066
0.0268584
0.0276185
0.0280278
0.029862
0.0294147
0.0299565
0.0311226
0.0301805
0.0271475
0.0231352
0.026607
0.0238701
0.0258699
0.0202922
0.0214642
0.0244575
0.0277543
0.0275599
0.0276612
0.0277299
0.0285531
0.0271816
0.0269368
0.0269489
0.0248311
0.0245396
0.0240805
0.0229252
0.0232912
0.0227678
0.0229739
0.0245278
0.0246843
0.0238258
0.024334
0.0242206
0.0232249
0.0245198
0.0248197
0.0231202
0.0230329
0.0229268
0.0241117
0.0220639
0.0231291
0.0254098
0.0235416
0.0249626
0.0240112
0.0241395
0.0235475
0.0234404
0.0227044
0.0220512
0.0223381
0.0233985
0.0225396
0.0216528
0.0238087
0.0261713
0.0271218
0.0270459
0.0276007
0.0279319
0.0272832
0.0274896
0.0272984
0.0225788
0.0200134
0.0216426
0.0248951
0.0245763
0.0247529
0.0247657
0.0212616
0.0212772
0.0202925
0.0209463
0.0302391
0.0186439
0.0170748
0.0179812
0.0177662
0.0173515
0.0188647
0.0202002
0.0252719
0.026087
0.0241182
0.0225547
0.0211813
0.0217795
0.0247774
0.0220346
0.0305237
0.0233328
0.0226577
0.0229369
0.0241544
0.0240576
0.0252063
0.0247809
0.0234234
0.0223812
0.0228664
0.023019
0.0223309
0.0214482
0.0219479
0.0210884
0.0222591
0.0214009
0.0220323
0.0220012
0.0227243
0.0216867
0.0223063
0.0217416
0.0229828
0.0214142
0.0219546
0.0201699
0.0188574
0.0187681
0.0184949
0.0187951
0.0186944
0.0187544
0.0211188
0.0209432
0.0203652
0.0219737
0.018684
0.0194201
0.021243
0.0204613
0.0202638
0.0194343
0.018263
0.0189132
0.0234622
0.0220822
0.0206071
0.0268021
0.0197581
0.0198267
0.0200116
0.019555
0.0200738
0.0196077
0.0200491
0.0232649
0.0246466
0.0237784
0.0246678
0.0248163
0.020092
0.0189089
0.0204763
0.0198312
0.0182013
0.0182101
0.0184045
0.0176053
0.0178801
0.0189273
0.019039
0.0192076
0.0185404
0.0185442
0.0192917
0.0188134
0.0201611
0.0199511
0.0201102
0.0207043
0.01959
0.0181515
0.0190801
0.0177167
0.0200228
0.0195263
0.0204842
0.0222902
0.0228718
0.023587
0.0225853
0.0225117
0.0226696
0.0218473
0.0205542
0.0214512
0.0225085
0.024494
0.0225239
0.0217653
0.0213663
0.0219867
0.0214639
0.0204241
0.0265768
0.0237116
0.0223519
0.0220882
0.0231701
0.0231569
0.0234343
0.0219512
0.021236
0.026161
0.0286381
0.0275026
0.0271842
0.027434
0.0277427
0.0279731
0.0252606
0.0256046
0.0241511
0.0203663
0.0239799
0.0274431
0.0282728
0.0274595
0.0277261
0.0267104
0.0255152
0.0208464
0.0209658
0.018843
0.0189259
0.0205692
0.0193185
0.0191433
0.0193294
0.0184789
0.0192166
0.0204183
0.0215975
0.0210088
0.0195162
0.0172353
0.017662
0.0204703
0.0213137
0.0207965
0.0203089
0.0283135
0.0190154
0.0143198
0.0196635
0.0205981
0.0192815
0.0212894
0.0159522
0.0146832
0.0139761
0.0164913
0.0163241
0.0169682
0.0408742
0.0374649
0.0265379
0.0240761
0.0238854
0.0217548
0.0228912
0.0233819
0.0232437
0.02378
0.0241601
0.0231492
0.124823
0.021712
0.0250263
0.0263196
0.0270434
0.0283898
0.0265412
0.0250316
0.024927
0.0294005
0.0242405
0.0198002
0.0187216
0.0193553
0.0194076
0.0174215
0.0223844
0.0250692
0.0251746
0.027503
0.0227837
0.0225715
0.0215815
0.0223787
0.0212796
0.0220302
0.0225176
0.0219465
0.0225235
0.0228761
0.0219395
0.0239547
0.0226789
0.0232351
0.0233148
0.0238829
0.0245959
0.0236843
0.0218988
0.0212978
0.0234192
0.0206656
0.0218802
0.0225228
0.0228997
0.0226442
0.0225511
0.0204365
0.0237174
0.020012
0.0212431
0.021558
0.0234356
0.0243399
0.0226301
0.0236131
0.0228012
0.0225181
0.0237216
0.0270151
0.0233303
0.0229004
0.0222122
0.0206066
0.0202035
0.020579
0.0199879
0.0208503
0.0190123
0.018258
0.0192236
0.018441
0.0166154
0.0151298
0.0150541
0.0144501
0.0141354
0.0133424
0.0126622
0.0169231
0.0166916
0.0169764
0.01501
0.013605
0.0131409
0.0149722
0.0121875
0.012135
0.0119614
0.0124039
0.0109075
0.0151716
0.0162264
0.012118
0.0116637
0.0140558
0.0212353
0.0158373
0.0184225
0.0178436
0.0182463
0.0171371
0.0181967
0.0173447
0.017589
0.0165759
0.0158668
0.017343
0.0173198
0.0180562
0.017627
0.0202381
0.0194456
0.0167429
0.016612
0.0207938
0.0152897
0.0143744
0.0194836
0.0203977
0.0152644
0.0158317
0.0218216
0.0204533
0.0169684
0.016032
0.0157834
0.0158155
0.016238
0.0202094
0.020015
0.0147399
0.0158259
0.0185553
0.0239457
0.0154416
0.0169122
0.0151991
0.0199819
0.0187775
0.0210295
0.0205893
0.0166877
0.0197039
0.0178185
0.0174621
0.0183312
0.0164396
0.0131647
0.0173568
0.0152867
0.0148049
0.0185088
0.0178778
0.0152702
0.0191243
0.0189507
0.0171349
0.0197823
0.0196861
0.0164523
0.0164366
0.0162897
0.0200956
0.0199052
0.0180596
0.0197803
0.0208169
0.0197361
0.0168633
0.0194374
0.020777
0.0192228
0.0242382
0.0153672
0.0195663
0.0219194
0.0206805
0.0210675
0.0176085
0.0170265
0.0166159
0.0166731
0.0159514
0.0161738
0.0194968
0.0171586
0.0151749
0.0195987
0.0192981
0.0169401
0.0144328
0.0190548
0.019951
0.0203603
0.0174066
0.0171752
0.0185769
0.0185304
0.0187552
0.0177546
0.019458
0.0204807
0.0182629
0.0226299
0.0182084
0.0184115
0.0144826
0.0188701
0.0192722
0.0198183
0.0195881
0.0207434
0.0208639
0.0195037
0.0177296
0.0191806
0.0184729
0.0177136
0.0171714
0.0191659
0.0175574
0.0170021
0.0153342
0.0161022
0.0182854
0.016542
0.0205174
0.021237
0.0189424
0.0194899
0.0191829
0.020777
0.0218351
0.018071
0.0169349
0.0186481
0.0170068
0.0157665
0.0149498
0.0185141
0.0185962
0.0189174
0.0159145
0.0162781
0.0179728
0.0187284
0.0174272
0.0192871
0.0184015
0.0174647
0.0212902
0.0196814
0.0192686
0.0189586
0.0200855
0.0199238
0.0200245
0.0272435
0.0223751
0.0221144
0.0217922
0.020546
0.0211435
0.0212082
0.02174
0.0230431
0.0224234
0.0318766
0.0204053
0.0231787
0.022327
0.022585
0.0220057
0.0216519
0.0223455
0.0216467
0.0220388
0.0210835
0.0213875
0.0209687
0.0236789
0.021682
0.021734
0.0223254
0.0214367
0.0224319
0.0215835
0.023817
0.0238109
0.0232026
0.0212752
0.0204633
0.0206377
0.0200113
0.0205902
0.0217696
0.0208287
0.0217487
0.021372
0.0212451
0.0219562
0.0216632
0.0216157
0.0223919
0.0214445
0.022375
0.0201207
0.0218971
0.0201797
0.0205667
0.0206607
0.0230701
0.0199775
0.0219633
0.0175197
0.0178067
0.0173354
0.0185457
0.0181047
0.0181592
0.0186744
0.0213764
0.0217325
0.0219084
0.0207011
0.0216841
0.0210958
0.0219488
0.0221815
0.0227035
0.0179061
0.0199439
0.0156203
0.0164335
0.0150199
0.0150275
0.0165045
0.0194004
0.0155455
0.0154936
0.0160061
0.0146166
0.0160352
0.0189429
0.0201486
0.0187618
0.0161024
0.0204057
0.0204245
0.0210307
0.0197324
0.0188167
0.0184048
0.017142
0.0171491
0.0183355
0.0178372
0.0189159
0.0183642
0.0186037
0.0196006
0.0219159
0.0209654
0.0205695
0.0205191
0.0201028
0.0207026
0.0206171
0.0213726
0.0228204
0.0224271
0.0219717
0.0229433
0.0221819
0.0189329
0.0190175
0.0196874
0.0192618
0.0164635
0.0162269
0.0168366
0.0161659
0.0164145
0.0143632
0.0149233
0.015962
0.0200238
0.0198489
0.0203233
0.0159776
0.0203306
0.0225899
0.0234027
0.0204153
0.0200869
0.0252916
0.0230887
0.0207874
0.0170458
0.0175059
0.016729
0.0167409
0.0161171
0.0157954
0.0162308
0.0160014
0.0155482
0.0187656
0.021037
0.0211338
0.0168505
0.0167921
0.0171161
0.0167125
0.0170978
0.0177001
0.0161813
0.0176167
0.0151095
0.0168702
0.0173871
0.0194222
0.0162056
0.0161143
0.0181955
0.0162534
0.014719
0.0153638
0.0200793
0.0183651
0.0195807
0.0185217
0.0178238
0.0202011
0.0188314
0.0178997
0.0185609
0.0198904
0.0201591
0.0186758
0.0147805
0.0139756
0.014885
0.0140514
0.015146
0.0151342
0.0183332
0.0198239
0.0190834
0.0153851
0.0201873
0.0203407
0.0234247
0.0204036
0.0210177
0.0214919
0.0207295
0.0199323
0.0214346
0.0215007
0.0229806
0.0203916
0.0216199
0.0220313
0.0216833
0.0207884
0.0194143
0.0221409
0.0205016
0.0214691
0.0209517
0.0243608
0.0229181
0.0226906
0.0203077
0.0158014
0.0199846
0.0221541
0.0204235
0.0213251
0.0213057
0.0225982
0.0221344
0.0217516
0.0212038
0.0211944
0.0221678
0.0212805
0.0206213
0.0187263
0.021289
0.0205698
0.0200157
0.0209942
0.0205291
0.0222011
0.0236661
0.021342
0.0223694
0.0224796
0.0226099
0.0233925
0.0228517
0.0228278
0.0218026
0.0217814
0.023085
0.0213843
0.0208486
0.0200641
0.0196525
0.0193453
0.0200027
0.0200552
0.0199661
0.0197635
0.0221083
0.02077
0.0198559
0.0222522
0.0219856
0.0229666
0.0207721
0.0178844
0.0180824
0.017682
0.0169604
0.017046
0.0169504
0.0182676
0.0186413
0.0182874
0.0172432
0.0175802
0.018238
0.0175736
0.0183056
0.0184279
0.0198749
0.0171235
0.0170774
0.0208291
0.0209882
0.0207712
0.0228677
0.0178492
0.0172805
0.0179616
0.0166886
0.0181531
0.0177299
0.0192263
0.0195935
0.0168703
0.0169845
0.0170684
0.0178014
0.0180613
0.0176229
0.018221
0.0179735
0.0167942
0.0170877
0.0171763
0.0182409
0.0184691
0.0173305
0.0177589
0.0185161
0.0179082
0.0169987
0.0178933
0.0159572
0.0186897
0.0177379
0.0163697
0.0171647
0.0172406
0.0176543
0.0179963
0.0169718
0.0174831
0.0184441
0.0180741
0.017133
0.0172849
0.0177039
0.0163244
0.0159577
0.0210975
0.0220567
0.0218764
0.0220084
0.0204022
0.0173571
0.0209313
0.0202086


