0.00939075
0.0177418
0.0168206
0.0188193
0.0190922
0.0193886
0.0188442
0.0189868
0.0193593
0.0190479
0.018748
0.0184505
0.0194216
0.0190628
0.0192249
0.0193472
0.0186802
0.0187992
0.0191122
0.0195354
0.0188911
0.0102623
0.00974545
0.0191805
0.0190777
0.0188098
0.0187385
0.0197158
0.0184962
0.0176758
0.0187153
0.0186696
0.0192838
0.0183323
0.0184099
0.0191712
0.0190503
0.0187912
0.0186758
0.0189725
0.0185965
0.0189311
0.0194863
0.0103808
0.0100787
0.0193941
0.0198411
0.0365628
0.0148848
0.0117959
0.0118554
0.0114137
0.0111886
0.0110255
0.0116059
0.0120741
0.0115842
0.0116367
0.0118865
0.0133488
0.017212
0.0167982
0.0165531
0.0170744
0.0177069
0.0192207
0.0188148
0.0202825
0.0185862
0.0184052
0.0196615
0.0202533
0.0193672
0.0200823
0.0207093
0.0202479
0.0192215
0.0217724
0.0195373
0.0187357
0.0213529
0.0204486
0.0173846
0.0205824
0.0205243
0.0229864
0.0199998
0.0205409
0.0196968
0.0195773
0.0217238
0.0190973
0.0156945
0.019306
0.017215
0.0153349
0.0164217
0.0198086
0.0166934
0.0174221
0.0161496
0.01636
0.0200309
0.0151049
0.0200259
0.0163224
0.0176168
0.0170572
0.0161301
0.016486
0.0156683
0.0170417
0.0155294
0.0166601
0.015712
0.0189045
0.0210639
0.0205643
0.0183989
0.0206732
0.0201549
0.0182817
0.0189406
0.0206687
0.0215066
0.0173285
0.0191206
0.0189472
0.0189305
0.0189227
0.0188603
0.0192751
0.0195595
0.0173114
0.0185436
0.0175149
0.0193047
0.0193104
0.0174031
0.018001
0.0167188
0.0188396
0.0172522
0.0177539
0.0160983
0.0217563
0.0220925
0.0175953
0.019157
0.020869
0.0193068
0.0163467
0.0209958
0.0185216
0.0164415
0.0182311
0.0176052
0.0166735
0.0173779
0.0171459
0.0162645
0.0214608
0.0218247
0.0161994
0.0214229
0.0204739
0.0211823
0.02054
0.0187713
0.0210238
0.0209539
0.0190683
0.0174636
0.0181937
0.0186667
0.0224224
0.017281
0.0220634
0.0212156
0.0219592
0.0236131
0.0191843
0.023195
0.0203189
0.017756
0.0185678
0.0199152
0.0177939
0.0225959
0.023771
0.0176483
0.019974
0.0209377
0.0190984
0.0189606
0.0199469
0.0191145
0.0203316
0.0201221
0.0198588
0.0191607
0.0190154
0.0201192
0.0228824
0.0228787
0.0235132
0.0207749
0.0189195
0.0221913
0.0229841
0.0174928
0.0190347
0.0203165
0.0184096
0.0185829
0.0195986
0.0178918
0.0198727
0.0180987
0.019015
0.0173334
0.0209052
0.018879
0.0174194
0.0174123
0.0187917
0.0166533
0.017407
0.0176303
0.0158942
0.0205549
0.0214915
0.0158183
0.0206385
0.0210954
0.0171949
0.0195368
0.017674
0.0164234
0.0210754
0.021184
0.0172203
0.0203355
0.0210917
0.016278
0.0203564
0.0208225
0.0149099
0.0158166
0.0176584
0.0169897
0.0200264
0.0206125
0.0164698
0.0193727
0.0189626
0.0167397
0.0149328
0.0167378
0.0164765
0.0193073
0.0202031
0.0150239
0.0168146
0.0162006
0.0168261
0.0154401
0.0185798
0.0210111
0.0196338
0.017781
0.0197916
0.0179552
0.0157918
0.020857
0.0218784
0.0204348
0.0182967
0.0193082
0.0207007
0.0215556
0.0207429
0.0214543
0.0222333
0.0177504
0.017273
0.0187454
0.0171728
0.0217944
0.0230419
0.0173565
0.0195942
0.0182639
0.0200811
0.0180074
0.0203628
0.0217974
0.0232646
0.0182483
0.0205356
0.0182934
0.0193888
0.0190589
0.0183318
0.0190138
0.0185801
0.0170433
0.0171961
0.0185846
0.0169557
0.0174065
0.0190763
0.0167071
0.0171491
0.0178123
0.0167043
0.0181865
0.017243
0.0186608
0.0164889
0.0179562
0.0191537
0.0173108
0.0191574
0.0216474
0.0232418
0.0216874
0.0195094
0.0229448
0.0231676
0.0177123
0.0186582
0.0200508
0.0179956
0.0223585
0.0238944
0.0176926
0.0224313
0.024039
0.0180704
0.0192605
0.0199282
0.0181561
0.0181136
0.0196879
0.0185282
0.0200938
0.021951
0.0232166
0.022343
0.0196679
0.0180375
0.0196306
0.0159554
0.0171556
0.016863
0.0160718
0.125371
0.021175
0.0212367
0.0223884
0.0233428
0.0226978
0.0239013
0.0232657
0.0224423
0.0238559
0.0216205
0.0207508
0.0220384
0.0231897
0.0209694
0.0203681
0.0227494
0.0232794
0.0231961
0.0231833
0.0250341
0.0242936
0.0269425
0.0265726
0.024003
0.0211635
0.0226674
0.0213478
0.0212291
0.0197232
0.0203114
0.0223806
0.0209658
0.0200059
0.0201386
0.0238258
0.0230446
0.0228069
0.0216793
0.0196152
0.0194658
0.019865
0.0189509
0.0204669
0.0209509
0.0172895
0.0174028
0.0185117
0.018395
0.0202456
0.0209267
0.0180486
0.0183677
0.0187129
0.0178534
0.0190557
0.0204466
0.0192425
0.0184486
0.018934
0.0184581
0.0194495
0.025187
0.0213763
0.0257258
0.0195106
0.0200117
0.0208237
0.0197149
0.0199044
0.0212972
0.0212259
0.0192291
0.0193794
0.0217211
0.0224409
0.0205211
0.0203379
0.02224
0.0232997
0.0198579
0.0198668
0.020914
0.0217005
0.0201621
0.0204334
0.0208301
0.0208412
0.0182454
0.0178205
0.0200478
0.0187239
0.0193258
0.0198275
0.0203358
0.0180391
0.0181269
0.0191876
0.0231492
0.0225934
0.025108
0.0254107
0.0247747
0.0239446
0.0250269
0.0247248
0.022937
0.023435
0.0244329
0.0251735
0.0229131
0.02273
0.0200079
0.0200266
0.0196303
0.0214322
0.0217394
0.0192462
0.0190445
0.020343
0.0225273
0.0224832
0.0238807
0.0229574
0.0245201
0.0250314
0.0253667
0.022792
0.0219212
0.0230225
0.0225422
0.0251015
0.027196
0.0251259
0.023194
0.0212729
0.0231368
0.0227948
0.0247545
0.0256254
0.0233634
0.0257932
0.0226898
0.027779
0.0262806
0.0240667
0.0249416
0.0247754
0.0231431
0.02374
0.0201284
0.023531
0.0222766
0.024071
0.0240463
0.022994
0.0222599
0.0219186
0.0228401
0.0225836
0.0240959
0.025085
0.0237813
0.0236195
0.0228047
0.0270087
0.0253506
0.0243581
0.0240163
0.026561
0.0229725
0.0248207
0.0220501
0.0272751
0.0261896
0.0278306
0.0270814
0.0238675
0.0231912
0.0207407
0.0214288
0.0223059
0.0225423
0.0205903
0.021219
0.0186199
0.0187154
0.0193528
0.0232431
0.0226426
0.0238973
0.0247443
0.0247751
0.0202799
0.0215239
0.0221453
0.0261554
0.0236828
0.0237941
0.0257148
0.0241274
0.024362
0.0201659
0.0223791
0.0211588
0.0209042
0.0220893
0.0217668
0.0188063
0.0192153
0.0200367
0.0204433
0.0197189
0.0216688
0.0215856
0.0203225
0.0195413
0.0200826
0.0207212
0.0203947
0.021304
0.0220119
0.0206823
0.020069
0.0199912
0.0223539
0.0224028
0.0225401
0.0236577
0.0236623
0.0252462
0.0255395
0.0243405
0.022499
0.0213975
0.0211151
0.0208667
0.0217057
0.0217905
0.021068
0.0194467
0.0188743
0.0204904
0.0188327
0.0197384
0.0189232
0.0187511
0.0168631
0.0166516
0.0177451
0.0185128
0.0172847
0.0196617
0.0203083
0.0183086
0.0197974
0.0205023
0.0202621
0.0209983
0.0209594
0.022056
0.0228063
0.0193488
0.0210623
0.0219296
0.021918
0.0224423
0.0225378
0.0224895
0.0195368
0.0195402
0.0218697
0.0195155
0.0201838
0.0199448
0.0201898
0.0172796
0.0173929
0.0219007
0.0224633
0.0228711
0.0234715
0.0226465
0.0218448
0.0180703
0.0182253
0.0183742
0.0195963
0.0201117
0.0176905
0.0173296
0.0191859
0.0239955
0.0227768
0.0247844
0.0255187
0.027077
0.0236046
0.0203285
0.0242515
0.0225579
0.020848
0.0227532
0.0212759
0.0191041
0.0186322
0.0192648
0.0226995
0.0221054
0.0251422
0.0237705
0.0233536
0.0224584
0.0228273
0.0239702
0.0230546
0.0244825
0.0253767
0.0269371
0.0235654
0.0242282
0.0267947
0.024939
0.0218277
0.0227852
0.023626
0.0226063
0.0199042
0.0212192
0.0215561
0.0201197
0.0212302
0.0204587
0.0224014
0.0181924
0.0187706
0.0195503
0.019214
0.0187151
0.0189711
0.0204111
0.0200458
0.0180779
0.0182757
0.020881
0.0237177
0.0234879
0.0255754
0.0268561
0.0273335
0.0234726
0.0235622
0.0228398
0.0229686
0.0205006
0.0208602
0.0212216
0.0210675
0.0187801
0.0185509
0.0201334
0.0192657
0.0211985
0.0214345
0.0218827
0.0190212
0.0199897
0.0234037
0.0234123
0.0241005
0.0255771
0.0242207
0.0232209
0.0228843
0.0204442
0.0213214
0.0201454
0.0213533
0.0224517
0.0205762
0.019184
0.0205527
0.0224255
0.0203956
0.0191356
0.020166
0.0200948
0.0190453
0.0180778
0.0190396
0.0219017
0.0184474
0.0193018
0.0202475
0.020352
0.0166349
0.0167534
0.018372
0.0211075
0.0214853
0.0230038
0.0241495
0.0276086
0.0236136
0.02336
0.0255793
0.0243505
0.0252883
0.0262264
0.0257659
0.0230062
0.0223623
0.0214426
0.0205907
0.0202711
0.0212202
0.0229647
0.025302
0.02091
0.0215127
0.0222259
0.019603
0.0220436
0.0205757
0.0204758
0.0188244
0.0185142
0.0200021
0.0206002
0.0208284
0.0207657
0.0213048
0.0212266
0.0196894
0.0203793
0.0219408
0.0215107
0.0198264
0.0195174
0.021315
0.0209703
0.0213679
0.0177721
0.0174551
0.0165833
0.0175816
0.0184274
0.020754
0.0216799
0.0173386
0.0172248
0.017555
0.0176522
0.0194149
0.0180623
0.0238952
0.016561
0.0164471
0.0188027
0.0203363
0.0213971
0.0251184
0.0240028
0.025621
0.0253367
0.0249902
0.0240835
0.0229103
0.0236527
0.0215206
0.0203561
0.0197752
0.021277
0.0220899
0.0215979
0.0188944
0.0211541
0.0245245
0.0246271
0.0243948
0.0253807
0.0255521
0.0244184
0.0241346
0.0202485
0.0252531
0.0197235
0.0211486
0.0210671
0.0218794
0.0200499
0.0196011
0.0200514
0.0209986
0.0203479
0.0195012
0.0201996
0.0195035
0.0216237
0.0176922
0.0193694
0.0189848
0.0187777
0.0202371
0.020732
0.0207392
0.0201102
0.0205625
0.0203637
0.0254441
0.0248571
0.025137
0.0264798
0.0265127
0.0281528
0.0235463
0.0236637
0.0254806
0.0251779
0.0238965
0.0261161
0.0243766
0.0228297
0.0207862
0.0216728
0.0214744
0.0210591
0.0249962
0.0227162
0.0229168
0.0206139
0.021656
0.0198511
0.0222137
0.0218125
0.0244745
0.0257335
0.024727
0.0230678
0.023429
0.0219786
0.0223866
0.0210046
0.0224064
0.0221939
0.0225112
0.0188358
0.0191048
0.0193449
0.0189427
0.0194449
0.0195727
0.0200546
0.0174424
0.0172209
0.0180129
0.0175286
0.0179435
0.0193678
0.018909
0.0265332
0.0186928
0.0184904
0.0198413
0.0201755
0.0209222
0.0217345
0.0221905
0.0201907
0.0187555
0.0199104
0.0206416
0.0198967
0.0206189
0.0244677
0.0214815
0.0191144
0.0196697
0.0202221
0.0235589
0.0228835
0.022461
0.0238941
0.0226701
0.0199788
0.0183361
0.0190996
0.0198019
0.0190996
0.0185846
0.019705
0.0196929
0.0182877
0.0183644
0.0196774
0.02411
0.0263015
0.0244573
0.0260507
0.0261224
0.0253886
0.0226486
0.0199975
0.0247378
0.0227397
0.0235252
0.0262234
0.0245519
0.0229626
0.0225412
0.0238487
0.022869
0.0205414
0.021866
0.0214929
0.0203006
0.0223826
0.021442
0.0220894
0.0216015
0.0220645
0.0222927
0.0221552
0.0207523
0.0203065
0.0184994
0.0178665
0.0175938
0.0189721
0.0191965
0.0192983
0.0177928
0.0188732
0.0177501
0.0189736
0.0175946
0.0215321
0.0197551
0.0196981
0.0176971
0.0179709
0.0196116
0.0201948
0.0203507
0.0203791
0.0217498
0.0216939
0.0192432
0.0197883
0.0197921
0.0239298
0.023637
0.0233204
0.0246197
0.0245535
0.0255158
0.0225042
0.0237795
0.0220516
0.0203127
0.0210728
0.022611
0.0226873
0.0192543
0.0207031
0.0193761
0.0193403
0.0223265
0.0214867
0.022907
0.023303
0.0233026
0.0213946
0.0209107
0.0207059
0.0207794
0.0191278
0.0204617
0.0207815
0.0209084
0.0188503
0.0195719
0.0200974
0.0213953
0.0203094
0.0197076
0.0222154
0.0235438
0.0204314
0.0197464
0.0202682
0.0197318
0.0250293
0.0232615
0.0230036
0.0258259
0.0238786
0.020042
0.0203532
0.0195959
0.0202195
0.0182738
0.0205593
0.0203737
0.0194953
0.0190253
0.0176777
0.019723
0.022493
0.0241375
0.0260589
0.0246874
0.0273147
0.0248814
0.024052
0.0249336
0.0230906
0.0206806
0.0204967
0.0216773
0.0224434
0.0226316
0.0198643
0.0197932
0.0207088
0.0246993
0.0241549
0.0236301
0.0259652
0.0261743
0.0263957
0.0242149
0.0243372
0.0261303
0.0258649
0.02447
0.0261249
0.0261108
0.0250021
0.0241376
0.0249907
0.0272349
0.0254329
0.0259713
0.0264672
0.027962
0.0249096
0.0255888
0.0250014
0.0284845
0.0251543
0.0249952
0.0258584
0.027743
0.0263653
0.025866
0.0240817
0.0257784
0.023927
0.0241509
0.0247901
0.0253667
0.024625
0.0226823
0.0196101
0.0217553
0.0203526
0.0232015
0.0217502
0.021961
0.0191157
0.0197476
0.0203384
0.0229543
0.0198653
0.0207914
0.0230713
0.0210799
0.0207471
0.0191875
0.0183852
0.020005
0.0186208
0.0191279
0.0207668
0.0194866
0.0181417
0.0188523
0.0195188
0.0198267
0.0212431
0.0211087
0.0204379
0.0223046
0.021802
0.0210235
0.0205757
0.0228374
0.020911
0.0207526
0.0217247
0.0220606
0.0218028
0.0201289
0.0219295
0.0205846
0.0218769
0.020007
0.0211377
0.021933
0.0232853
0.0231619
0.0197832
0.0194896
0.0227571
0.0220981
0.0214786
0.0222434
0.022347
0.0192972
0.0192903
0.0196079
0.0215425
0.0208332
0.0204156
0.0227614
0.0224865
0.0217244
0.0230556
0.0233891
0.0240467
0.0222995
0.0201923
0.0210266
0.0211724
0.0204837
0.0179666
0.0182212
0.0197395
0.0220798
0.021674
0.0210145
0.0217823
0.0222774
0.0218696
0.022056
0.0191262
0.0193822
0.019391
0.0227509
0.0210087
0.0204514
0.0239398
0.0217451
0.0227498
0.0202058
0.0216314
0.0226136
0.0205067
0.0196938
0.0206174
0.0201206
0.0190506
0.0186463
0.020122
0.0225983
0.0224383
0.0212578
0.0207158
0.0217374
0.0219113
0.0227478
0.0218262
0.0206356
0.0219365
0.0220505
0.0215613
0.021046
0.024123
0.0231886
0.0217547
0.0219606
0.0195722
0.0221996
0.0206083
0.0193531
0.020344
0.0215231
0.0208262
0.0193271
0.0195605
0.0199934
0.0230054
0.0248705
0.0227311
0.0203606
0.0214194
0.0236852
0.0232766
0.0218695
0.0196653
0.0204494
0.0228842
0.0200895
0.0203919
0.0233995
0.0226208
0.0240162
0.0179068
0.0177645
0.019335
0.0219405
0.0227123
0.0234775
0.0228091
0.0222608
0.0218005
0.0213354
0.0233328
0.0233725
0.0254385
0.0261256
0.0257601
0.0227757
0.0225637
0.0214405
0.0233132
0.0250757
0.0216618
0.0218081
0.0213733
0.0219368
0.0194085
0.0191787
0.0202588
0.0209041
0.0185133
0.0188614
0.0199737
0.0198764
0.0187006
0.0188211
0.0202422
0.0214717
0.0210253
0.0206702
0.022425
0.0221568
0.0203577
0.0200163
0.0195615
0.0220657
0.0253428
0.0247879
0.0242817
0.0263035
0.0264741
0.0260193
0.0248142
0.0248901
0.0225541
0.0246612
0.023957
0.0227959
0.0235294
0.0253815
0.0248048
0.0252325
0.020532
0.0191451
0.0190853
0.0199097
0.0187554
0.0189403
0.0202969
0.0202812
0.0180989
0.01985
0.020448
0.0222121
0.0213353
0.0243565
0.0231558
0.0245577
0.0275004
0.0218802
0.0218164
0.0228153
0.0266682
0.0251235
0.0259349
0.0268779
0.0277821
0.0277993
0.0242762
0.0257028
0.026057
0.028011
0.0262804
0.0275485
0.0268395
0.0287506
0.0283041
0.0253355
0.0250401
0.0263334
0.0259913
0.0242593
0.024584
0.0262494
0.0262927
0.032594
0.0236865
0.02307
0.0207936
0.0262089
0.0250952
0.0242369
0.0253737
0.0252115
0.0237109
0.0194162
0.022351
0.0209378
0.0217698
0.0195332
0.019106
0.0202597
0.0207824
0.0211801
0.0181777
0.0177641
0.0191568
0.0214111
0.02061
0.0196224
0.0198781
0.0198974
0.0186604
0.0183081
0.0191379
0.0216089
0.0208783
0.0196686
0.0215445
0.0218712
0.0292249
0.0195822
0.0195977
0.0204074
0.0213336
0.020233
0.0202299
0.0220343
0.0226707
0.0215222
0.0214517
0.0190264
0.0195253
0.0222889
0.0214362
0.0199696
0.0219214
0.0214918
0.0215579
0.0198026
0.0202335
0.020291
0.0227352
0.0217209
0.0199228
0.0232414
0.0231448
0.0215826
0.0189094
0.0203839
0.0204299
0.0217983
0.020909
0.0205507
0.0229808
0.0231021
0.0229946
0.0199754
0.020294
0.0213974
0.0227658
0.0220035
0.0214238
0.0240486
0.0237676
0.0235009
0.0208039
0.0211157
0.0210462
0.0229096
0.0202691
0.0198145
0.0219513
0.0219812
0.0215416
0.0201932
0.0197584
0.018862
0.0197648
0.0226598
0.0218792
0.0234087
0.0206257
0.0228909
0.0183442
0.0176883
0.017947
0.0179051
0.0174863
0.0182148
0.0183199
0.0180513
0.0168726
0.0162674
0.0165222
0.0214562
0.020774
0.0214327
0.0216632
0.0212665
0.0191812
0.019246
0.0191765
0.0199821
0.0198562
0.0206132
0.0205716
0.0261568
0.0189066
0.0151905
0.014917
0.0155326
0.0153116
0.0153869
0.016045
0.0150532
0.0138479
0.0139472
0.0137242
0.0136138
0.0178395
0.01762
0.0177704
0.0168336
0.015328
0.015107
0.0127105
0.011987
0.0121818
0.0127191
0.0124916
0.0108653
0.0112471
0.0111926
0.015688
0.0154914
0.0153405
0.0153064
0.0145052
0.0116732
0.0130387
0.0157444
0.0159758
0.0158982
0.0151626
0.016266
0.0122344
0.012686
0.013329
0.0136601
0.0111582
0.0172446
0.0179001
0.0180422
0.0133086
0.0158764
0.0153029
0.015137
0.0165053
0.0147094
0.0152247
0.0156364
0.017781
0.0160463
0.0166678
0.0162328
0.0148727
0.0162911
0.0202761
0.0208679
0.0222425
0.0217469
0.0206761
0.0161155
0.0165997
0.0181849
0.0166948
0.0171289
0.0174046
0.016324
0.0145535
0.0198285
0.0204925
0.0204158
0.020244
0.0182358
0.0189497
0.0163985
0.0198521
0.0194705
0.0198738
0.0281414
0.0190724
0.0162347
0.0189295
0.0210101
0.0203738
0.0236221
0.0184436
0.0167628
0.0201866
0.0202702
0.0192975
0.0193948
0.0200377
0.0165564
0.0202737
0.0179222
0.0164934
0.0163333
0.0145104
0.0148323
0.0159239
0.0153239
0.015939
0.0153541
0.0145227
0.0148
0.018779
0.0200296
0.0209342
0.0227039
0.0189395
0.016874
0.018801
0.0195193
0.0160662
0.01543
0.0149505
0.0145224
0.0155066
0.0157895
0.013865
0.01442
0.018265
0.0196554
0.020217
0.0182262
0.0136912
0.0176512
0.016692
0.0158016
0.0145587
0.0163531
0.0185283
0.0192018
0.0188872
0.0193052
0.0183266
0.0203498
0.0193678
0.0154739
0.0143473
0.0151545
0.0147063
0.0130985
0.0157867
0.0142166
0.0156905
0.0147644
0.0146252
0.0183849
0.0200526
0.0177989
0.0152653
0.013938
0.0146569
0.0140825
0.0142207
0.0182376
0.0188067
0.0175689
0.0138961
0.0166289
0.0176185
0.0165565
0.013851
0.0173772
0.0183197
0.0166071
0.0132546
0.0129678
0.0135421
0.012699
0.0125934
0.017029
0.0173548
0.015855
0.0135055
0.0134359
0.0133254
0.0121962
0.0136161
0.0182416
0.0177365
0.0170701
0.0143932
0.0139726
0.0137507
0.0148628
0.0135589
0.0152359
0.0178871
0.0178687
0.0168655
0.0138492
0.0172863
0.017723
0.0165811
0.0129256
0.0174597
0.0183091
0.0165959
0.0148858
0.0135325
0.0149468
0.0130883
0.0136063
0.0181417
0.018452
0.0169239
0.0149828
0.0153526
0.0149671
0.0139245
0.0154259
0.0174434
0.0178823
0.0171322
0.0148845
0.0174287
0.0142077
0.0142043
0.0139447
0.0147649
0.0126428
0.014078
0.0167415
0.0169373
0.0160164
0.0143112
0.0132724
0.0135879
0.0126024
0.013404
0.0139574
0.0126481
0.0142424
0.0144808
0.013166
0.014757
0.0142656
0.0137419
0.0128222
0.0137452
0.0139638
0.0129534
0.0144079
0.0137649
0.0123731
0.0137566
0.0130424
0.0132835
0.0122813
0.0142758
0.012815
0.0132881
0.0123342
0.0126394
0.0129819
0.0126133
0.0128247
0.012974
0.0118887
0.0122042
0.012986
0.0118109
0.0129797
0.0119314
0.010899
0.0113798
0.0122844
0.0109673
0.0150728
0.0123364
0.0127358
0.0165717
0.0141354
0.0154618
0.015187
0.0122951
0.0162043
0.0157226
0.0117455
0.0120487
0.0108476
0.01193
0.0128848
0.0121624
0.012016
0.0139073
0.0135305
0.0126897
0.0112276
0.0135228
0.011917
0.0114747
0.0129356
0.0110332
0.012956
0.0155955
0.0134751
0.0123455
0.0110784
0.016195
0.012106
0.0131471
0.0138654
0.0130105
0.0118652
0.0125092
0.0122548
0.012024
0.012233
0.0118616
0.0134009
0.0122496
0.0115562
0.0166451
0.0117483
0.016322
0.0123538
0.0130777
0.0117741
0.0166802
0.0146848
0.0138739
0.0128736
0.0117722
0.0169925
0.0122209
0.0127971
0.0122411
0.0132814
0.0136861
0.0133887
0.0126877
0.0174011
0.012628
0.0178756
0.0134019
0.0163804
0.0156131
0.014139
0.0130302
0.0144897
0.013771
0.0140476
0.0126742
0.0177843
0.0138533
0.0171373
0.0135504
0.0186259
0.0174517
0.0186896
0.015655
0.0187183
0.0180454
0.0188671
0.0182829
0.0162326
0.0157315
0.0148462
0.0166729
0.0156495
0.014905
0.0174593
0.0152778
0.0159163
0.0145645
0.0159667
0.0150963
0.0160828
0.0153002
0.0156933
0.0195348
0.01946
0.0161299
0.0198181
0.0196446
0.0164607
0.0157378
0.0158042
0.0168213
0.0192936
0.0194539
0.0171379
0.0217692
0.0190923
0.0163481
0.0157525
0.017082
0.01567
0.0198669
0.0206071
0.0165037
0.017172
0.0201208
0.0160037
0.0162386
0.0169393
0.0157535
0.0165888
0.0176889
0.0157303
0.0166681
0.0170102
0.016401
0.0159084
0.016819
0.0157039
0.0165097
0.0170638
0.0154511
0.0166128
0.0172932
0.0153624
0.0167171
0.0180012
0.0158807
0.0209946
0.0212944
0.0196812
0.0203831
0.0208134
0.0167329
0.0166611
0.017158
0.0163099
0.0162328
0.0168829
0.0158164
0.0164364
0.0170945
0.0158016
0.0179061
0.0201547
0.0212683
0.0164131
0.0187541
0.0181525
0.0167403
0.016314
0.0170527
0.0158107
0.0161698
0.0166927
0.0154248
0.0164206
0.016718
0.0153321
0.0167146
0.0168632
0.0159825
0.0171086
0.0168885
0.0167411
0.0157782
0.015953
0.0165992
0.0156931
0.0157834
0.016892
0.015685
0.0158703
0.0171011
0.0151371
0.0161525
0.0162946
0.0156946
0.0158327
0.0164179
0.0156312
0.0157847
0.0166305
0.0151405
0.0171183
0.0197445
0.0204129
0.0186186
0.0191195
0.0202996
0.0187417
0.0190515
0.0199144
0.0163391
0.0189678
0.019803
0.0181289
0.0190902
0.0191133
0.015968
0.0185396
0.0192254
0.0155478
0.0164623
0.0185759
0.0142855
0.0149606
0.0142705
0.014939
0.0157501
0.0147126
0.0146887
0.0137935
0.0143207
0.0155827
0.0140662
0.0162155
0.0153525
0.0170153
0.0147437
0.0193562
0.0198393
0.0144471
0.0152339
0.0161219
0.0146951
0.0151831
0.0158544
0.0145052
0.0156669
0.0162216
0.0148229
0.0161937
0.0164139
0.0157693
0.015407
0.0165674
0.0150888
0.0157806
0.0169383
0.0158242
0.0201859
0.0209425
0.0192459
0.0200084
0.0206576
0.0165491
0.0170606
0.0179197
0.0160283
0.01779
0.0216407
0.0214475
0.0192984
0.0169696
0.018473
0.0179394
0.0167485
0.0209091
0.021849
0.0199397
0.0205924
0.0221164
0.0210854
0.0177125
0.0185617
0.0209377
0.0216688
0.0175887
0.0211957
0.0215952
0.0171019
0.0192625
0.0180434
0.0166978
0.0170131
0.018603
0.0163081
0.0201199
0.0212317
0.0197318
0.020497
0.0216284
0.0213275
0.018031
0.0172012
0.0181489
0.0161096
0.0184579
0.0169252
0.0179207
0.0165933
0.0168726
0.0174505
0.0159575
0.0181029
0.0166922
0.0176778
0.0161146
0.0185849
0.0204401
0.0214708
0.0176213
0.0182587
0.0210934
0.0188728
0.020735
0.0217195
0.0203513
0.0183831
0.0186802
0.0181699
0.0165477
0.0185772
0.0204629
0.0178485
0.0164531
0.018087
0.0165326
0.0179372
0.0160963
0.0179047
0.020611
0.0209431
0.0193841
0.0173447
0.0211256
0.0212974
0.0201309
0.0205786
0.0216947
0.0198152
0.0171116
0.0171649
0.0183173
0.0162578
0.0182717
0.0210539
0.0212781
0.0198328
0.0171632
0.0161804
0.0176334
0.0160304
0.0177487
0.0203974
0.021386
0.0198397
0.0177755
0.0177045
0.0181449
0.016402
0.0167747
0.0176848
0.0164429
0.0172683
0.0170766
0.018005
0.0163826
0.017828
0.0203354
0.0178765
0.0169573
0.018636
0.0171021
0.01817
0.0166399
0.0169671
0.0178319
0.0171139
0.0164462
0.0207254
0.0185418
0.0168363
0.0172965
0.0181414
0.0161202
0.0178153
0.0169068
0.0175744
0.0161354
0.017528
0.0196456
0.020966
0.0197783
0.0162252
0.0164953
0.0172614
0.01559
0.0175268
0.0202894
0.0214019
0.0195588
0.0176428
0.016996
0.017666
0.0156009
0.0174817
0.019769
0.0208589
0.0193621
0.0175284
0.0160405
0.0170848
0.0154544
0.0158152
0.0196721
0.021024
0.0195624
0.0169252
0.0192265
0.0176547
0.0164502
0.018135
0.0163766
0.0176946
0.0158675
0.0166235
0.01735
0.0158759
0.0176576
0.0196095
0.0181183
0.0191361
0.0174704
0.016634
0.0172726
0.0162172
0.0164199
0.0201166
0.0213271
0.0197755
0.0161531
0.0163508
0.0171131
0.0161051
0.0163602
0.0199931
0.0207257
0.0200465
0.0166862
0.0165484
0.0172481
0.0157766
0.0164115
0.0162472
0.0172161
0.0194984
0.0160491
0.0159678
0.0166409
0.015701
0.0164684
0.0205717
0.0217216
0.0168382
0.0167595
0.0204872
0.0212631
0.0206546
0.0164934
0.020613
0.021573
0.0213694
0.016792
0.0195592
0.0207063
0.0195316
0.0171241
0.0164427
0.017863
0.0168303
0.0166507
0.0165736
0.017643
0.0168368
0.0171503
0.0172
0.0176939
0.0189594
0.0169054
0.0168773
0.0173198
0.016146
0.0163415
0.0165806
0.0172912
0.0169435
0.0173227
0.018503
0.0166468
0.0174323
0.0207847
0.018818
0.0205997
0.0174213
0.0174616
0.0180591
0.0164343
0.0166838
0.0206556
0.0189554
0.0174211
0.0171898
0.0169447
0.0208882
0.0196877
0.0174675
0.0169713
0.0183197
0.0177532
0.0165682
0.0167612
0.0183497
0.0188331
0.016512
0.0168241
0.0178935
0.0176472
0.0169383
0.0174528
0.0181323
0.0169762
0.017195
0.0209238
0.0221674
0.0206927
0.0171725
0.0207417
0.0196765
0.0170589
0.0169484
0.0204443
0.0214816
0.0200857
0.0168528
0.020431
0.0184331
0.0167824
0.0184953
0.0168902
0.0178886
0.0188287
0.0170958
0.0175591
0.0178191
0.0171295
0.0175282
0.0171125
0.017981
0.0172304
0.0172051
0.0225906
0.0221948
0.021307
0.0179849
0.0168697
0.0182055
0.0176358
0.0174934
0.0186454
0.0185608
0.0174094
0.0172885
0.0221903
0.022167
0.0207487
0.0171517
0.017616
0.0185144
0.0169472
0.0177087
0.0170877
0.0183526
0.0173818
0.0172686
0.017283
0.0181758
0.0173931
0.0176541
0.0169423
0.0181973
0.0183447
0.0168167
0.0183473
0.0183016
0.0169997
0.0170424
0.0165651
0.0178662
0.0170367
0.0170934
0.0171867
0.0183634
0.0174725
0.0175264
0.0223123
0.0227963
0.021406
0.0170885
0.0169485
0.0189368
0.0180461
0.0170762
0.0169174
0.0180405
0.0182142
0.0170633
0.0166726
0.0201014
0.0215727
0.0204216
0.018247
0.0165096
0.0178795
0.0177694
0.0173328
0.0206378
0.0218073
0.0210981
0.0194899
0.0207224
0.0219247
0.0211241
0.017778
0.0168113
0.0181243
0.0171308
0.0168983
0.0168473
0.0177296
0.0172907
0.0168114
0.0185136
0.0166115
0.0174044
0.0170545
0.0168909
0.016736
0.0180376
0.0170904
0.0171916
0.0169874
0.0180327
0.0165566
0.016395
0.0206908
0.0220877
0.0203313
0.0170211
0.0208797
0.0218564
0.020215
0.0166574
0.0169306
0.0186738
0.0169013
0.0182149
0.0207174
0.0216685
0.0212833
0.0191877
0.017696
0.0184679
0.0169996
0.0181056
0.0169342
0.0174471
0.0161224
0.0171514
0.0204666
0.0218406
0.0202136
0.019034
0.0195775
0.0208844
0.0196288
0.0166275
0.0166109
0.0174534
0.0161634
0.0160348
0.019849
0.0215442
0.0213473
0.0176585
0.0166202
0.0178141
0.0169149
0.0164798
0.0169301
0.0189226
0.0165711
0.0167834
0.0207427
0.021535
0.0201726
0.0171509
0.0164088
0.0174411
0.015998
0.0167682
0.0167249
0.0173907
0.0160321
0.0170784
0.016203
0.0172368
0.0167294
0.0162632
0.0163723
0.0174595
0.016104
0.0164725
0.0202295
0.0219599
0.0229715
0.0169741
0.0169828
0.017772
0.0172857
0.0166617
0.0165044
0.0177728
0.0170659
0.0166896
0.0206028
0.0220555
0.0204137
0.0181096
0.0182114
0.0191947
0.0202194
0.0164256
0.0199649
0.0213827
0.0192336
0.0166451
0.0203926
0.0186118
0.0174426
0.0165206
0.0170221
0.0174234
0.0184379
0.0164271
0.0202011
0.0222895
0.0205757
0.0166939
0.020345
0.0211279
0.0195792
0.0168056
0.0164952
0.0173768
0.0154422
0.0161193
0.0165792
0.0175613
0.0158394
0.0163114
0.0161886
0.0170638
0.0157314
0.0164501
0.0197148
0.0212416
0.019711
0.0162269
0.0203171
0.0213445
0.019361
0.0163013
0.0160923
0.0175649
0.0158026
0.0173443
0.0164558
0.0173389
0.0159365
0.0161517
0.020902
0.017177
0.0187625
0.016263
0.0174034
0.0159902
0.0162441
0.016014
0.0170418
0.0173051
0.0165422
0.0166276
0.0170112
0.0155623
0.016002
0.019392
0.0203908
0.0190615
0.0155683
0.0155037
0.0168716
0.0148662
0.015062
0.0195554
0.0201799
0.0189001
0.017962
0.019603
0.0204402
0.0192242
0.0156271
0.0156486
0.0165795
0.0154448
0.0171866
0.0195263
0.0201026
0.0184327
0.015323
0.0159013
0.0196077
0.015308
0.0171308
0.0153438
0.0162585
0.0147466
0.015197
0.0190899
0.0199884
0.0186239
0.0148875
0.0186329
0.0201161
0.0187102
0.0154774
0.0191285
0.0205659
0.0185552
0.0173248
0.0197
0.0206384
0.018942
0.016091
0.0207665
0.0206158
0.019875
0.0205615
0.0203334
0.0186018
0.0151687
0.0195646
0.0200678
0.0186865
0.0168523
0.0190541
0.0204222
0.0186997
0.014705
0.0190946
0.0199023
0.0186417
0.0157655
0.0173393
0.0166462
0.0152415
0.0155212
0.0197324
0.020498
0.0191297
0.0195315
0.0207267
0.0191477
0.0167248
0.0167986
0.0167665
0.0153491
0.0168136
0.0196281
0.016958
0.0159497
0.0160414
0.0170154
0.0162892
0.0165147
0.0150926
0.0155144
0.0158271
0.01682
0.0157724
0.0156062
0.0162168
0.0168019
0.0156244
0.0160768
0.0193022
0.0205972
0.0191487
0.0182309
0.0197361
0.0196734
0.0149887
0.0155366
0.0159442
0.0165099
0.0148567
0.0170136
0.0194545
0.0206553
0.018948
0.0173044
0.0191558
0.0170483
0.0150466
0.0161479
0.0158115
0.017134
0.0154643
0.0157194
0.019218
0.0207421
0.0192476
0.015758
0.0193494
0.0208475
0.0198959
0.0162857
0.016752
0.0202374
0.0153899
0.0155289
0.0197887
0.0209514
0.0189812
0.0151655
0.0159138
0.019555
0.0152694
0.0168692
0.019004
0.020308
0.0189476
0.0162158
0.0152065
0.0155871
0.0152902
0.0151049
0.0196997
0.0200151
0.0186316
0.0181872
0.0152578
0.0164282
0.0150038
0.0157292
0.0196486
0.0200964
0.0184502
0.0165447
0.0193785
0.0205922
0.0189413
0.0167676
0.0163322
0.0164007
0.0148444
0.0157876
0.0150819
0.0162641
0.0146991
0.0153521
0.0157636
0.0147318
0.0161507
0.0185069
0.019393
0.018393
0.0171273
0.0174553
0.01622
0.0149385
0.0158252
0.0187854
0.0194994
0.0178424
0.0142096
0.0176682
0.0180736
0.016846
0.0146113
0.0150607
0.0140154
0.0143977
0.014879
0.0133362
0.0149388
0.0135424
0.0145188
0.0134692
0.0143451
0.0169423
0.0169269
0.0131422
0.0131851
0.0127419
0.0130615
0.0122133
0.0115202
0.0132429
0.0120112
0.0117563
0.0131607
0.0118617
0.0116285
0.0114135
0.0127595
0.0115779
0.0136972
0.0127497
0.0142234
0.0146306
0.0216944
0.0174134
0.0132081
0.014428
0.0132957
0.0134856
0.0136124
0.0141667
0.0136969
0.0150493
0.0140902
0.012686
0.0142646


