0.0132197
0.0333771
0.0322562
0.0323015
0.0345742
0.0343241
0.0356849
0.029476
0.0364058
0.0319668
0.0341463
0.0331033
0.0336661
0.0301345
0.0368134
0.0365239
0.0366299
0.0343275
0.0366747
0.0313214
0.0334937
0.0309766
0.0353932
0.0339792
0.0338175
0.0314909
0.0336834
0.0340913
0.0329365
0.0332466
0.0342834
0.0335817
0.0334768
0.0387108
0.0333278
0.0321337
0.0345122
0.0329057
0.0332233
0.0347719
0.0329407
0.0314285
0.0357701
0.0361294
0.0314245
0.0366948
0.0339964
0.0343932
0.0357904
0.0376125
0.034902
0.0351506
0.0327376
0.0320938
0.0306027
0.0312048
0.0321206
0.0356126
0.0362686
0.0324783
0.0306736
0.0322945
0.0321663
0.0346524
0.0342214
0.0324274
0.0326361
0.0350673
0.0324971
0.0337058
0.0321084
0.0305533
0.0303353
0.0349605
0.0282577
0.0312208
0.0328501
0.0312678
0.0329711
0.0294665
0.0292603
0.0322239
0.0310616
0.0306544
0.029654
0.0267056
0.0268972
0.0357927
0.0362977
0.0394899
0.0383306
0.0371705
0.0388721
0.0354231
0.0389955
0.0351793
0.0366708
0.0384352
0.0378026
0.0424318
0.0395947
0.0414372
0.04258
0.0428831
0.0415916
0.0391394
0.0429372
0.0410749
0.039181
0.0408132
0.0387815
0.0446648
0.0401818
0.0380471
0.036448
0.0409494
0.0374553
0.0435945
0.0456829
0.0422076
0.0388047
0.0361891
0.0375881
0.0406257
0.0388977
0.0397406
0.0325607
0.0334473
0.0360414
0.0346683
0.0322967
0.0324752
0.032839
0.0329269
0.0305696
0.030393
0.0293189
0.0297793
0.0283337
0.0280787
0.0278502
0.0289607
0.0258659
0.0287254
0.0296645
0.0274367
0.0267696
0.0278102
0.0259249
0.0274361
0.0254554
0.0261057
0.027549
0.0271377
0.0333658
0.0359618
0.0362085
0.0338691
0.0347634
0.0314326
0.0310487
0.0310379
0.0304618
0.0312258
0.0328414
0.0339941
0.0305354
0.0309677
0.0320683
0.0303236
0.0291107
0.0287406
0.0327092
0.0320431
0.0316981
0.0381718
0.0362735
0.0379475
0.0356509
0.0346488
0.035228
0.033301
0.0364206
0.0358844
0.0340308
0.0351718
0.0342838
0.0350703
0.0359848
0.0347859
0.0330841
0.0316731
0.0306288
0.0294694
0.0280689
0.0284885
0.0255422
0.0344625
0.0406486
0.0415593
0.0395224
0.0408244
0.0375499
0.0344629
0.0395191
0.0407452
0.0373007
0.039419
0.0382563
0.0366635
0.0343191
0.0409288
0.0363953
0.0372251
0.036665
0.0381461
0.0387348
0.0371848
0.0383065
0.0345304
0.0391212
0.0371054
0.0409706
0.0338338
0.0371185
0.0395746
0.0357571
0.0350487
0.0366662
0.0332955
0.0316818
0.034296
0.0294668
0.0329351
0.0312993
0.0288301
0.030175
0.0288166
0.0282145
0.0268966
0.0370358
0.0373189
0.0350997
0.036275
0.0344955
0.0374891
0.0374864
0.0364417
0.0363242
0.0357636
0.0371976
0.0400003
0.0396217
0.0372547
0.0385596
0.035957
0.0371097
0.0359573
0.0364557
0.0381845
0.0349359
0.0385566
0.0487787
0.0362464
0.0407746
0.0390988
0.0408717
0.0393523
0.0387646
0.0391831
0.0398892
0.0363659
0.0415688
0.0429267
0.0396742
0.0398578
0.037793
0.0385188
0.0393346
0.0397053
0.035856
0.0402279
0.040078
0.0454907
0.0437097
0.044065
0.0404664
0.0348552
0.0439417
0.0403944
0.0347584
0.0397893
0.0364033
0.0404606
0.0383283
0.0346626
0.0475963
0.035886
0.0377877
0.038069
0.0349986
0.0357301
0.0364951
0.0364409
0.034363
0.0346037
0.035013
0.0353218
0.034395
0.037726
0.0357493
0.0379487
0.0336791
0.0368114
0.0370905
0.0361052
0.0413144
0.0394018
0.0380738
0.0383993
0.0318309
0.0381245
0.0343661
0.0383776
0.0351193
0.0363618
0.0362133
0.0312593
0.0308418
0.032669
0.0370223
0.0394528
0.0371888
0.0419794
0.0419774
0.0394625
0.04235
0.0419005
0.0398585
0.0378127
0.0401902
0.0431987
0.0431699
0.043717
0.0424847
0.0415374
0.0409092
0.0369848
0.0433666
0.0367854
0.0352202
0.0343151
0.0321493
0.0298842
0.032735
0.0366942
0.0423967
0.0372845
0.0421374
0.0343577
0.0356869
0.0338921
0.033023
0.0288898
0.0299669
0.0248822
0.0329356
0.0343135
0.0370515
0.036577
0.0391784
0.0374636
0.0386079
0.0408209
0.0386517
0.040005
0.0402866
0.038716
0.034424
0.0343302
0.0374122
0.0339453
0.0340672
0.0368825
0.0381654
0.0361335
0.033662
0.0328306
0.0342886
0.0338223
0.0312487
0.030573
0.0360952
0.0338261
0.0324696
0.0328366
0.0325483
0.030702
0.0318601
0.0297543
0.0289782
0.0330271
0.0295019
0.0327698
0.035377
0.0374284
0.0415315
0.0442944
0.0362341
0.035127
0.0429856
0.04078
0.0391729
0.0379354
0.0356602
0.0377127
0.0373662
0.0413716
0.0336721
0.0365389
0.0396361
0.0395389
0.0377461
0.0328912
0.0309722
0.0346812
0.0339758
0.0341506
0.0367874
0.0377521
0.0379602
0.037807
0.0362605
0.0378767
0.0341906
0.0364258
0.0351918
0.0372164
0.0367246
0.0323233
0.0311704
0.0325273
0.0350076
0.0309005
0.0306152
0.0325606
0.0326512
0.0286279
0.0316905
0.0287515
0.0292792
0.03713
0.0387694
0.0414419
0.0468026
0.0431333
0.0428406
0.0400237
0.038293
0.0382716
0.0418067
0.0399819
0.0351907
0.0332788
0.0363133
0.03968
0.0401178
0.0481507
0.0379255
0.0419432
0.0460214
0.0420573
0.0399986
0.0398339
0.0389833
0.0365745
0.0388229
0.0382425
0.0389958
0.036589
0.0372594
0.0367815
0.0374176
0.037975
0.0324224
0.0314821
0.0356638
0.0358436
0.0341155
0.0366288
0.0431299
0.0423376
0.032798
0.0419864
0.0413226
0.0460589
0.0411469
0.0407131
0.0429238
0.0387462
0.0376147
0.0373188
0.0396251
0.0386919
0.0371969
0.0352637
0.034378
0.0367748
0.0333406
0.0347419
0.0350394
0.0326934
0.0346154
0.0373573
0.0321503
0.03
0.0330089
0.0323082
0.0364873
0.0323047
0.0340934
0.031854
0.0321232
0.0308963
0.0290969
0.0313588
0.0286551
0.0289021
0.0284504
0.0283053
0.0258885
0.0424867
0.039656
0.0368392
0.0388773
0.0331972
0.0351307
0.0374344
0.0338694
0.0320833
0.0322323
0.0316261
0.0329534
0.0396472
0.0386532
0.0341906
0.0356516
0.0342541
0.0332929
0.0290252
0.0394145
0.0346271
0.0360912
0.031568
0.0409676
0.0421475
0.0294649
0.0291905
0.0294273
0.0275401
0.0240316
0.0224495
0.0230577
0.0214092
0.0199957
0.0200605
0.0192668
0.0199043
0.0210659
0.0182638
0.0202644
0.0184005
0.0296565
0.022094
0.0234765
0.0229744
0.0238192
0.0249877
0.0239484
0.0223095
0.0259299
0.0283095
0.0266936
0.023502
0.0241223
0.0260703
0.0235169
0.0235207
0.0252787
0.0289817
0.0272635
0.0290841
0.0273756
0.0265819
0.023611
0.0217808
0.0233228
0.0282953
0.029699
0.0304636
0.0272019
0.0263004
0.0357082
0.0336571
0.0299181
0.0293922
0.0300373
0.0350338
0.0354207
0.0295863
0.0365766
0.0381773
0.0305999
0.0365789
0.0335972
0.029835
0.0317404
0.0322217
0.0309066
0.0370633
0.0334276
0.0329133
0.0326758
0.0332046
0.0308363
0.0281528
0.0357766
0.0342822
0.0337052
0.0304715
0.0301878
0.0389453
0.0304262
0.0314463
0.035218
0.0335444
0.0289326
0.0326355
0.0326759
0.0281072
0.0272179
0.027447
0.0260319
0.0242274
0.024323
0.0238821
0.0242392
0.0238112
0.0296462
0.0291528
0.0254522
0.0250643
0.0238657
0.025873
0.0232824
0.0231534
0.0219237
0.0264638
0.0277594
0.0282876
0.031649
0.0289393
0.0357318
0.0332866
0.0347841
0.0371406
0.0356831
0.0353408
0.0417281
0.033782
0.0363544
0.0361338
0.0339863
0.0375311
0.0326791
0.0393024
0.0380043
0.0406962
0.0359535
0.0347798
0.0335428
0.0405973
0.0334834
0.0331916
0.0352334
0.0308643
0.0327535
0.0288673
0.0312641
0.0289936
0.0259983
0.0243689
0.0231055
0.0257151
0.0258921
0.0238048
0.0205242
0.0267496
0.0342561
0.0335303
0.033644
0.0310293
0.0307269
0.0315745
0.0256273
0.0294641
0.0314416
0.0268856
0.0236864
0.0255882
0.0256541
0.0191695
0.0229743
0.0231579
0.0271368
0.0267618
0.0236096
0.0214378
0.0215838
0.0237259
0.0247571
0.0243975
0.0330566
0.042789
0.0348685
0.0313061
0.0317878
0.0361106
0.0357041
0.0380366
0.0393149
0.0366945
0.0346877
0.0371806
0.0304387
0.0381672
0.0389989
0.0408804
0.0469367
0.0384869
0.041709
0.0379321
0.0341386
0.0374196
0.0393935
0.0443414
0.0371576
0.0408341
0.0396807
0.0407218
0.0418996
0.0378593
0.0397651
0.0388142
0.0337131
0.0307754
0.0315978
0.0279152
0.0275122
0.0266204
0.030143
0.0277079
0.0337332
0.031229
0.0325231
0.0380318
0.0380431
0.0346952
0.0374558
0.0381813
0.0424639
0.0361505
0.0352045
0.0363057
0.0357751
0.0389408
0.0369038
0.0342651
0.0293118
0.0287538
0.0328672
0.026193
0.0280218
0.0322403
0.0295167
0.0274108
0.0278209
0.026451
0.0289578
0.0301528
0.0309242
0.0270335
0.0312604
0.0282391
0.0320586
0.0308164
0.0337754
0.0325695
0.0304755
0.036573
0.0363821
0.040832
0.0368341
0.0357313
0.0404967
0.0367511
0.0434829
0.037739
0.0343493
0.0336382
0.039709
0.0387635
0.0424031
0.048546
0.0403259
0.0421995
0.0440993
0.0427968
0.0459826
0.0354686
0.0349157
0.0389389
0.0365568
0.0288504
0.0333525
0.0381372
0.0383707
0.0324359
0.0408298
0.0416228
0.0346505
0.0368906
0.0377287
0.0398763
0.0372296
0.0341502
0.0295628
0.0322951
0.0282115
0.0342746
0.0353582
0.037448
0.0351799
0.0364603
0.0346987
0.0354499
0.0370092
0.0356619
0.0375219
0.0349566
0.0347618
0.0341998
0.0340878
0.0327954
0.0360489
0.0343018
0.0362294
0.0334828
0.0353477
0.0348211
0.0387861
0.0346207
0.0365383
0.0360066
0.0334054
0.0370115
0.0382009
0.0377804
0.0422205
0.0345064
0.0384099
0.0329027
0.0372044
0.038345
0.0399037
0.0383579
0.0427077
0.039375
0.0378194
0.0384145
0.0393496
0.0383794
0.0395282
0.0416196
0.041585
0.0395133
0.0427835
0.0448926
0.039495
0.0408059
0.0362443
0.0368383
0.0416602
0.0414093
0.0384005
0.0416699
0.0407958
0.0370893
0.0411167
0.0384514
0.0397706
0.0381842
0.033961
0.0401172
0.0373263
0.037141
0.0390319
0.0385371
0.0360536
0.0374422
0.0380769
0.0362646
0.0346499
0.0424579
0.0448431
0.0443687
0.0454536
0.0422534
0.0401097
0.0396639
0.0449687
0.0466246
0.043092
0.0369427
0.0375257
0.0351552
0.0333605
0.0342116
0.0349559
0.0345872
0.0312173
0.0302735
0.0330734
0.0367473
0.0368905
0.0371786
0.031204
0.03459
0.0324565
0.0316612
0.0286258
0.0255133
0.0243551
0.0256134
0.0242509
0.0256127
0.0214239
0.0229398
0.0216832
0.0257477
0.0263832
0.0250057
0.0274723
0.0283505
0.0276598
0.0267679
0.0267851
0.02512
0.0265073
0.0312136
0.0310313
0.0309665
0.0315365
0.0352
0.0331874
0.0325244
0.0330946
0.0421335
0.0380954
0.0354217
0.0340087
0.0400419
0.0363066
0.0354824
0.0358001
0.0364075
0.0413809
0.0362285
0.0386195
0.0397579
0.0336206
0.0397255
0.0349931
0.0321607
0.0452885
0.0337198
0.0372932
0.038201
0.037626
0.0321417
0.0373314
0.0342978
0.0396121
0.0390282
0.0422854
0.0401684
0.0384988
0.0431597
0.0369242
0.0365083
0.0391084
0.0378234
0.0348613
0.0406233
0.0358922
0.0394717
0.0362706
0.0356626
0.0382421
0.0398662
0.0418152
0.0393318
0.0343863
0.0385214
0.0345636
0.029798
0.0361877
0.0345467
0.0320924
0.034553
0.0300242
0.0375972
0.0308634
0.0348711
0.0305674
0.0372606
0.0335304
0.0301588
0.0363648
0.0342555
0.0369689
0.0392194
0.0392781
0.0355644
0.0295556
0.0287167
0.0387923
0.0373572
0.0334505
0.0358079
0.0273551
0.0309126
0.0321917
0.03314
0.0332176
0.0279101
0.030559
0.0297615
0.0333024
0.0380054
0.0369288
0.0359745
0.0323073
0.0387217
0.0323471
0.0389148
0.0347195
0.0377618
0.0386265
0.0299693
0.0319972
0.0368619
0.0358764
0.0344908
0.0326542
0.0358496
0.0362751
0.0316965
0.0419389
0.0350713
0.0313481
0.0364676
0.0368467
0.037434
0.0336257
0.0324523
0.0403213
0.0351267
0.0386318
0.0324591
0.039186
0.0341289
0.0339072
0.0323471
0.0331006
0.0388178
0.0377679
0.0398894
0.037164
0.0357115
0.0337931
0.0287368
0.0302826
0.0295928
0.0255042
0.0228017
0.0219811
0.0263306
0.0249465
0.0256821
0.0337993
0.0299066
0.0350085
0.0353022
0.0378273
0.0264337
0.0311814
0.0339456
0.0334518
0.0327182
0.0327627
0.0329412
0.0352538
0.0275378
0.0253762
0.0293305
0.0229599
0.0222183
0.0226607
0.0218681
0.0160128
0.0235144
0.0217311
0.0287436
0.0261724
0.0278038
0.0288339
0.024623
0.0216583
0.0194012
0.0276228
0.0342729
0.0359135
0.0326081
0.0351985
0.0414572
0.0317505
0.0336999
0.0358215
0.0415439
0.0411378
0.0356331
0.0351411
0.0335864
0.0311913
0.0362132
0.0332552
0.0389155
0.0350825
0.0424059
0.0360996
0.03296
0.0371555
0.0344354
0.0362567
0.0331833
0.037941
0.0376284
0.0372274
0.0334594
0.0372461
0.0367585
0.0403244
0.0300826
0.0288452
0.0265904
0.026315
0.0224162
0.0289068
0.034359
0.0329439
0.0322527
0.0359875
0.03389
0.0298304
0.0347283
0.0343706
0.0380474
0.0368018
0.034834
0.0360001
0.0349722
0.035842
0.0315781
0.0386113
0.0329862
0.0470307
0.0264132
0.0316286
0.0262141
0.0302095
0.0261401
0.0225055
0.0222761
0.0211915
0.0233262
0.0206616
0.0182491
0.0208793
0.0228203
0.0176526
0.0191439
0.0187662
0.0230977
0.0313781
0.0291182
0.0366938
0.0334837
0.0306069
0.0349672
0.0350124
0.0355364
0.0297896
0.030675
0.0345884
0.0344969
0.031831
0.0311833
0.0327308
0.0348225
0.0337235
0.0325531
0.0322468
0.0326238
0.0385478
0.0435177
0.0452106
0.0410316
0.0424855
0.0462461
0.0420871
0.041029
0.0434172
0.0433852
0.0434276
0.0387793
0.0364075
0.0379958
0.0345744
0.0347836
0.0361881
0.0427022
0.0417688
0.0443004
0.03856
0.0410454
0.0445577
0.0440035
0.0439055
0.0395762
0.0451632
0.043621
0.0427786
0.0406733
0.041882
0.041456
0.0440528
0.0383197
0.0467209
0.0419182
0.0396464
0.0402744
0.0439292
0.0434834
0.0425189
0.0401491
0.0423697
0.0413119
0.0462423
0.0402627
0.0384175
0.0365977
0.0492314
0.0474433
0.047525
0.0404152
0.0384122
0.0442962
0.0438493
0.0461937
0.0386991
0.0382534
0.0409377
0.0353008
0.0359558
0.0404239
0.0415797
0.0418453
0.0439425
0.0336799
0.040326
0.0397263
0.0372027
0.0397968
0.0395342
0.0343991
0.037289
0.0431348
0.0456721
0.043101
0.0408398
0.0402596
0.0406562
0.0422478
0.0347376
0.0411508
0.0386036
0.0428822
0.0449037
0.0440542
0.0454462
0.0418374
0.042053
0.0463057
0.0467989
0.0434633
0.0430587
0.0453771
0.0404354
0.0409005
0.0393543
0.0420273
0.0407601
0.0398799
0.038237
0.039636
0.0424372
0.0400319
0.0381812
0.0370857
0.0365144
0.0379809
0.0338772
0.0345324
0.0291778
0.0360471
0.0370852
0.0326599
0.0309732
0.0325324
0.0324945
0.0391774
0.0355529
0.0365752
0.0409303
0.0411678
0.0400418
0.0421582
0.0378114
0.0390244
0.0356896
0.0327929
0.0331776
0.0364839
0.034982
0.031935
0.0341794
0.0412428
0.040648
0.0381274
0.0444299
0.046349
0.0405828
0.0365127
0.0366838
0.036053
0.0323556
0.0334099
0.036172
0.0369241
0.0418345
0.0412874
0.0400177
0.0356721
0.0390221
0.0364432
0.0333659
0.0339826
0.0355919
0.0357152
0.0413586
0.0445703
0.0401786
0.0383123
0.0367311
0.0350004
0.0345413
0.0341534
0.0356319
0.0356053
0.0339117
0.0376564
0.034518
0.0417919
0.0391087
0.0405936
0.0350254
0.0387765
0.0351495
0.0375529
0.0344833
0.0400766
0.0437503
0.0387057
0.0391324
0.0389826
0.0351387
0.0391098
0.0366127
0.0368916
0.0345481
0.0342743
0.0339375
0.0330342
0.0375711
0.0334615
0.027351
0.0342851
0.0405239
0.0348526
0.0363307
0.0339336
0.0333663
0.0347751
0.0313067
0.0330684
0.0309723
0.0351306
0.037595
0.0340102
0.0337577
0.0308737
0.0333337
0.0354978
0.0342305
0.0320706
0.036447
0.0327776
0.0329047
0.0373508
0.0363476
0.0335592
0.0328248
0.0354875
0.0338459
0.0318487
0.0339653
0.0340573
0.0360279
0.0311329
0.0332045
0.0359933
0.0355101
0.0335355
0.0327578
0.0332622
0.0306941
0.0274483
0.0273915
0.031933
0.0347105
0.0339315
0.0314258
0.0342758
0.0289998
0.0298978
0.0318089
0.0354647
0.0355851
0.034978
0.0397566
0.0321417
0.0334872
0.0349236
0.0334696
0.0307462
0.030073
0.0291198
0.0296277
0.0279966
0.0287203
0.0301846
0.0354396
0.034179
0.0362837
0.0369853
0.0333932
0.0350253
0.0346237
0.0358597
0.0352393
0.036052
0.0341497
0.0363016
0.0356835
0.0337065
0.0330494
0.0339526
0.0350574
0.0427374
0.042244
0.043258
0.0374377
0.0361268
0.0370925
0.0383546
0.031719
0.0385967
0.0356918
0.0357664
0.0338048
0.0389449
0.0358053
0.0376511
0.0348126
0.0348624
0.0382226
0.0405715
0.0376669
0.0399423
0.0385573
0.0370967
0.0418711
0.0352153
0.0399432
0.0378939
0.0425448
0.0383353
0.0390412
0.0415029
0.0379989
0.0383528
0.0387208
0.0350982
0.0377866
0.0338759
0.0404002
0.0380599
0.036493
0.0351326
0.0350929
0.0412082
0.0383301
0.0369008
0.037944
0.0393679
0.0346436
0.0377581
0.0365617
0.037115
0.0365818
0.0405778
0.0391789
0.037765
0.0375369
0.0403262
0.0386606
0.0384475
0.0396793
0.0372669
0.0421767
0.0372502
0.0374687
0.0404139
0.0381408
0.0393312
0.0392089
0.0348985
0.0376046
0.0369955
0.0349367
0.0360597
0.0393326
0.0357293
0.0387084
0.0357283
0.0379991
0.0397273
0.036213
0.0387645
0.0341495
0.0364702
0.0356077
0.0345956
0.030925
0.0287867
0.032748
0.0321856
0.0346611
0.0386819
0.0363
0.0402451
0.0378473
0.0370858
0.0418389
0.0360265
0.0346294
0.0323431
0.0325633
0.0378536
0.0360796
0.037086
0.0351053
0.0369917
0.034826
0.0362892
0.0399348
0.0379433
0.0375242
0.032482
0.0310858
0.033945
0.0320424
0.0338491
0.0327966
0.0343437
0.0326743
0.0350609
0.0366989
0.041777
0.0325058
0.0340546
0.0311476
0.0338322
0.0333153
0.0339239
0.0314932
0.0307525
0.0296711
0.0324356
0.0360129
0.0332058
0.0345435
0.0324508
0.0330488
0.0324937
0.0311759
0.0329699
0.0326762
0.0359882
0.0380209
0.0346888
0.0361569
0.0375797
0.033655
0.0423083
0.0312471
0.0380886
0.0337083
0.0374168
0.0364417
0.0364527
0.0365593
0.0330762
0.032618
0.0363329
0.0328299
0.0346455
0.0345405
0.0331242
0.0334911
0.034553
0.0319498
0.0340023
0.0341059
0.0366392
0.0386838
0.0393239
0.0329878
0.036098
0.0307912
0.0332133
0.0335419
0.0347003
0.0360682
0.0356494
0.0351967
0.0369938
0.036049
0.0352512
0.0398027
0.0364089
0.0331151
0.0382474
0.038878
0.034135
0.0339206
0.0345902
0.0303915
0.0334869
0.0332779
0.0295708
0.0315181
0.032298
0.0377928
0.0376788
0.0388259
0.033343
0.0315586
0.0344579
0.0329139
0.035515
0.0327919
0.0325998
0.0319231
0.0327496
0.0332411
0.0326718
0.0309422
0.0388692
0.0340268
0.0327461
0.0356178
0.0331044
0.0337057
0.0341285
0.0312949
0.0309475
0.0316463
0.0282072
0.03127
0.0323199
0.0284021
0.0316591
0.0328184
0.0316997
0.0331591
0.0325176
0.0345678
0.0348368
0.0363133
0.0373973
0.0360341
0.0355759
0.0360548
0.0387532
0.036795
0.0356702
0.0357688
0.0342272
0.0332451
0.0340183
0.0358954
0.0355063
0.0354551
0.0345604
0.0388299
0.0440131
0.0390677
0.0360955
0.036915
0.036436
0.0367569
0.0403857
0.0354721
0.0348253
0.0398534
0.0353984
0.0388133
0.0348514
0.0392563
0.0368255
0.0368619
0.0382749
0.034777
0.0356718
0.0380906
0.0388743
0.034022
0.04244
0.0370432
0.0401507
0.0386421
0.036876
0.0389708
0.0375535
0.0338819
0.0347023
0.0350259
0.0313168
0.0321914
0.0322216
0.0292056
0.0316291
0.0308646
0.0332864
0.0300963
0.0298033
0.0294808
0.0309252
0.0320004
0.0324606
0.0328775
0.0337786
0.0371137
0.0344322
0.0381546
0.0354571
0.0355848
0.0343498
0.0382759
0.0340558
0.0349586
0.0353532
0.03446
0.0357238
0.0347191
0.0383698
0.0432853
0.0408059
0.0385396
0.0385606
0.0369131
0.0333789
0.0359207
0.0390107
0.0354701
0.0339825
0.0353246
0.0363914
0.0335614
0.036176
0.0342315
0.0344435
0.0354793
0.0392649
0.0377046
0.0380664
0.0413734
0.041019
0.0410821
0.0371207
0.0435389
0.039863
0.0402484
0.0418018
0.0408041
0.0415858
0.0407739
0.0397972
0.0367102
0.0398966
0.0375241
0.0389574
0.0372576
0.03974
0.0397037
0.041043
0.0522938
0.0444137
0.0420695
0.0403204
0.0418565
0.0401918
0.0377807
0.0398147
0.0374422
0.0368746
0.0342871
0.0406745
0.0329009
0.0380494
0.0353121
0.0367935
0.0377241
0.0348878
0.0352861
0.0350326
0.0338734
0.0347797
0.0309498
0.0342084
0.0343579
0.0319505
0.0347908
0.0307825
0.0319207
0.0338009
0.0358961
0.0317994
0.0339821
0.0328733
0.034314
0.0350835
0.0383183
0.0390335
0.0349303
0.0353889
0.0369159
0.0326269
0.0353583
0.0369428
0.0328952
0.0363908
0.0349489
0.0350525
0.0331831
0.0345086
0.0350685
0.0422882
0.0335376
0.0332282
0.0347105
0.0339705
0.036058
0.0373557
0.0356678
0.0352883
0.0342993
0.0356876
0.0355698
0.0378496
0.0343475
0.0345943
0.0354871
0.0337235
0.0351241
0.0367408
0.0340169
0.0346183
0.0359292
0.0354216
0.0319259
0.0360837
0.0361513
0.0370528
0.0323545


