0.0167307
0.0154283
0.0142944
0.0306632
0.0258307
0.0255987
0.0272379
0.025387
0.0282736
0.0278485
0.0317926
0.0379603
0.0301589
0.0328088
0.0323656
0.0312174
0.0329185
0.0338799
0.030089
0.0324818
0.0314046
0.032141
0.0321964
0.0324601
0.0313302
0.033946
0.0333643
0.0337588
0.035095
0.0324379
0.0347298
0.0350377
0.0311223
0.0332776
0.0350819
0.0366609
0.0343465
0.0370943
0.0365127
0.0368553
0.0353995
0.0362361
0.0323814
0.0366633
0.0381655
0.0383656
0.0367342
0.0386724
0.0360931
0.0336411
0.0243893
0.023817
0.0141406
0.0268243
0.0154559
0.0150329
0.0170422
0.0150324
0.0151573
0.0151569
0.015451
0.0145008
0.0150345
0.0151319
0.0149038
0.014832
0.0149641
0.0148119
0.0146606
0.0150478
0.015372
0.0146584
0.0169291
0.0152138
0.0150206
0.0148023
0.0155075
0.01484
0.0152522
0.0150804
0.0155684
0.0149138
0.0154111
0.0144731
0.0149669
0.0144681
0.0149744
0.016427
0.0174596
0.014109
0.0151414
0.0175321
0.0147479
0.0160014
0.0134086
0.0147462
0.014238
0.014855
0.0144353
0.0154207
0.0300999
0.0251575
0.0266437
0.0262932
0.0263038
0.0274255
0.0325924
0.0323492
0.0325983
0.0329595
0.0342389
0.0371112
0.0369775
0.0361225
0.0330177
0.0318424
0.0358054
0.0403205
0.036096
0.0323387
0.0372589
0.0368478
0.037429
0.0379911
0.0369535
0.0354294
0.0344116
0.0370497
0.0343661
0.0362921
0.0365415
0.0342431
0.0371527
0.0383498
0.0365809
0.035263
0.0394455
0.0373533
0.0381582
0.0379479
0.0379501
0.0387611
0.0359065
0.0464295
0.0403988
0.0414795
0.0359538
0.0413624
0.0401005
0.0278859
0.0269831
0.0295463
0.0289374
0.0346168
0.031902
0.032697
0.0305414
0.0335437
0.0347933
0.032378
0.0317921
0.0321208
0.0315073
0.0312906
0.0325221
0.0337151
0.0321975
0.033613
0.0335384
0.0322836
0.031165
0.0321273
0.0310576
0.0331915
0.0340333
0.0319387
0.0324361
0.0312348
0.0324485
0.0343863
0.0306936
0.0334297
0.0336534
0.0296845
0.0307127
0.0301611
0.0309801
0.0326337
0.0333981
0.0296431
0.0311363
0.0350879
0.0267775
0.0305128
0.0307681
0.0263972
0.0316128
0.0323302
0.0298511
0.0287091
0.0311121
0.0268337
0.0291703
0.0323733
0.0333067
0.031561
0.0290768
0.030003
0.0321045
0.0313888
0.0291018
0.0308125
0.0303878
0.0305143
0.0293108
0.0307684
0.03076
0.0291281
0.0301792
0.0317074
0.0291467
0.0309091
0.0332899
0.0291432
0.0322427
0.0331764
0.0300082
0.0313918
0.0320993
0.0285523
0.0331987
0.0351754
0.0307624
0.0322733
0.0344872
0.0343493
0.031903
0.0327782
0.0323938
0.0338645
0.0335284
0.0337396
0.0313876
0.0374103
0.036041
0.0330288
0.0337447
0.0321376
0.0317837
0.0354439
0.0349616
0.0319525
0.0327966
0.0336221
0.0336024
0.0330755
0.0293003
0.0305303
0.0305282
0.032345
0.0305209
0.0311568
0.0316339
0.0295909
0.0308456
0.0311384
0.0292193
0.0303937
0.0306772
0.0306483
0.0283676
0.0317358
0.0324418
0.0303153
0.0314913
0.0317413
0.0329502
0.0318822
0.0307679
0.0338386
0.0334546
0.0295286
0.0327861
0.0339012
0.0305292
0.0320454
0.0324117
0.0313236
0.032664
0.0308303
0.0332975
0.0317968
0.0347695
0.0359761
0.0302651
0.0318978
0.0349366
0.0310537
0.0318179
0.0310583
0.0315287
0.0317369
0.029315
0.0290472
0.0326156
0.0363052
0.0315643
0.0329985
0.0330753
0.0337154
0.0364777
0.0336207
0.0337019
0.0317302
0.0326644
0.0369352
0.0314666
0.0329762
0.0324614
0.0337663
0.0307016
0.0300218
0.0307596
0.0296407
0.0311071
0.0320697
0.0288118
0.0294734
0.0308188
0.030632
0.0321055
0.0356298
0.0304085
0.0322268
0.0315673
0.0313892
0.0327652
0.0308878
0.0313764
0.0337957
0.0322307
0.0308747
0.0323785
0.0302907
0.0315249
0.0325732
0.0302476
0.0306684
0.0321479
0.0290211
0.032671
0.0337545
0.0308635
0.0324339
0.0324657
0.0308607
0.0313753
0.0313992
0.0311261
0.0323045
0.0330958
0.0305889
0.029768
0.0302067
0.0322933
0.0284562
0.0301314
0.033378
0.0356272
0.0305586
0.0341445
0.0320645
0.031507
0.0324708
0.0317582
0.0314805
0.0321556
0.0330356
0.0293468
0.0311934
0.0327224
0.0322108
0.032408
0.0318072
0.0288905
0.0317016
0.0301766
0.0319781
0.0332672
0.0296774
0.0295583
0.0321026
0.0310088
0.0318375
0.0299762
0.0315193
0.033435
0.0301625
0.0298625
0.0298108
0.0318041
0.0272767
0.0336972
0.0320207
0.0334161
0.0321978
0.0378853
0.031452
0.0320899
0.0383966
0.0296243
0.0302352
0.0294358
0.0273171
0.0291805
0.0298028
0.0300296
0.031332
0.031104
0.0309153
0.0297574
0.0311316
0.0297661
0.0279261
0.0290705
0.0290769
0.0287743
0.0323629
0.0293089
0.0306468
0.0303099
0.0309647
0.0310138
0.0304246
0.0303174
0.032756
0.0308012
0.0307832
0.0295982
0.0309575
0.0315318
0.0298534
0.0323372
0.029352
0.0297548
0.0292426
0.0313892
0.0294007
0.0285742
0.0279699
0.0295214
0.0289514
0.0343927
0.0280598
0.0298593
0.0304766
0.030865
0.0310452
0.0320589
0.031505
0.0305645
0.0308899
0.0331628
0.029867
0.0312501
0.031433
0.0322159
0.0327942
0.0315185
0.029132
0.0314934
0.0312506
0.0292703
0.0307119
0.0325115
0.0287584
0.0316494
0.0300998
0.0303647
0.0298478
0.0301297
0.0339514
0.0289911
0.0291606
0.029426
0.029582
0.0297638
0.0313973
0.0315913
0.0311718
0.0320502
0.0323688
0.0317916
0.0310504
0.0314268
0.0334113
0.0314453
0.0319487
0.0325704
0.0324201
0.0303567
0.0313163
0.031257
0.0334924
0.0315433
0.0309249
0.0286672
0.0304993
0.0302475
0.0293207
0.0314277
0.0361077
0.0314199
0.0294238
0.0294602
0.0303426
0.0306127
0.0306543
0.0284003
0.031043
0.0301259
0.0307036
0.0290173
0.0281285
0.0303474
0.0314224
0.029548
0.029275
0.0269378
0.0300665
0.0298988
0.0282583
0.0280541
0.0289901
0.0304843
0.0299442
0.0311903
0.0293239
0.0275867
0.0277372
0.027328
0.0325662
0.0272878
0.0317021
0.0267644
0.0288918
0.0286445
0.0252953
0.0261645
0.0279227
0.0241706
0.0259841
0.029683
0.0231528
0.0292311
0.0303332
0.0220255
0.026209
0.0232241
0.0210832
0.0226491
0.0222806
0.0207722
0.0211019
0.0220004
0.0192762
0.0205989
0.0214767
0.0198798
0.0203069
0.0215332
0.0203687
0.0248247
0.0200261
0.0208581
0.0212923
0.0241739
0.0235967
0.0212595
0.0221333
0.0224007
0.0227072
0.0215246
0.0219854
0.0215993
0.0221615
0.0234135
0.0217222
0.0227659
0.0233255
0.0266864
0.021744
0.0246679
0.0230274
0.0206133
0.0217326
0.0231506
0.0215037
0.0217212
0.0223515
0.0210392
0.0225685
0.0218038
0.0225897
0.0214799
0.0231744
0.0230193
0.0223028
0.0235716
0.0233564
0.0231547
0.0273922
0.0216454
0.0227374
0.0221564
0.0237854
0.022266
0.0247253
0.0273419
0.0216591
0.0228271
0.0223724
0.0225058
0.0231071
0.0204356
0.0217825
0.0257824
0.0232492
0.0213859
0.0245868
0.0245208
0.0208374
0.0218514
0.0229325
0.0245419
0.0209418
0.0251235
0.026193
0.0212402
0.0189646
0.0207975
0.020013
0.0189248
0.0227287
0.0208551
0.0199327
0.0191262
0.0234494
0.0212057
0.0223685
0.0206578
0.0206168
0.0191636
0.020935
0.0204394
0.0226591
0.0213064
0.0218179
0.0227165
0.0229708
0.0192947
0.0210074
0.0202333
0.0207631
0.019756
0.0210424
0.0213234
0.0224372
0.0245285
0.0217896
0.0223388
0.0236235
0.0247758
0.0241067
0.0226836
0.0250241
0.0260967
0.0235228
0.0256127
0.0250672
0.0204302
0.0224786
0.0212983
0.022351
0.0249785
0.019854
0.0210531
0.0219388
0.0199958
0.0199309
0.0219085
0.0219097
0.0199758
0.0204262
0.0191917
0.0221543
0.0217515
0.0268958
0.0221393
0.0242662
0.0226414
0.0248479
0.0238871
0.0224705
0.0242743
0.0217619
0.0230911
0.0216141
0.0210841
0.019705
0.0204892
0.0193906
0.0198812
0.0204317
0.0189263
0.0197626
0.0228081
0.0183432
0.018224
0.0232363
0.0214529
0.0215831
0.0233329
0.0214731
0.0240825
0.0225994
0.0257062
0.0242703
0.0256693
0.024796
0.0228796
0.0250006
0.0238529
0.0244923
0.0246946
0.0257767
0.0226081
0.0250191
0.0273573
0.0260128
0.0262742
0.0238778
0.0259115
0.0251863
0.0264841
0.0256893
0.0222261
0.0244687
0.0235069
0.02161
0.025188
0.0251624
0.0268575
0.026994
0.0212537
0.0224739
0.0235926
0.0194174
0.0229759
0.0214496
0.0212229
0.0278218
0.0216048
0.0225838
0.0225226
0.0219958
0.0195625
0.0235029
0.0244982
0.0267726
0.0233075
0.0253936
0.0265674
0.0245112
0.0284226
0.0248835
0.0269233
0.0253795
0.0225315
0.0222023
0.0210598
0.0250684
0.0210526
0.0254467
0.020984
0.0203952
0.0230886
0.0214772
0.0226122
0.0205029
0.0202508
0.0211648
0.0195641
0.0205334
0.0203873
0.0218519
0.0215297
0.0217242
0.0219573
0.0215007
0.0225625
0.0210512
0.0220058
0.022428
0.0203756
0.0336183
0.0229047
0.0219281
0.022908
0.021932
0.0217227
0.0234142
0.0231511
0.0229613
0.0224148
0.0243651
0.0241602
0.0253007
0.0265085
0.0260706
0.0229824
0.0260024
0.0276048
0.0278084
0.0265177
0.0247203
0.0305373
0.0274168
0.0243156
0.0258605
0.027676
0.0254769
0.0238061
0.0240298
0.0230546
0.0255201
0.0244303
0.0228774
0.0272648
0.0276719
0.0220064
0.0262865
0.0272901
0.0271689
0.02593
0.025381
0.0248988
0.0237112
0.0240768
0.0247677
0.0244943
0.0277644
0.0280291
0.0278494
0.0284603
0.0274925
0.0279437
0.0279301
0.0279812
0.027467
0.0277187
0.0309617
0.0291081
0.0294043
0.0282801
0.028917
0.0275949
0.0291506
0.029614
0.0298898
0.0289652
0.028985
0.0304049
0.0283171
0.0280337
0.0285737
0.0271388
0.0278121
0.0275826
0.0286543
0.0298651
0.0265766
0.0280928
0.026508
0.0264529
0.0270501
0.027371
0.0317959
0.026153
0.0292293
0.0299482
0.0277127
0.0288706
0.0286947
0.0277396
0.0272281
0.0278937
0.0278077
0.0274463
0.0272672
0.0288235
0.0303626
0.0284003
0.0292795
0.0273453
0.0269285
0.0280218
0.0270033
0.0272839
0.0252361
0.0262875
0.0261789
0.0297717
0.0253452
0.0281094
0.028224
0.0253776
0.0269272
0.0266273
0.0267019
0.0276418
0.0253057
0.02772
0.0289354
0.0246525
0.024644
0.0265953
0.0252082
0.0248924
0.0251151
0.0239658
0.0262257
0.0255858
0.0240509
0.024481
0.0262339
0.0235961
0.0280838
0.0235138
0.0228677
0.0234541
0.022224
0.0230143
0.0223406
0.0222243
0.0213603
0.0215731
0.0205422
0.0215933
0.0207477
0.0211274
0.0209556
0.0223468
0.0213466
0.0201443
0.021616
0.0197058
0.0196031
0.0211368
0.020911
0.0209136
0.0224544
0.0200972
0.0194203
0.0249608
0.0248178
0.0232273
0.0203676
0.0215768
0.0216562
0.0252391
0.0231349
0.0213164
0.0246301
0.0233481
0.0240585
0.0229512
0.0237809
0.0250262
0.0236882
0.0231063
0.0223794
0.0235451
0.0248772
0.0217186
0.0229019
0.0286263
0.0239867
0.025388
0.0240019
0.0268177
0.0254517
0.0240515
0.025847
0.0248955
0.0233404
0.0301078
0.0288719
0.0228192
0.0247976
0.0248128
0.0226752
0.0255032
0.0261896
0.0257689
0.0271116
0.0263182
0.0234273
0.0245374
0.0244196
0.0240847
0.022145
0.0250241
0.026681
0.0220872
0.0239434
0.0234862
0.0209435
0.0246404
0.0217835
0.0220558
0.025011
0.0231104
0.0196071
0.0207689
0.0229463
0.0216252
0.0194734
0.0223022
0.0214504
0.0214161
0.0236443
0.023939
0.0229995
0.0218514
0.0239488
0.0236544
0.0213765
0.0230176
0.0234356
0.021043
0.019585
0.0209352
0.0209116
0.0236895
0.022133
0.0218303
0.0248544
0.0219153
0.0243275
0.0232154
0.0234193
0.0223773
0.0197617
0.0221095
0.0230914
0.0226096
0.0236031
0.0261314
0.0279824
0.0293601
0.0241395
0.0309202
0.0262362
0.0258948
0.0257494
0.0268421
0.0252032
0.0240315
0.0238513
0.027133
0.0253746
0.0238289
0.0236774
0.0235948
0.025358
0.0210249
0.0245438
0.0237873
0.0263093
0.0250331
0.021656
0.0249388
0.0259522
0.0221048
0.0253843
0.0260318
0.0234987
0.0310881
0.0266553
0.0210059
0.0227396
0.0224512
0.0211405
0.0217238
0.0205769
0.0220735
0.0219724
0.0199951
0.0222111
0.0205592
0.0212709
0.020121
0.0209956
0.021571
0.0246949
0.0241168
0.0268948
0.0253698
0.0261616
0.0243811
0.0233587
0.024313
0.0226421
0.021207
0.0209587
0.0202404
0.0194497
0.0244715
0.0223793
0.0202512
0.0223577
0.0209304
0.0215683
0.0208424
0.0199908
0.0208358
0.0194112
0.021377
0.0193886
0.0202531
0.0227152
0.0217602
0.0227017
0.0237019
0.0223618
0.0231526
0.0242462
0.0234139
0.0240666
0.0252345
0.0252825
0.0232156
0.0257983
0.0284543
0.0277315
0.025869
0.0229766
0.0250954
0.0244872
0.0238479
0.024835
0.023533
0.0244736
0.0246661
0.023838
0.0239816
0.0259629
0.0266483
0.022571
0.0261872
0.0231119
0.0238862
0.0249844
0.0249921
0.0193782
0.0249823
0.020989
0.0254937
0.0214891
0.0253749
0.0249507
0.0255775
0.0255361
0.0221512
0.0215522
0.020009
0.0266396
0.0255066
0.0232589
0.0236451
0.0243875
0.0245107
0.0238414
0.0245145
0.0238162
0.0236116
0.0216262
0.0250079
0.0213208
0.0205578
0.0224131
0.020872
0.0187094
0.0207409
0.0202506
0.0199786
0.0191058
0.0209027
0.0186687
0.0193934
0.0185984
0.0199102
0.0205952
0.0218264
0.0219147
0.0228685
0.0226995
0.021279
0.0266177
0.0257407
0.0243713
0.0263151
0.0279149
0.0281654
0.029235
0.0263758
0.0265901
0.0264677
0.02713
0.0275548
0.024909
0.0264746
0.0265825
0.0237642
0.0241868
0.0244511
0.0257612
0.023711
0.0235445
0.0245337
0.0263056
0.0238767
0.0233628
0.0255112
0.0247291
0.0246092
0.0244749
0.0250607
0.0262545
0.0250867
0.023818
0.0251593
0.0247506
0.0255069
0.0257179
0.0262865
0.0260536
0.0257745
0.0257682
0.0263133
0.0247866
0.0255967
0.025771
0.0261908
0.0267875
0.0272922
0.025981
0.0262515
0.0290788
0.0318504
0.0258529
0.0267687
0.0276015
0.0267558
0.0266167
0.0267292
0.0265686
0.0269985
0.0287153
0.0288915
0.0269547
0.0303098
0.0297895
0.0283587
0.028308
0.0271571
0.0282702
0.0295605
0.0309175
0.0287759
0.0310409
0.028086
0.029183
0.0311193
0.0311867
0.0287534
0.029222
0.0292855
0.029311
0.0285213
0.0278866
0.030934
0.0308718
0.0284932
0.0299328
0.0280418
0.0275111
0.0272346
0.0269573
0.026746
0.0290301
0.0279424
0.0260708
0.0268131
0.0252709
0.0272596
0.0277999
0.0265162
0.0270058
0.0297195
0.0295138
0.0273684
0.0285475
0.0292517
0.0308614
0.0305895
0.0290037
0.0281989
0.0285984
0.0285998
0.0313042
0.027794
0.0295138
0.029095
0.0301607
0.0286848
0.0288212
0.028611
0.0277326
0.0300136
0.0320069
0.0263644
0.0274655
0.0271325
0.0277531
0.0262257
0.0266658
0.0268483
0.029426
0.0324502
0.0270728
0.0249857
0.0259444
0.0273064
0.0274954
0.0254662
0.0262012
0.0263023
0.0250664
0.0258166
0.027006
0.0285552
0.023464
0.0246141
0.0237849
0.0241996
0.0245191
0.0252783
0.0252946
0.0242127
0.0242478
0.0240504
0.0237858
0.0240745
0.0285028
0.0268432
0.0269477
0.0290489
0.0292143
0.0274013
0.0279885
0.0278878
0.0276099
0.0299531
0.0317044
0.0292074
0.030748
0.0326397
0.0319926
0.0323285
0.0351458
0.0358018
0.0325904
0.031549
0.0318184
0.0320583
0.0311745
0.0337951
0.0312201
0.0307638
0.0300804
0.0321845
0.0286671
0.0302434
0.0334538
0.0289974
0.0301328
0.0303387
0.029398
0.028361
0.0290734
0.0276681
0.0291669
0.0331397
0.0273323
0.0294005
0.0297499
0.0277497
0.0278745
0.0284208
0.0318137
0.0276499
0.0287412
0.0277425
0.0275544
0.0272979
0.0279402
0.0260025
0.0261146
0.0264739
0.0262518
0.0259854
0.0271151
0.0256195
0.029953
0.0268857
0.0259262
0.026138
0.0297188
0.0257154
0.0264421
0.0262804
0.0282746
0.0310553
0.0270558
0.0277491
0.0271564
0.0271223
0.0268667
0.0302617
0.0308326
0.0276899
0.0269037
0.0279792
0.02616
0.0276026
0.0287526
0.0275537
0.025938
0.0261549
0.0263477
0.0260147
0.0263137
0.02604
0.0258607
0.0256911
0.0299083
0.0275556
0.0243119
0.0249409
0.0229541
0.0271324
0.0247535
0.023189
0.0244724
0.025815
0.0251875
0.0265732
0.0255737
0.026226
0.0289835
0.0267009
0.0287359
0.027018
0.0271877
0.0266908
0.0268037
0.0282797
0.0255946
0.0281352
0.0273775
0.0285097
0.0311428
0.0303812
0.027437
0.0268539
0.0269481
0.0275707
0.0271179
0.0265212
0.0271237
0.0282876
0.0264999
0.0253289
0.0267322
0.0266346
0.0303628
0.0273745
0.0271743
0.029604
0.0284679
0.0276968
0.0286282
0.0279531
0.0311498
0.0304851
0.0289616
0.0290257
0.0291573
0.0290003
0.0290882
0.0277919
0.0286085
0.0289396
0.0289849
0.0283404
0.0297966
0.0281145
0.0287288
0.0285607
0.0288744
0.0290988
0.0280823
0.0288516
0.0291961
0.0302854
0.0306773
0.0313399
0.028714
0.0285236
0.0283722
0.0296932
0.0290522
0.0306031
0.0298163
0.030068
0.0297641
0.028235
0.0291728
0.0298417
0.0293475
0.0288636
0.0292018
0.0286238
0.0288675
0.0298544
0.0279109
0.0314577
0.0313697
0.0285359
0.0289341
0.02789
0.0289001
0.0288775
0.0288637
0.0292615
0.0292082
0.0310763
0.0288564
0.0294931
0.029416
0.0309974
0.0298111
0.0299224
0.0297205
0.0301854
0.0290129
0.0303652
0.0306803
0.0290782
0.029543
0.0296722
0.0278735
0.0288069
0.028592
0.0289553
0.029059
0.0276774
0.0284187
0.0260714
0.0278817
0.0262493
0.0272268
0.0270526
0.0290946
0.0269369
0.0278415
0.0306657
0.031237
0.0305255
0.0308132
0.0300337
0.0306912
0.0296321
0.0293453
0.0293397
0.0310837
0.0292077
0.0286774
0.0272263
0.0283041
0.0306893
0.0298719
0.0312384
0.0284668
0.0272419
0.0282455
0.0291983
0.0282125
0.0271628
0.0256877
0.028844
0.0293283
0.0283277
0.0272948
0.0287056
0.0294085
0.0288551
0.0288145
0.0278086
0.030145
0.0316236
0.0282688
0.0305945
0.0300561
0.0276141
0.0263114
0.0269767
0.0278059
0.0288146
0.0320655
0.0287469
0.0283914
0.0284702
0.0291905
0.0293968
0.0287431
0.0287603
0.0283131
0.028461
0.0279146
0.0296325
0.0314027
0.0275617
0.0307362
0.0291178
0.0309985
0.0288174
0.0287608
0.0285436
0.028658
0.0292268
0.0287431
0.0267836
0.0293341
0.0264541
0.0274715
0.0274304
0.0276671
0.0295638
0.0279944
0.028636
0.0293182
0.029543
0.0265978
0.0267474
0.0264805
0.0261503
0.027452
0.0289688
0.028272
0.027052
0.0290577
0.0299791
0.0292614
0.0290959
0.028015
0.0293925
0.0315879
0.0294746
0.0302011
0.0288584
0.0291217
0.0287026
0.0280988
0.0282225
0.0282972
0.0285997
0.0280269
0.0294347
0.0282485
0.0270703
0.0286325
0.0283099
0.028536
0.0278329
0.0290896
0.0296271
0.0290546
0.0287539
0.0295537
0.0288475
0.0294016
0.0297272
0.0281375
0.0287877
0.0292885
0.0289435
0.027507
0.0279042
0.0276955
0.0272773
0.0272152
0.0293882
0.0272295
0.027952
0.0273299
0.0291804
0.0279037
0.0266548
0.0277733
0.0277036
0.0282424
0.0281234
0.0282846
0.0284724
0.0288965
0.0375217
0.0302499
0.0307183
0.0284839
0.0289129
0.0292627
0.029629
0.0290025
0.0290791
0.0291555
0.0292491
0.0298992
0.0285505
0.0351287
0.0279935
0.0288193
0.0292859
0.0311223
0.0278656
0.0285147
0.0295342
0.0295696
0.0302893
0.0295236
0.0293211
0.0307849
0.0318161
0.0314287
0.030448
0.0312465
0.0322775
0.0335659
0.0351108
0.0325829
0.0307313
0.0300131
0.02946
0.0297366
0.0283803
0.0330717
0.0279214
0.0268442
0.0277304
0.027708
0.0278041
0.0285598
0.0299334
0.0272276
0.0272347
0.02627
0.0324714
0.0269795
0.0268083
0.0258607
0.0267427
0.028708
0.0321606
0.0310288
0.0267507
0.0274515
0.0273979
0.0283223
0.0289468
0.027445
0.0292427
0.02957
0.0308803
0.029969
0.0305481
0.0333702
0.0313289
0.0316854
0.0298238
0.0294492
0.0297771
0.0315946
0.0314282
0.0292058
0.0305216
0.0309221
0.0301348
0.0296351
0.0304882
0.0312723
0.0336297
0.0290975
0.030841
0.0312316
0.0287855
0.0271887
0.0287217
0.0304548
0.0303066
0.0294291
0.0284894
0.0307108
0.0334008
0.0332464
0.0300454
0.0315074
0.0307092
0.0310331
0.0307225
0.0306834
0.0310047
0.0320701
0.0305408
0.03258
0.0316782
0.0330987
0.0306944
0.0312764
0.0305592
0.0304333
0.0306688
0.0313435
0.0308284
0.0322948
0.0308265
0.030131
0.03013
0.0306824
0.0314984
0.0315653
0.0322992
0.0311471
0.0352963
0.0330765
0.0323554
0.0307554
0.032282
0.0295046
0.029533
0.0300762
0.0304469
0.0308956
0.0323752
0.0291659
0.0297655
0.0299333
0.0299462
0.0289957
0.0293011
0.0310534
0.0301132
0.0296985
0.0328784
0.0305107
0.0292829
0.0303354
0.0297104
0.0299712
0.0296851
0.0316996
0.0296596
0.0327821
0.0299997
0.0313454
0.0298359
0.0304508
0.0296512
0.0298069
0.0299977
0.0298221
0.0293402
0.0307757
0.0313139
0.031691
0.0303428
0.0306133
0.0296729
0.0300418
0.0303518
0.0296691
0.029814
0.0297071
0.0314477
0.0308172
0.0315582
0.0316082
0.0301305
0.0303785
0.0304952
0.0303067
0.0303675
0.0307448
0.0330394
0.0339429
0.0335833
0.0296628
0.0310317
0.029727
0.0313167
0.0302137
0.0311012
0.031543
0.0316657
0.0318537
0.0321798


