0.0135899
0.0182028
0.0168703
0.0141938
0.0155331
0.0155776
0.0145316
0.0151674
0.0146307
0.0142873
0.0150536
0.0140461
0.0182138
0.0140993
0.015973
0.0183974
0.0166578
0.0164709
0.016211
0.0146008
0.0141248
0.0144099
0.0135824
0.0146049
0.0171152
0.013364
0.017442
0.015533
0.0153554
0.0172486
0.0134508
0.0141423
0.015482
0.0154713
0.016071
0.017648
0.0186051
0.0165806
0.0136908
0.0169145
0.013982
0.0180377
0.0133119
0.0146152
0.0171056
0.0166465
0.0178673
0.0166335
0.0153865
0.0151008
0.0162082
0.0166568
0.0150827
0.0142988
0.0147534
0.0173385
0.0143935
0.0132623
0.013904
0.013501
0.0138606
0.0170667
0.0143515
0.0143496
0.0177165
0.0188505
0.0158656
0.0171114
0.0170352
0.0168885
0.0181595
0.0176579
0.0175214
0.0177694
0.0187147
0.0146717
0.0137571
0.0181185
0.0139505
0.0139365
0.0136205
0.018159
0.0162516
0.0132832
0.0154897
0.0161611
0.0170329
0.0147136
0.014304
0.0170632
0.0172043
0.0223815
0.0161016
0.0192061
0.0171025
0.0203409
0.0172755
0.0170221
0.0185965
0.0178442
0.0179858
0.0180692
0.0190541
0.020288
0.0228026
0.0191228
0.0222904
0.0214348
0.0207123
0.0214824
0.0219549
0.0251623
0.0266336
0.0262802
0.0265917
0.0301136
0.0283771
0.0306779
0.0281998
0.0319131
0.0320511
0.0354869
0.0308483
0.0315413
0.0340431
0.029853
0.0375427
0.0380066
0.0381005
0.0391696
0.0338577
0.0397038
0.0363012
0.0375531
0.0318318
0.036993
0.038646
0.0338291
0.0319958
0.0362216
0.0352972
0.0354929
0.0332542
0.0359656
0.0310678
0.0346621
0.0350185
0.0326426
0.0376602
0.0297137
0.0344694
0.0322575
0.0358251
0.0322107
0.032525
0.0353913
0.0326065
0.0354731
0.0376019
0.0348248
0.0310098
0.0344083
0.0345037
0.0325551
0.0314804
0.0358942
0.027449
0.0284059
0.0294776
0.0299949
0.0296289
0.0325357
0.0337721
0.0344199
0.0326935
0.0323112
0.0297184
0.0314099
0.0267076
0.0298528
0.0284873
0.0280743
0.0340887
0.0330538
0.0321852
0.0370932
0.038087
0.0349033
0.032657
0.0391618
0.0329185
0.0333856
0.0383342
0.0329532
0.0431987
0.0362181
0.0309128
0.0366087
0.0354245
0.0340292
0.0347306
0.0335355
0.0338856
0.0375832
0.0361692
0.0382396
0.0365483
0.0405982
0.0346184
0.0426265
0.0347563
0.0358151
0.0352734
0.0313861
0.0340469
0.0358199
0.0346327
0.0400286
0.039799
0.0349482
0.0359076
0.0423093
0.0310687
0.0319078
0.0387886
0.0378002
0.0298104
0.0353649
0.0344703
0.0313893
0.0332117
0.0385832
0.036445
0.0336355
0.0329782
0.0329852
0.033403
0.0332094
0.0318964
0.0362352
0.0354061
0.0329577
0.039285
0.0333093
0.0361
0.0303513
0.0301413
0.0304733
0.0331683
0.031987
0.0327295
0.0328587
0.0357878
0.0362965
0.0332648
0.0298357
0.0348319
0.0342974
0.032054
0.0364253
0.0266436
0.0287928
0.0293115
0.0298494
0.0277837
0.0317034
0.0311531
0.0317252
0.0352363
0.0297729
0.0369384
0.0334372
0.0294056
0.0317054
0.026078
0.0297712
0.0292094
0.029851
0.0275114
0.0348376
0.0340343
0.0316787
0.0306211
0.033046
0.0314057
0.0322271
0.0371129
0.0285401
0.0284319
0.0321046
0.0314734
0.0342929
0.0409812
0.0366284
0.030954
0.0301167
0.0306816
0.030094
0.0304082
0.0320573
0.0364339
0.0323838
0.0332137
0.0377139
0.0364258
0.0425888
0.0360155
0.0323933
0.0369492
0.0379073
0.0342207
0.0320555
0.0311958
0.0348589
0.0332829
0.03753
0.0363272
0.0395983
0.0343675
0.0402305
0.0334901
0.0334162
0.033113
0.0331203
0.03352
0.0323413
0.0324344
0.0340992
0.0356387
0.0352908
0.0344379
0.0372433
0.0349149
0.0350752
0.0420406
0.0389482
0.0367873
0.0375405
0.03229
0.0320763
0.0316741
0.0376655
0.0394321
0.0409651
0.0318538
0.0317391
0.036054
0.0303654
0.0302995
0.0281274
0.034133
0.0315431
0.0308
0.0308172
0.0371775
0.0323454
0.030789
0.0319911
0.0368543
0.0302542
0.0260172
0.0304427
0.0305345
0.0306866
0.0296655
0.0278997
0.0347403
0.0395838
0.0333502
0.0312387
0.0357263
0.0348079
0.0305646
0.0340096
0.035268
0.0429689
0.0355157
0.0360513
0.0313191
0.0334509
0.0320174
0.0370462
0.038019
0.0350292
0.0388281
0.0356401
0.0355218
0.0343418
0.0359307
0.0326265
0.0364281
0.0323779
0.032476
0.0323998
0.0347634
0.0362332
0.0366372
0.0338142
0.035594
0.0328831
0.0308073
0.0314838
0.032787
0.0293672
0.0322148
0.0336007
0.0317755
0.0294538
0.0301234
0.0333037
0.0326447
0.0310856
0.0317811
0.0375583
0.036045
0.0334199
0.0316677
0.0360335
0.03316
0.0309572
0.0339736
0.0366983
0.0368224
0.0330024
0.031814
0.0325013
0.0368385
0.0352321
0.0337145
0.031695
0.0390024
0.034902
0.0296365
0.0315865
0.0336282
0.0373371
0.0314356
0.033852
0.0390694
0.0332689
0.0347437
0.0329052
0.0317411
0.0353723
0.0358972
0.0372155
0.0356224
0.0347113
0.0330818
0.0366158
0.0365861
0.0420006
0.0362681
0.0371537
0.0350656
0.0460655
0.0383437
0.0358544
0.0393139
0.0403733
0.0477656
0.0410636
0.0412849
0.0393483
0.0398582
0.0416066
0.03875
0.0382999
0.0419196
0.043954
0.0442194
0.0413838
0.0391934
0.0463593
0.0485449
0.0452743
0.0409088
0.0391592
0.0421355
0.0443163
0.0439868
0.0395667
0.0387988
0.0407464
0.0416706
0.0378564
0.0409796
0.0392425
0.0426933
0.041392
0.0381079
0.0432224
0.0420319
0.0438517
0.038215
0.0367588
0.0373224
0.0387643
0.0424809
0.0445189
0.0363983
0.0360506
0.0386622
0.0430742
0.0422735
0.0393613
0.0451363
0.0383456
0.0421829
0.042873
0.0407161
0.036378
0.0446833
0.0376772
0.0434167
0.0403611
0.0384595
0.0336365
0.0381813
0.0389996
0.0405473
0.0392123
0.0372317
0.03747
0.0412364
0.0398083
0.0377737
0.0355402
0.0451671
0.043278
0.0404802
0.0356404
0.0381423
0.0413873
0.0369887
0.0417894
0.0452937
0.0447403
0.0380418
0.0468769
0.0406812
0.0472891
0.0426329
0.0395074
0.0391191
0.0444446
0.0565278
0.040571
0.0409535
0.0415091
0.0429478
0.0417375
0.037156
0.0394295
0.0450218
0.047282
0.0407384
0.0385957
0.0410757
0.0394846
0.0428818
0.0433789
0.0423011
0.041132
0.0405041
0.0427201
0.038628
0.0390364
0.0386225
0.0446929
0.0380312
0.0380574
0.0362776
0.0355418
0.0396561
0.0389684
0.0365707
0.0337085
0.0325554
0.032273
0.0332842
0.0423906
0.0399626
0.0368087
0.0430937
0.0409699
0.0407482
0.0335828
0.0318939
0.0298942
0.0291791
0.0374264
0.0388452
0.0333481
0.0395091
0.0290426
0.0281969
0.0307507
0.0341609
0.0430871
0.0337013
0.0287304
0.02816
0.0304675
0.0375194
0.0394421
0.0353067
0.0270747
0.0279771
0.0264221
0.0336466
0.0320338
0.0295581
0.0252922
0.0266214
0.0268894
0.0274644
0.0325009
0.0281619
0.031704
0.0243859
0.0254225
0.0270165
0.0279676
0.0312477
0.0302464
0.0366376
0.0323834
0.0316982
0.0427672
0.0304377
0.0371277
0.030253
0.0303595
0.0315957
0.0318187
0.0394635
0.0319447
0.0347863
0.0379431
0.029696
0.0348802
0.034592
0.0305778
0.0329772
0.0337123
0.0315927
0.0315266
0.035666
0.0354416
0.0428443
0.0315341
0.0387727
0.0320714
0.0316382
0.0348258
0.0358228
0.0387174
0.0388751
0.0368115
0.0344449
0.0326438
0.0343714
0.0323636
0.0312487
0.0302077
0.0356853
0.0328145
0.0363573
0.0357918
0.031838
0.0321053
0.0331212
0.0371258
0.0340803
0.0332288
0.0348713
0.0338513
0.0360874
0.0339595
0.0328078
0.0339206
0.0361859
0.0365912
0.0343681
0.0371659
0.0293448
0.0302223
0.0338776
0.0338084
0.0378651
0.0350781
0.0315819
0.0357435
0.0322774
0.0366696
0.0347961
0.0296362
0.0341257
0.0343356
0.0333048
0.0368496
0.0371792
0.0297802
0.0313263
0.0355267
0.0368146
0.0373772
0.0348255
0.0341504
0.0343378
0.0336966
0.0333986
0.0324976
0.0334985
0.0332094
0.0353369
0.0321319
0.039907
0.0356214
0.0352566
0.0375438
0.0394573
0.0357211
0.039391
0.039133
0.035514
0.0375905
0.0331911
0.037536
0.0340446
0.0383738
0.0378626
0.0425169
0.036917
0.0374863
0.0343508
0.035426
0.0383103
0.0351684
0.0322073
0.0393703
0.0364651
0.0405255
0.0345541
0.0346913
0.0335264
0.0373761
0.0420305
0.0346061
0.0332847
0.0326289
0.0351354
0.0385775
0.042127
0.0422349
0.0325594
0.0331868
0.0397996
0.0391522
0.0406995
0.0398509
0.0334681
0.0382086
0.0364458
0.0396245
0.0390809
0.0380888
0.0367877
0.0389342
0.0331435
0.0335248
0.0366022
0.0453286
0.0367623
0.0326141
0.0356275
0.0404106
0.0401676
0.0429945
0.0385425
0.0373257
0.0431932
0.0359744
0.0355059
0.0433473
0.0403734
0.0409784
0.0363884
0.0358455
0.0395117
0.0376076
0.0377343
0.0396549
0.0346545
0.0347919
0.0413431
0.0378562
0.0385618
0.0391585
0.0397771
0.0357017
0.0310487
0.0333989
0.0383954
0.0345402
0.0337045
0.0395376
0.032045
0.0270225
0.0316243
0.0333236
0.0342859
0.0358128
0.0352092
0.0419675
0.0419061
0.0424062
0.0377356
0.0416518
0.0502504
0.0365291
0.0383469
0.0410553
0.0428753
0.0469325
0.0461506
0.044625
0.0465379
0.0386093
0.0384726
0.0452768
0.0402459
0.0399275
0.0387081
0.0369081
0.0319209
0.0299305
0.0321561
0.0366878
0.0343654
0.0322004
0.0361093
0.0324606
0.036108
0.0331589
0.0343635
0.0322621
0.0355118
0.0376625
0.0365276
0.0350912
0.0348168
0.0339129
0.0322324
0.0351316
0.0383531
0.0405885
0.0348683
0.0334766
0.0302933
0.0273429
0.0275244
0.0366408
0.0325642
0.031749
0.0327135
0.0298265
0.0326823
0.0320188
0.0394902
0.0344073
0.0314477
0.0315656
0.031881
0.0349207
0.0340239
0.0282969
0.0332427
0.0299838
0.0289541
0.0274281
0.0350951
0.0273971
0.038935
0.047382
0.0314232
0.0361501
0.0416415
0.0367399
0.0313353
0.0351454
0.0458039
0.0410715
0.0378455
0.0360898
0.0359523
0.0384872
0.0345375
0.0361422
0.0461402
0.0465167
0.0351677
0.0346011
0.0340081
0.0395575
0.0344633
0.0368311
0.0380297
0.0355953
0.0352439
0.0416244
0.0340464
0.0316797
0.0332111
0.042784
0.0397948
0.0383368
0.0368314
0.0326818
0.0329611
0.0351355
0.0364046
0.0354605
0.0340971
0.0307199
0.0313879
0.0290295
0.0287258
0.0279803
0.0301381
0.0350984
0.0248912
0.0251913
0.0255724
0.0299666
0.0357332
0.0349781
0.0376309
0.0393844
0.0355266
0.0364297
0.0360889
0.0404595
0.0361197
0.036922
0.0430437
0.0445464
0.0394431
0.036775
0.0393613
0.0460461
0.0385368
0.0368433
0.0394686
0.0412039
0.0399487
0.0364807
0.0435894
0.0408031
0.0437478
0.0386384
0.0390623
0.0417936
0.0443996
0.0412837
0.0369275
0.0392351
0.0407674
0.0400888
0.040584
0.0407406
0.0396525
0.0378155
0.0355023
0.0396118
0.04173
0.0411835
0.040027
0.0364789
0.0369491
0.0387072
0.0394513
0.0337582
0.0383015
0.0389851
0.031115
0.0313913
0.0351638
0.0346045
0.0382499
0.0425825
0.0355657
0.0373707
0.0338789
0.0356561
0.0405447
0.0526082
0.0375286
0.0330737
0.0384237
0.0372143
0.0343293
0.0345044
0.0341229
0.0348356
0.0453635
0.0311323
0.0312014
0.032683
0.0371941
0.0321541
0.0308843
0.0326207
0.0387428
0.0349043
0.0365543
0.0358672
0.0420168
0.0353475
0.0318235
0.0346914
0.0311532
0.0302788
0.0331884
0.0333904
0.0338015
0.0289871
0.0338858
0.029443
0.0409691
0.036694
0.0358902
0.0295608
0.0341157
0.027512
0.0312006
0.0417963
0.0301108
0.0307377
0.0291371
0.0298617
0.0358577
0.0301665
0.0288795
0.0307385
0.0328263
0.0337952
0.0295922
0.0312407
0.0303341
0.0285174
0.0349867
0.0326129
0.0313186
0.0313937
0.0359167
0.0352053
0.0306888
0.0346799
0.035961
0.0330454
0.0318503
0.0320819
0.0352691
0.0353113
0.0454907
0.0335625
0.0335891
0.0358719
0.0403853
0.0367111
0.0403344
0.0379583
0.0398465
0.0388399
0.0385911
0.0356091
0.037369
0.0432011
0.0339218
0.0397609
0.0346934
0.0403526
0.0388288
0.0410115
0.0439095
0.0362233
0.0354806
0.0324318
0.0391644
0.0378662
0.0416543
0.0316422
0.0340327
0.0358464
0.0407738
0.0304733
0.0341608
0.0306081
0.0389722
0.036908
0.0391623
0.0346606
0.0297479
0.0298742
0.0317179
0.0364694
0.0331209
0.0381634
0.0345672
0.0347022
0.0308988
0.0313036
0.0301382
0.03081
0.037559
0.0344214
0.0342083
0.0374858
0.0362073
0.0444158
0.0366425
0.0420037
0.0404475
0.0345724
0.0344045
0.0384192
0.0381749
0.037093
0.0346632
0.0352828
0.0410451
0.0377591
0.042514
0.0383518
0.0378788
0.0364655
0.0373251
0.0367677
0.0396938
0.0354175
0.0343112
0.0352007
0.0370265
0.0360725
0.0376255
0.036367
0.0388644
0.0359421
0.0362031
0.0366601
0.0340009
0.033083
0.0369543
0.0447088
0.0411349
0.0365753
0.034146
0.0336984
0.0378798
0.0318773
0.0255136
0.025266
0.0310324
0.0293352
0.0307295
0.0274512
0.0296207
0.0358337
0.0322577
0.0385034
0.0336684
0.034537
0.0371681
0.0328771
0.0405689
0.0310347
0.0297353
0.02902
0.0316383
0.0326736
0.0307428
0.0362001
0.039283
0.029725
0.0327054
0.0302905
0.0277772
0.0298162
0.0264882
0.0278121
0.0308778
0.0325749
0.025424
0.028018
0.0287175
0.0345691
0.0453167
0.0248183
0.0281862
0.0320392
0.0344539
0.0294224
0.0272118
0.0301237
0.030138
0.0335647
0.0335449
0.034226
0.0327936
0.0331248
0.0309401
0.0299352
0.0331109
0.0364481
0.0405392
0.0396868
0.0335107
0.0352753
0.0373375
0.0363076
0.0374887
0.0355526
0.0414099
0.0361868
0.0436181
0.0367018
0.0383042
0.0354159
0.0404721
0.0357
0.037656
0.0392647
0.0443148
0.0361288
0.040199
0.0358917
0.0396918
0.0379211
0.0371382
0.0390399
0.0391555
0.0427213
0.0378782
0.036753
0.0381168
0.0346985
0.0367374
0.0425963
0.0399528
0.036834
0.0360096
0.0402768
0.0428709
0.0392385
0.0400847
0.0404651
0.042807
0.0409137
0.0428649
0.0405345
0.0433605
0.0349367
0.0402313
0.0388836
0.0362827
0.0425955
0.0350629
0.0389308
0.0386911
0.0450899
0.045728
0.0347562
0.0374857
0.0386038
0.0363059
0.0436191
0.0376516
0.0422673
0.0445955
0.0411807
0.0351552
0.0399619
0.0425417
0.0443983
0.0348789
0.0381871
0.0421678
0.0377935
0.0359234
0.0404426
0.037611
0.0365576
0.0405474
0.0414751
0.0455204
0.0423718
0.0386696
0.0371625
0.039257
0.0434883
0.0427464
0.0428459
0.0389623
0.044338
0.0467278
0.04424
0.0435143
0.0408206
0.0422841
0.0369722
0.0356808
0.038128
0.036742
0.0362701
0.0398381
0.0463686
0.0428901
0.040022
0.0403251
0.0506778
0.0468076
0.0423112
0.0390369
0.0432766
0.045998
0.0396051
0.0417329
0.0497755
0.0433079
0.0383348
0.0437523
0.0420639
0.0426757
0.0409377
0.044031
0.0470175
0.0384501
0.0366151
0.0425449
0.0425988
0.0420488
0.0441641
0.0368842
0.0414231
0.0418594
0.0401525
0.0406951
0.0427181
0.035006
0.0369913
0.035203
0.038537
0.0387309
0.0361438
0.0469666
0.0348789
0.0331394
0.0337006
0.0424226
0.0355896
0.0412924
0.0350093
0.0458599
0.0397804
0.0374317
0.0331304
0.036424
0.0378295
0.0412066
0.0328461
0.0335204
0.0356524
0.0403654
0.0370496
0.0342932
0.0379039
0.0367104
0.0356311
0.0349693
0.0392358
0.0393665
0.0330726
0.0336822
0.0355988
0.0362709
0.0378778
0.0393852
0.0381559
0.0338416
0.0370117
0.0334856
0.036488
0.0423771
0.0382759
0.0387939
0.0441271
0.0409135
0.038009
0.0376413
0.0375149
0.0482931
0.0346531
0.0381973
0.0409502
0.0470632
0.0465453
0.0386944
0.0419634
0.0402889
0.0402553
0.0368733
0.0363773
0.0432459
0.0402444
0.0394051
0.0393408
0.0416683
0.0470967
0.0373711
0.0419172
0.0360152
0.040215
0.0383962
0.0423755
0.0368814
0.039923
0.0412643
0.0365862
0.0380694
0.0428824
0.0395762
0.03769
0.0452129
0.0417656
0.0395347
0.0361749
0.0380826
0.0396598
0.0379373
0.0354135
0.0367809
0.0369344
0.0378279
0.0362991
0.0385387
0.0420595
0.0401087
0.0413114
0.0371755
0.0396523
0.0441963
0.0417594
0.039702
0.03672
0.0378457
0.0417925
0.051029
0.0398762
0.0402624
0.0404395
0.0414338
0.0427364
0.0412294
0.0396106
0.0385108
0.0437762
0.0451238
0.0406475
0.0376553
0.0428243
0.0380259
0.0360388
0.0385449
0.0436858
0.0373239
0.0398972
0.0353958
0.0328494
0.0359736
0.0355452
0.0344466
0.0363205
0.0390598
0.0377369
0.0353699
0.0365824
0.0375603
0.037301
0.0344627
0.0402439
0.0383579
0.0360813
0.039274
0.0355935
0.0355602
0.0411135
0.0372114
0.0378042
0.036898
0.0322381
0.0358028
0.0374015
0.038441
0.0361001
0.0328919
0.0354987
0.0355645
0.0391026
0.0345767
0.0378829
0.0353239
0.0326587
0.030718
0.0406262
0.0391289
0.0363276
0.0362087
0.037446
0.0402708
0.0343929
0.0346264
0.0333741
0.0350056
0.038198
0.0398946
0.0367229
0.0363487
0.0395097
0.0375844
0.0335352
0.0373599
0.0420267
0.0414231
0.0449657
0.0387321
0.0386574
0.0409745
0.040631
0.0375447
0.0418361
0.0454579
0.0417477
0.0482829
0.0466722
0.0468937
0.0418075
0.0455801
0.038055
0.0415541
0.0390484
0.0509878
0.0403499
0.0438312
0.0404701
0.038549
0.0419405
0.0423209
0.0452321
0.0395487
0.0454097
0.0441805
0.0436912
0.0406166
0.0347332
0.0356853
0.0401495
0.04494
0.0411585
0.0428585
0.0455899
0.0471401
0.0425216
0.0407782
0.0412504
0.0401289
0.0435485
0.0391509
0.0436672
0.0480904
0.0480784
0.0471822
0.0461338
0.0495448
0.043941
0.0405009
0.0471433
0.0496848
0.0521735
0.0458075
0.0486108
0.0470609
0.0541959
0.0457154
0.0432631
0.0444128
0.048814
0.0407547
0.0489927
0.0449318
0.0425303
0.0449328
0.0392523
0.036327
0.0375844
0.0434695
0.0466571
0.0431691
0.0403172
0.0429231
0.0401234
0.0448368
0.0396654
0.0392353
0.0387303
0.0419677
0.0387932
0.0395257
0.0422339
0.0372207
0.0426914
0.0402192
0.0435466
0.0442239
0.0433497
0.0411064
0.0409441
0.0456506
0.0377723
0.0354595
0.035941
0.0408515
0.0449275
0.0418928
0.0393976
0.0386141
0.040594
0.0352661
0.0364577
0.0387316
0.0415182
0.0378741
0.0413701
0.0414368
0.0370684
0.0374202
0.0336986
0.0344242
0.0346693
0.0425027
0.0450173
0.0342242
0.0343035
0.0391409
0.0389396
0.0345175
0.0330651
0.0392122
0.0390075
0.0360998
0.0314959
0.0346074
0.0322611
0.0308175
0.0326398
0.0318882
0.0300256
0.0450565
0.0370567
0.0283136
0.026929
0.0295666
0.0345932
0.0280168
0.029083
0.0286051
0.0305706
0.0303087
0.0342911
0.0360458
0.0278299
0.0285024
0.0339534
0.0344675
0.0251187
0.027408
0.0292782
0.0343643
0.0350782
0.0264186
0.02721
0.0315214
0.0298057
0.0299889
0.0262318
0.0291319
0.0318842
0.0359156
0.0309893
0.0294315
0.0286598
0.0333344
0.0357885
0.0312713
0.0304563
0.0308892
0.0314877
0.0325112
0.0321906
0.030703
0.0292214
0.0307426
0.0281887
0.0294475
0.0337376
0.0291767
0.0296286
0.0293601
0.0334955
0.0253944
0.0277166
0.031089
0.0282807
0.0336292
0.0310182
0.0263186
0.0309586
0.0266973
0.0269438
0.0299106
0.0309096
0.0311397
0.0295531
0.0256059
0.0344013
0.0294311
0.0253632
0.0268252
0.0285801
0.0302106
0.026977
0.027421
0.0280251
0.0323586
0.0293436
0.0235546
0.0269424
0.0255669
0.0290675
0.030285
0.0270394
0.0242473
0.0311208
0.0249901
0.0292377
0.0283
0.0266892
0.0275445
0.0320026
0.0318618
0.0257364
0.0263035
0.0280462
0.0254542
0.0283277
0.0277737
0.0333772
0.0295622
0.0253086
0.0254986
0.0251525
0.0290363
0.0298164
0.0245927
0.024293
0.0312546
0.0262086
0.0230527
0.0258164
0.0246625
0.0250603
0.026235
0.0229676
0.0249429
0.0323515
0.0205473
0.0231442
0.0243977
0.025528
0.0259424
0.0315543
0.0332495
0.0321815
0.0327285
0.0333273
0.0331416
0.0306342
0.0317868
0.0314048
0.0345686
0.0349342
0.0427331
0.0371373
0.0320459
0.0327721
0.0316361
0.0367917
0.0353656
0.0390028
0.0349837
0.0353811
0.0347377
0.0350884
0.0392667
0.0391815
0.0380777
0.0309511
0.0336309
0.033446
0.0383176
0.0399912
0.0376506
0.0323576
0.03299
0.0336841
0.0372889
0.0358267
0.0399874
0.0351443
0.0407901
0.0368347
0.033812
0.0384708
0.0394088
0.0374133
0.0352666
0.0343146
0.0385586
0.0396815
0.0397093
0.0388097
0.0389595
0.0344501
0.0378648
0.0366652
0.0378973
0.0401446
0.041442
0.037752
0.0380769
0.0353296
0.0379033
0.0390107
0.0357775
0.034823
0.038914
0.0422331
0.0346295
0.0347748
0.0358406
0.0348116
0.0426059
0.0355803
0.0391817
0.0365718
0.0377307
0.0454773
0.0380267
0.0440836
0.0391942
0.040528
0.0364466
0.0381581
0.041839
0.0377805
0.0374989
0.0385562
0.0385728
0.0365973
0.0384894
0.0374042
0.0426385
0.0381264
0.0343622
0.0330752
0.0415057
0.0479489
0.0496825
0.0370913
0.0363477
0.0354348
0.0384351
0.0444232
0.0380481
0.0359209
0.0353734
0.0388933
0.037736
0.0365352
0.0373375
0.0390154
0.0426436
0.0435171
0.0464831
0.039132
0.0381344
0.0365727
0.037218
0.041279
0.0386223
0.0395415
0.0375279
0.0378802
0.040834
0.0407008
0.0421334
0.0399568
0.0382727
0.0369938
0.0380404
0.0437355
0.0391123
0.0414373
0.0365504
0.0444555
0.0357415
0.038901
0.0397071
0.0449657
0.0404705
0.0352093
0.0368561
0.0402991
0.0437629
0.0397632
0.040894
0.0393853
0.0406783
0.0390317
0.0392614
0.0444058
0.0376911
0.0391192
0.0428799
0.0487916
0.0443859
0.038605
0.0369696
0.0395921
0.0400093
0.0400643
0.0438632
0.0363798
0.039922
0.04244
0.043962
0.0399239
0.0433448
0.0425849
0.0368495
0.0385002
0.0368617
0.0376959
0.0433035
0.0444895
0.0395148
0.0393441
0.0357375
0.0358166
0.0388963
0.0400447
0.0421113
0.0429074
0.0410466
0.0403864
0.0385157
0.0383058
0.0400357
0.0392946
0.0361546
0.0419299
0.0354353
0.0378884
0.0381931
0.0435426
0.0409115
0.0428845
0.0388354
0.0351237
0.0363979
0.0352255
0.0396143
0.0355674
0.0412947
0.0332163
0.0349948
0.0435526
0.0375826
0.0366312
0.034702
0.0342565
0.0324171
0.0368363
0.0352465
0.0386057
0.0364049
0.0333692
0.0357202
0.0365161
0.0428237
0.0370509
0.0377115
0.0325638
0.0358799
0.0366803
0.0379862
0.0378135
0.0350925
0.0339861
0.037181
0.0369601
0.03562
0.0360878
0.0344456
0.0377755
0.0364459
0.0433956
0.0397458
0.0368701
0.0352272
0.0405454
0.0374121
0.0411998
0.038823
0.0344162
0.0378685
0.0360099
0.0358394
0.0366926
0.0391422
0.0356429
0.033834
0.0389361
0.0315825
0.0336517
0.0342099
0.0365739
0.0332104
0.0356574
0.0326864
0.033399
0.0310363
0.0338125
0.0318084
0.0333886
0.0368258
0.0319511
0.0347042
0.0304448
0.0297518
0.0318339
0.0421916
0.0329061
0.0364882
0.0334887
0.0294472
0.0317397
0.0315362
0.0342329
0.0322077
0.0280754
0.0317377
0.0338429
0.0364367
0.0294451
0.03195
0.0269768
0.0288895
0.0361681
0.0307228
0.0318487
0.0386978
0.0328872
0.0303917
0.0305026
0.0327253
0.0355491
0.0384853
0.0331783
0.035573
0.0308415
0.0290843
0.0341995
0.0374924
0.0307939
0.0336047
0.0289369
0.0320115
0.0337065
0.0333251
0.0346745
0.0441653
0.0397957
0.0347392
0.0350363
0.0341251
0.0374463
0.0369274
0.0366192
0.0414799
0.0357433
0.0349327
0.036897
0.0418139
0.0381829
0.0403145
0.0323356
0.0337072
0.0382062
0.0382575
0.0347186
0.0374238
0.0348434
0.0372666
0.0396761
0.0386248
0.0370693
0.0334004
0.0338139
0.0384253
0.0386919
0.0389419
0.0317705
0.0348931
0.0352167
0.039677
0.0411998
0.03557
0.0340654
0.0351851
0.0368973
0.0420808
0.0417955
0.0338343
0.0339253
0.0345604
0.0348611
0.0403719
0.0395842
0.0386672
0.0351421
0.0342711
0.0361396
0.0363514
0.0430413
0.0433783
0.0373519
0.03679
0.0362209
0.0378517
0.0337533
0.0344609
0.0345798
0.0431271
0.0375742
0.0363512
0.0388167
0.0347066
0.0402853
0.0459961
0.0427499
0.0360484
0.0406389
0.0394037
0.0394553
0.0380045
0.0385393
0.0409524
0.0372533
0.0382508
0.0355216
0.0366901
0.037536
0.0420793
0.0442776
0.0382934
0.0406873
0.0351702
0.0353049
0.0367482
0.0415122
0.0434465
0.0396776
0.0432642
0.0395727
0.0374124
0.039614
0.0388154
0.0393434
0.0421803
0.0424958
0.0368686
0.0370334
0.0411715
0.0389203
0.0373508
0.0385142
0.0376263
0.038704
0.0420572
0.0383686
0.0436205
0.0418141
0.0475011
0.0432848
0.0403567
0.0428305
0.0405284
0.0387936
0.0435209
0.0389067
0.0351238
0.0378809
0.0396598
0.0375537
0.043612
0.038161
0.0409606
0.0400488
0.0396178
0.0481309
0.0450751
0.0424374
0.0403408
0.0347893
0.0399738
0.040299
0.0439134
0.0430766
0.0384253
0.0450123
0.0394802
0.0417351
0.0421182
0.0400394
0.0433714
0.0399007
0.0388855
0.0461758
0.0503116
0.0406109
0.0371755
0.0361139
0.0378964
0.0414204
0.0399951
0.0379247
0.0379591
0.0386114
0.0429526
0.0412299
0.0440499
0.0357142
0.0398911
0.0372364
0.0386794
0.0418954
0.0490126
0.0404601
0.0385995
0.039638
0.0414586
0.0432454
0.0431034
0.0393571
0.0382079
0.0374708
0.0437223
0.0412475
0.0442693
0.0371342
0.0387363
0.0399975
0.0404945
0.0387254
0.0385052
0.0385943
0.037895
0.0437829
0.0422197
0.0479734
0.0418106
0.0416624
0.0372113
0.0395955
0.0393338
0.0497763
0.0459427
0.0400122
0.0398384
0.0399695
0.0377254
0.0417974
0.0470553
0.0407832
0.041029
0.0430525
0.0441637
0.043991
0.0397031
0.0397042
0.0374303
0.0408744
0.04486
0.045618
0.0421279
0.0384277
0.0388771
0.0371306
0.0405223
0.0435217
0.0421481
0.039194
0.041887
0.0361567
0.0362314
0.0378885
0.0433076
0.0435859
0.0428103
0.0474686
0.0429479
0.0403295
0.0469762
0.0406528
0.0406124
0.0376605
0.0409058
0.039728
0.0451381
0.0476634
0.0398551
0.035863
0.0379949
0.039572
0.0449207
0.0431833
0.0463983
0.0366252
0.0440005
0.0409024
0.0523837
0.0453492
0.0441307
0.039992
0.040266
0.0427769
0.0405974
0.0391477
0.0422823
0.0381054
0.0373221
0.03935
0.0393578
0.0457416
0.0403036
0.0386048
0.0389468
0.034889
0.0403039
0.0391623
0.0425053
0.0388963
0.0452642
0.0425667
0.0349031
0.0368505
0.038053
0.0420923
0.0403266
0.040292
0.0348403
0.0353172
0.0347534
0.0403087
0.0446501
0.0394247
0.0397975
0.034032
0.0356487
0.0361274
0.0387114
0.0357003
0.0438679
0.0387067
0.0347901
0.0355129
0.0407071
0.0374148
0.0367285
0.0403886
0.0411899
0.0397459
0.0343976
0.0377646
0.0414892
0.0376421
0.0371397
0.0344046
0.0380414
0.0344047
0.0375122
0.0371011
0.0462086
0.0398888
0.0380955
0.0381281
0.0401434
0.0371857
0.0363709
0.0430932
0.0405638
0.037341
0.0396271
0.0435193
0.0409237
0.0387444
0.036506
0.0361564
0.0376626
0.0428477
0.0396769
0.0373522
0.0389495
0.0425355
0.0375972
0.0394248
0.0406776
0.0380163
0.0440085
0.0378648
0.0364065
0.0392328
0.0358448
0.0362864
0.0387885
0.036784
0.0363703
0.0381296
0.0361963
0.0364369
0.0314725
0.0370243
0.0371051
0.0321459
0.0347047
0.0360926
0.0363716
0.0434128
0.0394727
0.0378374
0.0349586
0.0357527
0.0397142
0.0406049
0.0357444
0.0318714
0.0380168
0.0350688
0.0422644
0.0407055
0.0386764
0.0338212
0.0318778
0.0329067
0.0335657
0.0377201
0.0377898
0.0393689
0.0334824
0.0333593
0.0332449
0.0350982
0.0358665
0.0338814
0.0359536
0.0362582
0.0323432
0.0367426
0.0397207
0.0391056
0.042745
0.0377542
0.032454
0.030436
0.0332192
0.0330334
0.0345791
0.03579
0.0361029
0.0341301
0.037599
0.0302428
0.0354286
0.0304658
0.0319984
0.0373069
0.0381553
0.0332131
0.0332238
0.0340835
0.0372204
0.0323767
0.0329371
0.0359785
0.0340997
0.0340331
0.0348097
0.0358659
0.0353771
0.0330095
0.0323159
0.0354017
0.032245
0.0318939
0.0364936
0.0338833
0.0340328
0.0404126
0.0343585
0.0376293
0.0377497
0.0309678
0.0317003
0.0355888
0.0358749
0.0350897
0.035519
0.0350188
0.0310633
0.0320788
0.0372862
0.0395513
0.034402
0.0366032
0.0338751
0.0356544
0.0372653
0.0314927
0.0357902
0.0358886
0.0336187
0.0397369
0.0438618
0.0323308
0.0352152
0.0328323
0.0331254
0.036222
0.0419883
0.0381154
0.0345659
0.0324137
0.032321
0.0324088
0.0335062
0.0329669
0.0338199
0.0374791
0.03225
0.0301652
0.0373777
0.0353284
0.0366535
0.0330085
0.0318262
0.0336838
0.033319
0.0330766
0.0378014
0.0361288
0.0329881
0.0311769
0.0324838
0.0337217
0.0342504
0.0333965
0.0322752
0.0294555
0.029743
0.0328363
0.036827
0.0320251
0.0302745
0.0326578
0.0341699
0.0326131
0.0308308
0.0313161
0.0381865
0.0322021
0.0372329
0.0325112
0.0308941
0.0304927
0.0313638
0.0350413
0.0315519
0.0404995
0.0355371
0.031755
0.0328118
0.0332338
0.0327488
0.0358528
0.0319959
0.0364606
0.0364645
0.0366118
0.0374146
0.0457924
0.0391576
0.0416085
0.0345662
0.0327805
0.0390208
0.0390835
0.0326324
0.0347688
0.033402
0.0346564
0.0349123
0.0350857
0.0314847
0.0437626
0.0335764
0.0330509
0.0358865
0.0321031
0.0382094
0.0351662
0.0361315
0.0332043
0.0317831
0.0379967
0.0361767
0.0385312
0.0343641
0.0356923
0.0339311
0.0351069
0.039275
0.0342559
0.0334002
0.0357158
0.0410659
0.039605
0.0382008
0.0328834
0.0353783
0.0339076
0.0408355
0.0380944
0.0363316
0.0348037
0.0326475
0.0362994
0.0384794
0.0431939
0.0347702
0.0320483
0.0371706
0.0380691
0.0406341
0.0339016
0.0356247
0.0322591
0.0424113
0.0400214
0.0397328
0.0369762
0.032513
0.0369614
0.0370923
0.0417657
0.0364266
0.0416716
0.0355909
0.0360955
0.0388304
0.0342199
0.0354746
0.0372308
0.035986
0.0350639
0.0350466
0.033651
0.0425016
0.0361089
0.0342816
0.0313224
0.0342779
0.0351589
0.0324351
0.0370215
0.0334786
0.0373626
0.0341647
0.0364775
0.0361482
0.0352817
0.0404796
0.037801
0.0374146
0.0329488
0.0347317
0.0365731
0.0377076
0.0384989
0.035936
0.0421516
0.0385446
0.0356404
0.04325
0.0349281
0.0375156
0.0348409
0.0406811
0.0380073
0.0377178
0.0356706
0.0360968
0.033434
0.0379093
0.0387548
0.0420027
0.0337976
0.0358334
0.0362133
0.0367787
0.0392256
0.0400283
0.0434223
0.0373102
0.0426056
0.0432003
0.0433677
0.0376347
0.0346422
0.0371177
0.0389642
0.0393195
0.0375356
0.0361249
0.0431471
0.0404138
0.0414995
0.0402854
0.0406025
0.0350622
0.0435859
0.0444281
0.0437449
0.0441522
0.0371735
0.0408291
0.0433158
0.0435913
0.0410721
0.0476549
0.0399285
0.0446927
0.0422195
0.0387643
0.0369168
0.0420297
0.0453698
0.0425686
0.0370815
0.0367058
0.0437034
0.0407622
0.0405477
0.0371497
0.0394137
0.0445933
0.0459462
0.0389002
0.0349093
0.0407871
0.0397801
0.0403141
0.0386117
0.0382045
0.0389008
0.0385562
0.0391659
0.0416354
0.0398086
0.0361215
0.0339248
0.0344019
0.03538
0.0387428
0.0353206
0.0332771
0.0312159
0.034421
0.0377189
0.0349364
0.0332669
0.0380207
0.0357448
0.0304904
0.0308165
0.0345785
0.0309538
0.0318201
0.0323354
0.0309903
0.0295054
0.0286297
0.0274882
0.0281721
0.0356023
0.0345958
0.0349963
0.0329785
0.0294642
0.0285833
0.0297889
0.0335226
0.0335287
0.0285952
0.0267705
0.028119
0.0335547
0.0268326
0.0260051
0.0259338
0.0324681
0.0293367
0.0267996
0.0255099
0.0251452
0.0278707
0.0310801
0.0277543
0.0283452
0.0255866
0.0241226
0.0310627
0.0281111
0.0246596
0.0242438
0.0242795
0.0276951
0.0327995
0.0361625
0.0231519
0.0279886
0.0284984
0.0249074
0.0290358
0.03043
0.0262999
0.0251335
0.0239413
0.0249875
0.0316144
0.032764
0.0310697
0.0275084
0.026303
0.024387
0.0241009
0.0310377
0.0287544
0.0306519
0.0287171
0.0239651
0.0247871
0.0243298
0.0281256
0.026739
0.0264793
0.0241411
0.0253625
0.0327604
0.0262726
0.0295558
0.0273066
0.0246029
0.0279664
0.0239648
0.0283648
0.0302745
0.0264935
0.0255745
0.0272959
0.0266762
0.0250421
0.0256098
0.0272916
0.0344579
0.0258155
0.0268693
0.0260705
0.0246833
0.0255626
0.0273465


