0.0201075
0.0427743
0.0404029
0.0393687
0.0404515
0.037909
0.0386033
0.0388674
0.0385187
0.0389204
0.0382944
0.0380116
0.0385796
0.0377679
0.0381354
0.0395042
0.0393513
0.0380474
0.0375989
0.0380511
0.0392717
0.0382578
0.0144139
0.0135079
0.0396009
0.0376378
0.0385682
0.0393497
0.0376293
0.0383866
0.0379746
0.0385743
0.0385812
0.0392402
0.0381037
0.0391234
0.0376447
0.038935
0.0380549
0.0392296
0.0381794
0.0386652
0.0382337
0.0386287
0.0380309
0.0132756
0.0153751
0.0395268
0.0375832
0.0389966
0.0380061
0.0397645
0.0375387
0.0397658
0.0382134
0.0386903
0.037455
0.0372994
0.0391184
0.0388076
0.0389341
0.0387837
0.0376855
0.0377633
0.0388877
0.0379799
0.0390141
0.0376154
0.0134534
0.0155078
0.0379975
0.038258
0.0384292
0.0381343
0.0376609
0.0383262
0.0388699
0.0372377
0.0366792
0.0378222
0.0386613
0.0344
0.0315918
0.0345447
0.0322712
0.0152089
0.061755
0.0147926
0.0109129
0.0280747
0.0354617
0.0341013
0.0639346
0.014518
0.0109305
0.0104718
0.0107786
0.011086
0.0103247
0.0102578
0.0153915
0.0111348
0.0108685
0.011002
0.0109493
0.0116059
0.0109943
0.0113148
0.0114401
0.0107788
0.0112088
0.0107284
0.0112106
0.0111051
0.0116022
0.0117863
0.0113346
0.0114967
0.0109211
0.0100081
0.00993741
0.01035
0.0101863
0.0109949
0.0110159
0.00967528
0.0115622
0.011357
0.0108714
0.0105893
0.0117551
0.010956
0.0111817
0.00965241
0.0128102
0.00881444
0.011809
0.00907068
0.0115123
0.0121532
0.00966073
0.0116745
0.00983914
0.0113092
0.0098912
0.0114163
0.00984607
0.0122902
0.00939887
0.0117416
0.00974994
0.010492
0.0110331
0.0109344
0.012651
0.0106389
0.0109109
0.0140152
0.011784
0.014514
0.0109717
0.00978154
0.0115388
0.0140814
0.0113718
0.0117683
0.0117107
0.0113939
0.0119599
0.0111782
0.0117535
0.0155506
0.0118421
0.015757
0.0119468
0.0151985
0.0135369
0.0113613
0.0117641
0.0158336
0.0117348
0.011475
0.0125355
0.0158871
0.0117804
0.0162058
0.0122982
0.0120231
0.0122686
0.0160516
0.0131333
0.0138153
0.0139344
0.0136246
0.0135068
0.0118022
0.0128496
0.0119937
0.0131732
0.0134677
0.0120854
0.0126426
0.0163456
0.0128723
0.0140935
0.0139874
0.0172316
0.0130215
0.0137185
0.0122852
0.0125967
0.0125141
0.0123434
0.0116343
0.0122433
0.0120987
0.0165535
0.0129127
0.0140475
0.0141961
0.0141357
0.0142109
0.0122852
0.0110102
0.0164522
0.0131146
0.0125653
0.0122168
0.0138209
0.0121494
0.0119715
0.0139104
0.0128689
0.0116517
0.012023
0.0121521
0.0114749
0.0122662
0.0149209
0.0122556
0.0114609
0.0116996
0.0114656
0.0117022
0.0113764
0.0122861
0.0160823
0.0123255
0.0165055
0.0125253
0.0124487
0.0110749
0.0164719
0.0127762
0.0065738
0.0286044
0.0357006
0.0343731
0.0349982
0.0348859
0.0344489
0.0338437
0.0353731
0.0347724
0.034306
0.0341668
0.0361192
0.0347607
0.0354784
0.0350208
0.0353388
0.0345814
0.0352411
0.034596
0.0352288
0.0349265
0.0354771
0.0150715
0.0158673
0.0372199
0.0352418
0.0365745
0.0356568
0.0364161
0.0359854
0.036525
0.0354104
0.0376333
0.0356679
0.035583
0.0364421
0.0359629
0.0362901
0.0363961
0.0359792
0.0356797
0.0356338
0.0358472
0.0350881
0.036193
0.0151939
0.0158983
0.036462
0.035768
0.0347337
0.0362787
0.0359153
0.0359756
0.0360047
0.0360407
0.0347401
0.0360503
0.035499
0.0361334
0.036487
0.0355574
0.0349519
0.034609
0.035138
0.0347385
0.035207
0.0337644
0.0353134
0.0150109
0.0164421
0.0372704
0.0356967
0.0360907
0.0356234
0.0346783
0.0354666
0.0363747
0.0356881
0.0365187
0.0353641
0.0358528
0.0349764
0.0367159
0.0356964
0.0364772
0.0350998
0.0358512
0.0359363
0.0354315
0.0357754
0.0363609
0.0157682
0.0159964
0.037509
0.0369492
0.0363799
0.0374278
0.0360658
0.036752
0.0373152
0.0368151
0.0368202
0.0372742
0.0363257
0.0362628
0.0361855
0.0367812
0.0363996
0.0362382
0.0366223
0.0358302
0.0360265
0.0361529
0.0362421
0.0147375
0.0164127
0.0365523
0.0347119
0.0370919
0.0351633
0.0363816
0.0367285
0.0355455
0.0364097
0.035924
0.0359915
0.0359968
0.0359371
0.0368824
0.0359638
0.0358557
0.036538
0.0361188
0.0355509
0.0358066
0.0366765
0.0363187
0.0146899
0.0163094
0.0371071
0.0361293
0.0358987
0.0363752
0.0367245
0.0345255
0.0361911
0.0368165
0.0360343
0.0365467
0.0359032
0.035954
0.0359183
0.0359104
0.0361037
0.0348308
0.0364655
0.0370966
0.0358184
0.0353793
0.0358585
0.0143281
0.0155015
0.0334206
0.032322
0.0300368
0.0293545
0.0280065
0.0283801
0.0218278
0.0126521
0.0531744
0.0128402
0.00997533
0.0289861
0.0345615
0.0347044
0.0340793
0.0347407
0.0349254
0.0351214
0.0352953
0.0660585
0.0119618
0.00979905
0.00961279
0.0096082
0.00963711
0.00965015
0.0100788
0.00986913
0.0100291
0.00908163
0.00999936
0.010427
0.00982086
0.0104366
0.00993754
0.0101318
0.0100912
0.010685
0.00988736
0.0104874
0.0102345
0.0103933
0.0102221
0.010501
0.0108993
0.0100292
0.0102937
0.0104946
0.010821
0.0113215
0.0107651
0.0107466
0.010814
0.0110411
0.0108269
0.0106797
0.0110592
0.00989182
0.0122068
0.0117439
0.0118757
0.0118591
0.00973603
0.00938322
0.0286754
0.0385609
0.0373723
0.0378499
0.0717438
0.0129889
0.0105889
0.0102457
0.0284015
0.0379869
0.0369876
0.0371799
0.0723318
0.0129601
0.0118214
0.0115679
0.0111846
0.0115361
0.0119112
0.0120928
0.0118646
0.0125863
0.0120263
0.012624
0.0128964
0.0120297
0.0122735
0.0129592
0.0122952
0.0136822
0.0133716
0.0125601
0.0119268
0.0115242
0.0130303
0.0124287
0.0121948
0.0118752
0.0104994
0.0122258
0.0128414
0.0119619
0.0126206
0.0100712
0.0128284
0.010093
0.0125001
0.0123836
0.0106687
0.0128508
0.0128167
0.0127806
0.0127227
0.0112805
0.0138791
0.0142743
0.0119595
0.0137125
0.0118895
0.0122486
0.0131545
0.013512
0.0135917
0.007593
0.0294961
0.0424097
0.0408072
0.0401521
0.0755325
0.0131738
0.0109934
0.0106342
0.0101847
0.0114957
0.0108442
0.0115129
0.0110156
0.0107511
0.0112583
0.0113122
0.0118561
0.0119957
0.0119096
0.0114611
0.011766
0.0104164
0.0123321
0.0126102
0.0117336
0.0117277
0.012908
0.013013
0.0125953
0.0108083
0.0116413
0.0130425
0.0133752
0.013959
0.0133045
0.0116181
0.0134389
0.0131663
0.0139519
0.0136096
0.0117352
0.014536
0.0139654
0.01337
0.0131926
0.0156167
0.0101339
0.0311606
0.0431744
0.0413329
0.0407776
0.0791996
0.0141411
0.0100941
0.0115899
0.011739
0.0120692
0.0117124
0.0118433
0.0115469
0.0115678
0.0113458
0.0111827
0.0124742
0.0128141
0.012941
0.0131876
0.0131607
0.0127033
0.0134358
0.0138002
0.0140689
0.013791
0.0137558
0.0114377
0.0141233
0.0141989
0.0141903
0.0140499
0.0122177
0.0139693
0.0140498
0.0141623
0.0140682
0.0122323
0.0138862
0.014064
0.0147513
0.0139993
0.00747142
0.0313655
0.0418009
0.0788887
0.0146568
0.0108456
0.0109768
0.0116805
0.0113447
0.0113869
0.0126512
0.013052
0.0124929
0.0125892
0.0124872
0.0132658
0.0131341
0.0135721
0.0133684
0.0130027
0.0129731
0.013569
0.0135767
0.0128314
0.0126607
0.0132137
0.0138698
0.0135409
0.0129854
0.0133313
0.0112842
0.0138902
0.0134493
0.0136581
0.0136428
0.0113148
0.0137724
0.0139107
0.0137196
0.0135385
0.0117433
0.0145914
0.0147573
0.0141569
0.0141643
0.00756673
0.0318773
0.039842
0.0380253
0.0788549
0.0157927
0.0125331
0.0148184
0.0148922
0.0143827
0.0125251
0.0139482
0.0139995
0.0136279
0.0140283
0.0122063
0.0149585
0.0137026
0.0145138
0.0152467
0.0127299
0.0151166
0.0149748
0.014903
0.015145
0.0128541
0.0147956
0.015278
0.0149712
0.0145748
0.0130425
0.0154113
0.0148479
0.0143832
0.0145251
0.0112482
0.0344509
0.040707
0.0811891
0.013752
0.0121308
0.0137126
0.0142716
0.0142783
0.0140816
0.012342
0.0123453
0.0128927
0.0121036
0.0123023
0.0130548
0.013689
0.0134757
0.0133664
0.0114991
0.0116239
0.0136578
0.0134475
0.0118921
0.013468
0.0122267
0.0137051
0.0140027
0.0136964
0.0140847
0.0128727
0.0152775
0.0145025
0.0146593
0.0150562
0.0123337
0.015058
0.0146513
0.0145953
0.0142794
0.012122
0.0143509
0.0142617
0.0145645
0.0149031
0.0136813
0.0153856
0.0147682
0.0146148
0.0159716
0.00909902
0.030957
0.0418912
0.0819941
0.0138812
0.0158809
0.0172119
0.0183206
0.0180588
0.0162507
0.0127776
0.014718
0.0143051
0.0142854
0.0144655
0.0124686
0.014731
0.0141127
0.0144601
0.0141301
0.0122283
0.0145919
0.0137388
0.0128946
0.0139138
0.0123458
0.0142567
0.0170407
0.0142038
0.0142082
0.00740607
0.0313878
0.0424094
0.0827062
0.0138436
0.0113706
0.0123639
0.0128339
0.0127049
0.0132192
0.0133699
0.0131383
0.0129619
0.012271
0.0127322
0.0113758
0.0137781
0.0139062
0.0127661
0.0130972
0.0126526
0.0136352
0.0140623
0.0134902
0.0130981
0.0109522
0.0132716
0.0127513
0.0127359
0.0125239
0.0115981
0.013079
0.0125108
0.0129394
0.0129618
0.010729
0.013777
0.0127821
0.0133249
0.0130451
0.0112864
0.014218
0.0134461
0.0133509
0.0134266
0.0124704
0.0102941
0.0132964
0.0103823
0.0107714
0.0109825
0.0105668
0.0135564
0.0153025
0.015828
0.012873
0.0111565
0.0125664
0.0113746
0.011907
0.0153359
0.0117754
0.0110355
0.0123366
0.0156067
0.0119654
0.0148865
0.011008
0.0107292
0.0110899
0.0107948
0.0113283
0.0104346
0.0110098
0.010934
0.0110541
0.0157639
0.0123677
0.0116155
0.0120852
0.0117274
0.0108458
0.0168424
0.0109205
0.0131525
0.0119471
0.0120468
0.0110549
0.0134111
0.0115374
0.0122585
0.0114897
0.0124299
0.0119161
0.0133746
0.011866
0.0125158
0.0112725
0.0123248
0.0114202
0.0124868
0.0117781
0.0122441
0.0116852
0.012955
0.0116234
0.0121583
0.0119443
0.0119852
0.011079
0.0126462
0.0115562
0.0130303
0.0118005
0.0169725
0.0114986
0.0135553
0.0122123
0.0176946
0.0128858
0.0140339
0.0130264
0.0143102
0.0129252
0.0187417
0.0175487
0.0185383
0.0172298
0.0149269
0.0143216
0.0156229
0.0131279
0.0186951
0.0131287
0.0143355
0.0131561
0.0141813
0.0128114
0.0131059
0.0140967
0.0147592
0.0180159
0.0172823
0.0183687
0.0174591
0.0185343
0.0143685
0.01588
0.0130888
0.0181404
0.0128472
0.0134335
0.012517
0.0134682
0.0125306
0.0129592
0.0122021
0.0172778
0.0162239
0.0179621
0.0164342
0.0169173
0.0165229
0.017021
0.0153036
0.016877
0.0163696
0.0168549
0.0140774
0.0173517
0.0165321
0.0170789
0.0148826
0.0178439
0.0170724
0.0148332
0.0133251
0.0126401
0.0172931
0.0127003
0.0168573
0.0116083
0.0174525
0.0121069
0.0135959
0.0122007
0.0183033
0.0125611
0.0145197
0.0131476
0.0185801
0.0130994
0.0141847
0.0135654
0.0183681
0.0128511
0.0201632
0.0133461
0.0179405
0.0141892
0.017832
0.0128294
0.0148382
0.0131479
0.0141949
0.0130611
0.01851
0.0132049
0.014901
0.0132031
0.0190413
0.014045
0.0189268
0.0178334
0.0197972
0.0180428
0.0159501
0.0145248
0.0135271
0.0160409
0.0198976
0.0138891
0.0150138
0.0144027
0.0155645
0.014227
0.0150725
0.0147757
0.0201477
0.0176701
0.0200821
0.0142938
0.019766
0.0161535
0.0166671
0.0152404
0.0160844
0.0149004
0.0166784
0.0169434
0.0168228
0.0196513
0.0190076
0.0198108
0.0194124
0.0180036
0.0158501
0.0175149
0.017908
0.0172759
0.0164606
0.0149155
0.016826
0.014746
0.0174678
0.0157432
0.0153095
0.0176971
0.018607
0.0155929
0.016881
0.0147576
0.0144683
0.0160434
0.0193066
0.0180026
0.0180514
0.0181471
0.0200499
0.0175724
0.0185139
0.0174913
0.0183042
0.0176079
0.0156922
0.0149916
0.0137228
0.0143213
0.013884
0.0145369
0.0139446
0.0162712
0.0171724
0.0137584
0.017193
0.0129438
0.0140802
0.0123629
0.0188138
0.0129128
0.0136117
0.0128688
0.0146286
0.0184324
0.014076
0.0177189
0.0152997
0.0185792
0.0128722
0.013956
0.0125827
0.0134696
0.0126065
0.0136578
0.0138344
0.0135359
0.0136542
0.0148028
0.0133055
0.0162068
0.0146299
0.0134161
0.0130287
0.0112482
0.0118356
0.0117493
0.0113897
0.0115172
0.0111091
0.0109866
0.00972557
0.0106387
0.00933604
0.0102472
0.00965746
0.0103338
0.00945714
0.0149331
0.0105255
0.0107997
0.010162
0.0108584
0.00950238
0.0142391
0.0122823
0.0144274
0.0117553
0.0106485
0.0099186
0.0122056
0.0129715
0.0101429
0.0123738
0.0151146
0.0137531
0.0157657
0.0151384
0.0117985
0.0154
0.0125844
0.0116147
0.0107748
0.0120166
0.015711
0.0102541
0.0119279
0.0153595
0.0157083
0.0140328
0.0118332
0.010457
0.0114105
0.0103203
0.0127846
0.0112144
0.0101533
0.0111917
0.0107829
0.0114654
0.0104429
0.0113706
0.0103612
0.0109189
0.0105869
0.0107537
0.0109326
0.0130361
0.0154242
0.0144768
0.0122463
0.0132018
0.0102446
0.0117763
0.0153705
0.010901
0.0109654
0.0131094
0.0116788
0.0111715
0.00987604
0.0112335
0.0102486
0.00982123
0.0117763
0.0106691
0.0147725
0.0111805
0.00999766
0.00979349
0.0123771
0.0101767
0.0111492
0.0114982
0.0144655
0.0142998
0.0113937
0.0107971
0.00971553
0.0111134
0.010056
0.0107918
0.0100806
0.0151877
0.0149382
0.0125144
0.0106185
0.011272
0.0107836
0.0100306
0.0112424
0.0101253
0.0106773
0.0106129
0.0116949
0.0105509
0.0109113
0.00965952
0.0148069
0.0164838
0.0114149
0.0105675
0.0113544
0.0110796
0.0105365
0.0109842
0.0099518
0.0149879
0.0145801
0.0120129
0.0144341
0.0151979
0.00932885
0.0142108
0.0150222
0.0104711
0.0135141
0.0141997
0.00953555
0.00981199
0.0107453
0.00877541
0.0138432
0.0142867
0.0103841
0.0092079
0.0101939
0.00881923
0.0142004
0.0135739
0.0105271
0.00916452
0.0092291
0.0104074
0.00942324
0.00958814
0.0112766
0.0142237
0.0135622
0.00988237
0.00952902
0.0104849
0.0102615
0.0139951
0.0137275
0.0108753
0.0132917
0.0123479
0.0100849
0.014073
0.0164224
0.0104196
0.0141979
0.0139037
0.0109886
0.0102386
0.0105126
0.0123658
0.0123168
0.0102152
0.0102549
0.0117142
0.0141198
0.0147514
0.0104814
0.0102874
0.0101006
0.0116137
0.0109844
0.0104872
0.0125804
0.0150572
0.0142323
0.0117864
0.0109137
0.0112573
0.00954038
0.0111983
0.0116707
0.0125506
0.0146311
0.0144219
0.0120892
0.0102234
0.0115118
0.00981069
0.010463
0.0109668
0.0102864
0.0148325
0.01489
0.010506
0.0185565
0.0157416
0.0144936
0.0117944
0.0155793
0.0145977
0.0122626
0.0109221
0.0138696
0.0105552
0.0153902
0.0152984
0.0121149
0.0118791
0.0108138
0.0118436
0.0107645
0.0115637
0.0110025
0.0128305
0.0151145
0.016336
0.0114085
0.0108788
0.0127738
0.0103627
0.015639
0.0161348
0.0122777
0.01097
0.0120104
0.0104341
0.0116817
0.0114582
0.0121193
0.0158987
0.0167264
0.0112039
0.011122
0.011519
0.0101542
0.0159459
0.0151947
0.0107178
0.015577
0.0148439
0.0124142
0.0123282
0.0108301
0.0124911
0.0154029
0.0163667
0.0117224
0.015607
0.0163737
0.0111743
0.0157598
0.0155912
0.0130346
0.011795
0.0113063
0.0114669
0.0166515
0.0156263
0.01133
0.0150193
0.0111037
0.013792
0.0158722
0.0168917
0.0118458
0.0114854
0.0146568
0.01159
0.0114809
0.0115499
0.0118241
0.0114595
0.0128038
0.0120273
0.0124327
0.0118947
0.0169561
0.0164214
0.011565
0.0161526
0.0161194
0.0114923
0.0144671
0.0147672
0.0117203
0.0164374
0.0155727
0.013068
0.0150071
0.0115584
0.0116458
0.0161232
0.0155611
0.0122118
0.0122491
0.0150007
0.0107746
0.0117606
0.0120372
0.0111455
0.0119904
0.0126582
0.0122865
0.0121154
0.0129001
0.0114677
0.0124772
0.0129613
0.0115164
0.0128459
0.0133778
0.0115332
0.016378
0.0171306
0.012281
0.0134088
0.0125536
0.0120304
0.0178942
0.0163854
0.0133928
0.0134683
0.0125574
0.0130514
0.0123208
0.0139496
0.0175433
0.0167903
0.0122576
0.0168223
0.0175843
0.0128884
0.0169085
0.0173901
0.0125977
0.0153771
0.0135138
0.0120515
0.0132831
0.0142097
0.0128385
0.0158725
0.0163393
0.0125762
0.0171671
0.0181531
0.0136551
0.0139238
0.0139404
0.0139872
0.016881
0.0172203
0.0133977
0.0170951
0.0177834
0.0135782
0.0130457
0.0143471
0.0125733
0.0134057
0.0148937
0.0133621
0.013723
0.0143041
0.0127286
0.0179099
0.0176788
0.0127103
0.0173497
0.0172992
0.0130629
0.0130242
0.0140726
0.0126017
0.0133561
0.0139924
0.012777
0.0173164
0.0207909
0.0130946
0.0172371
0.0174
0.0132583
0.0150963
0.0139151
0.0123617
0.0182753
0.0167899
0.0122921
0.0142562
0.0142574
0.0129517
0.012789
0.0151865
0.0119835
0.0130409
0.014017
0.0129573
0.0172555
0.0168409
0.0123095
0.0133021
0.0147318
0.0120873
0.0173743
0.0162066
0.0120789
0.0124718
0.0126603
0.0130549
0.0173986
0.017034
0.0140219
0.0186863
0.0168541
0.0134687
0.0174707
0.017335
0.0130787
0.0151381
0.0152365
0.0133914
0.0176112
0.0158928
0.0129208
0.0142761
0.0147825
0.0140987
0.0134735
0.0146065
0.0126585
0.0151403
0.0135949
0.01483
0.013378
0.0135204
0.014546
0.0132807
0.0182533
0.0182254
0.0143459
0.0137651
0.0148445
0.0137218
0.0182171
0.0205684
0.0142419
0.018397
0.0190384
0.0170505
0.0180337
0.0192288
0.0174164
0.0181511
0.0193397
0.0177768
0.0180237
0.0191603
0.0173842
0.0185156
0.0181171
0.0152352
0.0136023
0.0189836
0.0134332
0.013609
0.014234
0.0133163
0.0189592
0.0174088
0.0138395
0.0190597
0.0170956
0.0154754
0.0182646
0.0174178
0.0136535
0.0182483
0.0188791
0.0151805
0.0184934
0.015348
0.0128998
0.0187141
0.0184686
0.0134646
0.0167301
0.0169647
0.0147565
0.0142935
0.0152177
0.0136434
0.0147311
0.0143632
0.0142771
0.014194
0.0151149
0.0138462
0.0147065
0.0155021
0.0140284
0.0140899
0.0152994
0.0143096
0.0145563
0.0165613
0.014555
0.0165162
0.019461
0.0200041
0.0182688
0.0186988
0.0202102
0.0185157
0.0164393
0.0147335
0.0162405
0.0155796
0.0168581
0.0185773
0.0206747
0.015212
0.0200479
0.0189962
0.0154547
0.0186759
0.0193645
0.0180459
0.0179087
0.0201852
0.0174632
0.0157184
0.0177263
0.0157408
0.0138198
0.0160883
0.0179697
0.0193093
0.0173701
0.0177975
0.0192506
0.0175591
0.0179631
0.01914
0.0147801
0.0183517
0.0194846
0.0173584
0.0188597
0.0196181
0.0176604
0.0177724
0.0198309
0.0178438
0.0154496
0.0166697
0.015907
0.0138998
0.0140588
0.0150053
0.0136716
0.0140749
0.0153687
0.0137236
0.0142352
0.0151136
0.0133523
0.0139913
0.0146443
0.0128339
0.0137889
0.0148812
0.0131812
0.0134669
0.0145385
0.013213
0.0135604
0.0151025
0.0134183
0.0141422
0.0152778
0.0136397
0.0137882
0.0148562
0.0139188
0.0146878
0.0154531
0.0136084
0.0137188
0.0186408
0.0201856
0.0183287
0.0164219
0.0174802
0.0169242
0.0142113
0.0144517
0.0181511
0.0199459
0.0181079
0.0163067
0.0172259
0.0155508
0.0140075
0.0163558
0.0189203
0.0196538
0.0179036
0.0184961
0.0202058
0.0186932
0.0146777
0.0148733
0.0159286
0.0134694
0.014289
0.0156391
0.0140628
0.014223
0.0156124
0.0140913
0.0147774
0.0159651
0.0146964
0.0169358
0.0190345
0.0170065
0.016865
0.0171235
0.0147108
0.0169879
0.0143892
0.016698
0.0191375
0.0200492
0.0152517
0.0161528
0.0168826
0.0149502
0.0165948
0.0199127
0.0216618
0.0190862
0.0156428
0.0149096
0.0167471
0.01426
0.0162738
0.0184019
0.0203169
0.0164358
0.0189145
0.0200749
0.0180875
0.0152625
0.0143552
0.0146903
0.0136108
0.0150662
0.0137499
0.0146338
0.0127581
0.0137234
0.014655
0.0126689
0.0141763
0.0144412
0.0129958
0.0182081
0.0183263
0.013066
0.0141102
0.0147653
0.0126162
0.0139686
0.0145457
0.0127565
0.0132964
0.0141997
0.0124616
0.0140777
0.0150261
0.0133265
0.0140344
0.0146397
0.0130338
0.0139487
0.014916
0.012895
0.0135454
0.0171333
0.0132806
0.0138656
0.0143844
0.0125876
0.014371
0.0138031
0.0123593
0.0134445
0.0138604
0.0125336
0.0176824
0.0197884
0.0138546
0.0134173
0.0140348
0.0122877
0.0129498
0.0143372
0.0125335
0.0144181
0.0142474
0.0126737
0.0157739
0.014808
0.0129862
0.0134676
0.0177157
0.013371
0.0184975
0.019001
0.0136673
0.014445
0.0148655
0.0132309
0.0182427
0.0196608
0.0141868
0.0169084
0.0155392
0.0137741
0.0184764
0.019621
0.0159644
0.0140591
0.0153272
0.0136606
0.0142375
0.0152555
0.0133959
0.0138403
0.0152312
0.0129039
0.0180627
0.0192371
0.0136115
0.0148037
0.0173203
0.0132665
0.0137762
0.0144945
0.0132095
0.0138323
0.0149163
0.0134254
0.0141003
0.0148644
0.0133318
0.013696
0.0146304
0.0130056
0.014894
0.0140878
0.0136723
0.0142467
0.01459
0.0136803
0.0189426
0.0185621
0.0138927
0.0139759
0.0154398
0.0136059
0.0196751
0.0194901
0.014545
0.0158337
0.0180479
0.0143639
0.0148959
0.0164531
0.0157694
0.0146617
0.0158967
0.0145631
0.0196493
0.0203218
0.0159268
0.0169606
0.0155311
0.015021
0.0189367
0.0205742
0.0150142
0.0152765
0.0169028
0.014472
0.0148415
0.0176242
0.0146723
0.0151483
0.0163151
0.0144066
0.0189939
0.0204801
0.0174532
0.0187713
0.0196631
0.0166388
0.0147872
0.0157136
0.014535
0.0147468
0.016016
0.0138194
0.0142155
0.0147709
0.0133962
0.0175834
0.0161733
0.0132601
0.0156085
0.0131181
0.0142684
0.0130408
0.0132481
0.0148117
0.0124971
0.0133402
0.0151276
0.0127276
0.0135771
0.0146288
0.0127512
0.0143028
0.0176232
0.0166493
0.015706
0.0177862
0.0196993
0.0140852
0.0146823
0.0145569
0.0147656
0.0131988
0.014524
0.0156279
0.0134194
0.0186967
0.0216263
0.0153634
0.0145527
0.0179535
0.0130615
0.0141403
0.0169633
0.0136644
0.0148452
0.0149353
0.0139614
0.0190595
0.019782
0.0182817
0.0194554
0.0204813
0.0180042
0.0169087
0.0151689
0.0161704
0.0143727
0.0160973
0.0163982
0.0147404
0.0157635
0.0164884
0.0149878
0.0155002
0.0164106
0.0148168
0.0153479
0.0174754
0.0146966
0.0173001
0.0154634
0.017769
0.0150798
0.0170674
0.0201774
0.0217851
0.0195583
0.0173179
0.0156224
0.0186464
0.0157724
0.0193223
0.021491
0.0229913
0.0203582
0.0177219
0.0222578
0.0227508
0.0197162
0.02197
0.0241333
0.0212576
0.021644
0.0239435
0.0212382
0.019238
0.0195737
0.0202871
0.0182772
0.0184285
0.0225084
0.0254738
0.0223313
0.0192223
0.0187167
0.0211058
0.0178826
0.0202873
0.0226577
0.0246585
0.0227096
0.0185427
0.0183601
0.0204834
0.0187534
0.0193035
0.0204735
0.0208764
0.0201589
0.0209594
0.0202835
0.018866
0.0209684
0.0190856
0.0187586
0.0229366
0.0259196
0.0233027
0.0198711
0.0236768
0.0252772
0.026081
0.0210317
0.0233656
0.0254842
0.0276346
0.0230622
0.023274
0.0256634
0.0233649
0.019648
0.0185992
0.0216568
0.0203437
0.0188082
0.0187622
0.0211771
0.0211993
0.0180471
0.0230108
0.0231061
0.0255228
0.0244466
0.022622
0.0204494
0.0209514
0.0193669
0.0213384
0.0215548
0.0183397
0.0182812
0.0200323
0.0203739
0.0179124
0.0208493
0.0232125
0.0260625
0.0261841
0.0199689
0.0217072
0.019107
0.0217204
0.0203064
0.019618
0.0194522
0.0222592
0.0215196
0.0185576
0.0216724
0.0232314
0.0257979
0.0252789
0.0227354
0.0200274
0.0191465
0.0204212
0.0208778
0.0186513
0.0182073
0.021149
0.0214713
0.0188293
0.0205423
0.0231629
0.0253667
0.0256698
0.0228439
0.020812
0.018844
0.0206054
0.0207634
0.0182215
0.0208703
0.0239371
0.0252731
0.0245158
0.0253301
0.0227937
0.0198979
0.0193153
0.0211444
0.0204754
0.0179819
0.0188912
0.0227969
0.0250088
0.0256202
0.0227904
0.0204399
0.0183161
0.0204312
0.021009
0.0181341
0.0200088
0.0187358
0.0216316
0.0188057
0.0185402
0.0182647
0.020875
0.0208093
0.0175165
0.0197777
0.0185941
0.0208359
0.0208319
0.0183504
0.0187784
0.0199065
0.0212233
0.0187693
0.0199444
0.0205795
0.0177889
0.0188939
0.0221222
0.0250186
0.0243223
0.0220161
0.0187613
0.021971
0.0232707
0.0242233
0.0217929
0.0187314
0.0182295
0.0207152
0.0188642
0.0183413
0.019915
0.017745
0.020777
0.0204432
0.0174826
0.0198701
0.0216189
0.0237843
0.0240548
0.0211743
0.0188166
0.0167225
0.0187169
0.0175585
0.0160244
0.0182508
0.01868
0.0218471
0.0203217
0.0171614
0.0165824
0.0190163
0.0174395
0.0188226
0.0179587
0.0190703
0.0173677
0.0162681
0.02027
0.0229698
0.0213709
0.017219
0.0161569
0.018397
0.0167962
0.0159745
0.0169682
0.0184041
0.0166976
0.015715
0.0161422
0.0180684
0.0159755
0.0164665
0.0176405
0.0203341
0.0221264
0.0200599
0.015414
0.0197581
0.0166192
0.0149454
0.0158125
0.0187684
0.0153746
0.0192719
0.0186048
0.0162666
0.0160533
0.0162899
0.0139421
0.0186922
0.0136248
0.0146309
0.013078
0.0184457
0.0131662
0.0145361
0.015171
0.018865
0.0148869
0.0185985
0.0143751
0.0142607
0.0133857
0.0141761
0.0134412
0.0136917
0.0154666
0.0147864


