0.015309
0.0393041
0.0378453
0.0379878
0.0384147
0.0367803
0.0379754
0.0383138
0.0378745
0.0383148
0.0378993
0.0386921
0.0377627
0.0381731
0.0392894
0.0380299
0.0392705
0.0378776
0.0380024
0.0385209
0.0382985
0.0393506
0.0384379
0.0374416
0.0391871
0.0386786
0.0387299
0.0384028
0.0381604
0.0384535
0.0378169
0.0382815
0.039078
0.0381289
0.0389437
0.0379179
0.0389855
0.0387209
0.0380244
0.0379607
0.0389422
0.0373652
0.0385954
0.0384525
0.0379187
0.0386429
0.0381348
0.0388071
0.0381897
0.0384464
0.0380866
0.0387541
0.03846
0.0382747
0.0382078
0.0388881
0.0384194
0.0383894
0.039218
0.037877
0.038982
0.0380489
0.0373317
0.0381522
0.0383212
0.037359
0.039018
0.038186
0.0380241
0.0385667
0.037581
0.038078
0.0377732
0.0379293
0.0379738
0.0384815
0.0378059
0.0383274
0.0375086
0.0381223
0.0379258
0.0341596
0.030847
0.0347901
0.0317765
0.0150544
0.0357454
0.0604574
0.01136
0.00880058
0.00911345
0.00950376
0.00891408
0.00998261
0.00941217
0.0095096
0.00924794
0.00980376
0.0103249
0.0101895
0.012232
0.0115336
0.0121983
0.0123475
0.0127217
0.0127857
0.0122338
0.0116823
0.012883
0.0121855
0.0133634
0.0113794
0.01333
0.0141851
0.0135892
0.0133455
0.0110986
0.0121778
0.010983
0.0126074
0.00991196
0.0107004
0.012749
0.012656
0.0156951
0.0130488
0.0132539
0.011678
0.01336
0.0130435
0.0162199
0.0130823
0.011229
0.0116803
0.0110782
0.012751
0.0160609
0.0135105
0.0121909
0.0135776
0.0162984
0.0133847
0.0133303
0.0125269
0.0129605
0.0128116
0.0137477
0.013341
0.013859
0.0141606
0.0120172
0.016951
0.0141793
0.0139188
0.0131054
0.0133362
0.0117303
0.0136965
0.0154696
0.0133005
0.0124631
0.0116182
0.0122677
0.0153823
0.0127402
0.011341
0.0116212
0.0123041
0.0154519
0.011878
0.0153688
0.0106364
0.0167464
0.0118667
0.0114174
0.0108313
0.011239
0.0109695
0.0158317
0.011754
0.0112294
0.0104701
0.0105713
0.0105778
0.0105086
0.0155376
0.0142421
0.015681
0.0153998
0.0129262
0.0160067
0.015394
0.0131014
0.0133835
0.0128759
0.0128806
0.0134513
0.0120829
0.0126991
0.0134401
0.0140397
0.0135863
0.0141588
0.0147541
0.0143295
0.0143003
0.0141586
0.0148308
0.0141665
0.0117733
0.0157757
0.0158674
0.0132809
0.0131551
0.0137429
0.0113885
0.0120887
0.0138142
0.0136955
0.0163118
0.0134829
0.0135773
0.0140564
0.0132863
0.0137297
0.0137175
0.0142255
0.0133941
0.0140615
0.0160563
0.0156367
0.0132515
0.0148464
0.0111707
0.0112101
0.0107598
0.0114333
0.0106676
0.0158109
0.0116201
0.0128905
0.0113939
0.0113601
0.0160549
0.0112011
0.0114607
0.011542
0.0114906
0.0114695
0.0129742
0.0155678
0.0140921
0.0158317
0.0176457
0.0125551
0.0112334
0.0111758
0.0117274
0.0128765
0.0126918
0.0132632
0.0113902
0.0126056
0.0125197
0.0139047
0.0139618
0.0146858
0.0140117
0.0139987
0.0140908
0.0138008
0.0140109
0.0130961
0.0137478
0.0119076
0.0138971
0.0152427
0.0139162
0.0132833
0.0139154
0.013959
0.0138553
0.0135492
0.0138614
0.0137881
0.0117793
0.0133771
0.0139006
0.0132328
0.014016
0.0138103
0.0134147
0.0138177
0.0137017
0.013628
0.0123697
0.0132599
0.013795
0.0129657
0.0137948
0.0138045
0.0131909
0.0137772
0.0138583
0.014006
0.0139776
0.013327
0.0129745
0.0129756
0.0137589
0.0134401
0.0131763
0.0130798
0.0123
0.0138214
0.0136583
0.0135265
0.0155751
0.0158581
0.0141096
0.0133303
0.0140224
0.014271
0.013357
0.0141674
0.0136813
0.0150181
0.0139876
0.0137627
0.0113437
0.0121529
0.0131048
0.0142056
0.0143821
0.0144037
0.0142542
0.0128943
0.0144959
0.0131151
0.0138012
0.0122645
0.0143067
0.0140663
0.0145911
0.0144447
0.0143162
0.0144922
0.0140914
0.0145955
0.014765
0.0142544
0.014477
0.0141513
0.0145052
0.0145549
0.0146867
0.0142515
0.0134832
0.0145212
0.0145279
0.0144261
0.0138085
0.0143877
0.0145068
0.0134712
0.0144474
0.0129089
0.0142206
0.0122859
0.0139901
0.0147069
0.0143509
0.0141408
0.0144843
0.0140472
0.0143685
0.0146861
0.0136758
0.0142671
0.0142955
0.014811
0.0146313
0.0146057
0.014574
0.0146203
0.0135193
0.0125487
0.0138976
0.0141596
0.0143145
0.0142433
0.014499
0.0144954
0.0140747
0.0143511
0.0143
0.0142312
0.0145833
0.0136312
0.0144024
0.01392
0.0137154
0.0143404
0.0142521
0.0130458
0.0145022
0.0139901
0.0137259
0.0140836
0.0141798
0.0142381
0.0144559
0.0145013
0.0136204
0.0140293
0.0139813
0.0140365
0.0117418
0.0124256
0.0108927
0.0111381
0.0117525
0.0115765
0.0147582
0.0157272
0.012042
0.0123477
0.0115068
0.0120681
0.0119944
0.0116374
0.0162872
0.0171658
0.0118469
0.0137627
0.0141801
0.0146061
0.0119984
0.0125016
0.0121919
0.0129963
0.0155444
0.016594
0.0147352
0.0127497
0.0127133
0.0138921
0.0133767
0.013995
0.0139438
0.0113601
0.0127133
0.0118879
0.0133918
0.0137716
0.0144569
0.0137784
0.0136129
0.0174618
0.0166943
0.0126239
0.0127433
0.0141615
0.0125622
0.0145522
0.0142055
0.0145599
0.0145002
0.0122108
0.0133273
0.0124568
0.0140628
0.0154241
0.0142104
0.0165806
0.0172181
0.0128514
0.014869
0.0132227
0.0127529
0.0139041
0.0153969
0.0164111
0.015541
0.0155372
0.0160263
0.0154754
0.0131128
0.0154455
0.0162716
0.0150215
0.0124678
0.0108845
0.0122278
0.011208
0.0130123
0.0156435
0.0145691
0.0117515
0.0153466
0.0162715
0.0155279
0.0156553
0.0167502
0.0167618
0.0128141
0.0172032
0.0170793
0.0161477
0.0134676
0.0112081
0.0126357
0.0120021
0.0130986
0.0159893
0.0162465
0.0151888
0.0123934
0.0153255
0.0149817
0.0110035
0.0123473
0.0108071
0.0119909
0.0108541
0.0126922
0.0157248
0.0158069
0.0153905
0.0162597
0.0164272
0.0156248
0.0128147
0.0155036
0.0165253
0.0117812
0.0161772
0.0174655
0.0131723
0.0134563
0.0123652
0.0137359
0.0122262
0.0142233
0.0124717
0.0134424
0.0124714
0.013906
0.0129704
0.013454
0.0123939
0.0175379
0.0170918
0.0129377
0.0134195
0.0125215
0.0135305
0.0122497
0.0133366
0.0125276
0.0129601
0.0124885
0.017081
0.0128654
0.0154684
0.0134871
0.0146352
0.0172005
0.0145337
0.0141675
0.0175096
0.0170713
0.0145642
0.0135301
0.0132759
0.0146982
0.0132213
0.0130763
0.0137493
0.0142257
0.0137594
0.0134048
0.0149295
0.0178902
0.0177929
0.0155299
0.0153234
0.0149319
0.0134555
0.0142738
0.0151221
0.0173681
0.0179957
0.0152806
0.0155412
0.013257
0.0148734
0.0153019
0.0152056
0.0148147
0.0176861
0.0183862
0.0126595
0.0133276
0.0138519
0.0136379
0.017838
0.0174325
0.0151206
0.0128109
0.0135585
0.0138478
0.0136421
0.0132944
0.0146659
0.0171402
0.0177182
0.0149474
0.0140047
0.0142821
0.0135101
0.0134186
0.0137701
0.0135014
0.012887
0.0138904
0.0127166
0.0133401
0.0136819
0.0129538
0.0130826
0.0140729
0.0127307
0.0129937
0.0143877
0.0132673
0.0150174
0.012983
0.0137876
0.0127704
0.0133217
0.0135107
0.0130338
0.0128196
0.0136906
0.0123719
0.0127818
0.0136663
0.0124551
0.0127429
0.0139211
0.0128689
0.0124994
0.0135734
0.0124338
0.012725
0.0129475
0.0122576
0.0123207
0.0130109
0.0123108
0.0143584
0.0164985
0.0177294
0.0162535
0.0139767
0.0142974
0.0167439
0.0172623
0.017148
0.012813
0.0150878
0.0131295
0.0121751
0.0120942
0.0130131
0.0127242
0.013963
0.0173987
0.017904
0.0132915
0.0137235
0.014317
0.0130572
0.0145408
0.0125669
0.0140825
0.0136671
0.0149621
0.0130379
0.0138516
0.0137091
0.0144986
0.0174129
0.0187196
0.0197921
0.0141271
0.0129656
0.0146689
0.0138961
0.0127869
0.0139538
0.0142634
0.0133256
0.0143342
0.0171743
0.0188423
0.017365
0.0146569
0.0129683
0.015564
0.0138297
0.0130214
0.0126491
0.0146061
0.0137638
0.0129074
0.013493
0.0141957
0.0161551
0.0133397
0.015523
0.0137771
0.0149621
0.0135048
0.0131526
0.0181239
0.0193944
0.0176955
0.017202
0.0162489
0.0182719
0.0174547
0.0153936
0.0141453
0.0179987
0.0193472
0.0191845
0.0177561
0.0156861
0.0135065
0.0150356
0.0144874
0.0137074
0.0148089
0.0171138
0.0191679
0.0183666
0.0176272
0.0149753
0.0134085
0.016029
0.0146555
0.0134712
0.0152985
0.0172715
0.0202714
0.0179849
0.0183126
0.0132924
0.0173146
0.018782
0.0183219
0.0181678
0.0177539
0.0173664
0.0189
0.0193439
0.0190128
0.0177122
0.0179374
0.0192132
0.0190835
0.0191062
0.0176926
0.0177526
0.0199505
0.0186723
0.0198467
0.0188589
0.0181694
0.0138723
0.0160432
0.0149599
0.014186
0.0134668
0.0128078
0.0179617
0.0184689
0.0185801
0.0181531
0.0174433
0.0146512
0.0131311
0.0148528
0.0144148
0.0133716
0.0131989
0.0180177
0.0194585
0.018144
0.016999
0.0174435
0.0157492
0.0144568
0.0152535
0.0141272
0.0147564
0.0168005
0.0136987
0.0137853
0.0155111
0.0152632
0.013293
0.01535
0.0186152
0.0179766
0.0154029
0.0152508
0.0144943
0.0189344
0.0176581
0.0153331
0.0183023
0.0173334
0.01599
0.0146318
0.0141273
0.0142215
0.0143544
0.0141071
0.0151514
0.0142587
0.0137782
0.0145775
0.0186497
0.015132
0.0137224
0.0189416
0.0188015
0.0137582
0.0189351
0.0177393
0.0143834
0.0135256
0.0125165
0.014187
0.0182857
0.0164346
0.0172687
0.0120703
0.0126297
0.0114034
0.0121056
0.0107107
0.0113356
0.0108157
0.0154947
0.0104357
0.0149219
0.0102128
0.0150456
0.0105753
0.0103326
0.0111638
0.0114927
0.0103236
0.0114035
0.0103868
0.0113429
0.0108799
0.0121393
0.0113715
0.0150571
0.0127215
0.0127714
0.0117351
0.0150437
0.0138943
0.0125579
0.0124309
0.0125087
0.0125032
0.0129019
0.0171684
0.0140725
0.0169126
0.01337
0.0124263
0.0121129
0.0137585
0.0119901
0.0131933
0.0120235
0.0116099
0.0133595
0.0128791
0.0119847
0.0119629
0.0133517
0.0123611
0.0121574
0.0126306
0.0120638
0.0135863
0.0122351
0.0128407
0.0135108
0.0127423
0.0121952
0.0142844
0.0177097
0.0137266
0.0144625
0.0138893
0.0133083
0.0157795
0.0155865
0.013773
0.0139596
0.0151564
0.0178196
0.0173616
0.0171086
0.01617
0.0140341
0.0131381
0.0135684
0.0138965
0.0166489
0.0172358
0.0142033
0.0146785
0.0134616
0.0120247
0.0125007
0.0127841
0.011937
0.0166935
0.0165384
0.0132261
0.0128444
0.0140577
0.0142392
0.0125358
0.012165
0.0111638
0.0113708
0.0138597
0.0126768
0.0115079
0.0119231
0.0107177
0.0114181
0.0116238
0.0110921
0.0111263
0.0115894
0.010928
0.0154874
0.0153598
0.0158287
0.0158912
0.0110467
0.0151411
0.0156699
0.0118815
0.0119218
0.011877
0.0117097
0.0119844
0.013722
0.0125477
0.0124274
0.0117563
0.0113912
0.0159892
0.0118599
0.0131816
0.0117773
0.0136731
0.0128579
0.0132672
0.0140763
0.0127752
0.0127726
0.0142135
0.0124908
0.01203
0.0139395
0.0124821
0.0123565
0.0125297
0.0131545
0.0137054
0.0138569
0.0173082
0.0141322
0.0131271
0.0175921
0.0126727
0.0131373
0.0149005
0.0151847
0.0141839
0.014521
0.014806
0.0143414
0.0133027
0.0141871
0.0144228
0.0134942
0.0128996
0.0148896
0.0138543
0.013366
0.0156365
0.0156916
0.0140571
0.0139459
0.0157119
0.015829
0.0160056
0.0143139
0.0155813
0.0165395
0.0146012
0.0143871
0.0165216
0.0147172
0.0159325
0.0147206
0.0149667
0.0166822
0.0151133
0.0161464
0.0156915
0.0146674
0.0144549
0.0146302
0.0166364
0.016529
0.0161946
0.0161446
0.0145008
0.0161156
0.017022
0.0150369
0.0153366
0.0169643
0.0150694
0.0148587
0.0154735
0.0169224
0.0150793
0.0139275
0.0149819
0.0134332
0.0138152
0.0129616
0.0183717
0.0146888
0.0141802
0.0139116
0.0144707
0.0140864
0.0140785
0.0136693
0.015507
0.0139598
0.0132604
0.0139336
0.0140921
0.0151171
0.0164016
0.0142749
0.0149993
0.0141192
0.0132435
0.0129076
0.0126133
0.0133128
0.0129178
0.016232
0.012313
0.0171386
0.0134668
0.0126526
0.0135382
0.0126509
0.0127918
0.0129091
0.0128915
0.0126653
0.0136488
0.012479
0.0125559
0.0137808
0.0128983
0.0131298
0.0131937
0.0139509
0.0142473
0.0124984
0.0131457
0.0125223
0.0169897
0.0116357
0.0162082
0.0126894
0.0164036
0.0160684
0.0132735
0.0121359
0.011443
0.0118779
0.0109627
0.0110967
0.0111522
0.0108734
0.0108092
0.0122606
0.0138319
0.0115838
0.0150853
0.0101049
0.0156476
0.0139925
0.0145488
0.0131893
0.0116549
0.0146767
0.0132639
0.0110727
0.0154596
0.0149281
0.0117295
0.0105832
0.0103451
0.0110181
0.0112187
0.0123256
0.0114171
0.0115708
0.0132441
0.0114949
0.0140384
0.0127984
0.015804
0.0142969
0.012232
0.0112871
0.0120331
0.0109646
0.0108717
0.0110965
0.0107415
0.0159406
0.0152393
0.0111218
0.0122166
0.0144081
0.0107339
0.0106774
0.0110429
0.0120402
0.0124449
0.0163067
0.0152171
0.0165491
0.012338
0.0106877
0.0111305
0.0103087
0.0104896
0.0110869
0.0103261
0.0107679
0.0112881
0.0106782
0.0108119
0.0106072
0.0114918
0.0105168
0.0105466
0.011451
0.0106471
0.0103566
0.00995737
0.0111582
0.0135944
0.0104133
0.0105813
0.0113973
0.0101417
0.0102235
0.0111188
0.0111136
0.0116532
0.0105531
0.0122644
0.0106621
0.0101196
0.0100444
0.0118132
0.0108371
0.0100992
0.01122
0.0112502
0.0112687
0.0104066
0.0118
0.0155886
0.0115424
0.0120427
0.01089
0.0107486
0.0117158
0.0116604
0.0112032
0.0123182
0.0144541
0.0152841
0.0152653
0.0134322
0.0114894
0.0103873
0.0112084
0.0107938
0.0110708
0.014266
0.0152413
0.0153667
0.0111047
0.0121059
0.0147596
0.0152432
0.0154439
0.0116242
0.00966812
0.0119439
0.0103426
0.0105662
0.00952701
0.00966023
0.0111046
0.00998521
0.0105953
0.0103905
0.0100984
0.00999016
0.0114432
0.00989952
0.00992294
0.00995707
0.00982243
0.00934048
0.00937238
0.0100854
0.0102463
0.00931811
0.0100016
0.0108108
0.0131186
0.0125835
0.00964651
0.0109224
0.0104465
0.00985233
0.00987955
0.0112383
0.0109117
0.0101124
0.0116573
0.014669
0.0153095
0.0152279
0.0146712
0.0119238
0.0116909
0.0116984
0.0120977
0.0105572
0.0103489
0.0113083
0.0110253
0.010826
0.0126216
0.0165452
0.0157363
0.0172504
0.0145343
0.0122009
0.0100211
0.0107756
0.0133417
0.0106807
0.00991699
0.0104794
0.0104591
0.0097972
0.0138758
0.0154609
0.0144899
0.0144175
0.0098361
0.0105088
0.0111659
0.00989163
0.00993115
0.00956143
0.00993088
0.00951386
0.00997828
0.00939615
0.0100829
0.0104934
0.00918765
0.0138392
0.0140751
0.0134397
0.0105692
0.00946904
0.0097413
0.00916325
0.0109714
0.0132213
0.0137054
0.0136866
0.0101489
0.012187
0.0129647
0.00940438
0.0108195
0.0097883
0.0101451
0.0092281
0.00934081
0.0130807
0.0137224
0.0134108
0.0121071
0.0090035
0.00971669
0.00974619
0.0111276
0.009333
0.010221
0.00980127
0.0101935
0.0107373
0.0129222
0.0152021
0.0103843
0.00950377
0.00980547
0.010978
0.00939568
0.00928447
0.00996615
0.00903677
0.0138655
0.0151708
0.012811
0.0137141
0.0149195
0.0142977
0.011249
0.012592
0.0129928
0.0120946
0.0120055
0.0118577
0.011197
0.0107868
0.0101828
0.015055
0.0155051
0.0145504
0.0118365
0.00993522
0.010979
0.0114572
0.0103624
0.0121009
0.0113662
0.0112124
0.0109592
0.0123518
0.0111559
0.0111763
0.0114178
0.0109241
0.0117009
0.0124696
0.0114227
0.01219
0.0120968
0.0114073
0.0110121
0.0119626
0.010778
0.0117045
0.0107309
0.0109406
0.015005
0.0158624
0.0151595
0.0123799
0.010969
0.0116249
0.0107981
0.0121553
0.0101594
0.0113481
0.0117706
0.0125242
0.0102856
0.0117075
0.0125526
0.010698
0.0157091
0.0138483
0.0124019
0.0119472
0.0116666
0.012513
0.0115748
0.011335
0.0119375
0.0148746
0.01152
0.0113644
0.0129154
0.0125416
0.0119507
0.01324
0.0175358
0.0177465
0.0201274
0.0122979
0.0140005
0.01268
0.0157267
0.014321
0.0133908
0.0121496
0.014889
0.0141936
0.0134524
0.0137123
0.0142835
0.0122232
0.0166439
0.0135116
0.0170604
0.0125684
0.0142951
0.0138531
0.0145038
0.0145826
0.0136944
0.0127221
0.0147309
0.0128659
0.0143897
0.0146601
0.013126
0.0140297
0.013519
0.0135714
0.0150787
0.0128342
0.0127838
0.0147214
0.01463
0.01521
0.0132673
0.0146355
0.0175426
0.016302
0.0160073
0.0166632
0.0162429
0.0139476
0.0148367
0.0156061
0.0138491
0.0136067
0.0153386
0.0162979
0.0165441
0.0133154
0.0143794
0.0192135
0.0220047
0.0168
0.0154639
0.0124003
0.0137385
0.0147271
0.0143938
0.0138255
0.0166596
0.0152739
0.0129839
0.0131457
0.0139729
0.0131011
0.0140459
0.0158015
0.01369
0.0138742
0.0148719
0.0175645
0.0181907
0.0150564
0.0181151
0.0132605
0.0154203
0.0143917
0.0142944
0.0128077
0.0134791
0.0129166
0.0143359
0.0132804
0.0126825
0.0166483
0.0199021
0.0150383
0.016694
0.0185413
0.017198
0.0168299
0.0177693
0.0135191
0.0128488
0.0141147
0.0133559
0.0132384
0.0138329
0.0133888
0.0134635
0.0148311
0.0148462
0.0157972
0.0151683
0.0174243
0.0144233
0.0152996
0.0183626
0.0176561
0.0165422
0.0151447
0.0186683
0.019793
0.0179901
0.0161466
0.0143329
0.0156188
0.0165137
0.0136575
0.0145445
0.013876
0.0141569
0.0150886
0.0141045
0.0145229
0.0135752
0.0150847
0.0142902
0.0150869
0.0134966
0.0156379
0.0147281
0.0149767
0.0138942
0.0149489
0.0127228
0.0143561
0.0130611
0.0141556
0.013047
0.0148953
0.0170542
0.0183387
0.0165567
0.012518
0.0167323
0.0175363
0.0161463
0.012325
0.0125071
0.0133769
0.0116003
0.0145191
0.0141087
0.0123417
0.0125846
0.0153205
0.0155063
0.0146496
0.0134927
0.0126942
0.0126773
0.0125771
0.0141738
0.012981
0.0127306
0.0133518
0.0127737
0.0153282
0.0139409
0.0132006
0.014555
0.0184754
0.0173737
0.0185509
0.0187046
0.0186108
0.0180114
0.0134731
0.0161397
0.0177899
0.0152398
0.0171286
0.0169446
0.0147798
0.0175357
0.0137238
0.0148147
0.0174352
0.0193287
0.0177333
0.0151734
0.0157106
0.014737
0.0140173
0.0130359
0.0146946
0.0121749
0.0128065
0.0144354
0.0137889
0.0147595
0.0173007
0.0189154
0.0142125
0.017187
0.0182849
0.0167812
0.0152778
0.0127647
0.0138513
0.0126294
0.0124282
0.0145225
0.014312
0.0126545
0.0181564
0.0144863
0.0132722
0.0178795
0.0191917
0.0173428
0.0141327
0.0128008
0.0138271
0.0121439
0.0131189
0.0135175
0.0114814
0.0133859
0.0127231
0.0136345
0.0128786
0.0134305
0.0173867
0.0152626
0.01403
0.0128711
0.0130102
0.0133163
0.0146278
0.0130352
0.0150125
0.0133043
0.0132344
0.0138245
0.0167407
0.014557
0.013975
0.0133372
0.0130466
0.0135479
0.0128238
0.0129897
0.013184
0.01369
0.0139499
0.0131128
0.0139353
0.012063
0.0177149
0.012851
0.0136784
0.0147759
0.0167318
0.014645
0.0141397
0.0148906
0.015007
0.0159235
0.0149348
0.0167971
0.0196331
0.0198707
0.0164794
0.0157138
0.0165991
0.0150093
0.0147699
0.0136893
0.0192729
0.0179979
0.0155378
0.0156889
0.0144976
0.0161449
0.0201644
0.0192998
0.015634
0.0142557
0.0143208
0.0149188
0.0159962
0.0159571
0.0154413
0.01771
0.016948
0.0179149
0.0208277
0.0221232
0.0201461
0.0207946
0.0218417
0.0197118
0.0202739
0.0221781
0.0202741
0.0236971
0.0232668
0.020946
0.0214426
0.0248415
0.0184374
0.0166739
0.0180035
0.0158336
0.0185117
0.0238753
0.0225236
0.0205018
0.0210414
0.0230717
0.0210341
0.0199744
0.020559
0.01917
0.0195435
0.0158834
0.0198084
0.0200402
0.0180147
0.014745
0.0153614
0.0145431
0.0190794
0.0178618
0.0164713
0.0158142
0.0150639
0.0141042
0.0147914
0.0147871
0.0178165
0.0151195
0.0146223
0.0156124
0.0205256
0.0193864
0.0163188
0.0163144
0.0159873
0.0165092
0.017837
0.0157165
0.0138733
0.0200328
0.019668
0.0130026
0.0202798
0.0156758
0.0174302
0.0155207
0.0207184
0.0197554
0.0171719
0.0177065
0.0167447
0.0167105
0.0148915
0.015058
0.0147985
0.0155981
0.0190086
0.018736
0.0151886
0.0159765
0.017876
0.0143468
0.0198454
0.0188931
0.014576
0.0148769
0.014936
0.0157056
0.0158187
0.015012
0.0163326
0.0158318
0.0156465
0.0151718
0.0163307
0.0154713
0.0148884
0.0163152
0.019878
0.0187488
0.0136734
0.0196078
0.0168479
0.0169974
0.0170719
0.0139208
0.0162231
0.0154411
0.0155878
0.0163421
0.0167534
0.0176187
0.0171364
0.0172998
0.0154049
0.0191717
0.019382
0.0158735
0.0168941
0.0203716
0.0163557
0.0161783
0.015428
0.0157188
0.0193826
0.0195778
0.0162903
0.0165998
0.0162638
0.0155578
0.0153475
0.018493
0.0147229
0.0165332
0.0203428
0.019946
0.0200328
0.0201874
0.0223765
0.020774
0.0175288
0.0205132
0.0216019
0.02063
0.0208568
0.0245248
0.0228166
0.0208784
0.0179433
0.0210307
0.0231312
0.0212336
0.0171445
0.0197753
0.0221088
0.0174993
0.0173791
0.0179955
0.0198209
0.0177044
0.0178983
0.0175295
0.0197489
0.0178816
0.0176155
0.0188296
0.0195794
0.0179398
0.0175444
0.0176482
0.0204645
0.0198905
0.0172295
0.0180811
0.0228948
0.0236973
0.0211482
0.0179729
0.0171614
0.0232149
0.0214273
0.0196632
0.0174686
0.0182696
0.0166757
0.0172424
0.0172225
0.0189099
0.0172164
0.016523
0.0209784
0.0222764
0.0208623
0.0169396
0.0169591
0.018106
0.016521
0.0165862
0.0162695
0.0186739
0.0179643
0.01963
0.0147288
0.0159767
0.0151083
0.0130614
0.0172234
0.0173454
0.0158146
0.0121901
0.0132853
0.012048
0.0148652
0.0126686
0.0139244
0.0120524
0.0118467
0.0122591
0.0115952
0.0124339
0.0130466
0.0122837
0.0118862
0.0152696
0.0140058
0.0156664
0.0133493
0.0132979
0.0167453
0.0144569
0.0145314
0.0141027
0.0136005
0.0138501
0.0187001
0.0143553
0.0137962
0.0133062
0.0136467
0.0156554
0.0137297
0.0140789
0.0145494
0.0164635
0.0173103
0.0152368
0.0143558
0.0152599
0.0152847
0.0174725
0.0145574
0.0169418
0.0149995
0.0139965
0.0150144
0.0147335
0.0156082
0.0154868
0.015919
0.0157944
0.0161991
0.0165158
0.017904
0.0160385
0.0155281
0.0203706
0.0183997
0.0175242
0.018835
0.0176674
0.0158536
0.0161335
0.0156248
0.0168182
0.0155289
0.0151727
0.0201758
0.0191448
0.0154351
0.0155697
0.0141263
0.015169
0.0185598
0.0209251
0.0199268
0.015494
0.0153362
0.0176287
0.0167464
0.0174396
0.0200078
0.0231481
0.0216599
0.0171464
0.0190304
0.0201212
0.02075
0.0163909
0.018394
0.0175047
0.0207903
0.021851
0.018336
0.0179001
0.0211605
0.0212586
0.0230504
0.0181608
0.0226867
0.0254084
0.0258869
0.0210391
0.0185368
0.0184794
0.0211455
0.0208811
0.0179764
0.0183728
0.0233787
0.0268421
0.0249428
0.0233078
0.0197637
0.0217229
0.0220162
0.0207249
0.0184463
0.0182626
0.0177061
0.0199089
0.0200168
0.0211883
0.0187588
0.0186648
0.0199497
0.0207092
0.0204882
0.0186511
0.0181714
0.0214275
0.0221338
0.0208295
0.0188318
0.0197334
0.0209225
0.0215591
0.0223796
0.0203189
0.0186211
0.0185765
0.0227838
0.0274532
0.0272003
0.025594
0.0189714
0.0185178
0.0225916
0.0226377
0.0221022
0.0189795
0.0200698
0.020702
0.0236158
0.0248895
0.022531
0.022981
0.0205869
0.0196427
0.0228438
0.0235419
0.0218019
0.0194495
0.0204343
0.0205987
0.0223627
0.022709
0.0222257
0.0220754
0.0203671
0.019844
0.0240496
0.0258439
0.0272523
0.0262987
0.0251161
0.020863
0.0214035
0.024108
0.0237169
0.0260138
0.0210358
0.0208925
0.0201057
0.0195895
0.0219891
0.0228697
0.0207855
0.0273422
0.019552
0.0207017
0.0235284
0.0264888
0.0258653
0.025828
0.0273041
0.0272175
0.022556
0.0247627
0.0268987
0.0242906
0.022952
0.0239252
0.0220473
0.020478
0.0204155
0.0196004
0.0221473
0.0224998
0.0224523
0.0210207
0.0198873
0.0200148
0.0630913
0.0217043
0.0245478
0.0257891
0.0245556
0.0239615
0.0271425
0.0279103
0.0319808
0.0297826
0.0282025
0.027352
0.0263923
0.0245871
0.0265613
0.03141
0.0266732
0.0272828
0.0269942
0.033464
0.0382593
0.0277252
0.0248626
0.025907
0.0265898
0.0273289
0.0271321
0.0284062
0.0269545
0.0279693
0.0265337
0.0283055
0.0277603
0.0269821
0.0273831
0.0267045
0.0264756
0.0332622
0.0308319
0.0294323
0.0264323
0.0263331
0.0257035
0.026729
0.0256631
0.025672
0.0267093
0.0270064
0.026496
0.0238436
0.0258833
0.0253026
0.0272241
0.0287911
0.0266375
0.0261855
0.0249008
0.0249499
0.0273029
0.0271635
0.0262835
0.0266079
0.028539
0.0267558
0.0272545
0.0262914
0.0259778
0.0267374
0.0268655
0.0252931
0.0261978
0.0264434
0.0262228
0.0246144
0.0263006
0.0267105
0.0257581
0.0246926
0.0257974
0.0257241
0.0216075
0.0212357
0.0220402
0.0208199
0.0224599
0.0173877
0.0219423
0.0230893
0.022437
0.0230772
0.0186641
0.020791
0.0235112
0.0221327
0.0209758
0.0218101
0.0210088
0.0227503
0.0233707
0.0205705
0.0199943
0.0214442
0.0213845
0.0225418
0.0214288
0.0223175
0.0221262
0.0225674
0.0227331
0.0236772
0.0230726


