0.0131172
0.0195961
0.0175085
0.0156403
0.0162283
0.013912
0.013734
0.0165022
0.0157189
0.0158209
0.0153414
0.0151868
0.0159606
0.0175383
0.0163624
0.0163927
0.0152435
0.0164549
0.0164684
0.0176183
0.016482
0.0163157
0.0165115
0.0171734
0.0141356
0.0155869
0.0156068
0.0165771
0.0150256
0.0174565
0.0175298
0.014087
0.0164258
0.0150345
0.0170893
0.0155228
0.0140564
0.0156789
0.017796
0.0175538
0.0165507
0.0157801
0.0169377
0.0159347
0.0149789
0.0166494
0.0157419
0.016652
0.0159861
0.0164094
0.0173155
0.0163853
0.0169405
0.0157259
0.0152772
0.0163689
0.0156319
0.0140133
0.0176818
0.0163119
0.01668
0.0159997
0.0158946
0.0169313
0.0161561
0.015236
0.0156072
0.0167943
0.0163755
0.0140436
0.0136842
0.0144696
0.0143614
0.0144233
0.0176353
0.0165944
0.0145928
0.0140582
0.0155551
0.0158784
0.0142427
0.0140541
0.0180614
0.0175632
0.0179765
0.0174966
0.017584
0.0177964
0.016225
0.0187258
0.0177812
0.0194837
0.0176583
0.0193766
0.0174442
0.0181171
0.0197911
0.021887
0.019941
0.0200339
0.0223585
0.021641
0.0234449
0.022646
0.0226959
0.0219438
0.0215841
0.0220973
0.0225814
0.0194686
0.0205485
0.0172461
0.0196346
0.0198189
0.018633
0.021732
0.0197868
0.020065
0.0185405
0.0196541
0.0184766
0.016046
0.0176025
0.0175732
0.0195974
0.0185362
0.0194189
0.0222043
0.0215093
0.0217569
0.0224127
0.0217386
0.0224486
0.0215237
0.0209102
0.0232579
0.0200854
0.0211284
0.0239348
0.0223105
0.0236309
0.0210535
0.0223233
0.0231232
0.023784
0.0224428
0.0219593
0.021265
0.0222489
0.0220205
0.0189178
0.0209625
0.0183381
0.0183284
0.0186497
0.0192112
0.0180883
0.0188097
0.0177711
0.0197755
0.018825
0.0197809
0.0188312
0.0170766
0.021856
0.0187044
0.0214097
0.0182082
0.0191682
0.0204157
0.0206534
0.0217534
0.0208424
0.0205408
0.0178823
0.0189757
0.0207298
0.0211846
0.0215145
0.0195271
0.0184368
0.0175307
0.0195566
0.0206232
0.0202424
0.0193456
0.0191827
0.0221392
0.0223936
0.0209272
0.021252
0.0221097
0.0225017
0.0215496
0.0215
0.019412
0.0233654
0.0199923
0.0215478
0.0216043
0.0216262
0.0217244
0.0220447
0.0229261
0.0225265
0.0217307
0.0214296
0.0218701
0.0273355
0.0235207
0.0216916
0.0227961
0.021957
0.0207202
0.0215347
0.0234309
0.0230793
0.0232025
0.0197559
0.0221714
0.0235012
0.0234971
0.0255436
0.0212018
0.0223299
0.0224454
0.0212698
0.0220231
0.0224038
0.0221935
0.0204895
0.0222856
0.0222044
0.0198661
0.0182082
0.0171234
0.018957
0.0183062
0.020844
0.0176879
0.0174487
0.0198789
0.0193617
0.0176489
0.0203426
0.0166358
0.016934
0.0170113
0.0167846
0.0172748
0.0176888
0.0193897
0.0179731
0.0162098
0.0168399
0.0176577
0.0196531
0.017593
0.0198783
0.0172834
0.019573
0.0172852
0.0196874
0.0154442
0.0172689
0.0187571
0.0178697
0.016699
0.0191354
0.0180615
0.019442
0.0188804
0.0191903
0.0166155
0.0187397
0.0177064
0.018312
0.0171613
0.0162194
0.01731
0.022093
0.0181695
0.0169652
0.0189057
0.0170765
0.0174361
0.0198551
0.0198584
0.0188351
0.0179622
0.01705
0.0189652
0.0204191
0.0168512
0.017404
0.0179615
0.0192329
0.0185527
0.0194299
0.0199757
0.0180648
0.0183906
0.017695
0.0189513
0.0182054
0.0167899
0.0159229
0.0196974
0.0176142
0.0182185
0.019023
0.0173009
0.0200551
0.0170213
0.0170667
0.0182752
0.0192258
0.019264
0.0162005
0.0204826
0.0193147
0.0166198
0.0188266
0.0180892
0.0189164
0.0192905
0.0179175
0.0194503
0.0191856
0.0190836
0.02027
0.0189235
0.0172094
0.0175437
0.0170772
0.0204618
0.0191581
0.0177883
0.0192866
0.0170715
0.0165067
0.0185899
0.0194829
0.0194287
0.0202579
0.0182793
0.0183751
0.0201921
0.0182177
0.0182871
0.0197384
0.0200858
0.0185464
0.0187532
0.0170458
0.0190491
0.0175779
0.020709
0.0196132
0.0194306
0.0183223
0.0179378
0.0201822
0.0189132
0.0197934
0.0188606
0.0181555
0.0207278
0.0193388
0.0195748
0.0155724
0.0184873
0.0200751
0.0192448
0.0178116
0.0196589
0.0184574
0.0169505
0.0174795
0.0175603
0.0185938
0.0170696
0.0167715
0.0175244
0.0191762
0.0190059
0.0196992
0.0179235
0.0188285
0.0165862
0.0173664
0.0195526
0.0187757
0.017271
0.0172662
0.0175374
0.0175599
0.0185144
0.0178362
0.0211388
0.0182115
0.0181466
0.0178955
0.0197877
0.0193838
0.0191457
0.0187657
0.0174175
0.0171518
0.017096
0.0201778
0.017289
0.0170354
0.0179775
0.0200035
0.0177376
0.0201169
0.0173848
0.0169746
0.0202212
0.0194814
0.0200853
0.0184799
0.0175771
0.0186444
0.0210944
0.0188036
0.0189479
0.0215606
0.0218491
0.0249403
0.0208205
0.0232029
0.023279
0.0217979
0.0217932
0.0234857
0.0211949
0.0208589
0.0216337
0.0210568
0.0208208
0.0240978
0.0244359
0.0223752
0.0224351
0.0212332
0.0264374
0.0248468
0.0254793
0.0228649
0.0235945
0.0243875
0.0248565
0.022043
0.0241419
0.0243272
0.0208027
0.0228538
0.0230671
0.0215809
0.0215278
0.022211
0.0269214
0.0230378
0.026832
0.0230336
0.0235421
0.0232208
0.0243031
0.023807
0.0228385
0.0223435
0.0217323
0.0260427
0.022464
0.0253796
0.0227671
0.022388
0.0227426
0.0226162
0.0215657
0.0223651
0.0227504
0.0210961
0.0250456
0.0238096
0.0216154
0.0211028
0.0197896
0.0226009
0.0208688
0.0221776
0.0215854
0.021608
0.0227345
0.0241631
0.0228742
0.0246167
0.0197102
0.0224127
0.0237412
0.0216284
0.0237976
0.0215073
0.023715
0.0222669
0.0224583
0.0240991
0.0230366
0.0219685
0.021494
0.0210301
0.0240274
0.0199878
0.0202997
0.0202115
0.0204013
0.0210051
0.0202837
0.0212317
0.0219044
0.0234244
0.0214947
0.0214856
0.0242555
0.0242011
0.0226464
0.0233409
0.02255
0.020773
0.0221535
0.0225108
0.0215157
0.0234022
0.025056
0.0235262
0.0222677
0.0260187
0.0224338
0.0243396
0.0233469
0.0239586
0.023842
0.0267455
0.0240249
0.0235395
0.0251169
0.0231623
0.0247212
0.0238075
0.0235285
0.0230106
0.0233336
0.0223948
0.0280102
0.0230415
0.0226004
0.0236153
0.0238612
0.0246666
0.0242299
0.0235483
0.0248951
0.0226255
0.024075
0.0239948
0.02508
0.0281507
0.0245905
0.0243135
0.0258933
0.0279123
0.0236741
0.0278471
0.0243285
0.0236276
0.0227918
0.0236498
0.027523
0.0231126
0.0235028
0.0270423
0.0256567
0.0244358
0.0258332
0.0234293
0.0247708
0.0230368
0.0255128
0.0264503
0.0241667
0.0246868
0.0222272
0.0240153
0.0270282
0.026185
0.0250754
0.023275
0.0265982
0.0250379
0.0256699
0.0234662
0.0237473
0.0237887
0.0235406
0.0235028
0.0225232
0.023633
0.024205
0.0219603
0.025817
0.0255347
0.0235814
0.023615
0.0226704
0.0238744
0.0229257
0.0225959
0.0235181
0.0247263
0.0240915
0.027013
0.0268525
0.0277345
0.0235365
0.0237186
0.0237014
0.0238177
0.0236835
0.0249623
0.0241521
0.0257211
0.0225638
0.0265138
0.0227504
0.0233741
0.0232553
0.0253858
0.0232393
0.0239723
0.0229338
0.0242476
0.0249212
0.0238947
0.0246499
0.0229832
0.0240104
0.0261283
0.0265171
0.023671
0.0222237
0.0238106
0.0238812
0.0223867
0.0269115
0.0238742
0.0305156
0.024861
0.0232787
0.0216949
0.0240806
0.0235474
0.0229223
0.0232959
0.0233082
0.0278599
0.0271515
0.0225669
0.0220823
0.0233934
0.021875
0.0221137
0.0222611
0.0218807
0.0221296
0.0214901
0.0209954
0.0227996
0.0244916
0.0249645
0.0237242
0.0217813
0.0235594
0.0220502
0.0216418
0.0233079
0.025683
0.0238318
0.0230266
0.0223608
0.022139
0.0218503
0.0226472
0.0238133
0.0222964
0.0223574
0.0221902
0.0256524
0.0226654
0.0220083
0.0227652
0.0266329
0.023647
0.0225186
0.0219876
0.0252118
0.0250528
0.0231362
0.0245423
0.0234634
0.0229294
0.0251006
0.0210263
0.0241519
0.0213846
0.0245227
0.0231973
0.023437
0.0239369
0.0242931
0.0218753
0.0266643
0.0254667
0.022385
0.022975
0.0223114
0.0230399
0.0235952
0.0246734
0.0244626
0.0241436
0.0240042
0.0230328
0.0237867
0.0233546
0.0230667
0.023022
0.0260397
0.0225479
0.024943
0.0237563
0.0263584
0.0238577
0.022673
0.0234782
0.0235437
0.0245596
0.0241372
0.0239682
0.0230613
0.0228327
0.0221516
0.0233946
0.0277035
0.0234255
0.0265473
0.0254011
0.0276326
0.0248032
0.0251227
0.0235863
0.0228502
0.0248321
0.0241533
0.0248413
0.0246368
0.0234544
0.024516
0.024284
0.0260657
0.0257501
0.0266173
0.0238893
0.0228972
0.0232248
0.0257064
0.0246301
0.0232815
0.0256819
0.0259785
0.0239198
0.0220758
0.0259183
0.0245399
0.0251071
0.0249127
0.0258604
0.024263
0.0247869
0.0238276
0.0247085
0.0265255
0.024851
0.0237998
0.0245977
0.0251344
0.0237173
0.0269687
0.0251882
0.0267667
0.0249242
0.0230697
0.0236586
0.0227932
0.0231034
0.0240772
0.0247658
0.024025
0.0235712
0.0229783
0.0252134
0.0245339
0.0223183
0.0228244
0.0222687
0.0230334
0.0226963
0.0234117
0.020894
0.0214992
0.0210077
0.0209896
0.0220589
0.0216756
0.0225695
0.0232662
0.0220788
0.0217336
0.0245162
0.0207238
0.0217595
0.0214811
0.0210374
0.024753
0.024748
0.0249651
0.0230852
0.0237041
0.0240504
0.0220274
0.023152
0.0246201
0.0232153
0.0213078
0.0210779
0.0215349
0.0203934
0.0231183
0.0194487
0.0214188
0.0211402
0.0224492
0.0227184
0.0210033
0.021118
0.0228628
0.0220929
0.0206568
0.0235557
0.0209188
0.0192763
0.022872
0.0210176
0.0216383
0.0256598
0.020932
0.0226964
0.0217654
0.0236841
0.0211925
0.0243848
0.024904
0.0212777
0.0242958
0.0260257
0.0254522
0.0243166
0.0211708
0.0242518
0.0245076
0.021489
0.0221576
0.0251229
0.0223772
0.0225815
0.0249461
0.0249508
0.0215707
0.0207826
0.0244801
0.0236171
0.0231245
0.0209395
0.0237291
0.0229658
0.0246148
0.0205819
0.0231996
0.0209446
0.0238078
0.0213
0.0220791
0.023297
0.0248141
0.0223577
0.0219001
0.0228694
0.0244651
0.0243696
0.0206729
0.0241484
0.021676
0.0212515
0.0247887
0.0217278
0.0229801
0.0237207
0.0240599
0.0234235
0.0224461
0.0213222
0.024447
0.0236752
0.0228577
0.0207285
0.022511
0.0245402
0.0236879
0.0216082
0.0234537
0.0209499
0.0253847
0.0215794
0.0224034
0.0253511
0.0225977
0.0208389
0.0289013
0.0233535
0.0220595
0.0215834
0.0216964
0.0207896
0.0219178
0.0210394
0.0204986
0.0236168
0.0210387
0.0201878
0.0204581
0.0205358
0.0209084
0.0210483
0.0196818
0.0246591
0.0248197
0.0215607
0.0249719
0.025464
0.0254557
0.0248133
0.0213361
0.0213496
0.0218081
0.0217562
0.0222441
0.0227858
0.0212392
0.0214407
0.021678
0.0212683
0.0222004
0.022064
0.0225541
0.0229154
0.0250474
0.0219205
0.0238751
0.0237573
0.0250671
0.0249064
0.0236321
0.021531
0.022635
0.0244714
0.0215236
0.0222714
0.0242537
0.0234717
0.0252898
0.0206045
0.0210118
0.0235864
0.0228534
0.0233983
0.0218207
0.0236896
0.0236454
0.0227017
0.0220585
0.022584
0.0243253
0.021982
0.0236791
0.0257602
0.0224696
0.0242878
0.0222259
0.0224927
0.022305
0.0238204
0.0233759
0.0244469
0.0223417
0.0241338
0.0228001
0.0255373
0.0240668
0.0229748
0.0236
0.0255296
0.0241044
0.0229447
0.0231254
0.0230548
0.0234314
0.0269104
0.0257563
0.0249966
0.0258608
0.0241089
0.0252282
0.0249634
0.025986
0.0254751
0.0257975
0.0243047
0.0225876
0.0227767
0.0237615
0.022697
0.025601
0.0249112
0.0249836
0.0253162
0.0229932
0.0254839
0.0258184
0.0239263
0.0240851
0.0222514
0.0232611
0.0235955
0.0240362
0.0233057
0.0242156
0.0206987
0.0222687
0.0214223
0.0212579
0.0241271
0.0250597
0.0236894
0.0212192
0.0217072
0.0240598
0.0238016
0.0205406
0.0203639
0.0230521
0.0210483
0.0216361
0.0197537
0.0195099
0.0206699
0.0218784
0.0237765
0.0232079
0.0206054
0.0207392
0.0235504
0.0198999
0.0222632
0.0216145
0.0203877
0.0245443
0.021832
0.0228794
0.0233542
0.0218281
0.020938
0.0209697
0.0224489
0.021854
0.0200294
0.0234652
0.0244186
0.023808
0.0226329
0.0216221
0.0212646
0.0208083
0.021627
0.023178
0.0214161
0.0215975
0.0214657
0.0205444
0.0233058
0.0215865
0.0206419
0.0226367
0.0234338
0.0224589
0.0222932
0.0197934
0.0217818
0.0213795
0.0275752
0.0229921
0.0219244
0.0228442
0.0230112
0.0216739
0.0212203
0.020677
0.0225082
0.0218647
0.0218657
0.0233618
0.0206543
0.0234602
0.0216499
0.021488
0.0221874
0.0219722
0.021818
0.022149
0.0208677
0.0212302
0.0221127
0.0211499
0.0209222
0.0239103
0.0214024
0.0219517
0.023287
0.0214655
0.0231333
0.0217746
0.0213734
0.0234057
0.022109
0.0239955
0.0226898
0.0209432
0.0217608
0.0223394
0.0220922
0.0214245
0.0211401
0.0239903
0.0222972
0.0201875
0.0207324
0.0196945
0.0201414
0.0217474
0.0201102
0.0209591
0.0226447
0.0219941
0.0220283
0.022474
0.0219499
0.0209486
0.0233648
0.0221583
0.0243494
0.0232191
0.0228096
0.0254231
0.0206536
0.0242753
0.0219577
0.0237509
0.0206037
0.0242345
0.0244918
0.0255401
0.0248071
0.0208377
0.0215902
0.0233306
0.0238712
0.0228201
0.0205063
0.0231998
0.0230253
0.0248441
0.0230431
0.0221188
0.0226867
0.0239325
0.0239377
0.0236357
0.0252321
0.0227137
0.025047
0.0216901
0.0250927
0.0249386
0.0243883
0.0211296
0.0226456
0.0226099
0.0229486
0.0237169
0.0235734
0.0214763
0.0225658
0.0212378
0.0214461
0.023347
0.02256
0.0240077
0.021402
0.0210612
0.0206719
0.0206256
0.0214432
0.0212053
0.0218756
0.0214783
0.0239046
0.0240524
0.020575
0.0210272
0.0234417
0.0221993
0.0206324
0.0232814
0.0225298
0.0258979
0.0199124
0.021624
0.0226604
0.0203896
0.0266434
0.0210475
0.0217839
0.0197089
0.0250307
0.0218543
0.0249034
0.0242938
0.0220241
0.0240859
0.0231999
0.0237168
0.0228342
0.0228916
0.0219004
0.0213003
0.0205894
0.0215501
0.0234596
0.021377
0.0221664
0.0218552
0.0214414
0.0220073
0.0244859
0.022587
0.0233386
0.0237918
0.0247015
0.0238144
0.0245137
0.0235499
0.0223762
0.0234687
0.0233812
0.0234764
0.0221352
0.0236337
0.0237635
0.0219864
0.0220374
0.0240694
0.0227923
0.0217663
0.0206886
0.0207415
0.0225245
0.0212259
0.02164
0.0221363
0.0209758
0.0243245
0.0215409
0.0227751
0.0235859
0.0235562
0.0249295
0.0222232
0.0216567
0.0219997
0.0241272
0.0223584
0.0237419
0.0235536
0.0225612
0.0213914
0.0216124
0.0217024
0.0214523
0.0214282
0.0239134
0.0238426
0.0215578
0.0222599
0.0250492
0.0234603
0.0231759
0.0252922
0.0239289
0.0244024
0.0217119
0.0233616
0.0223565
0.0235514
0.0227787
0.0227398
0.0247979
0.0245291
0.0241532
0.0248654
0.02371
0.0222677
0.0224596
0.0218651
0.0219688
0.0222754
0.0216912
0.0237344
0.0222206
0.0221681
0.0237115
0.02401
0.0231733
0.0216681
0.0254997
0.0206427
0.0226341
0.0220056
0.0211179
0.0222101
0.022248
0.0215381
0.0199992
0.0218649
0.0222094
0.022775
0.0240252
0.0214633
0.0241268
0.0256338
0.0247833
0.0242559
0.0239426
0.0225133
0.0237949
0.0255765
0.0230025
0.0231977
0.0225096
0.0238119
0.0252346
0.0245964
0.022978
0.0254284
0.0246956
0.0241004
0.0215844
0.0224137
0.0231156
0.0241712
0.0226283
0.0240798
0.0256014
0.0233108
0.0247842
0.0237207
0.022034
0.022484
0.0216633
0.0223391
0.0254564
0.0234261
0.0230879
0.0224885
0.0241162
0.0226045
0.0244881
0.0226956
0.0251802
0.0224956
0.0245596
0.0222213
0.0234087
0.0262186
0.0249152
0.0242725
0.0243502
0.0236849
0.0216839
0.0221915
0.0217388
0.024456
0.0230035
0.0241968
0.024045
0.0214266
0.0234323
0.0213366
0.0251948
0.0239122
0.0215048
0.0233723
0.0216623
0.0245232
0.0242813
0.0247688
0.0227
0.0243244
0.0235311
0.0227346
0.022707
0.0212737
0.0268531
0.0275667
0.0257827
0.0241062
0.0273607
0.0257714
0.0329694
0.0229094
0.0231877
0.029373
0.0250067
0.0228444
0.0292312
0.029329
0.0228709
0.0244839
0.0247615
0.0253302
0.0240596
0.025995
0.0245834
0.0243021
0.0260523
0.0235098
0.0240541
0.0242501
0.0226281
0.0239185
0.0258602
0.0267881
0.0249033
0.0245241
0.0279318
0.0261958
0.0230519
0.0263001
0.0256224
0.0241012
0.0231491
0.0267541
0.0237319
0.0259189
0.025524
0.0231422
0.0239257
0.0250509
0.0217787
0.0239418
0.0233468
0.0241434
0.0236152
0.0245896
0.0246383
0.0228168
0.026105
0.0254392
0.0252357
0.025087
0.025388
0.0250362
0.0234869
0.0236137
0.0256208
0.0222456
0.0258877
0.0249218
0.0229482
0.0247785
0.0233669
0.0228986
0.0212604
0.0226335
0.0236878
0.0266299
0.0253025
0.0224599
0.024953
0.0248822
0.0305375
0.0223866
0.0281321
0.0239513
0.0283458
0.031309
0.0265893
0.0299219
0.0250133
0.0282293
0.0268687
0.0278034
0.0240695
0.023779
0.0231241
0.0254051
0.0280871
0.0241937
0.0230034
0.0237248
0.0244643
0.0231608
0.0225728
0.0298093
0.0233622
0.0237214
0.0252612
0.0240903
0.0227013
0.025094
0.0259226
0.0273863
0.0252555
0.026253
0.0226023
0.029093
0.0270881
0.0274239
0.0266282
0.026782
0.0230914
0.0267568
0.0244505
0.0275505
0.0344299
0.0268074
0.0277008
0.0232149
0.0269481
0.0259826
0.0282863
0.0233154
0.0261253
0.0242515
0.0227895
0.0239624
0.024613
0.0238682
0.0230028
0.0218811
0.0238484
0.0218158
0.0251163
0.0237795
0.0222271
0.0227922
0.0223225
0.0233964
0.0226356
0.0218507
0.0225954
0.0232464
0.0225998
0.0218237
0.0234336
0.0218802
0.0235937
0.0260402
0.0229236
0.025152
0.0229038
0.0249895
0.0236818
0.0238587
0.0246102
0.0256591
0.0235828
0.0236669
0.0248121
0.0302706
0.0254605
0.0245114
0.02353
0.0266315
0.0270343
0.0242245
0.0237723
0.0243581
0.0232893
0.0248703
0.024309
0.0256804
0.0244341
0.0283661
0.0282744
0.0254981
0.0262282
0.0287067
0.0250083
0.0245167
0.0283836
0.0277788
0.0246361
0.0281532
0.0295428
0.0317195
0.0260321
0.0261908
0.0286336
0.025991
0.0295425
0.0242496
0.026316
0.0248964
0.0295505
0.0290211
0.027314
0.0258394
0.0316133
0.0272592
0.0267052
0.0300202
0.02609
0.0232971
0.024293
0.0247963
0.0235005
0.025464
0.0252498
0.0243096
0.024066
0.0239989
0.0253988
0.0255453
0.0291278
0.026469
0.0235762
0.0267479
0.0237001
0.0237913
0.0241022
0.0239522
0.0243432
0.0257707
0.024927
0.0245783
0.0273048
0.0239978
0.0273254
0.0231239
0.0253242
0.0243883
0.0253664
0.0255386
0.02285
0.0281118
0.0282258
0.0279393
0.0237972
0.0234966
0.0231454
0.0233634
0.0220278
0.0239357
0.0234683
0.0248386
0.0244801
0.0239041
0.0248956
0.0246043
0.0264639
0.0266953
0.0256384
0.0271378
0.0234287
0.0263721
0.0249365
0.0245129
0.0240576
0.0253644
0.0249555
0.0286085
0.0241132
0.0249207
0.0269491
0.0249933
0.0272438
0.0249166
0.0265441
0.0248572
0.0257489
0.0278095
0.0277068
0.026136
0.0272535
0.0243426
0.0246017
0.0245176
0.0243287
0.0241512
0.026612
0.0269112
0.0273363
0.0245264
0.0261887
0.0261535
0.0264507
0.026951
0.023616
0.0226892
0.0265316
0.0256019
0.0271171
0.0249662
0.0263677
0.0253333
0.0246522
0.0287236
0.0272087
0.0282922
0.0281941
0.0282786
0.0277404
0.0267983
0.0268693
0.025565
0.0274488
0.0242004
0.0260506
0.0253322
0.0242803
0.0279076
0.0252426
0.0270837
0.0262298
0.0291733
0.0254764
0.024435
0.0274879
0.0275151
0.0261151
0.0273442
0.0257676
0.0251213
0.0254689
0.0260203
0.0254698
0.024433
0.0273948
0.0268828
0.0291464
0.0268426
0.024388
0.0244996
0.0273112
0.0277316
0.0282951
0.0261857
0.0272143
0.0270098
0.0280234
0.0250639
0.0266266
0.025527
0.0259838
0.0274624
0.0281383
0.0264632
0.027159
0.0289828
0.0259442
0.0276356
0.0266925
0.0272332
0.0252239
0.0264921
0.0255255
0.0266541
0.0268242
0.0258338
0.0263921
0.0284651
0.0256829
0.024645
0.0266995
0.0248309
0.0231893
0.0252462
0.0238796
0.0231673
0.0244907
0.0238045
0.0244649
0.0271515
0.0285856
0.0261537
0.0265759
0.0237539
0.0273789
0.0234941
0.0244264
0.0248261
0.0253521
0.0252345
0.0272537
0.0238825
0.024513
0.0256099
0.0262575
0.0238266
0.0250536
0.0271703
0.025265
0.0255691
0.0257121
0.0242421
0.0260006
0.0249825
0.0250774
0.0244718
0.0255342
0.0287551
0.0250114
0.0273554
0.0254571
0.0236292
0.0263312
0.0256311
0.0246586
0.0236269
0.0239192
0.0237641
0.0242396
0.0260481
0.0264263
0.0262292
0.023774
0.0248092
0.0260268
0.0266347
0.025917
0.026439
0.0277292
0.0237082
0.0244449
0.0263852
0.0254321
0.0253778
0.0262766
0.0265214
0.0289099
0.0250474
0.031562
0.0266863
0.0262131
0.0271394
0.0278685
0.0259718
0.0250748
0.0263027
0.0240854
0.0307502
0.0268448
0.0264356
0.0278166
0.0272244
0.0261806
0.0276162
0.0273946
0.0267328
0.0255081
0.0266157
0.0272247
0.0262286
0.0299554
0.0263072
0.0341183
0.025344
0.0269145
0.0293515
0.0274325
0.0269917
0.0276409
0.0281899
0.0266067
0.0288123
0.0291064
0.0269272
0.02896
0.0264034
0.0270029
0.0250558
0.0291386
0.0250361
0.0256996
0.026247
0.0251947
0.025832
0.0252941
0.025363
0.0250685
0.025048
0.0261386
0.0262556
0.0253521
0.0259568
0.0235817
0.0234865
0.026879
0.0247601
0.0246797
0.0263836
0.0231401
0.0223009
0.0234478
0.0290385
0.0264947
0.0234925
0.0217406
0.0257976
0.0214094
0.0209132
0.0215921
0.0221737
0.0215379
0.024292
0.0224497
0.0219455
0.0254256
0.0238823
0.0227687
0.0233804
0.022917
0.0230513
0.0258287
0.0243509
0.0217229
0.0228871
0.0223351
0.0243468
0.0251202
0.0229072
0.0238897
0.0231049
0.0242342
0.0264643
0.0254936
0.024622
0.0234859
0.0243611
0.0239615
0.0261168
0.0233422
0.0239111
0.024175
0.0274303
0.0249038
0.0241601
0.0230411
0.0235824
0.0233891
0.0273531
0.0248085
0.0246062
0.0228838
0.0242463
0.0279165
0.0252431
0.0235127
0.0246915
0.0252003
0.0254097
0.0235781
0.0254341
0.0245397
0.0261937
0.0245933
0.0252162
0.023007
0.0240381
0.0230224
0.0278413
0.0252097
0.0244961
0.0230595
0.0240896
0.0260502
0.0239203
0.0243652
0.0238864
0.024385
0.036988
0.023785
0.0237744
0.0239326
0.0224747
0.0246647
0.0287888
0.0243124
0.0249199
0.0245487
0.0241876
0.025713
0.03108
0.0253546
0.0259213
0.0250437
0.0259092
0.02459
0.0244948
0.0264405
0.0250486
0.0283505
0.0272205
0.0257144
0.0272576
0.0251553
0.023713
0.0267956
0.0265212
0.02712
0.0263428
0.0275462
0.026365
0.0297158
0.0260135
0.024794
0.0251756
0.0247918
0.0243672
0.0258912
0.0260404
0.0247962
0.0282531
0.025703
0.0279702
0.0243369
0.0824232
0.0299869
0.0273845
0.0304893
0.0355243
0.0317909
0.0294339
0.0299923
0.0592631
0.0347601
0.0345307
0.0306419
0.0336102
0.0410039
0.0364457
0.0351006
0.041215
0.0452488
0.0313595
0.0324222
0.0329823
0.0322644
0.0318553
0.0325032
0.0329149
0.032795
0.0342999
0.0322306
0.0301441
0.0293483
0.0309254
0.0324205
0.0307044
0.0319168
0.0321466
0.0322464
0.033424
0.0351044
0.034317
0.0327433
0.0313616
0.0339608
0.0316482
0.0315854
0.0316481
0.0327162
0.0328232
0.0340591
0.033147
0.0346593
0.0294012
0.0308424
0.0309198
0.0331735
0.0374495
0.0330531
0.034748
0.0348061
0.0403077
0.0420963
0.0421124
0.0366577
0.0380603
0.0375618
0.0418408
0.0348784
0.0371236
0.0434703
0.0367281
0.0363827
0.0392137
0.0420254
0.0414701
0.0354751
0.0364544
0.0411546
0.035459
0.0386156
0.0422726
0.0362547
0.0398677
0.0408103
0.0379764
0.0403348
0.0426199
0.0392379
0.0374213
0.0374571
0.036689
0.0339746
0.0359142
0.0365678
0.0353673
0.0356766
0.0397399
0.0349784
0.0357306
0.0426603
0.0401961
0.036487
0.0416807
0.038312
0.0419623
0.0368765
0.0366486
0.0386829
0.0396488
0.0408887
0.0356856
0.0320619
0.0315806
0.0390975
0.0413121
0.0394942
0.0395067
0.0371506
0.0403848
0.0340825
0.0353878
0.0339714
0.0340337
0.0306936
0.0300031
0.0336031
0.0327926
0.0338654
0.0334383
0.0402686
0.0410711
0.0404277
0.0403237
0.0406933
0.0372428
0.0331443
0.0366624
0.0295312
0.0311195
0.0284848
0.027427
0.0297304
0.0307512
0.030329
0.032871
0.026829
0.0276262
0.0294512
0.0312463
0.0292136
0.0308789
0.0295548
0.0290664
0.0308774
0.0283746
0.0315599
0.0300559
0.0284593
0.0291459
0.0299045
0.0307725
0.0285439
0.0268021
0.0248863
0.0265229
0.0252293
0.0270231
0.0283815
0.0273446
0.0279572
0.0334475
0.0277233
0.0287228
0.0256128
0.0294558
0.0310003
0.0299343
0.0304728
0.0274794
0.026754
0.0252134
0.025704
0.0220913
0.0204871
0.0393354
0.0457205
0.0298146
0.0268432
0.0258692
0.0244584
0.0232154
0.0251504
0.0247568
0.025271
0.0253503
0.0234433
0.0227558
0.0227474
0.0250234
0.0244849
0.0234309
0.0244826
0.0264489
0.0254091
0.0251172
0.0245754
0.0236365
0.0258996
0.024556


