0.0126636
0.0148276
0.0146866
0.0144635
0.0118464
0.0143033
0.015082
0.0166559
0.0155714
0.0142526
0.0156051
0.0165469
0.0130207
0.0145221
0.0156581
0.014319
0.0150835
0.0133374
0.0137232
0.0154569
0.0144482
0.014939
0.0138869
0.0166183
0.0159823
0.0158863
0.0144805
0.0155237
0.0152116
0.0134487
0.0136059
0.0138858
0.0129196
0.0157103
0.0158226
0.0143769
0.0156507
0.012441
0.0137599
0.0146935
0.0137092
0.0133233
0.0138955
0.0157877
0.0144545
0.0155863
0.0142422
0.0147843
0.0149243
0.0140394
0.0144168
0.0160918
0.0155998
0.013167
0.0133056
0.0133141
0.0156418
0.0153774
0.0145708
0.0160585
0.0152734
0.0156548
0.0134023
0.0161693
0.0154015
0.0157617
0.0136292
0.0160033
0.015144
0.0155636
0.0159931
0.0160275
0.0144681
0.0132852
0.015723
0.0158989
0.0143847
0.0154279
0.0150174
0.015506
0.0147647
0.0188338
0.0180066
0.0181589
0.0153136
0.0176006
0.0168244
0.0170069
0.0166137
0.0152909
0.0197184
0.0161065
0.0182819
0.0180653
0.0175836
0.0169034
0.0164843
0.0173068
0.0180584
0.0227461
0.0203712
0.0209385
0.0209278
0.0229572
0.0209224
0.0199681
0.0194633
0.0237053
0.0207127
0.0200229
0.0199307
0.0191453
0.0187119
0.0221865
0.0165609
0.0180624
0.018562
0.0215548
0.0185921
0.0172245
0.0164313
0.0173087
0.0193492
0.0172137
0.0194149
0.0183507
0.019286
0.021955
0.0192237
0.0180634
0.0205233
0.0197558
0.0231578
0.0209055
0.0182578
0.0208464
0.0195747
0.0210092
0.0220268
0.0205957
0.0216742
0.0219168
0.0219207
0.0216346
0.0228458
0.0214697
0.0195197
0.0200801
0.0199993
0.0194313
0.0220008
0.019912
0.0222214
0.0188075
0.0195737
0.0215883
0.019241
0.0185058
0.0202219
0.0203234
0.0177185
0.0188988
0.0222437
0.0206511
0.0189796
0.0202777
0.0210848
0.0208331
0.0188702
0.0219916
0.0218729
0.0229835
0.0188449
0.0236916
0.0214483
0.0195492
0.0177635
0.0227512
0.0199803
0.0201914
0.0203816
0.0203152
0.0212706
0.0222874
0.0202406
0.0179905
0.0236683
0.0200898
0.0220912
0.0204195
0.0204886
0.0197138
0.0207003
0.0224165
0.0208343
0.0199127
0.021158
0.0214035
0.0203124
0.0232274
0.0209532
0.0212522
0.02161
0.0208351
0.0234796
0.0229608
0.023292
0.0238834
0.0229817
0.021487
0.021877
0.0230012
0.0241531
0.0221527
0.0220669
0.0235468
0.0240191
0.0206993
0.0235568
0.023996
0.0246845
0.0259244
0.0211947
0.0214721
0.0191689
0.0223163
0.0234919
0.0220357
0.0188408
0.0197815
0.0218464
0.0206459
0.0218358
0.0205057
0.0180384
0.0199322
0.0192488
0.0221924
0.0220347
0.0176712
0.0220521
0.0202837
0.0206172
0.0219347
0.0186732
0.0196214
0.018911
0.0184542
0.020094
0.0206175
0.0208999
0.0196452
0.0162641
0.0211065
0.0200583
0.0171393
0.0182761
0.0185671
0.0210663
0.0180308
0.0193607
0.0183809
0.0185103
0.0185776
0.0180027
0.0159008
0.0250345
0.013603
0.0196262
0.0178751
0.0155665
0.0165746
0.0156253
0.0157174
0.0187926
0.0171121
0.0141474
0.0178307
0.0178673
0.0180857
0.0157863
0.0157046
0.015791
0.0165329
0.0180484
0.0180924
0.0179868
0.0164654
0.0196981
0.0139047
0.0150401
0.0155632
0.0188068
0.0183021
0.0182538
0.0170101
0.015642
0.0175089
0.0157265
0.0173111
0.0158584
0.018112
0.017727
0.0176887
0.0162574
0.0192069
0.0165718
0.0189882
0.0178988
0.0173984
0.0186155
0.0177817
0.0164061
0.0162994
0.0158841
0.0159513
0.0163316
0.0185981
0.015802
0.0154623
0.0192785
0.017797
0.0179526
0.0188933
0.0147583
0.0167924
0.0184249
0.0165304
0.0163131
0.0163936
0.0173306
0.0162873
0.0180204
0.0186569
0.017099
0.0184902
0.0172365
0.016306
0.0192163
0.0165562
0.0159991
0.0160453
0.0167688
0.0188786
0.014364
0.018017
0.0174817
0.0183826
0.0165727
0.0196326
0.0162254
0.0164164
0.0159057
0.0163924
0.0176791
0.0179334
0.0194499
0.0159519
0.0177578
0.0192385
0.017374
0.0186782
0.0169455
0.0161208
0.0177408
0.0184655
0.0157957
0.0191275
0.0188925
0.0156938
0.0160759
0.017428
0.0182958
0.0192191
0.0159519
0.0197342
0.0184345
0.017061
0.01655
0.0152339
0.0168334
0.018995
0.0181624
0.0171328
0.0157744
0.0158112
0.0165431
0.0170558
0.0166259
0.0178433
0.0165609
0.0168041
0.0167243
0.0181667
0.0161078
0.0178795
0.0189333
0.0181403
0.0192149
0.0169168
0.0160169
0.0190478
0.0166128
0.0194711
0.0159545
0.0158989
0.0170308
0.0184209
0.0160608
0.0159966
0.0166026
0.0173762
0.0172908
0.0160536
0.0127653
0.0250755
0.0132517
0.01701
0.0153248
0.0148724
0.014543
0.0213034
0.0175817
0.0192463
0.0185989
0.018799
0.0184489
0.0182048
0.016783
0.018602
0.0169943
0.0181586
0.0174742
0.0173874
0.0197877
0.0209924
0.0198243
0.0180102
0.0190024
0.0205936
0.0192157
0.0199878
0.0196116
0.0220148
0.0218748
0.0213662
0.0234226
0.02413
0.0243832
0.0226557
0.0237386
0.0235257
0.0203108
0.0210982
0.0204107
0.0217278
0.0207471
0.0231422
0.0238855
0.0197967
0.0221551
0.0244986
0.0236265
0.0222858
0.0243648
0.0227265
0.0243836
0.0218669
0.0256774
0.0207968
0.0220972
0.020882
0.0237131
0.023327
0.0232554
0.0245597
0.0253745
0.0208844
0.0227072
0.02224
0.0229134
0.0226078
0.0222483
0.0212161
0.0269208
0.0231338
0.0279941
0.0204875
0.021949
0.0207374
0.0215515
0.0203055
0.0216361
0.0203164
0.0260933
0.0211398
0.0233033
0.020849
0.0261347
0.0196592
0.0235492
0.0201751
0.0236622
0.0232029
0.0231865
0.0221527
0.0231519
0.0222582
0.0228495
0.0255328
0.0229038
0.0228035
0.0197056
0.0231332
0.0204737
0.022164
0.0196779
0.0226362
0.0193873
0.0243455
0.0194847
0.0215435
0.0213941
0.0222143
0.0217183
0.0217419
0.0213807
0.021838
0.0204469
0.0245015
0.0199101
0.0235104
0.0201846
0.022411
0.0236714
0.0264562
0.0251253
0.0226227
0.0228694
0.0230086
0.0227454
0.0238105
0.0241308
0.0231247
0.023471
0.0248028
0.0249567
0.0218431
0.0274815
0.0215387
0.0255339
0.0217737
0.0234712
0.0218009
0.024407
0.0211496
0.0253108
0.023669
0.0262748
0.0254747
0.0237929
0.0221163
0.0230651
0.0222962
0.0247927
0.022911
0.0243253
0.0238013
0.0250293
0.0221473
0.0248618
0.0222899
0.0238402
0.0267471
0.0232723
0.0239888
0.0246815
0.0229236
0.0231707
0.0234529
0.0267462
0.0229007
0.0259492
0.0251718
0.0266392
0.0240215
0.0240172
0.0233734
0.0237969
0.0232149
0.0239962
0.0247208
0.0235202
0.0262813
0.0250044
0.0265659
0.0275169
0.0267618
0.0267736
0.0242186
0.0248972
0.023554
0.0246903
0.0240126
0.0214674
0.0278105
0.0233021
0.0243842
0.0222104
0.0242936
0.0235862
0.0244316
0.0240164
0.0233426
0.0261874
0.0247192
0.0230135
0.0248156
0.0236225
0.0240416
0.0276729
0.0255876
0.0240175
0.0242258
0.0237866
0.0245015
0.0236611
0.0240386
0.0245233
0.0231207
0.0247979
0.0246449
0.0276928
0.0237101
0.024552
0.0243494
0.0273006
0.0238713
0.0244478
0.0242245
0.0244685
0.0239537
0.0246305
0.023841
0.0272494
0.0231945
0.0238908
0.0237371
0.0238364
0.0228174
0.0239251
0.0224997
0.027857
0.0233327
0.0243887
0.0226958
0.0272037
0.0216115
0.023545
0.0217025
0.0236884
0.0232075
0.0215355
0.0266907
0.0220963
0.0222804
0.0246843
0.0233443
0.0221967
0.0260525
0.0232168
0.0221894
0.0239951
0.0217082
0.0233667
0.0271584
0.0257608
0.0238737
0.0227049
0.0230895
0.0252964
0.0235272
0.0263634
0.0220374
0.024738
0.0236842
0.0238799
0.0259756
0.0248779
0.023856
0.0255867
0.0234788
0.022652
0.025002
0.0228816
0.0235042
0.0279011
0.0220013
0.02403
0.0235993
0.0277855
0.0276951
0.0224477
0.0236522
0.0236177
0.0242641
0.0233992
0.0230715
0.0247531
0.024447
0.0246314
0.0255808
0.0268529
0.0240889
0.0267143
0.0237304
0.0226608
0.0283774
0.0240504
0.0233445
0.0257351
0.0267792
0.0257307
0.0218205
0.0211713
0.0225214
0.0240365
0.0254673
0.0223493
0.0225874
0.0254996
0.0243281
0.0245613
0.0254002
0.0233345
0.0251491
0.0239299
0.0216318
0.0239444
0.0230149
0.0262877
0.0219693
0.0225906
0.0229096
0.0242609
0.0261126
0.0227475
0.0270319
0.0256945
0.0277996
0.0232939
0.0235148
0.0273905
0.0227664
0.0242394
0.0227316
0.0255404
0.0237812
0.0235866
0.0236493
0.0252987
0.0224678
0.0246146
0.0275249
0.022775
0.0250944
0.0277874
0.0242072
0.0244803
0.0249401
0.0257128
0.0257256
0.0251058
0.0243366
0.0239294
0.0234046
0.0237363
0.0268925
0.0256313
0.023641
0.0236559
0.0253345
0.02337
0.0226319
0.0258024
0.0259006
0.023194
0.0272184
0.0268753
0.0268342
0.0243192
0.0227769
0.0280173
0.0240916
0.0231594
0.0262614
0.0242698
0.0262242
0.027262
0.0239327
0.0238533
0.0236826
0.0252704
0.023716
0.0241126
0.0239965
0.0229303
0.0259288
0.0262526
0.0226541
0.0247626
0.0243615
0.023711
0.0266935
0.0236137
0.0227381
0.0232945
0.024586
0.0225473
0.0260169
0.0252994
0.0230793
0.0232261
0.0239245
0.0226005
0.0274593
0.0262361
0.0233185
0.0230174
0.0237084
0.0266919
0.0238767
0.0227716
0.024173
0.0253082
0.0237002
0.0218869
0.0225039
0.0229046
0.0213078
0.0220907
0.0217442
0.0237711
0.0222646
0.0203335
0.0223127
0.0219118
0.0230334
0.0197602
0.0233746
0.0214145
0.0222027
0.0206743
0.0218843
0.0244658
0.020644
0.0214984
0.02135
0.0198184
0.0216416
0.0222823
0.0208552
0.0212891
0.0188482
0.0236374
0.0234136
0.0222251
0.0244517
0.0229499
0.0206513
0.0222467
0.019855
0.021933
0.0211513
0.0218741
0.0227683
0.0213219
0.0226487
0.0204882
0.0222986
0.0206459
0.0224301
0.0246143
0.0252144
0.0231518
0.0207786
0.0246838
0.0228387
0.020422
0.0221086
0.0225492
0.0213634
0.0258713
0.0203382
0.0244697
0.0203746
0.0215654
0.0213898
0.0215457
0.0224348
0.0208902
0.0231792
0.0219815
0.0202972
0.0216597
0.0246294
0.0230623
0.0214938
0.022714
0.0206992
0.0227165
0.0224256
0.0224106
0.022399
0.0242896
0.0249456
0.0220417
0.021917
0.0215936
0.0244867
0.0211941
0.0244442
0.0216456
0.0218196
0.0212314
0.0205534
0.0215584
0.0209466
0.0255936
0.0225996
0.022587
0.0213343
0.0224368
0.0221311
0.0219442
0.0222258
0.0243878
0.0233021
0.0230129
0.0235198
0.0205381
0.0224625
0.0204711
0.0218991
0.0238895
0.0211139
0.0198492
0.0213835
0.0194092
0.0214736
0.0228892
0.0207303
0.0193712
0.0204265
0.0221767
0.0227198
0.0201715
0.0211936
0.0198836
0.0224774
0.019822
0.0214886
0.0190493
0.0216627
0.0203
0.0233349
0.0216668
0.0226951
0.0200142
0.0211865
0.019926
0.0212477
0.0196793
0.0229107
0.0194172
0.0220295
0.0210508
0.0215171
0.0201945
0.0228008
0.0235452
0.0207589
0.0218489
0.0246171
0.0233427
0.0213997
0.0244431
0.0240429
0.0261541
0.0224115
0.0250318
0.0239685
0.0203354
0.0220077
0.0233374
0.0237999
0.0235877
0.0239687
0.0230753
0.0244367
0.0236932
0.0222522
0.022471
0.0239813
0.0224183
0.0226262
0.0220453
0.0244037
0.025343
0.0266579
0.023902
0.0263313
0.0227214
0.0255408
0.024562
0.0231464
0.0227329
0.0232753
0.0250151
0.0235571
0.0260323
0.0263616
0.0233973
0.0254972
0.0267574
0.0240027
0.0230193
0.0238838
0.0252672
0.0299347
0.0238008
0.0252151
0.0247333
0.0266982
0.0247917
0.0240689
0.0258303
0.0256999
0.0261045
0.0256113
0.0274399
0.024948
0.0279728
0.0256182
0.0247304
0.0252769
0.0256338
0.0263705
0.0252124
0.0253731
0.0229505
0.0269449
0.0243499
0.0246056
0.0274728
0.0222874
0.0231454
0.0261518
0.0276774
0.0220819
0.0253709
0.0233929
0.0257196
0.0237553
0.0226904
0.0242815
0.0228492
0.0247826
0.0240964
0.0258555
0.0259807
0.0234999
0.0235571
0.022369
0.0211325
0.0241544
0.0234294
0.0248183
0.0222998
0.0244538
0.0213137
0.0216744
0.024823
0.0220897
0.0235375
0.023698
0.0233824
0.0243446
0.023751
0.0220578
0.0219592
0.0233425
0.0241117
0.0225851
0.0223572
0.0214137
0.0216681
0.0227839
0.0212788
0.0220737
0.0203105
0.022607
0.0237206
0.0215797
0.0227298
0.022885
0.0208062
0.0238404
0.0239291
0.0208807
0.0216547
0.0205363
0.0212606
0.0231113
0.0212453
0.0192218
0.0210808
0.0209082
0.0194703
0.0273395
0.0208905
0.0230338
0.0202725
0.0212469
0.0198492
0.0219315
0.0196157
0.0221544
0.0224808
0.0207588
0.0201354
0.0215891
0.0209323
0.0200324
0.0211237
0.022631
0.0215312
0.0218291
0.0217211
0.0204534
0.0218617
0.0210696
0.0209676
0.0231789
0.0224835
0.0203905
0.0213585
0.0211996
0.0238844
0.0226865
0.0216028
0.0216978
0.0238196
0.0240338
0.0240377
0.0207934
0.0204683
0.0213386
0.0235337
0.0224897
0.0220648
0.0232163
0.0222605
0.022744
0.023614
0.0221469
0.0255157
0.0227292
0.0247271
0.0207265
0.0209728
0.0209218
0.0217668
0.0230339
0.0205416
0.0217154
0.0225586
0.0206142
0.0217367
0.0251095
0.0243753
0.022149
0.0215488
0.0223609
0.0218078
0.0223278
0.0226446
0.021914
0.022774
0.0259757
0.0244003
0.0217491
0.0213791
0.0241846
0.0220889
0.0213718
0.0216335
0.0227233
0.0221557
0.0222495
0.0216281
0.0217752
0.0226214
0.0215456
0.0221979
0.0217657
0.0219512
0.0201325
0.0220503
0.0212951
0.0221074
0.0212733
0.0213396
0.0240589
0.0214864
0.0214077
0.022228
0.0244962
0.021879
0.0210376
0.0250491
0.0238474
0.0212246
0.0213066
0.0211415
0.0254573
0.0237217
0.024086
0.0217321
0.0220803
0.0247723
0.0219578
0.0227323
0.0229847
0.0216391
0.0224473
0.0199248
0.0219868
0.0214114
0.0218021
0.0215024
0.0221961
0.0223341
0.022093
0.0213845
0.0217434
0.021559
0.0222346
0.0190628
0.0199926
0.0197947
0.0237045
0.0206454
0.0226179
0.0235361
0.0223641
0.0219864
0.0240787
0.0231088
0.0218313
0.021541
0.022382
0.0218295
0.0229982
0.0244428
0.0244605
0.0243929
0.0237117
0.0241623
0.02614
0.0258502
0.0222733
0.023035
0.0253826
0.0234958
0.0225263
0.0226977
0.0233421
0.0223478
0.0252179
0.0259631
0.0250864
0.0244453
0.0252368
0.0218009
0.022317
0.0245387
0.0253766
0.0240216
0.022377
0.0239824
0.0252276
0.0232306
0.0226672
0.0207799
0.0237874
0.0218038
0.0216384
0.0220766
0.0218797
0.0230714
0.0232456
0.0264591
0.0251233
0.019824
0.024794
0.0230122
0.0258293
0.0203124
0.0220891
0.021729
0.0209811
0.0234606
0.0244219
0.0229687
0.0234334
0.0225382
0.0247696
0.0222719
0.0206492
0.0222102
0.0227582
0.0231906
0.0210916
0.0226578
0.0227896
0.0225171
0.0257179
0.0212685
0.0257756
0.0249472
0.0234759
0.0225962
0.0228002
0.0254504
0.0205404
0.0227649
0.0250657
0.0251885
0.0236409
0.0219241
0.0202943
0.0258207
0.0217658
0.0239384
0.0234076
0.0243767
0.0240608
0.0244269
0.0254099
0.0221357
0.0255082
0.0221375
0.0223857
0.0238204
0.0221858
0.0240545
0.0213897
0.0222163
0.0233079
0.0219923
0.0202587
0.0225015
0.0224371
0.0238636
0.0241838
0.0301007
0.0230623
0.0216379
0.0249065
0.0242846
0.0232623
0.0226128
0.0209396
0.0230384
0.0255345
0.0223229
0.0254204
0.0235096
0.0252726
0.0230357
0.0227898
0.0263569
0.0250564
0.022521
0.0230218
0.0225606
0.02317
0.0230486
0.0246532
0.0220743
0.0227173
0.0207014
0.0227538
0.0245229
0.0227362
0.0225728
0.0228249
0.0211444
0.0228829
0.0247823
0.0232629
0.0219821
0.0228678
0.0207675
0.0234674
0.0229343
0.0235512
0.0218773
0.0261622
0.0233572
0.0243755
0.0226171
0.0229424
0.0251425
0.0236285
0.0232891
0.0253637
0.022201
0.0231851
0.0216282
0.0229696
0.022425
0.0209741
0.0217417
0.0252667
0.0224666
0.0227669
0.0261929
0.0238446
0.0223881
0.0237402
0.022285
0.0228115
0.0251899
0.0226252
0.0233962
0.023618
0.0236765
0.0227879
0.0208502
0.026968
0.022642
0.0224213
0.0228112
0.0243984
0.0233927
0.0236078
0.0231402
0.022681
0.0221114
0.0263817
0.0228148
0.0221247
0.0240732
0.0237413
0.0242608
0.0233438
0.0235632
0.0240733
0.0221804
0.0262034
0.0239525
0.0236691
0.0252721
0.0236093
0.0226203
0.0233474
0.0266874
0.0259791
0.0218154
0.023359
0.0233974
0.027011
0.022727
0.0258235
0.02531
0.0261294
0.0227148
0.0223404
0.0253185
0.0244852
0.0239409
0.025987
0.0258988
0.0266266
0.0226015
0.0209491
0.0232515
0.0217689
0.0234571
0.0225641
0.0240655
0.0250246
0.0258665
0.0213797
0.0223938
0.0224126
0.0233337
0.0257821
0.0232253
0.0231199
0.0225201
0.0262123
0.025702
0.0235868
0.0221817
0.0228608
0.024407
0.022851
0.0227866
0.022614
0.0219228
0.0227824
0.0208812
0.0225238
0.0199888
0.0223867
0.0207533
0.0220881
0.0205974
0.0220375
0.0209929
0.0224696
0.020871
0.024796
0.0214211
0.0230748
0.0205398
0.0234629
0.0206006
0.0224365
0.0226802
0.0218191
0.0225109
0.0211266
0.022831
0.0213813
0.0248184
0.0239306
0.0243915
0.0244072
0.0246519
0.0211797
0.0236285
0.023447
0.0243346
0.0232819
0.0225221
0.0233121
0.0240459
0.0227599
0.023465
0.0259305
0.0263113
0.0250847
0.0242245
0.0223716
0.0246141
0.0252411
0.0229971
0.0235543
0.0248355
0.0230342
0.0253793
0.023672
0.0229837
0.0244874
0.0230816
0.0252667
0.0225808
0.0231617
0.0261028
0.0260485
0.0215174
0.0220658
0.0242259
0.022608
0.0228595
0.0235447
0.0213263
0.0233036
0.0226669
0.0258957
0.0221203
0.0240394
0.0224024
0.0226945
0.0303103
0.0227156
0.025115
0.0251935
0.0208793
0.0237029
0.0225146
0.022157
0.0233003
0.0256698
0.0258398
0.0239639
0.0248413
0.0246303
0.0230275
0.0239762
0.0236147
0.0263478
0.0245223
0.0240129
0.0243976
0.0280211
0.0231688
0.0281927
0.0240967
0.0251648
0.0228886
0.02648
0.0251257
0.0244488
0.0234602
0.0271459
0.0267792
0.0226402
0.0268131
0.0230948
0.0215482
0.0233833
0.0268797
0.0232125
0.0276061
0.0237932
0.0223046
0.0261405
0.0251722
0.0228454
0.0257403
0.0239629
0.0234579
0.024159
0.0247129
0.0222739
0.0262726
0.0270943
0.0215038
0.024029
0.0220758
0.0226127
0.0225389
0.0220159
0.0221533
0.0246766
0.0238553
0.0234493
0.0215251
0.0223075
0.02339
0.022366
0.0232872
0.0219778
0.0229061
0.0228781
0.0234221
0.0247073
0.0228855
0.023208
0.0248707
0.0230632
0.022323
0.0213917
0.0230375
0.0220386
0.0213865
0.0228252
0.0216628
0.0221882
0.0226928
0.022711
0.0231031
0.0225793
0.0236808
0.0260322
0.0246057
0.0241928
0.0217312
0.0246329
0.0246658
0.0265786
0.0230169
0.0232837
0.0243221
0.0233505
0.0244974
0.0248098
0.0223611
0.0253363
0.0230578
0.0240283
0.0228596
0.024266
0.0229786
0.0245303
0.0232904
0.0257133
0.0213906
0.0265146
0.0220539
0.0214209
0.024122
0.0238855
0.0237968
0.02095
0.0253299
0.023716
0.0240224
0.0228555
0.0268355
0.0254573
0.0233358
0.02351
0.0246707
0.0254747
0.0230617
0.0249963
0.0262525
0.0245278
0.0219799
0.0235468
0.0231159
0.0235205
0.0264561
0.0241789
0.0231645
0.0243753
0.026009
0.0233393
0.0279318
0.0258654
0.0234558
0.0269454
0.0257922
0.0241798
0.0271522
0.0246017
0.0245639
0.0258039
0.0280458
0.0272705
0.0269394
0.0297653
0.0233024
0.0284899
0.0286459
0.0252741
0.0241692
0.0256114
0.0260993
0.0268918
0.0261153
0.0252379
0.0282702
0.0266571
0.0268431
0.0242779
0.0266927
0.0245967
0.0245424
0.0291618
0.0234783
0.0279014
0.0248443
0.0262499
0.0255786
0.026328
0.0237706
0.0251716
0.0283141
0.0275185
0.0252385
0.024614
0.0228476
0.0270624
0.0251805
0.0249821
0.0255903
0.0258348
0.0234831
0.0241144
0.0261842
0.0259023
0.0263452
0.0250287
0.0255694
0.0226604
0.0251789
0.0293405
0.0230905
0.025922
0.0251268
0.0251164
0.0224163
0.0286677
0.0249175
0.0226685
0.0242109
0.0251077
0.0239275
0.0255141
0.0256522
0.0253736
0.0224172
0.0274773
0.0262132
0.0260065
0.0262745
0.0231588
0.0240849
0.0284193
0.0241614
0.0222218
0.0240816
0.023777
0.0260967
0.0239154
0.0243746
0.0272947
0.0220623
0.0232201
0.0271346
0.0237656
0.0256885
0.0273655
0.0287149
0.0253512
0.0248582
0.0260163
0.0256902
0.0259617
0.023349
0.0255524
0.0259754
0.0267484
0.0242121
0.0244031
0.0242852
0.0280875
0.0241017
0.0242889
0.0259105
0.0240451
0.0250169
0.0250717
0.0272487
0.0263517
0.024115
0.0246955
0.0216591
0.0277856
0.0245958
0.0220515
0.0245629
0.0252554
0.023936
0.0283816
0.0228169
0.0238359
0.0244157
0.0255255
0.0266675
0.0250105
0.0245909
0.0263306
0.0248002
0.0279961
0.0234425
0.0244142
0.0227386
0.0266801
0.0274458
0.0248082
0.0253964
0.0276572
0.0268041
0.0247893
0.0254459
0.0237958
0.0238249
0.0293194
0.0260064
0.0291751
0.0236614
0.0281777
0.0294247
0.0240311
0.0257998
0.0257041
0.0244693
0.0257051
0.0256299
0.0278797
0.0246307
0.0260089
0.0244133
0.0295054
0.0262931
0.0245115
0.0259992
0.0268491
0.0257963
0.0254047
0.0274501
0.0275355
0.0283437
0.0287985
0.0282417
0.0296322
0.0243542
0.0252527
0.0273967
0.02572
0.0269317
0.0260456
0.0248026
0.0285064
0.0266453
0.0238559
0.0285594
0.025223
0.0247972
0.0256823
0.0255951
0.0238951
0.0291731
0.0256887
0.0260407
0.0255346
0.0257104
0.0224977
0.0260651
0.0261932
0.0213071
0.023179
0.0277923
0.0225818
0.0241252
0.0242826
0.024368
0.02728
0.0241773
0.0212587
0.023688
0.0260402
0.0213757
0.0240484
0.0223801
0.0203925
0.0211381
0.0232929
0.0242482
0.0250128
0.0230242
0.02043
0.0232189
0.0258325
0.0236291
0.024465
0.0235047
0.021243
0.0253832
0.0280485
0.021109
0.024019
0.0239754
0.0234127
0.0224511
0.0258152
0.0263904
0.0209946
0.0238037
0.0263066
0.0238001
0.0223146
0.0234045
0.0263565
0.0242668
0.0273025
0.0242226
0.0269902
0.0232538
0.0237697
0.0253241
0.025767
0.0245103
0.0257321
0.0223225
0.0237188
0.0216472
0.0239956
0.0267898
0.0238894
0.0249504
0.0236498
0.024834
0.0245638
0.0232416
0.0239053
0.0223553
0.0237968
0.027072
0.026174
0.02412
0.0234226
0.0223517
0.0265335
0.0261751
0.0275051
0.0238226
0.0236742
0.025248
0.0231354
0.0238606
0.0249266
0.026788
0.0251506
0.0218124
0.0230514
0.0231598
0.021439
0.0231388
0.023379
0.0218966
0.0254693
0.024705
0.0236878
0.0272929
0.0281024
0.0219979
0.0261137
0.0244948
0.0242509
0.026096
0.0245756
0.0259012
0.0252021
0.0239745
0.0233025
0.0249721
0.0228599
0.0256968
0.0274887
0.0252877
0.024694
0.0256196
0.0241202
0.0241757
0.0276304
0.0245671
0.0244161
0.0240315
0.0259956
0.0252298
0.0236926
0.024074
0.0252512
0.0270618
0.0250617
0.0247746
0.0241373
0.0246217
0.0225764
0.0240437
0.0240363
0.0238808
0.023528
0.0249754
0.0249123
0.0276325
0.0262484
0.0230274
0.0233469
0.0232408
0.0249875
0.0272701
0.0244643
0.0226222
0.0236639
0.0268673
0.0238461
0.0241114
0.0271889
0.0268207
0.0251803
0.0252905
0.0243828
0.0225635
0.0233182
0.0247726
0.0244093
0.021745
0.0232387
0.0247065
0.0230675
0.0248599
0.0255361
0.0261197
0.0249634
0.0254525
0.0254624
0.0271947
0.0256294
0.0249933
0.0262934
0.0228663
0.026217
0.0270161
0.0282206
0.0289618
0.0333942
0.0332352
0.0305285
0.0354717
0.029873
0.0320717
0.0299082
0.031756
0.0324652
0.0357433
0.0339358
0.0307869
0.0321863
0.0326662
0.0319068
0.0316261
0.0290947
0.0299918
0.0309683
0.027596
0.0324848
0.0301777
0.0305839
0.0303399
0.0287596
0.0284405
0.0315877
0.028644
0.0293934
0.0331116
0.0348227
0.0282511
0.0303369
0.0316137
0.0328154
0.0299438
0.0311402
0.0301661
0.0309817
0.0287581
0.0305727
0.0299171
0.0316122
0.0329587
0.0323138
0.0294183
0.0296402
0.0304494
0.0310575
0.028971
0.0308698
0.0307146
0.0294948
0.0294156
0.0300199
0.0342175
0.0312048
0.0293373
0.0309555
0.0287157
0.0310879
0.0316466
0.0304733
0.0303409
0.0279981
0.0292029
0.028133
0.030769
0.0321413
0.028971
0.0292859
0.0303622
0.0318826
0.0309046
0.0319846
0.0322529
0.0285057
0.0287738
0.029816
0.0300582
0.0293151
0.0300358
0.0315789
0.0278897
0.0272576
0.0274642
0.0308093
0.026542
0.0281244
0.0294971
0.0310501
0.0276126
0.0289289
0.0292027
0.0314803
0.0254584
0.0266248
0.0283877
0.0295374
0.0282175
0.0263532
0.0264955
0.0297643
0.0263698
0.0289892
0.0233982
0.025846
0.0260443
0.0273771
0.0264555
0.0275484
0.023896
0.0293978
0.0274944
0.0275481
0.0259138
0.0247401
0.0274009
0.0239997
0.0277307
0.0268368
0.0279692
0.0269915
0.0251509
0.0274287
0.0262655
0.0250204
0.0268462
0.0234574
0.0256616
0.0273889
0.0197884
0.0227899
0.0220818
0.0266944
0.0238681
0.0254117
0.020917
0.0225878
0.0201817
0.0244011
0.019933
0.0251841
0.0222891
0.0259825
0.0220349
0.0235883
0.0246369
0.0218289
0.0225139
0.0211984
0.020438
0.0239664
0.0229648
0.0234514
0.0222292
0.0241829
0.0223485


