0.0105086
0.0179715
0.0172265
0.0179796
0.0178759
0.0180752
0.0175853
0.0176151
0.0177829
0.0179106
0.018093
0.0185458
0.0183443
0.0185314
0.0185174
0.0188219
0.0181634
0.0185265
0.0187251
0.0182664
0.0184103
0.00985163
0.0103332
0.0196602
0.019387
0.0197278
0.0196518
0.0195592
0.0201601
0.0196734
0.0195024
0.0198856
0.0195806
0.019926
0.0199144
0.0197149
0.0198452
0.0182568
0.0199585
0.0189195
0.0197462
0.019834
0.0193342
0.00987232
0.00995583
0.0193547
0.0188152
0.019531
0.0193319
0.019419
0.0189604
0.0193627
0.0194958
0.0193453
0.0197451
0.0195717
0.0195971
0.0194616
0.0193395
0.0191085
0.0196159
0.0189279
0.0198152
0.0175368
0.0192141
0.00996608
0.0103203
0.0202054
0.0199826
0.0207095
0.0208168
0.0206849
0.0209917
0.0197075
0.020825
0.0205991
0.0208194
0.0203888
0.0203425
0.0206538
0.0205544
0.0203912
0.0207396
0.0206276
0.0204275
0.019727
0.0203454
0.0105297
0.0104701
0.0203024
0.020519
0.0198474
0.0204126
0.0202262
0.0198519
0.0203946
0.0198191
0.020042
0.0199489
0.0194461
0.0195938
0.0195553
0.0193057
0.0198182
0.0200124
0.0200106
0.0193725
0.0198421
0.0195596
0.010392
0.0106185
0.0195778
0.0202666
0.0200413
0.0204256
0.0201794
0.0204488
0.0200089
0.020139
0.0195305
0.0198855
0.0360616
0.018692
0.0164241
0.0154533
0.016025
0.0150189
0.0158993
0.0176662
0.0176837
0.016739
0.0171608
0.0163787
0.0177754
0.0184725
0.0180726
0.0176918
0.0159578
0.0190909
0.0193897
0.0189494
0.0191792
0.0189072
0.017383
0.0201343
0.0199474
0.0192288
0.0193385
0.018642
0.0196898
0.0185485
0.0194209
0.0187044
0.0192702
0.01759
0.0200622
0.0199561
0.0198179
0.0190931
0.0183385
0.0200118
0.0197388
0.0191816
0.0188496
0.015957
0.0145363
0.0158596
0.0177844
0.0199023
0.0207477
0.0176499
0.0200727
0.0176408
0.0167349
0.0173893
0.0163954
0.0171095
0.0207293
0.0167643
0.0213806
0.0157193
0.0209344
0.0157533
0.0167512
0.0165444
0.0173749
0.0162955
0.0154525
0.0209648
0.0195178
0.02115
0.0174864
0.0205661
0.0194869
0.0201691
0.0189055
0.0203398
0.0190502
0.0167373
0.0145355
0.0159195
0.014367
0.0201146
0.0172311
0.0163493
0.0149805
0.016971
0.0207412
0.0156093
0.0170137
0.0161628
0.0165459
0.0178431
0.01779
0.0213952
0.0184842
0.0174699
0.017329
0.0178088
0.0173787
0.0194499
0.0195674
0.0195575
0.0189084
0.0189006
0.0191
0.0222282
0.0226263
0.0176889
0.0213089
0.0190501
0.0170257
0.023359
0.022291
0.0179686
0.0181505
0.0173519
0.0182411
0.0184592
0.0191041
0.020849
0.0196996
0.0183227
0.0221424
0.0216539
0.0230681
0.0192038
0.0171254
0.0184825
0.0186099
0.0185453
0.0181495
0.018298
0.01878
0.0225894
0.0228828
0.0183607
0.0225484
0.0228197
0.0191656
0.0199588
0.0195475
0.0181151
0.0184937
0.0195725
0.0198673
0.023687
0.0233576
0.0185071
0.0222576
0.0233693
0.0177215
0.0182933
0.0187013
0.0175867
0.0179702
0.0186434
0.0183096
0.0195722
0.0225686
0.0229052
0.0182578
0.0185209
0.0179394
0.0181763
0.0189932
0.0171507
0.019606
0.0294128
0.0191627
0.022479
0.0230225
0.0188829
0.0226446
0.0234381
0.0179369
0.0181644
0.0197642
0.0182436
0.0183361
0.0192955
0.018584
0.0216148
0.0231852
0.0179639
0.0223786
0.023673
0.0183818
0.0191666
0.0197677
0.0196459
0.0223599
0.0236922
0.0182824
0.0184293
0.0193814
0.0180331
0.018053
0.0194912
0.0176536
0.0215317
0.0225806
0.016864
0.0217389
0.0222008
0.0167985
0.0210679
0.021424
0.0157543
0.0173934
0.0191166
0.0177087
0.0207563
0.0210124
0.0155863
0.017055
0.0186989
0.0154335
0.0212734
0.031025
0.0166795
0.0186354
0.0167834
0.0184741
0.0166116
0.0176017
0.0184893
0.0183815
0.0193367
0.019123
0.0193823
0.0175894
0.0186149
0.0171009
0.0179724
0.0189073
0.0176092
0.0196772
0.0198471
0.0194856
0.0222712
0.0227259
0.0173819
0.021599
0.0225673
0.0163075
0.0209917
0.0216509
0.0163269
0.0165969
0.0179231
0.0165871
0.0174805
0.022634
0.0169978
0.0192854
0.0191511
0.0180978
0.0218638
0.0224808
0.0176369
0.0197255
0.0188094
0.019588
0.0194237
0.0186249
0.0202346
0.0197901
0.0192583
0.0180729
0.0194653
0.0187786
0.0220788
0.0232118
0.0181935
0.0174093
0.0193613
0.0180286
0.0178319
0.0191259
0.0178026
0.0167953
0.0188091
0.0179221
0.0190274
0.0179302
0.0190516
0.0201779
0.018591
0.0193158
0.0205518
0.0202279
0.0217522
0.0228696
0.0198836
0.019813
0.0181671
0.0180062
0.0200644
0.0169784
0.0197799
0.0208996
0.0155526
0.0163051
0.0168401
0.0154356
0.0201798
0.0172632
0.0158619
0.018818
0.0171079
0.0199716
0.0165395
0.0171472
0.0179194
0.0168884
0.0175499
0.0182235
0.0154675
0.0154179
0.0172904
0.0141344
0.02919
0.0189403
0.0150496
0.0154025
0.0165708
0.0151622
0.0176673
0.0162672
0.0176702
0.0166685
0.0205806
0.0218209
0.0169176
0.0207927
0.0220661
0.0176446
0.020457
0.0214638
0.0152697
0.0191405
0.0173046
0.0162688
0.0215017
0.0214394
0.0194448
0.0190833
0.0174314
0.0187682
0.017183
0.0188225
0.0208376
0.0211951
0.0161182
0.0159529
0.0170485
0.0144685
0.0148897
0.0157512
0.0151454
0.0151896
0.0157196
0.0138754
0.0166362
0.0170436
0.0207202
0.0216949
0.0165217
0.0190764
0.0186908
0.0196407
0.0172851
0.0306732
0.0220621
0.0203654
0.020847
0.0216026
0.0199767
0.0201184
0.0208995
0.015826
0.0160183
0.016743
0.0153786
0.0154119
0.016482
0.0152394
0.0203815
0.0212154
0.0161936
0.0182086
0.0168317
0.0186772
0.0173812
0.018142
0.0182993
0.0166351
0.0164694
0.0179152
0.0158198
0.0163753
0.018224
0.0166268
0.0167411
0.0184233
0.0170248
0.0169406
0.0178706
0.0165567
0.0191431
0.0155875
0.0167947
0.01524
0.0162965
0.0192825
0.0206868
0.0190549
0.0197649
0.0215961
0.0205077
0.0210018
0.0223376
0.0208999
0.0189937
0.0167086
0.0219401
0.0187202
0.0173594
0.0201191
0.0214023
0.0178633
0.0183476
0.0204037
0.0221188
0.0203582
0.0183701
0.0167975
0.0184664
0.0165196
0.0167353
0.0222368
0.0171786
0.0183707
0.02083
0.0213477
0.0196822
0.0206736
0.0213302
0.0194129
0.0186299
0.020688
0.0220604
0.0203524
0.0189446
0.0168746
0.0181967
0.0167579
0.0193294
0.0208371
0.0229502
0.0239147
0.0175797
0.0173653
0.0188072
0.0162375
0.0173071
0.0146732
0.0157848
0.0140034
0.0158245
0.0142843
0.016761
0.0150395
0.0173588
0.0171487
0.015927
0.0167098
0.0157363
0.0162059
0.0171708
0.0151862
0.0203598
0.0218935
0.0173104
0.0192651
0.0170688
0.0229158
0.0204096
0.0185864
0.0163627
0.0181056
0.0164908
0.0165872
0.0196965
0.02113
0.018754
0.0165716
0.0156586
0.0165828
0.0145569
0.0198109
0.0198306
0.0163954
0.0195933
0.0196593
0.0141593
0.018097
0.0223566
0.0172199
0.015012
0.016649
0.0152613
0.0177053
0.0184486
0.0204381
0.0216855
0.0199251
0.0205024
0.0202519
0.0192067
0.0167813
0.0185418
0.0175385
0.0192467
0.0211696
0.0235119
0.0216111
0.019153
0.0211317
0.0222958
0.0213349
0.0185614
0.020415
0.0220012
0.0199943
0.0203354
0.0228592
0.0208088
0.0195757
0.0180927
0.0193885
0.0190765
0.0175601
0.0221187
0.0229866
0.0225483
0.0190864
0.0196738
0.0178091
0.0194541
0.0173186
0.0176105
0.0190979
0.0174162
0.0191448
0.0169467
0.0186035
0.0171679
0.0244129
0.0207464
0.0228721
0.0216068
0.018343
0.0210757
0.0208946
0.0168705
0.0196558
0.0185122
0.0161079
0.018205
0.0198211
0.0208217
0.0185723
0.016851
0.0185868
0.0196342
0.0178864
0.0193731
0.0174853
0.0152861
0.0158954
0.0185629
0.0195349
0.0163758
0.0179559
0.0188417
0.0168926
0.0178267
0.018243
0.0136306
0.0135739
0.0144644
0.0127541
0.014975
0.0148004
0.0127537
0.0143409
0.0182102
0.0136512
0.0156165
0.0149068
0.0140748
0.0145774
0.0129398
0.0148697
0.0149241
0.0145238
0.013501
0.0145899
0.0177384
0.013232
0.0139701
0.0145193
0.0127884
0.0136376
0.0142142
0.0121946
0.0179783
0.0182903
0.0129712
0.0149106
0.0179902
0.0181099
0.0124448
0.0177757
0.0178349
0.0150417
0.0136487
0.0167654
0.0122105
0.0134304
0.0132725
0.0118805
0.0128158
0.012689
0.0116763
0.0164698
0.0165373
0.0113775
0.013427
0.0140375
0.012194
0.0134848
0.0134278
0.0132478
0.0142537
0.0136625
0.0119913
0.0131918
0.0132886
0.0136931
0.0132734
0.0133686
0.0136891
0.0142045
0.0140111
0.0137042
0.014257
0.0148809
0.0132538
0.0147794
0.0149371
0.0135216
0.0155933
0.014124
0.0150484
0.0133697
0.0144344
0.0143947
0.0135403
0.0146157
0.0153425
0.0146931
0.0149202
0.0152242
0.0145381
0.0150502
0.0151906
0.0139752
0.0162829
0.0169376
0.0163745
0.0160449
0.0159585
0.0189368
0.0197709
0.0150932
0.0160629
0.0174287
0.0158397
0.0170356
0.0194495
0.0207829
0.0167721
0.01727
0.0160259
0.01768
0.016429
0.0177005
0.0162778
0.0175087
0.0161855
0.0178146
0.0168275
0.018144
0.0165659
0.0183068
0.017005
0.0176511
0.0171572
0.0179787
0.0198101
0.0213134
0.0209784
0.0182485
0.0155486
0.0179019
0.0162748
0.0171953
0.0162175
0.0190363
0.0184904
0.0163008
0.0157638
0.0174715
0.0160139
0.0174664
0.0196023
0.0214769
0.0214438
0.0175971
0.0167664
0.0176388
0.0178299
0.0180849
0.0174597
0.0174578
0.0161351
0.0180139
0.0175328
0.0163731
0.0180684
0.0183562
0.0184152
0.0201937
0.0215732
0.0215957
0.0163066
0.017109
0.0184519
0.0183782
0.0165812
0.017845
0.0207394
0.0215781
0.0219612
0.0178318
0.0200405
0.0216283
0.02135
0.0166106
0.0164284
0.0173991
0.0173394
0.0152458
0.0160046
0.0174121
0.0176465
0.0157771
0.0159702
0.0173158
0.0176016
0.0151726
0.0147328
0.0164814
0.0160208
0.014389
0.0155786
0.0160658
0.0162409
0.0137017
0.0143535
0.0157537
0.0158413
0.0139039
0.0186032
0.0200179
0.0193381
0.0147341
0.0190286
0.0200545
0.0200386
0.0181585
0.016633
0.0163982
0.0149671
0.0155254
0.0154233
0.0136447
0.014385
0.0158764
0.0158581
0.0151098
0.0160695
0.0174132
0.0168227
0.0155165
0.0185591
0.017503
0.0178798
0.0180039
0.0174304
0.0171143
0.0173539
0.01618
0.0172297
0.0168122
0.0150273
0.0170127
0.0193233
0.020187
0.0208901
0.0195769
0.0182525
0.0183034
0.0181934
0.0180226
0.0184007
0.0181255
0.0170423
0.0178712
0.0185376
0.0201897
0.0178157
0.0192295
0.0181164
0.0183811
0.0184465
0.016688
0.0192106
0.0182229
0.0190363
0.018855
0.0198045
0.0173375
0.0177422
0.0192783
0.020237
0.0192278
0.0174048
0.0185729
0.0216669
0.0231354
0.0215996
0.0227915
0.0177269
0.0186609
0.0186078
0.0191366
0.0238472
0.018013
0.0168435
0.0189203
0.0192276
0.0193704
0.0199593
0.0189511
0.0193848
0.018534
0.0166379
0.0195926
0.0185985
0.0168584
0.0185611
0.0185814
0.0214145
0.0225503
0.0219579
0.0210286
0.016769
0.0215203
0.0214784
0.02195
0.0200883
0.0174638
0.0187675
0.0204122
0.0220303
0.0216307
0.0214226
0.016853
0.0183474
0.0204163
0.0220105
0.0222198
0.0207884
0.0165811
0.0184365
0.0201488
0.0216465
0.0215103
0.0208239
0.0162539
0.0179129
0.0185123
0.0179065
0.0190402
0.0159565
0.0167343
0.0175692
0.0178549
0.0165829
0.01603
0.0156309
0.0170179
0.0172253
0.0182788
0.0154399
0.0156726
0.0168429
0.016323
0.0148422
0.014413
0.0136346
0.0141733
0.0138849
0.0129919
0.0137783
0.0132289
0.011952
0.0119274
0.0148516
0.0127778
0.0155407
0.0158659
0.0122141
0.0118299
0.0119606
0.0146664
0.0128117
0.0128806
0.0121482
0.0135021
0.0122899
0.0134665
0.0148068
0.0138557
0.0165763
0.0152096
0.0164253
0.0165551
0.0165868
0.0161163
0.0178044
0.0175947
0.017897
0.0183378
0.0180982
0.0162467
0.0179383
0.0178249
0.0168195
0.0184731
0.018992
0.018753
0.0181051
0.0186162
0.0185343
0.0200179
0.0214528
0.0207228
0.0205091
0.0187453
0.0177201
0.0158516
0.0195535
0.0171919
0.0149025
0.0151882
0.0151364
0.0162881
0.026217
0.0158472
0.0158102
0.0194357
0.0212202
0.0207665
0.0175558
0.0163952
0.0184947
0.0172755
0.0183161
0.018352
0.0182227
0.0171112
0.0183131
0.0195051
0.0195822
0.018957
0.017747
0.0183871
0.0192319
0.0196039
0.0190047
0.0168847
0.0191739
0.0171239
0.0182034
0.0182212
0.017986
0.0159572
0.0182169
0.0198338
0.0220372
0.0221296
0.018754
0.0160607
0.0187595
0.0183006
0.0205507
0.0224724
0.0222007
0.022988
0.0210957
0.0190918
0.0192352
0.0186779
0.0183877
0.0185438
0.0165779
0.0184696
0.0182714
0.0168235
0.0168178
0.016209
0.0172438
0.0171275
0.0173307
0.0153629
0.0177038
0.016124
0.0179429
0.0176623
0.0193322
0.0163078
0.0163215
0.0178894
0.0183136
0.0181268
0.0163616
0.0173404
0.0184195
0.0192214
0.0168575
0.0183338
0.0178113
0.0168004
0.0165345
0.0173193
0.0175446
0.0175258
0.016706
0.0163608
0.0168226
0.0177107
0.0176283
0.0200672
0.0166649
0.0169755
0.0197477
0.0190836
0.021595
0.0176027
0.018318
0.0162047
0.0181982
0.0184246
0.0170727
0.015551
0.0168308
0.0170263
0.0171409
0.0156623
0.0156064
0.0183397
0.0197209
0.0193626
0.0185933
0.0177832
0.0152748
0.0192269
0.0166079
0.0190294
0.0142187
0.0171186
0.017942
0.0180458
0.0171506
0.0137556
0.0186256
0.0173194
0.0200213
0.0200215
0.0168596
0.018162
0.0185011
0.0201143
0.0218271
0.0222983
0.0243534
0.0209411
0.019139
0.0185267
0.021701
0.0215753
0.0185179
0.0195979
0.0178067
0.0176833
0.0192906
0.0196049
0.021883
0.0223864
0.0229883
0.0224743
0.021195
0.0195405
0.0197296
0.0194446
0.0195214
0.0196156
0.0177701
0.0193457
0.0200548
0.024422
0.0180921
0.0206965
0.020557
0.0198167
0.02044
0.0197637
0.0212973
0.0233454
0.0236764
0.0237142
0.0215116
0.0197346
0.0202074
0.0218032
0.0234117
0.0235325
0.0240736
0.0235668
0.0196459
0.0183731
0.0193137
0.0190692
0.0185046
0.0168108
0.018693
0.0175216
0.0181679
0.0184448
0.0192071
0.017471
0.019419
0.024146
0.0195289
0.0200934
0.0200099
0.0200956
0.0224444
0.0241822
0.0247375
0.0241443
0.0180615
0.0190325
0.0222931
0.0229995
0.023325
0.0238167
0.0217596
0.0195429
0.018265
0.0183597
0.0193487
0.0185555
0.0173529
0.016774
0.0202713
0.0216234
0.0218212
0.0214164
0.020585
0.0171237
0.0173259
0.0203272
0.0205961
0.0176703
0.0163317
0.0171854
0.0165004
0.0179931
0.0178496
0.0178874
0.0157418
0.0178997
0.0200361
0.0220911
0.0218425
0.021611
0.0201133
0.0175933
0.0188581
0.0187545
0.021463
0.0216516
0.0224411
0.0223407
0.0213617
0.0186017
0.0180189
0.0216487
0.0185482
0.0186346
0.0165205
0.0186703
0.0201456
0.0216321
0.0215132
0.0210238
0.020103
0.0169619
0.0169412
0.0178335
0.0176856
0.0178646
0.0169547
0.0180353
0.0201697
0.0220185
0.021155
0.0265033
0.0202595
0.0184878
0.0159747
0.0175725
0.0169324
0.0230563
0.0155117
0.0164426
0.0171374
0.0161582
0.0157755
0.0248422
0.0150944
0.0164905
0.0193525
0.0200473
0.0201972
0.0203922
0.0187759
0.0154203
0.0166624
0.0146128
0.01386
0.0134747
0.0120829
0.0142554
0.0164509
0.0176844
0.0172978
0.0154512
0.016276
0.0168593
0.017925
0.0175217
0.0162641
0.0162643
0.0148687
0.0173547
0.0186041
0.0195157
0.0220829
0.0174187
0.0175577
0.0198313
0.0208674
0.0213442
0.0219998
0.0200703
0.0175813
0.0202641
0.0197316
0.0189688
0.0193924
0.018209
0.0189905
0.0195473
0.0191779
0.0177271
0.0178221
0.017679
0.018757
0.0200977
0.0185567
0.0172129
0.017071
0.0186836
0.0162523
0.0160922
0.0157672
0.0154175
0.0134471
0.0156487
0.0175619
0.0197596
0.0201842
0.0238806
0.0201842
0.0179081
0.0173693
0.0178186
0.0187026
0.0190621
0.0169484
0.018115
0.0212734
0.0231944
0.023319
0.0232428
0.0218877
0.0189075
0.0189438
0.0198828
0.020212
0.0198938
0.019212
0.0184196
0.0189097
0.0214899
0.0221663
0.0229673
0.0220068
0.0203685
0.0173506
0.0170629
0.0177175
0.0184649
0.0185806
0.0171041
0.017955
0.0213266
0.0218741
0.022386
0.0230173
0.0210082
0.0178077
0.0194564
0.0196486
0.0197038
0.0191417
0.0175566
0.0182165
0.0191273
0.0190077
0.0167941
0.0183549
0.0182566
0.0202613
0.0187605
0.0186559
0.0164713
0.0174248
0.0205684
0.0217323
0.0222497
0.0217372
0.0203664
0.0168685
0.0165425
0.0180282
0.0176191
0.0171714
0.0153036
0.0172786
0.030293
0.0163089
0.0166702
0.0162787
0.0147868
0.0154738
0.0151032
0.0159764
0.0159434
0.0153932
0.0140656
0.0161059
0.0196918
0.0188002
0.0190098
0.0152636
0.0137121
0.0162937
0.0184423
0.0201801
0.0204459
0.0203701
0.0185572
0.016872
0.0191118
0.0207585
0.0205022
0.0201561
0.0185516
0.0173198
0.0187409
0.0198007
0.0199899
0.0224343
0.0192971
0.0166017
0.0188917
0.018206
0.0173647
0.0222083
0.0162188
0.0180098
0.018205
0.0196334
0.0210217
0.0206804
0.0200341
0.0193546
0.0175121
0.0192509
0.020484
0.0208297
0.0259344
0.0192601
0.0170694
0.0164844
0.0164916
0.0173514
0.01669
0.0157992
0.0166955
0.0167915
0.0216327
0.0155695
0.0175977
0.0158152
0.016684
0.0169302
0.0163669
0.0151136
0.0171112
0.0192542
0.0203231
0.0203117
0.02074
0.0186142
0.018048
0.0203423
0.0192429
0.019231
0.0230398
0.0169793
0.0154506
0.0129119
0.0137239
0.0190295
0.0130273
0.0133956
0.0125886
0.0146951
0.0143196
0.0143883
0.0129217
0.0155181
0.0182003
0.0199114
0.020459
0.0224424
0.0193137
0.0177291
0.0169066
0.0154752
0.0164722
0.016877
0.0162484
0.0146561
0.0157292
0.0180191
0.0190583
0.0188804
0.0174093
0.017409
0.0169993
0.0184149
0.0181715
0.0182373
0.0177928
0.0180496
0.0190415
0.0191635
0.0180402
0.0153199
0.0143207
0.0189652
0.0151308
0.0144011
0.0148029
0.014677
0.0163301
0.0164808
0.0200809
0.0149631
0.0198095
0.0198219
0.0198199
0.0182621
0.0157595
0.0150187
0.0167369
0.0163133
0.0163462
0.0151214
0.0175321
0.0179657
0.0161124
0.0174212
0.0180851
0.0173344
0.0169642
0.0177656
0.017121
0.0176714
0.0226489
0.0171014
0.0173658
0.0197534
0.0204867
0.0209492
0.025166
0.0197666
0.0176936
0.019016
0.017777
0.017065
0.0219239
0.0160508
0.0167246
0.0176653
0.0175077
0.0186304
0.0164163
0.0162381
0.0169971
0.0173455
0.0191134
0.0153313
0.016223
0.014241
0.0147796
0.014631
0.0137066
0.0127621
0.0133983
0.0141222
0.0141224
0.0134478
0.013761
0.0178569
0.0185666
0.0187055
0.0176388
0.0174079
0.018059
0.0192466
0.0192867
0.023062
0.0152299
0.0153112
0.0164086
0.0163897
0.016225
0.0158357
0.017317
0.0169903
0.0169782
0.0176052
0.0190745
0.0209272
0.0197775
0.0160853
0.0161509
0.0178903
0.0184444
0.0176685
0.0158061
0.0171191
0.0172076
0.0168835
0.0161608
0.0161302
0.0174603
0.0166204
0.0172307
0.0163139
0.0195765
0.0213751
0.0209956
0.0167504
0.0172212
0.018416
0.018789
0.0203866
0.0215192
0.0217061
0.0197182
0.0179585
0.0169378
0.0183757
0.0174625
0.0163059
0.0170574
0.0197264
0.0219355
0.0216344
0.0197746
0.016647
0.0172664
0.0189476
0.0181056
0.018497
0.0173126
0.0212425
0.0229156
0.0231207
0.0242846
0.0208511
0.0207328
0.021884
0.0219141
0.0214373
0.0203109
0.0181434
0.017299
0.0173696
0.0173606
0.0165686
0.0164034
0.0204056
0.0217042
0.0217478
0.0206535
0.0195152
0.0206674
0.0216622
0.022313
0.0245244
0.0231279
0.0180302
0.0175434
0.0180453
0.0181541
0.0169288
0.017678
0.0187332
0.0215712
0.0222931
0.0231104
0.0224968
0.0211073
0.0218224
0.0216264
0.0219078
0.0213789
0.0206664
0.0184015
0.0193021
0.0186304
0.0190714
0.0169076
0.0167975
0.0169582
0.0181224
0.0178959
0.0165396
0.0166854
0.0169393
0.0184194
0.0193895
0.0197146
0.0167305
0.0177098
0.020097
0.0185282
0.0206108
0.0216747
0.0218184
0.0201927
0.0195414
0.0191412
0.0200115
0.0210972
0.0204687
0.0197984
0.0195134
0.0196952
0.0173343
0.0166811
0.0162959
0.0164549
0.0170748
0.0170075
0.0175248
0.0152233
0.0153391
0.0163894
0.0159652
0.0140235
0.0131998
0.0195344
0.0194649
0.0198808
0.0192271
0.0159202
0.0176731
0.0162133
0.017091
0.0157265
0.0169456
0.0166862
0.0159536
0.0151137
0.0152094
0.0164717
0.0175203
0.0163165
0.0160309
0.0178519
0.0192199
0.0201217
0.0205319
0.0212795
0.0197246
0.0170013
0.0190848
0.0175232
0.0186544
0.0193106
0.0190635
0.0176759
0.0171925
0.0214968
0.0215369
0.0222571
0.0218975
0.0210296
0.0214996
0.0204689
0.0212466
0.0213797
0.0202029
0.0186644
0.0181418
0.0155212
0.0129821
0.0146444
0.01552
0.0153111
0.0145416
0.0161885
0.0159545
0.0190424
0.0200914
0.0194811
0.0191807
0.017302
0.0143618
0.0179009
0.0196134
0.0192995
0.0188043
0.0182816
0.0171867
0.0145945
0.0160655
0.0173547
0.0172619
0.0167049
0.016572
0.0183929
0.0173493
0.0194607
0.0205629
0.0184337
0.0176475
0.0188734
0.0190639
0.0198612
0.0197802
0.0186781
0.0182748
0.0198932
0.0185575
0.0217547
0.0197889
0.0199025
0.0190247
0.0181133
0.0179967
0.0185664
0.0190234
0.0191092
0.0245654
0.017375
0.0176845
0.0175956
0.0176578
0.0171478
0.0149398
0.0140326
0.0140822
0.0111164
0.0118861
0.0129299
0.0198314
0.0117204
0.0128505
0.0160688
0.0172805
0.0176263
0.0171111
0.0160222
0.0151389
0.0140674
0.0150936
0.0148896
0.014459
0.013265
0.0152876
0.0173415
0.0187086
0.0182105
0.0183706
0.0169044
0.014193
0.0174026
0.0179681
0.0181346
0.0158811
0.0142886
0.0121647
0.0138851
0.0142327
0.0154082
0.016354
0.0146806
0.0168229
0.0176696
0.0182521
0.0179992
0.0171419
0.0180124
0.0222943
0.0235082
0.0236761
0.0234799
0.026884
0.0217663
0.0212581
0.021805
0.0226206
0.022391
0.0212118
0.0212324
0.0207903
0.0216808
0.0224143
0.0222565
0.0209213
0.0183455
0.0179465
0.0204762
0.0181506
0.0181939
0.017622
0.0167542
0.0176046
0.016808
0.0170751
0.0174831
0.0171764
0.0152753
0.016326
0.019117
0.0198513
0.0200153
0.0208153
0.0194696
0.0160276
0.0182666
0.0164961
0.0172468
0.0183687
0.0186784
0.0185563
0.0170228
0.0190805
0.0216499
0.0225993
0.0233646
0.0236872
0.0228832
0.0221418
0.0219006
0.0229762
0.0233241
0.0234383
0.0218467
0.0217176
0.0182731
0.0184107
0.0205698
0.018868
0.018055
0.017849
0.016978
0.0173648
0.01797
0.0239103
0.0187846
0.0184761
0.0185564
0.0193698
0.0197849
0.0196272
0.0185133
0.019361
0.0199891
0.0198967
0.0179185
0.0192161
0.020671
0.0227393
0.0244454
0.0246578
0.0256348
0.0230623
0.0206879
0.0213796
0.0182332
0.0193697
0.0183966
0.0188412
0.0162834
0.0158319
0.0167102
0.0168283
0.0168988
0.0159773
0.0161589
0.0195974
0.0212681
0.0212956
0.0218727
0.0197841
0.0170935
0.0199571
0.0210434
0.0216442
0.0220274
0.0200996
0.0161754
0.0168198
0.0203656
0.018805
0.018483
0.0175244
0.0177312
0.018797
0.023609
0.0210614
0.0215288
0.0228018
0.0218226
0.0205213
0.0195301
0.0207073
0.0227372
0.0224721
0.0220848
0.0232264
0.0210938
0.0207294
0.0213851
0.0217974
0.0219808
0.0272846
0.0206812
0.0186919
0.0170019
0.0177199
0.018193
0.0184015
0.0169636
0.0165355
0.0177228
0.0194817
0.0198212
0.020389
0.0205793
0.022868
0.0193131
0.0215353
0.0190543
0.021232
0.0187702
0.0250343
0.0185146
0.0190672
0.0209676
0.0221933
0.0220227
0.0221732
0.0200819
0.0174278
0.0171627
0.0174675
0.0179492
0.0176345
0.0161715
0.0174075
0.0205757
0.0210547
0.0213895
0.0235563
0.0200694
0.020558
0.0211438
0.0222168
0.0226044
0.0224878
0.0203833
0.0188236
0.0191742
0.0193943
0.0191104
0.0194528
0.0196457
0.0179542
0.0184456
0.0193431
0.0206446
0.0250524
0.0171179
0.0191865
0.0173251
0.0176121
0.018734
0.0187653
0.0191931
0.0184043
0.0192767
0.0194671
0.0197767
0.019804
0.0217274
0.0225441
0.0230669
0.0199802
0.0186277
0.0209353
0.0198567
0.0205224
0.0203374
0.0199897
0.0178466
0.0186958
0.0194841
0.0200169
0.0175316
0.0181899
0.0197652
0.0254369
0.0186885
0.0186714
0.0196596
0.0205199
0.0178933
0.0188666
0.0190816
0.0215807
0.0217797
0.0223635
0.0217784
0.020792
0.0211329
0.0211897
0.0217557
0.0221218
0.0222908
0.0204859
0.0178501
0.0206173
0.0192926
0.0188742
0.0186776
0.0208435
0.0176433
0.0181287
0.0186179
0.0192501
0.0192699
0.0172068
0.0178255
0.0187743
0.0214177
0.02194
0.0225676
0.0224471
0.0185009
0.0168448
0.0206918
0.0214162
0.0222005
0.0221801
0.0175955
0.0172489
0.0181062
0.0208464
0.0216937
0.0224128
0.0211553
0.0206338
0.0191838
0.0218222
0.0215316
0.0196777
0.018068
0.0207659
0.0192085
0.0169621
0.0175646
0.0179661
0.0182802
0.0166694
0.0170642
0.0165436
0.0174007
0.0175759
0.0181568
0.0158236
0.0177841
0.0185428
0.0186256
0.0182793
0.0182303
0.0174921
0.0166006
0.0173024
0.0185176
0.0181178
0.0162401
0.0166395
0.0201168
0.0212255
0.0213612
0.0210836
0.0198391
0.0190951
0.0170473
0.0203053
0.0181696
0.0186481
0.0169259
0.0163362
0.0176498
0.0176512
0.0167744
0.0152596
0.0195515
0.0203787
0.0205749
0.0188268
0.0152948
0.0190884
0.0206819
0.0208883
0.0205455
0.0163575
0.0201459
0.0211222
0.021446
0.0206654
0.0175687
0.0167232
0.0169806
0.0176589
0.0172347
0.0166413
0.0183876
0.0194653
0.0215588
0.0235066
0.023343
0.0243457
0.0197929
0.0215005
0.0228296
0.023235
0.0223711
0.0222336
0.0204468
0.0197009
0.0190198
0.0176988
0.0183381
0.0189894
0.0178384
0.0174791
0.0175667
0.0189755
0.0195525
0.0184307
0.0190834
0.0188855
0.0188833
0.0199258
0.0198831
0.0181225
0.0201951
0.0198713
0.0204578
0.0195571
0.0204796
0.0196826
0.018389
0.0197138
0.0202146
0.0187557
0.0183513
0.0200847
0.0217147
0.0224282
0.0233451
0.023042
0.021956
0.0190688
0.0226618
0.0230909
0.0242638
0.0235878
0.0210346
0.0181153
0.0217599
0.0233721
0.0239621
0.026487
0.0225035
0.020281
0.0190168
0.0194527
0.0198873
0.0202522
0.0180786
0.0187293
0.0185165
0.020012
0.0203799
0.02016
0.0186173
0.0188275
0.0199188
0.0205408
0.0205642
0.0185801
0.0190853
0.0197259
0.0188804
0.0166001
0.0180508
0.0202348
0.0211199
0.0207201
0.0200095
0.0180677
0.0143102
0.0159327
0.0154054
0.0178181
0.0192685
0.018953
0.0206855
0.0179783
0.0145005
0.0133219
0.0171217
0.0142674
0.013181
0.015064
0.0179636
0.0181028
0.0173984
0.0189461
0.0197048
0.019246
0.0183032
0.0185145
0.0222549
0.0214594
0.0238947
0.0208272
0.0217526
0.018791
0.0221916
0.0220355
0.0222986
0.0220346
0.0209459
0.0203924
0.0181755
0.0171981
0.0180134
0.0183588
0.0180169
0.0160624
0.0169737
0.0181749
0.0205298
0.0204892
0.0211657
0.0177668
0.0164985
0.0157963
0.0149196
0.0155239
0.0155333
0.015409
0.0149249
0.0145473
0.0136629
0.0149556
0.0150499
0.0145093
0.0136737
0.0148157
0.0179895
0.0200967
0.0208822
0.0220628
0.0203172
0.0185821
0.019625
0.0189931
0.0190929
0.01844
0.0195766
0.0191152
0.0190936
0.0173919
0.0179276
0.0214652
0.022863
0.0217884
0.0211203
0.0199101
0.0189087
0.0167809
0.018214
0.0194733
0.0196629
0.0197267
0.0185126
0.0159657
0.0192803
0.020548
0.0213295
0.0214117
0.0195308
0.0176292
0.0200623
0.0214392
0.0215122
0.021486
0.0197785
0.0165322
0.0195524
0.0211181
0.0208122
0.0200594
0.0196668
0.0151222
0.0186755
0.0198932
0.0201604
0.01959
0.0188051
0.014454
0.0163535
0.0173243
0.0170614
0.0145522
0.0147588
0.0151056
0.0192692
0.0215018
0.0213455
0.0181614
0.0165915
0.0166645
0.0163763
0.0176783
0.0181839
0.0185076
0.0189369
0.0179086
0.0223819
0.0225948
0.0234235
0.0241864
0.0231242
0.0188776
0.0214524
0.0221777
0.0230381
0.0234016
0.022433
0.0219046
0.0197126
0.0220904
0.0224446
0.023005
0.0228845
0.0221377
0.0209657
0.0185073
0.0167119
0.0204172
0.0180375
0.0183086
0.0160137
0.0164021
0.0157973
0.0166831
0.0175617
0.0172882
0.0204786
0.0168473
0.0196221
0.0209886
0.0207144
0.0213714
0.0198211
0.0172975
0.0193034
0.020611
0.0208786
0.0210522
0.0199399
0.0167933
0.0301626
0.0210355
0.024986
0.0221893
0.0210365
0.0172144
0.0190354
0.0197077
0.0198398
0.0189554
0.0189258
0.0196703
0.0196492
0.018659
0.0179363
0.0199924
0.0215649
0.0224325
0.023
0.0219805
0.0241664
0.0186573
0.0179269
0.0168301
0.0169341
0.0198106
0.0148373
0.0173132
0.0171702
0.017482
0.0180988
0.0181025
0.0167132
0.0171737
0.0182946
0.0184359
0.0166038
0.0177596
0.0187152
0.018229
0.0184368
0.0178181
0.0188449
0.0181924
0.0184562
0.0182311
0.016392
0.0175985
0.0181148
0.0179125
0.015814
0.0175176
0.0202906
0.0210772
0.0215742
0.0218766
0.0200252
0.0199332
0.0199071
0.0208214
0.0214954
0.0213407
0.0200018
0.0168959
0.0190937
0.020748
0.0203907
0.0210707
0.0184478
0.0151281
0.0186247
0.0191097
0.0205629
0.0195021
0.0239051
0.0185713
0.0183074
0.0185918
0.0192477
0.019072
0.0201103
0.0179649
0.0182135
0.0190876
0.0186618
0.018653
0.0160218
0.0167173
0.0184359
0.0192951
0.0182481
0.0172418
0.0153285
0.016112
0.0165657
0.0157865
0.0146089
0.0153056
0.0207351
0.0193878
0.0183281
0.0178718
0.0164957
0.013144
0.017182
0.017693
0.0177217
0.0178624
0.0162207
0.0163036
0.0168114
0.0174231
0.0178027
0.0162328
0.0199367
0.0184961
0.0183455
0.016253
0.0170092
0.0168331
0.0175656
0.018674
0.0179458
0.0195612
0.0171611
0.0156006
0.0198416
0.0181742
0.0176724
0.0169156
0.0155419
0.0147841
0.0148719
0.0160742
0.0159654
0.0137649
0.0135082
0.0134305
0.0146423
0.0145126
0.0142442
0.0132411
0.0152912
0.0173441
0.0189761
0.0185938
0.0172528
0.0174091
0.0160256
0.0170296
0.0185737
0.0186329
0.022805
0.0148486
0.016132
0.0165084
0.017261
0.0175698
0.0163995
0.0175937
0.0191888
0.0201272
0.0201825
0.0184105
0.015251
0.0186708
0.0182676
0.0158911
0.0160232
0.0146427
0.0151044
0.0181265
0.0184826
0.0192726
0.0242066
0.0199623
0.0159785
0.0192027
0.0170343
0.0210783
0.0180987
0.016359
0.0180596
0.0184785
0.0201442
0.0220499
0.0219415
0.0276842
0.0205151
0.0180918
0.0208556
0.0217492
0.023395
0.0221876
0.0203368
0.017022
0.0197707
0.0180346
0.0177756
0.0162171
0.0157365
0.0175547
0.0191105
0.0195239
0.0202484
0.0191954
0.0187575
0.0165604
0.0185139
0.0180564
0.0185908
0.0164827
0.0160306
0.0172665
0.0188744
0.0192595
0.019544
0.0193767
0.0184742
0.015502
0.0149216
0.0149798
0.0163163
0.0153675
0.0146823
0.0148053
0.0157108
0.0167494
0.0162917
0.0143804
0.0165825
0.0147908
0.0152978
0.0158389
0.0149955
0.0147511


