0.00937667
0.017523
0.0193308
0.0183413
0.0164657
0.0179648
0.0186895
0.0181237
0.0173821
0.0182104
0.0182051
0.0189711
0.0183485
0.0188759
0.0184419
0.0182163
0.0182722
0.0189374
0.0185931
0.0181313
0.0191041
0.0181166
0.0185604
0.018163
0.0183266
0.0202724
0.0172626
0.0186184
0.0187029
0.0186677
0.0162819
0.018271
0.0180713
0.0179785
0.0186468
0.0185059
0.0186756
0.0185664
0.0176525
0.0179586
0.0174164
0.0202403
0.0176586
0.0184828
0.0172346
0.0188092
0.0179333
0.0187467
0.0190197
0.0172266
0.0178091
0.0175433
0.0194662
0.0182509
0.0176912
0.0186558
0.018563
0.0180967
0.0184429
0.0175952
0.0189529
0.0190064
0.0205584
0.0188218
0.0183287
0.0191107
0.0186052
0.0189001
0.0190068
0.0195334
0.0189673
0.0194549
0.0193409
0.0192773
0.0193945
0.0191334
0.0195426
0.0189792
0.0188555
0.0190823
0.0194883
0.0190876
0.0193656
0.0183132
0.0192066
0.018489
0.0196269
0.0193443
0.018734
0.0190257
0.0190409
0.0190003
0.018969
0.0190231
0.0188524
0.0189721
0.0187931
0.0357365
0.0167125
0.0135829
0.0140847
0.0135492
0.0136437
0.0145032
0.0127469
0.0130252
0.0140335
0.0136576
0.0121252
0.0143197
0.0130259
0.0145267
0.0131215
0.0157975
0.0131287
0.0133946
0.0146361
0.0144768
0.0147818
0.0163384
0.0141598
0.0134308
0.0144071
0.0142119
0.0152985
0.0140213
0.013497
0.0141724
0.0137679
0.0166425
0.013285
0.0153275
0.0128295
0.0151789
0.0131313
0.0147867
0.0133043
0.0139287
0.0131088
0.0145998
0.013127
0.0153457
0.0164089
0.0157133
0.0167648
0.0163048
0.0161985
0.015889
0.0157502
0.0163586
0.0156469
0.0143638
0.0153893
0.0153228
0.0150006
0.0150342
0.0164168
0.0154024
0.0142272
0.0148064
0.0154185
0.0174007
0.0158654
0.0188813
0.0205134
0.0176629
0.0217948
0.0167458
0.0224553
0.0166576
0.0222739
0.0193726
0.0195736
0.0178596
0.0178852
0.0222986
0.0221429
0.0180665
0.0231287
0.018539
0.0205087
0.0203861
0.0169326
0.0175859
0.0214316
0.0204722
0.0218664
0.0182071
0.0223412
0.0194374
0.0214663
0.0188218
0.0202088
0.0184733
0.0204435
0.0177253
0.0179559
0.0208528
0.0169036
0.0178818
0.016794
0.0152751
0.0161506
0.0174992
0.0183042
0.0207964
0.0176811
0.0177442
0.0184668
0.0191166
0.0187365
0.0176002
0.0182788
0.0177545
0.0165639
0.0196873
0.0179741
0.0191388
0.0166586
0.0165885
0.0209313
0.0195235
0.0203967
0.0204145
0.0219395
0.0205454
0.0208351
0.0204441
0.0198763
0.0180145
0.0183781
0.0198898
0.0223246
0.0210887
0.0188796
0.0227225
0.021525
0.0204266
0.0173574
0.0178203
0.0204175
0.0200791
0.0192084
0.0185478
0.0174698
0.0182834
0.0170811
0.0176195
0.015484
0.0188073
0.0181671
0.0193967
0.0206068
0.0187614
0.018676
0.0177051
0.0180914
0.0177325
0.0200113
0.0201553
0.0218176
0.0213688
0.0220896
0.0229471
0.020712
0.019138
0.018896
0.0188439
0.0216785
0.0214768
0.0197556
0.0215636
0.0232625
0.0203073
0.0196647
0.0178857
0.0197146
0.0167818
0.0217099
0.0191216
0.0197436
0.01785
0.0179413
0.0183417
0.0184719
0.0207419
0.0207367
0.0220632
0.0209274
0.0212153
0.0205038
0.0214373
0.0194421
0.0194795
0.0206778
0.0215023
0.0201106
0.0217705
0.0244044
0.0202699
0.0193663
0.0192962
0.0193883
0.0224029
0.0251234
0.022645
0.0241463
0.0191112
0.0188018
0.0204963
0.0207769
0.0185819
0.0201578
0.0203245
0.0213652
0.0209119
0.0183133
0.0207807
0.0217066
0.021028
0.0230996
0.0217072
0.0218821
0.0237125
0.0230375
0.0234635
0.0182629
0.0208503
0.0221514
0.0174938
0.0170597
0.0190009
0.0188164
0.0184425
0.01837
0.0184037
0.0181584
0.0183058
0.0181644
0.018462
0.0198811
0.0187279
0.0192602
0.0202486
0.0212739
0.0186461
0.0174706
0.0191139
0.0196062
0.0207788
0.01954
0.0179666
0.0175229
0.0184256
0.0195427
0.022624
0.0235201
0.0192471
0.0219239
0.0203897
0.0219057
0.0194462
0.0198502
0.0183048
0.0186211
0.0181568
0.0223713
0.0214983
0.0192968
0.0185094
0.0194872
0.0169038
0.0227954
0.0220301
0.0190366
0.0188699
0.0198986
0.0194715
0.0189718
0.0197489
0.0188817
0.0203638
0.0219832
0.0186686
0.0196956
0.018572
0.0208872
0.0202299
0.0196228
0.0204366
0.0200915
0.0221725
0.023345
0.0188989
0.0214325
0.0220492
0.0171627
0.0170247
0.0229637
0.0175218
0.0184773
0.0193046
0.018006
0.0196381
0.0211236
0.0213112
0.0199585
0.0211364
0.019913
0.0225201
0.0241528
0.0192167
0.0177386
0.0194256
0.0184819
0.0186643
0.0197798
0.0181765
0.0215053
0.0245567
0.0182479
0.0186009
0.0198276
0.0182913
0.018025
0.0183116
0.0198535
0.0199429
0.0210149
0.0194871
0.0203314
0.0190417
0.0194572
0.019642
0.0237747
0.0249023
0.0202266
0.0191647
0.0192763
0.0179025
0.0171844
0.0165454
0.017171
0.0189515
0.0203954
0.0162585
0.0177144
0.01895
0.0205907
0.0194121
0.0178597
0.0210837
0.0194372
0.0221901
0.0240434
0.0188764
0.023341
0.0234459
0.0182979
0.0205068
0.0204484
0.018227
0.0230654
0.0233332
0.0190932
0.0194333
0.0205703
0.0193029
0.0214166
0.020459
0.0228922
0.02394
0.0188546
0.0233592
0.0237358
0.0185232
0.0182452
0.0186229
0.0162479
0.0170439
0.016342
0.0175061
0.0167072
0.0189866
0.0188931
0.0180248
0.0191851
0.0186237
0.020691
0.020625
0.0212667
0.0198016
0.0201004
0.0195755
0.0235992
0.0239332
0.0225388
0.0222165
0.0239589
0.0225223
0.0195635
0.0184152
0.0185612
0.0182558
0.0204824
0.0218987
0.0164786
0.0176145
0.0181152
0.0183335
0.0205622
0.0190809
0.0200044
0.0196114
0.0189729
0.0209828
0.0185643
0.0232368
0.0232933
0.0178863
0.02274
0.0253205
0.0175913
0.0215001
0.0229099
0.0258464
0.0194951
0.0187668
0.0185975
0.0196255
0.0223885
0.0224814
0.0169381
0.0191098
0.0187098
0.016724
0.0214569
0.0216935
0.0193283
0.0194529
0.0181415
0.0207512
0.0190205
0.0194382
0.0206532
0.0229006
0.0176379
0.0172635
0.0207954
0.0177202
0.0218957
0.022568
0.0187937
0.0183804
0.0223742
0.0195464
0.0231377
0.0235325
0.0228753
0.022433
0.0220662
0.0190335
0.0193046
0.0209568
0.0195719
0.0227961
0.0225858
0.0188017
0.0188341
0.0240883
0.0184292
0.0181848
0.0190403
0.0187013
0.0200271
0.0209051
0.0208961
0.0211439
0.0232374
0.0206101
0.0182086
0.0229133
0.0256106
0.0184226
0.0191122
0.0229712
0.0170855
0.0212491
0.0214317
0.0175996
0.0163386
0.0159725
0.0152309
0.0179481
0.0172776
0.0172199
0.0184922
0.0210353
0.0231473
0.017782
0.0201913
0.0217101
0.017297
0.0181856
0.0213168
0.0195986
0.0222492
0.0231066
0.0233994
0.0187597
0.0217351
0.0203353
0.0185458
0.0177555
0.0200261
0.0175653
0.0215132
0.0224348
0.0174469
0.0213438
0.0213351
0.016129
0.0173106
0.0162598
0.0170999
0.0196132
0.0201657
0.0168317
0.0153882
0.0165079
0.0162503
0.0163284
0.0159602
0.0168122
0.0184735
0.0194649
0.0201955
0.0173612
0.0176421
0.0168019
0.0204899
0.0230888
0.0238757
0.0190221
0.0180978
0.019091
0.0191166
0.0187864
0.0202246
0.0192237
0.0201021
0.0202229
0.0191789
0.0239434
0.0255229
0.0191687
0.0189258
0.021642
0.018968
0.0212878
0.0238633
0.025347
0.0219476
0.0200674
0.0224559
0.0183148
0.0208773
0.0202127
0.019
0.0199307
0.0203612
0.023153
0.0230045
0.025396
0.0227687
0.0246736
0.0258314
0.023066
0.024507
0.0232084
0.020348
0.0202748
0.0252972
0.0192647
0.0201658
0.0209796
0.0171975
0.0222222
0.0245634
0.0201092
0.0188419
0.0196991
0.0178952
0.0218466
0.022175
0.0177185
0.0173804
0.0183552
0.0169978
0.0204467
0.0213021
0.0155266
0.0163793
0.0168223
0.0149488
0.0201264
0.0199682
0.0149968
0.0157211
0.0159671
0.0144223
0.0194754
0.018826
0.0169261
0.0165146
0.0185251
0.0194962
0.0149516
0.0192647
0.019807
0.0150629
0.0172763
0.0154603
0.0153101
0.0157378
0.0172956
0.0176426
0.0150227
0.0150332
0.0155122
0.0161698
0.0161496
0.0161852
0.0163477
0.015575
0.0150781
0.0195414
0.018703
0.0185954
0.0154025
0.0166123
0.0163154
0.0149703
0.0172108
0.016076
0.0178575
0.0208518
0.0160467
0.0200872
0.0156459
0.0162238
0.015421
0.0151149
0.0148367
0.0185527
0.0138775
0.0178615
0.0150166
0.015052
0.0137525
0.016164
0.0141689
0.0135735
0.0146119
0.0137513
0.0139592
0.0180568
0.0150001
0.0142888
0.0145597
0.0150147
0.0173706
0.0158202
0.0131842
0.0152117
0.0146671
0.0130623
0.0178829
0.0136222
0.0178184
0.0149617
0.015857
0.0175659
0.0149866
0.0144157
0.0153434
0.014494
0.0157439
0.015486
0.0154895
0.0156822
0.0157742
0.0143606
0.0150561
0.0145201
0.0138083
0.0149599
0.0142692
0.0179545
0.014219
0.014968
0.0154486
0.0155814
0.0163529
0.0152617
0.0144614
0.0161602
0.0163074
0.0167234
0.0162014
0.0155804
0.0189442
0.0162758
0.0164853
0.0159754
0.0157223
0.0174963
0.0175643
0.0157745
0.0253441
0.0177989
0.0202817
0.0193592
0.0178062
0.0168756
0.0174306
0.0172092
0.01801
0.0210996
0.0223291
0.0231079
0.0226593
0.0222611
0.0215876
0.0179643
0.0186816
0.020354
0.0207813
0.019372
0.0162948
0.0166203
0.0191731
0.0179813
0.0175482
0.0172515
0.0183758
0.0224273
0.0189981
0.0197941
0.0206682
0.0194221
0.0211948
0.0198891
0.0200284
0.0205392
0.01922
0.0206474
0.019633
0.0207046
0.0213536
0.0210769
0.0206186
0.0196133
0.0220793
0.0198359
0.0190525
0.0221016
0.0212746
0.0195336
0.0225618
0.0221232
0.0222603
0.0223582
0.0211349
0.0212872
0.0203165
0.0201494
0.0217143
0.0207262
0.021173
0.0220349
0.020013
0.0182545
0.0183939
0.0202461
0.0207485
0.0185706
0.0213956
0.0208673
0.0213734
0.0202435
0.0212172
0.019687
0.0190329
0.0175217
0.0181951
0.0176961
0.0176059
0.0163789
0.0184134
0.0177762
0.0149822
0.015512
0.0171076
0.0163445
0.0147954
0.0163875
0.0166106
0.0165631
0.017334
0.0199766
0.0203212
0.0216076
0.0203006
0.0168718
0.0180474
0.0188248
0.0183608
0.0184745
0.0190368
0.0183551
0.0184751
0.0195871
0.0199575
0.0179443
0.0199273
0.0188512
0.0201651
0.0199133
0.0190279
0.0199274
0.0221087
0.0213092
0.0203518
0.0203773
0.0201189
0.0205434
0.0203315
0.0195087
0.0192679
0.0200287
0.0206893
0.0203703
0.0222688
0.021377
0.0211861
0.0224776
0.022836
0.0235756
0.0223033
0.0224575
0.0227741
0.0234494
0.0230774
0.021668
0.0216578
0.0209294
0.0226534
0.0216603
0.0224744
0.0224273
0.0217273
0.0217626
0.0223175
0.0227859
0.0233976
0.0213875
0.0216984
0.0213968
0.0212929
0.0203899
0.0234652
0.0245024
0.0240828
0.0247333
0.023157
0.0196288
0.0208399
0.0200973
0.019146
0.0193045
0.0196335
0.0199407
0.0206437
0.0213472
0.0227319
0.0223812
0.0222547
0.020396
0.0205179
0.0193013
0.0196769
0.018015
0.0203833
0.0199411
0.0198854
0.0190463
0.0203942
0.0205704
0.0193739
0.0175754
0.0181563
0.0208212
0.0195376
0.0202493
0.0184616
0.019934
0.0187195
0.0193859
0.0203019
0.0202104
0.0203621
0.0198594
0.0208283
0.0184729
0.0191358
0.0207432
0.0198973
0.0201356
0.018799
0.0197697
0.0197263
0.0190504
0.0185748
0.0193685
0.0198175
0.0198175
0.0199066
0.0182991
0.0200468
0.020445
0.0202289
0.021196
0.0183334
0.0176418
0.0189784
0.0197195
0.0176874
0.019726
0.0219349
0.0222652
0.0219657
0.0208888
0.0159349
0.0147488
0.0170597
0.018563
0.0175947
0.0147383
0.0143524
0.0124429
0.0123188
0.0121387
0.0117961
0.0156045
0.0143959
0.0122448
0.0139498
0.0130622
0.0132425
0.0137896
0.0138441
0.0131675
0.013361
0.0142594
0.0139312
0.0147617
0.0159836
0.0194938
0.0177983
0.0161723
0.0190534
0.0188433
0.0178422
0.0182419
0.018429
0.0201149
0.020381
0.0209986
0.0208895
0.0211974
0.0203211
0.0209026
0.021279
0.0225049
0.019936
0.0208003
0.021904
0.0194389
0.0197427
0.0203678
0.0200702
0.0197363
0.0184131
0.0182486
0.0193908
0.0186781
0.0191177
0.0168152
0.0180533
0.0190523
0.0170402
0.0188487
0.0182966
0.0174037
0.0219022
0.023748
0.0240644
0.0233233
0.0240065
0.0204838
0.0219378
0.0221374
0.0202897
0.0217348
0.0209507
0.0213132
0.0216569
0.0215147
0.020152
0.0208209
0.0221328
0.0218938
0.0238046
0.0238238
0.0233831
0.0232607
0.0220279
0.0218318
0.0188205
0.0193532
0.0180792
0.018207
0.018869
0.0212517
0.0178438
0.0173079
0.0200456
0.020262
0.020185
0.0243522
0.0184725
0.0204034
0.0207668
0.0199044
0.0219806
0.0205273
0.0198683
0.0202791
0.0200294
0.0211543
0.0207722
0.0203955
0.0211853
0.0206303
0.0209374
0.0176583
0.0189995
0.01812
0.0187719
0.0169501
0.0188851
0.021298
0.0230022
0.0222204
0.0221825
0.0228411
0.0199645
0.0202003
0.0206008
0.0212954
0.0201447
0.020085
0.0204052
0.0192563
0.0199995
0.0199595
0.0188998
0.0196199
0.0179961
0.0195364
0.0188226
0.0203372
0.0205425
0.0187557
0.0228689
0.0235591
0.0232032
0.024474
0.0247254
0.0221276
0.0209006
0.0212652
0.0206109
0.0217074
0.0208679
0.0209815
0.0214338
0.0198716
0.01892
0.0216529
0.023114
0.0222729
0.0209032
0.0213509
0.0179804
0.0159851
0.0176273
0.0172941
0.0191083
0.0175971
0.0203075
0.0206926
0.019094
0.0186281
0.0189818
0.0158061
0.0183939
0.0189111
0.0157628
0.0179104
0.0175195
0.0188949
0.0197987
0.0195001
0.020567
0.0179292
0.0206298
0.021547
0.0199247
0.0184019
0.0182347
0.0197406
0.0197171
0.0191486
0.0197238
0.0187342
0.0181361
0.0183013
0.0202187
0.0205815
0.021017
0.018568
0.019245
0.0188839
0.0183518
0.0225076
0.0237955
0.024549
0.0246186
0.0247844
0.0241593
0.0191426
0.0202307
0.0229984
0.022697
0.022048
0.021141
0.0209577
0.0208234
0.0205005
0.0214683
0.0220878
0.0220469
0.022105
0.0211627
0.0220227
0.0210734
0.0186774
0.0213552
0.02159
0.0207213
0.0282499
0.0234707
0.023528
0.0247215
0.0248371
0.023809
0.0241695
0.0238637
0.0230703
0.0224289
0.0237614
0.0246753
0.0249467
0.0230164
0.0231918
0.0184584
0.0218507
0.023779
0.0239557
0.0248095
0.0244143
0.0250203
0.0191385
0.0206193
0.0205646
0.0205178
0.0216068
0.0209555
0.0198299
0.0280638
0.01823
0.0188331
0.0202405
0.0202446
0.0201381
0.0194382
0.0176147
0.0177012
0.0211708
0.0225821
0.0240511
0.0228229
0.0221753
0.0220593
0.0238853
0.0231785
0.0231476
0.0225908
0.0233791
0.0217169
0.0177829
0.0211242
0.0210805
0.0229431
0.0202852
0.0197945
0.0191086
0.0176558
0.018417
0.0186918
0.019865
0.0193455
0.0196011
0.0231549
0.0192317
0.0202682
0.0204786
0.0186701
0.0211376
0.021584
0.0211759
0.0208468
0.0201621
0.0209384
0.0207097
0.0204518
0.0186407
0.0200731
0.0184979
0.0194529
0.0196857
0.0183387
0.018351
0.0178405
0.0198453
0.0223099
0.0229217
0.0227153
0.0222932
0.0226315
0.0219226
0.0183608
0.0210364
0.0208274
0.0182175
0.021557
0.0213218
0.0224276
0.0217206
0.0202854
0.019391
0.0169196
0.0153765
0.0164185
0.0160552
0.0153282
0.015545
0.0155089
0.019831
0.0219408
0.0220041
0.02231
0.0208445
0.0185311
0.0153642
0.0164088
0.0174085
0.0153387
0.0146382
0.0159747
0.0148207
0.0121004
0.0127439
0.0132601
0.0147773
0.0126977
0.0174096
0.0180129
0.0185404
0.0195094
0.0142137
0.0195942
0.0215156
0.021771
0.0221339
0.0289287
0.0178958
0.0200789
0.019842
0.0199897
0.0185551
0.0192812
0.021021
0.0207542
0.0195898
0.0200146
0.0187082
0.0217259
0.0195524
0.0197471
0.0202029
0.0195583
0.02105
0.0192514
0.0206579
0.0238831
0.0228999
0.0232574
0.021699
0.0210843
0.0191515
0.0143842
0.0142383
0.0165078
0.0234472
0.0206899
0.0219334
0.0191014
0.0202939
0.0185246
0.0187276
0.0199165
0.0200543
0.0283505
0.0207587
0.0217086
0.0208975
0.021715
0.0218725
0.0219356
0.0207256
0.0225969
0.0207744
0.0204233
0.0209082
0.0216577
0.0212751
0.0195205
0.0187912
0.0192949
0.0195863
0.0195188
0.0216751
0.0215929
0.0205155
0.0202988
0.018594
0.019999
0.0205721
0.0201705
0.0193938
0.0190506
0.0199861
0.0211171
0.0222442
0.0218394
0.0208054
0.0224801
0.0207377
0.0227043
0.0210786
0.021303
0.020353
0.0201116
0.0200819
0.020352
0.0199218
0.0204246
0.0200137
0.0212385
0.0202792
0.0214351
0.0203399
0.0205551
0.0207297
0.020199
0.0184998
0.0197149
0.019266
0.0208341
0.0192682
0.0182286
0.0169719
0.0187844
0.0186274
0.0186675
0.0189031
0.0166249
0.0205791
0.0223025
0.0222495
0.0215779
0.0204284
0.0161574
0.0159253
0.0201017
0.0169157
0.0163071
0.0159831
0.0166537
0.018887
0.0191774
0.0205488
0.019507
0.019187
0.0169097
0.0159048
0.0155639
0.0161949
0.0173117
0.0238859
0.0156939
0.0168433
0.0162434
0.0166229
0.0163003
0.0156543
0.0161648
0.0150186
0.0165418
0.0179243
0.0198116
0.0203922
0.020393
0.0199627
0.0199904
0.0163781
0.0170937
0.0167086
0.0207924
0.0206119
0.0203844
0.0198774
0.0212913
0.019813
0.015954
0.0150844
0.0164607
0.017892
0.0168397
0.0174127
0.0161793
0.0156664
0.0161535
0.0169824
0.0183294
0.0174478
0.0206636
0.016323
0.0179493
0.0183351
0.0181272
0.0198967
0.0203975
0.0220025
0.021264
0.0219922
0.0200561
0.0155438
0.0194492
0.0206333
0.0210042
0.0198897
0.0199138
0.0179352
0.0150874
0.017216
0.0154063
0.0149769
0.0141031
0.0221382
0.0139436
0.0139097
0.0169302
0.017353
0.0179891
0.0184334
0.0176647
0.0158422
0.0146211
0.0186287
0.0171521
0.0165542
0.017123
0.0165832
0.0162842
0.0176066
0.0167494
0.0183495
0.0196862
0.0173403
0.0169566
0.0158251
0.0147187
0.0163315
0.0190788
0.0197233
0.0194818
0.0194681
0.0198207
0.0197829
0.014605
0.0179031
0.0203225
0.0191185
0.0191413
0.0204243
0.0184059
0.0175104
0.0139096
0.0185231
0.0198741
0.019598
0.0203175
0.0204922
0.019438
0.0175416
0.0155032
0.0162623
0.0168193
0.0164713
0.0167169
0.0155039
0.0165069
0.0199795
0.0202311
0.0221011
0.0217012
0.0228233
0.0214282
0.0185427
0.0176433
0.0212208
0.0200052
0.0191944
0.018497
0.0174849
0.0180146
0.019936
0.0209561
0.0223978
0.0209426
0.0222128
0.0244189
0.0174558
0.0196578
0.0199881
0.0197529
0.0190509
0.0221436
0.0234609
0.0233337
0.0227299
0.0240563
0.0210759
0.0214343
0.0223661
0.0215951
0.0207812
0.022796
0.018729
0.0190971
0.0202431
0.0186649
0.0185379
0.0187161
0.0169517
0.0137551
0.0169157
0.0193239
0.0180349
0.0181363
0.0190689
0.017679
0.0144665
0.0179671
0.0194138
0.0197265
0.0189844
0.018905
0.0154019
0.0159568
0.0180985
0.0180073
0.0161714
0.0167581
0.0177771
0.0181456
0.0187474
0.016642
0.0198366
0.0208341
0.0211512
0.0208666
0.0228987
0.0215969
0.0174863
0.0190672
0.0183554
0.0165035
0.0189717
0.018177
0.0188009
0.0181302
0.0180008
0.0165505
0.0205879
0.0226415
0.0235185
0.0222874
0.0221662
0.0221084
0.0186092
0.019027
0.0205501
0.0221308
0.0232856
0.0224464
0.0233104
0.0190382
0.0189664
0.0187618
0.0183646
0.017075
0.0191565
0.0193263
0.0188405
0.0198173
0.0226555
0.0184341
0.0204913
0.0213518
0.0182133
0.0184796
0.0183986
0.0187841
0.021717
0.018462
0.0214131
0.0203421
0.0202444
0.0176578
0.0188747
0.0192425
0.018737
0.0185489
0.0243651
0.017819
0.0173808
0.018331
0.0188341
0.0183661
0.0191002
0.0236748
0.0171527
0.0194714
0.0211832
0.0214209
0.024081
0.0240825
0.0236789
0.023757
0.0214837
0.0198883
0.0189264
0.0186774
0.0196154
0.0193978
0.0200604
0.0202891
0.0285049
0.0192111
0.0193275
0.0206596
0.0216055
0.0201766
0.019363
0.0208827
0.0177869
0.0182683
0.017789
0.0176447
0.0181851
0.0178161
0.0201378
0.0186427
0.0187601
0.0192559
0.018616
0.0194909
0.0184175
0.0180619
0.0210039
0.0196484
0.0203049
0.0195048
0.0190117
0.0191568
0.0182219
0.0217881
0.0217651
0.0216375
0.0223406
0.021067
0.0210212
0.0216294
0.0181348
0.0179072
0.0170473
0.0185853
0.0198027
0.0176269
0.017017
0.016391
0.0201279
0.0206429
0.0179557
0.0174706
0.0171382
0.0166585
0.0151924
0.0138869
0.0147821
0.0150847
0.0155863
0.0155015
0.0153804
0.0181476
0.0158792
0.0164767
0.0162286
0.0166413
0.0197979
0.0154992
0.0178029
0.0200238
0.0212687
0.0225475
0.0221381
0.0220026
0.0215828
0.0220526
0.0184842
0.0179404
0.0183012
0.018626
0.0190278
0.0166302
0.0178278
0.019481
0.0200892
0.0201148
0.0193836
0.0191954
0.0192706
0.0201808
0.0183384
0.01902
0.0201372
0.0189417
0.0191293
0.0189161
0.0171613
0.0179927
0.0180157
0.0162677
0.0142287
0.0157761
0.0152115
0.014827
0.0161665
0.0154966
0.0154226
0.0167779
0.0170175
0.0198412
0.0206032
0.0213677
0.0207842
0.019137
0.0183031
0.0166328
0.0181045
0.0160709
0.0165855
0.0169552
0.0174166
0.0153812
0.0159248
0.0177669
0.0195834
0.0228972
0.0226966
0.0230295
0.0205442
0.0234058
0.0226303
0.0202165
0.0224131
0.0184295
0.0190902
0.0202118
0.0216537
0.0203813
0.0202885
0.0192643
0.0202829
0.0220268
0.0241389
0.0233075
0.0245545
0.0246412
0.0236916
0.0212005
0.0229555
0.0233053
0.0248054
0.0240482
0.031047
0.0211011
0.0213424
0.02145
0.020028
0.0184501
0.0170064
0.0149702
0.012623
0.0128772
0.0133717
0.0130656
0.0134459
0.0121836
0.0136446
0.0170654
0.0180972
0.0184269
0.0179971
0.0176287
0.0139552
0.0160437
0.0149316
0.0163058
0.0154485
0.0157199
0.0142641
0.0154097
0.014474
0.014344
0.0137411
0.015906
0.013298
0.0156165
0.0127855
0.0117058
0.0111106
0.0112129
0.0140592
0.0154672
0.0172346
0.0190883
0.0213105
0.0205387
0.0238587
0.0201234
0.0200873
0.0184756
0.0222864
0.0239116
0.0256737
0.0258943
0.0243853
0.0238701
0.0205438
0.0209158
0.0203349
0.0194203
0.020446
0.0209052
0.0193575
0.0198258
0.0203686
0.0187051
0.0174914
0.0212074
0.0210509
0.0203034
0.0188322
0.0195306
0.0186461
0.0186778
0.0195489
0.0204747
0.018331
0.017822
0.0171643
0.0164113
0.0174908
0.0174988
0.0173979
0.0166236
0.0175132
0.0166309
0.0172132
0.0194031
0.0216516
0.0225609
0.022902
0.0225499
0.0247268
0.0233158
0.0223461
0.0191583
0.0178192
0.0195075
0.0197224
0.0211887
0.0195713
0.0187976
0.0179799
0.0171697
0.018409
0.019216
0.0219586
0.0229416
0.0232286
0.0219271
0.0187318
0.0171759
0.0215639
0.0193198
0.0196598
0.0187115
0.0186353
0.0187264
0.0208658
0.0194285
0.0203637
0.0202548
0.021231
0.0192311
0.0213928
0.0196067
0.0233987
0.0258405
0.0258922
0.0265513
0.0263009
0.0258677
0.024078
0.0203473
0.0199821
0.0204659
0.0222198
0.020472
0.0196356
0.0200657
0.018652
0.0181334
0.0183595
0.0177927
0.0174728
0.0186105
0.0185205
0.0175676
0.0175948
0.0195905
0.0215394
0.022592
0.0249866
0.0234206
0.0221298
0.0224251
0.0216614
0.0237069
0.0235401
0.0236427
0.0343968
0.0218684
0.0199417
0.0203567
0.0200064
0.0205704
0.0202952
0.0210578
0.0207432
0.0198156
0.0196472
0.0191079
0.0202719
0.0202539
0.0204324
0.0201144
0.0213143
0.0203981
0.0188348
0.0204505
0.0205592
0.0217401
0.0214666
0.0206953
0.0181722
0.0181496
0.0189427
0.0195928
0.0202942
0.0203465
0.0191311
0.0194475
0.017594
0.0182553
0.0189945
0.0179511
0.0183227
0.0188111
0.0161659
0.0170104
0.0224497
0.0230598
0.0251272
0.0235478
0.023987
0.0236868
0.0226801
0.0199048
0.0201041
0.0212856
0.0200902
0.0188803
0.0196909
0.0192916
0.0191952
0.0182861
0.0172378
0.0182079
0.0186135
0.0193134
0.0205881
0.0224731
0.0212643
0.019145
0.0187143
0.019806
0.0187256
0.0206285
0.0202715
0.0198164
0.0188128
0.0187011
0.0206019
0.0211541
0.0208407
0.0213828
0.0213979
0.0216988
0.0207303
0.0217834
0.0216224
0.0203546
0.0207422
0.0191564
0.0184546
0.0195893
0.0198692
0.0203582
0.0204937
0.0201848
0.0189626
0.0191261
0.0216753
0.0207993
0.021314
0.0206616
0.0217544
0.0246603
0.022935
0.0241176
0.0245443
0.0241484
0.0233616
0.0221469
0.0216972
0.0218787
0.0210312
0.0223152
0.0204009
0.0218685
0.0208999
0.0211639
0.0217825
0.0227533
0.0214852
0.0207087
0.0230682
0.0224102
0.0222665
0.0208275
0.0194381
0.0199933
0.0210985
0.0204119
0.0209216
0.027797
0.017892
0.0198985
0.0235717
0.0236635
0.0260281
0.0261007
0.0250748
0.0248241
0.0233114
0.0180994
0.0239726
0.0250366
0.0246238
0.0213411
0.0213385
0.0244778
0.0194955
0.0189581
0.0215403
0.0226087
0.0233035
0.0230677
0.0233294
0.0232105
0.0229523
0.0223777
0.022929
0.0240747
0.0241749
0.022916
0.0214566
0.0213021
0.0222152
0.0188548
0.021446
0.0221525
0.021702
0.0184049
0.0186851
0.0193168
0.0187803
0.020583
0.019732
0.0186496
0.0190138
0.0196005
0.0202988
0.0197641
0.0182984
0.0191904
0.0221882
0.0237134
0.0230577
0.0226845
0.0202164
0.0188728
0.0183202
0.0208434
0.0208796
0.0198863
0.0207613
0.0178261
0.0188261
0.0196737
0.0192088
0.0196134
0.0264216
0.0183152
0.0200092
0.0204418
0.018337
0.0198505
0.0209949
0.0193333
0.0192946
0.0196746
0.019715
0.0215084
0.0222466
0.0235927
0.0217623
0.0228828
0.0226996
0.0204985
0.0200805
0.0181726
0.019897
0.021734
0.022228
0.0217888
0.0226754
0.0226993
0.017774
0.0186823
0.0186838
0.0185531
0.0181101
0.0184674
0.0171253
0.0181328
0.0208227
0.0205233
0.0204641
0.0185004
0.0204639
0.0204131
0.0209384
0.0201741
0.0224825
0.0188147
0.0202806
0.0216688
0.0216674
0.0204043
0.0229618
0.022529
0.0208884
0.0222866
0.0208538
0.0211275
0.0214176
0.020265
0.0212948
0.0217691
0.0213812
0.0207896
0.0213764
0.0200948
0.0210607
0.0230198
0.0211063
0.0217273
0.0220317
0.0211358
0.0219541
0.0216621
0.0219156
0.0210865
0.0219558
0.0206287
0.0213539
0.0206189
0.0216878
0.0204348
0.0207965
0.0209551
0.0213159
0.0208406
0.0224035
0.0204916
0.0216815
0.0206665
0.0227404
0.0202418
0.0211422
0.0218424
0.0217462
0.0215439
0.0193772
0.0196057
0.0199517
0.0211726
0.020477
0.0203643
0.0207039
0.0197025
0.0228343
0.0241255
0.0244805
0.0255462
0.0247967
0.0268701
0.0248801
0.022819
0.0198508
0.0216724
0.0211625
0.0195589
0.0202559
0.0203583
0.0177235
0.0204116
0.0192143
0.0193248
0.0157792
0.0165781
0.0163215
0.0153549
0.0151673
0.0154413
0.0144674
0.0160264
0.0147864
0.0151364
0.0174894
0.0187238
0.0190303
0.017701
0.0169843
0.0168492
0.0184188
0.0172353
0.0190638
0.0190132
0.0183969
0.0219232
0.0239937
0.023739
0.0242095
0.0284027
0.0221951
0.021532
0.0200632
0.020575
0.0212972
0.0202532
0.0190803
0.0208018
0.0179781
0.0182716
0.0200765
0.0199275
0.0197896
0.0201821
0.0196295
0.0204787
0.0204692
0.0190776
0.0205588
0.0202798
0.0197593
0.0186635
0.0195363
0.018476
0.0202731
0.0215509
0.0208938
0.020648
0.0276172
0.0194013
0.0166897
0.0180116
0.0174365
0.0152384
0.0155055
0.0154391
0.0147763
0.0143173
0.016452
0.0186333
0.0170463
0.0199116
0.0210547
0.0201887
0.0196162
0.0200587
0.0190658
0.0217968
0.0230078
0.0235083
0.0229073
0.0224516
0.0224315
0.0221071
0.0189817
0.0195545
0.0193745
0.0171068
0.0171494
0.0193888
0.0211187
0.0200958
0.0218049
0.0212527
0.0170669
0.0207098
0.019179
0.0197182
0.0204267
0.0197408
0.0181301
0.0204682
0.0196707
0.0206486
0.0181912
0.0208965
0.0180682
0.0191017
0.018872
0.020284
0.0214263
0.0210442
0.0201822
0.020423
0.0194357
0.0197053
0.0166488
0.0151947
0.0149412
0.0148013
0.0154109
0.0145056
0.0145087
0.0139364
0.0145972
0.0183309
0.0200051
0.0192792
0.0186343
0.0177196
0.0171333
0.0177137
0.0177558
0.0183525
0.0184361
0.0206905
0.0230085
0.0235342
0.024092
0.0236391
0.0244239
0.0236895
0.0235997
0.0225456
0.0236712
0.0240256
0.0225907
0.0219988
0.0199136
0.020791
0.0192965
0.0192898
0.0195116
0.0201205
0.0197996
0.0192474
0.0197009
0.0197637
0.0191155
0.0172807
0.0182535
0.0197989
0.0228077
0.0224293
0.0222608
0.0226763
0.0213318
0.0209705
0.0172407
0.0179678
0.0179985
0.0184141
0.0194619
0.0195877
0.0188746
0.0172598
0.0188617
0.0207503
0.0224812
0.0238756
0.0238145
0.0229952
0.0222069
0.0217984
0.0194083
0.0181216
0.021069
0.023354
0.0235226
0.0239048
0.0246384
0.0240601
0.0232164
0.0220789
0.0194972
0.0186422
0.0205786
0.0199072
0.0199283
0.0183755
0.0172719
0.022491
0.0226398
0.022412
0.0220757
0.0214995
0.0210086
0.0161492
0.0197848
0.0199906
0.0205348
0.0210676
0.0193642
0.0198104
0.0177635
0.0189197
0.0205577
0.0186439
0.0184999
0.0186772
0.0189518
0.0173037
0.0198813
0.0199958
0.0196545
0.020725
0.0198238
0.0202956
0.0213335
0.0224673
0.0228864
0.0226029
0.0232023
0.0238611
0.0213148
0.0200267
0.0172411
0.0196474
0.0189688
0.018308
0.0173296
0.0165862
0.0200598
0.0216852
0.0221703
0.0215494
0.0211708
0.023844
0.0193571
0.0189122
0.0207069
0.0203558
0.0197155
0.024083
0.0178557
0.0163529
0.0152899
0.0163429
0.0159645
0.015442
0.0149192
0.0147598
0.0157803
0.0163438
0.016731
0.017421
0.0178177
0.0162162
0.0173457
0.0192751
0.0198482
0.0179571
0.0187663
0.0178509
0.0179848
0.0155374
0.0163631
0.0170731
0.0166584
0.0158796
0.0149506
0.0132993
0.014179
0.0144678
0.0147693
0.0135074
0.0122242
0.0130107
0.0143663
0.0145776
0.0168095
0.0171837
0.0172774
0.0190107
0.0215177
0.0227396
0.023768
0.0243233
0.0231926
0.0222051
0.0210142
0.0202588
0.0190459
0.02258
0.0219961
0.0231987
0.0212111
0.0253777
0.0204068
0.0204833
0.0213714
0.0213683
0.0207667
0.0192881
0.0169871
0.0161892
0.013989
0.0175999
0.0144173
0.0142765
0.0179973
0.0131231
0.0145969
0.0142644
0.0143137
0.0144713
0.0201181
0.0138696
0.0136035
0.0155675
0.0159526
0.0152675
0.0155727
0.0178387
0.0173467
0.0168822
0.0180752
0.0172134
0.0182564
0.0169073
0.0186611
0.0196775
0.0202736
0.020689
0.0249307
0.0169448
0.0201921
0.0194848
0.019524
0.0207776
0.0270921
0.019545
0.0172404
0.0184261
0.0201641
0.0217938
0.0223938
0.0274025
0.0224228
0.0194041
0.0228404
0.0239353
0.0237659
0.0244445
0.0235113
0.0213147
0.0202875
0.0197169
0.0206287
0.0199366
0.0180254
0.0183453
0.0197527
0.0198071
0.0186651
0.0176369
0.0178429
0.0188737
0.0205022
0.0220318
0.0228828
0.0196806
0.0197179
0.0161668
0.0167683
0.019641
0.0200803
0.0212738
0.0204796
0.0200495
0.0204978
0.0209694
0.0203785
0.0214281
0.02256
0.0187881
0.0167884
0.0157944
0.0156024
0.0196977
0.0196514
0.0221532
0.0195517
0.0203263
0.0211208
0.0206477
0.0192398
0.0199061
0.0207435
0.0215295
0.0220089
0.0206442
0.0215045
0.021531
0.0201306
0.0169156
0.0169278


