0.017018
0.0149628
0.0144234
0.0147282
0.0143511
0.0172749
0.0145817
0.0174668
0.0154166
0.0329726
0.0294109
0.0271627
0.0264096
0.0292081
0.0303676
0.0299462
0.0318889
0.0325149
0.0305722
0.0297493
0.031463
0.0304472
0.0309871
0.0299664
0.0301345
0.0312923
0.0293228
0.0286801
0.0324232
0.0318841
0.0350261
0.0340294
0.0298448
0.0331139
0.0320588
0.034645
0.0329537
0.0356915
0.036134
0.0330423
0.0364205
0.0340687
0.0326222
0.0347208
0.0342279
0.0379245
0.0328607
0.0356702
0.0376163
0.0349853
0.0366896
0.0395966
0.0368388
0.0320512
0.0384884
0.0374507
0.0273629
0.0238723
0.022775
0.0242631
0.0142284
0.0263643
0.0169317
0.015173
0.0152673
0.0148561
0.0150083
0.0149027
0.0163917
0.0150199
0.0151324
0.0148599
0.0150762
0.0165559
0.0148199
0.0159258
0.0149717
0.0148709
0.0158991
0.0149832
0.014777
0.0153125
0.0149436
0.0150519
0.015104
0.0147368
0.0146759
0.0148811
0.014863
0.0147169
0.0148796
0.0148817
0.0149563
0.0151488
0.0149871
0.0151398
0.0162967
0.0153487
0.0149526
0.0149582
0.014689
0.0151499
0.0168109
0.0151282
0.0148295
0.0148053
0.0137168
0.0144257
0.0254268
0.0162591
0.0155786
0.0149273
0.0151312
0.0177163
0.0146673
0.014933
0.0151663
0.0147918
0.0138411
0.0147882
0.0149624
0.015029
0.014846
0.0144309
0.0160444
0.0159227
0.0141462
0.0149524
0.0152497
0.0297396
0.0251606
0.0251663
0.0284804
0.0286283
0.0324205
0.0341838
0.0304469
0.0337324
0.032615
0.0366137
0.0343411
0.0337849
0.034171
0.0351202
0.0370361
0.041656
0.0336919
0.0344486
0.0321443
0.033855
0.0351829
0.0337444
0.0343933
0.0345769
0.0338626
0.0314422
0.0362208
0.0343776
0.0397929
0.0372395
0.037354
0.0402435
0.0406913
0.0390873
0.0389109
0.0382877
0.0384448
0.040282
0.0411964
0.0412216
0.0375217
0.0402474
0.0394509
0.0435467
0.0388062
0.0368444
0.0367755
0.0394909
0.0274795
0.0261326
0.0315129
0.0272001
0.0297394
0.0268379
0.0299513
0.0277205
0.0325858
0.0281423
0.0307988
0.029263
0.0296456
0.0322839
0.0311951
0.0320358
0.0328902
0.0311573
0.0325154
0.0324736
0.0318403
0.0303175
0.0322006
0.035003
0.03492
0.0322916
0.0320754
0.0350048
0.033376
0.0329526
0.0328265
0.033404
0.0330652
0.0332313
0.0380973
0.0334869
0.0348332
0.033609
0.0324356
0.0325809
0.0345044
0.0360727
0.0331137
0.0345581
0.0350749
0.0336482
0.0318638
0.0319154
0.0303251
0.031535
0.0320781
0.0324577
0.0315575
0.0301002
0.0327385
0.0309556
0.0321572
0.0341555
0.0306041
0.0318412
0.0352048
0.0363348
0.0317808
0.0315852
0.0324496
0.0328122
0.0309799
0.0331378
0.0330254
0.030723
0.0312853
0.0342975
0.0315109
0.0293417
0.0304812
0.0296965
0.0317021
0.0299551
0.031001
0.0314458
0.0275251
0.0299591
0.0292544
0.0291388
0.0307907
0.0279334
0.0288054
0.0291155
0.0295896
0.0306412
0.0274466
0.0290934
0.0298233
0.0273697
0.0288208
0.0320398
0.0270207
0.0288116
0.0291674
0.0307058
0.0299989
0.0286649
0.030249
0.0337377
0.0290522
0.0322965
0.0320135
0.0302723
0.0307672
0.030546
0.0314755
0.0326011
0.0293711
0.0307157
0.030586
0.0319211
0.029973
0.032953
0.0327379
0.0301183
0.0315594
0.0316278
0.0300281
0.0330041
0.0348601
0.030351
0.0332193
0.0326915
0.0313074
0.033477
0.0322007
0.0333257
0.0303823
0.0328476
0.0362976
0.0313116
0.0330201
0.0339183
0.0314533
0.033364
0.0314919
0.0325971
0.0333004
0.0338114
0.0301331
0.0334205
0.0368573
0.0302584
0.0323137
0.0318086
0.0333449
0.0295341
0.0328526
0.0319449
0.030011
0.0314475
0.0323241
0.0326731
0.0301881
0.030987
0.0334953
0.0336513
0.0328373
0.0349037
0.0339618
0.0339372
0.0342421
0.0383896
0.0337369
0.0336722
0.0351809
0.0351427
0.0343827
0.0334773
0.0339588
0.0386332
0.0351452
0.0349352
0.033279
0.0337251
0.0339599
0.0332666
0.0326817
0.0350607
0.0322464
0.0322442
0.0324861
0.030038
0.0326355
0.0337141
0.0298305
0.0309519
0.0304871
0.0325903
0.0329694
0.0317774
0.0319915
0.031983
0.0340669
0.0342873
0.0375548
0.0323605
0.0362447
0.0354554
0.0317666
0.0329477
0.0357275
0.0362633
0.0342142
0.0309104
0.0308953
0.036497
0.0321614
0.0333673
0.0309144
0.0293863
0.0294497
0.0290921
0.0310107
0.0281378
0.0289785
0.0302017
0.0282056
0.0303297
0.0307633
0.0324914
0.0347401
0.0336854
0.0314358
0.0322552
0.0325618
0.033019
0.0337381
0.0314727
0.0310511
0.0321249
0.031492
0.0349029
0.030838
0.0317584
0.0333994
0.0327954
0.0302674
0.0305238
0.0303519
0.029922
0.0303972
0.0285049
0.028621
0.0297987
0.0309284
0.031413
0.029323
0.0307359
0.0310964
0.0308191
0.031348
0.0315632
0.0318453
0.0298738
0.0302599
0.0286172
0.030463
0.0301352
0.0311931
0.0280337
0.0286918
0.0330977
0.031652
0.0325314
0.0327001
0.0335462
0.0339976
0.0359639
0.0328996
0.0319807
0.0317441
0.0314957
0.030073
0.0298323
0.0288952
0.0287761
0.0287183
0.0306926
0.0284894
0.0297603
0.0289874
0.0305118
0.031455
0.0322599
0.031793
0.0324154
0.0360514
0.0332357
0.0323446
0.0322895
0.0323813
0.0318502
0.0316366
0.0300749
0.0302292
0.0304174
0.0307953
0.0284878
0.03099
0.0315119
0.0307126
0.0310629
0.0329231
0.0330076
0.0338193
0.0314667
0.0323774
0.033156
0.0339805
0.0338688
0.0330548
0.0299309
0.0303861
0.0301738
0.031612
0.0284171
0.0264225
0.0269103
0.0290869
0.0266877
0.0277655
0.0274241
0.0270151
0.0270539
0.0288351
0.0283363
0.0293491
0.030736
0.0307083
0.0307095
0.0315819
0.0314226
0.0306363
0.0308434
0.029892
0.0332004
0.0304485
0.0284409
0.0304391
0.0309951
0.0302357
0.0302857
0.0313493
0.030109
0.0296242
0.0301061
0.0322193
0.0283696
0.0285495
0.0280772
0.0274474
0.0303004
0.0317206
0.0328775
0.0323575
0.0348834
0.0341147
0.0339617
0.0335358
0.035375
0.0361048
0.0335826
0.0347496
0.0342275
0.0341773
0.0341959
0.0325398
0.0290416
0.0290855
0.0301075
0.02983
0.0311059
0.0299344
0.0310902
0.0296195
0.0301523
0.030283
0.0288303
0.0293855
0.0296317
0.0290146
0.0285186
0.0276093
0.0301993
0.0303127
0.0311197
0.0297651
0.0293882
0.0302641
0.0325204
0.0308131
0.0315557
0.031341
0.0320794
0.0336594
0.0303332
0.0313189
0.0312702
0.0312744
0.0298703
0.0302815
0.0302878
0.0279578
0.0295975
0.0291501
0.0302666
0.0313783
0.0283932
0.0307712
0.0329464
0.0331762
0.03257
0.0314475
0.0323418
0.0326094
0.0316253
0.0302006
0.0319561
0.0321342
0.0339674
0.0337683
0.0326361
0.0317844
0.032424
0.0308789
0.0306158
0.0312253
0.0321215
0.0332897
0.0333843
0.0299056
0.0269185
0.0277612
0.0309859
0.0290948
0.0285351
0.0283645
0.0289327
0.0291405
0.0274485
0.0299896
0.0306733
0.0285836
0.0372129
0.0316621
0.030124
0.0309766
0.0317727
0.0314174
0.0276626
0.0307814
0.0325669
0.0349305
0.0296245
0.0336978
0.0304852
0.0309781
0.029823
0.0311775
0.0314924
0.0297511
0.0311787
0.0327339
0.0314338
0.0313376
0.0303418
0.03087
0.0310727
0.0320421
0.0348651
0.0331405
0.0302802
0.0309652
0.0326993
0.0323624
0.0328377
0.0339523
0.0350684
0.03295
0.0344452
0.0357049
0.0327867
0.0329612
0.0325241
0.0329274
0.0347299
0.0318177
0.0325035
0.0347888
0.0329794
0.0328118
0.0331944
0.0314341
0.0340769
0.0337278
0.0328967
0.0318216
0.0355791
0.0334133
0.0343392
0.031734
0.0324572
0.0326238
0.0318166
0.0319442
0.0324623
0.0330151
0.0327838
0.0333027
0.0327055
0.0295422
0.0304433
0.0308741
0.0314926
0.0329246
0.0331499
0.0314228
0.0303473
0.0311329
0.0349313
0.0319778
0.0306282
0.0293968
0.0298607
0.0306572
0.0315891
0.0294915
0.0291533
0.0287035
0.0306409
0.0312361
0.0314223
0.0298915
0.0290945
0.0314937
0.033917
0.0302258
0.0298385
0.0323559
0.0330566
0.0327329
0.0288964
0.0298923
0.0281903
0.0303702
0.0305708
0.0291746
0.0295185
0.0297275
0.0312307
0.0317074
0.0297914
0.0306025
0.0316503
0.030162
0.0296596
0.0318411
0.031684
0.0298168
0.038142
0.0347198
0.0307475
0.032194
0.0310879
0.0307102
0.0326616
0.0318873
0.0277076
0.0289471
0.0291524
0.0266291
0.0284469
0.0277567
0.0279643
0.0257416
0.0298929
0.0291257
0.0274017
0.0289435
0.0301794
0.0279775
0.0284961
0.0287036
0.0298413
0.0275339
0.0293971
0.032049
0.0280416
0.0307711
0.0324858
0.0288563
0.0339622
0.0334999
0.0282988
0.0305163
0.0307722
0.0283499
0.0309177
0.0338942
0.0303538
0.0321366
0.0309905
0.0292523
0.0305141
0.030876
0.0282173
0.0289743
0.0288899
0.030017
0.0318273
0.0290712
0.0293346
0.0286094
0.0271915
0.0287188
0.0282889
0.0288404
0.027007
0.0278643
0.0295111
0.0257491
0.0275193
0.0311276
0.0287483
0.026774
0.030689
0.0307909
0.0291629
0.0268149
0.0276244
0.0280886
0.0287414
0.0297985
0.0295172
0.0289945
0.0285254
0.0289613
0.0293078
0.0309366
0.031052
0.0314762
0.029701
0.0312438
0.0306811
0.0311266
0.0310406
0.0329816
0.032347
0.030749
0.0314976
0.0321902
0.0319315
0.0315647
0.0340483
0.0350114
0.0343492
0.0338683
0.0368216
0.0347018
0.0331386
0.0340578
0.0374489
0.0332298
0.0326869
0.0323107
0.0352439
0.0366147
0.0372827
0.0342715
0.0336391
0.0468473
0.0367922
0.0363793
0.0343453
0.033481
0.0336068
0.0322055
0.03207
0.0343792
0.0354664
0.0358197
0.0345434
0.0340625
0.0332456
0.0332502
0.0334059
0.0329397
0.0322947
0.0363656
0.0354397
0.0376012
0.0348662
0.03411
0.03348
0.0342
0.0327232
0.0342311
0.0339634
0.0371874
0.0366295
0.036506
0.0329857
0.0360651
0.0391994
0.0330754
0.0311738
0.0326262
0.0338052
0.033381
0.037883
0.0291516
0.0308201
0.0285945
0.0298169
0.0283951
0.0282416
0.0280224
0.0287774
0.0296724
0.0300229
0.0378653
0.0291388
0.0300656
0.0313346
0.0299719
0.0298564
0.0321018
0.0329654
0.0326953
0.0304678
0.0328295
0.0335477
0.033661
0.0296386
0.0329235
0.0348211
0.0326806
0.0334574
0.0329181
0.038075
0.0361217
0.0310915
0.0371607
0.0355898
0.0335226
0.031404
0.0310666
0.0304516
0.0305457
0.0304866
0.031592
0.0322141
0.0322616
0.0336433
0.0298083
0.0304263
0.0315171
0.0298593
0.0272108
0.0304491
0.033504
0.0294109
0.0285028
0.0306692
0.0310751
0.0303209
0.0285619
0.0293626
0.0303815
0.0364366
0.032253
0.0266842
0.0287501
0.028093
0.0278033
0.0282037
0.0270365
0.0261179
0.0272166
0.0284499
0.0303329
0.0315921
0.0281739
0.0313394
0.0313293
0.033535
0.0306875
0.0307082
0.0314825
0.0324923
0.032558
0.0321263
0.0327663
0.033889
0.03618
0.0303094
0.0314725
0.0343015
0.0349198
0.0356545
0.0332083
0.0347131
0.0384711
0.0348083
0.0349205
0.0352284
0.035328
0.0352426
0.0319569
0.0348222
0.0356232
0.0385976
0.0321959
0.0334016
0.0352134
0.0348057
0.0351483
0.0357581
0.0324491
0.0322359
0.0313705
0.0324386
0.0335991
0.0350432
0.034352
0.0352696
0.0339105
0.0331053
0.0319478
0.0317725
0.0320038
0.0319115
0.0327724
0.0331517
0.0330039
0.0300817
0.0327212
0.0338944
0.0385891
0.0310591
0.0314235
0.0321072
0.0318518
0.0353076
0.0379185
0.0347075
0.0330466
0.0338415
0.0333115
0.032865
0.0326594
0.033797
0.0355289
0.0369806
0.0329483
0.0321136
0.0310663
0.0339092
0.0308977
0.0288116
0.0263401
0.0283444
0.0285276
0.0303087
0.0275656
0.0259672
0.0259276
0.0256723
0.0257462
0.0271465
0.026044
0.0277605
0.0271376
0.0275223
0.026858
0.0276218
0.0280355
0.0284921
0.027946
0.0272655
0.0276985
0.0279869
0.029322
0.0318277
0.0303735
0.029726
0.0335845
0.0324616
0.0314772
0.030618
0.0327989
0.0344473
0.036044
0.0346059
0.0362678
0.0339404
0.0354027
0.0314428
0.0336206
0.0350233
0.0326078
0.0301249
0.0329555
0.0322901
0.0354915
0.0296086
0.0296547
0.0277716
0.0293978
0.0288773
0.0288281
0.0316814
0.0289646
0.026001
0.0270656
0.0279367
0.0288332
0.0290461
0.0265176
0.0290295
0.029238
0.0296916
0.0252693
0.02881
0.0292895
0.0310663
0.0263785
0.0280902
0.0307491
0.0319439
0.0267897
0.027525
0.0281219
0.0290655
0.030696
0.0305656
0.0278829
0.0301479
0.0307364
0.0357827
0.0347569
0.0355222
0.034799
0.0342223
0.0366535
0.0322122
0.0335807
0.032879
0.0357349
0.0367095
0.0360735
0.0344617
0.040835
0.0338931
0.0358431
0.035239
0.0341381
0.0341001
0.03631
0.0348569
0.0362542
0.0362426
0.033043
0.0349274
0.033674
0.0336695
0.0331487
0.0344629
0.0349436
0.036109
0.0334898
0.0342822
0.0355026
0.0361994
0.0348463
0.031006
0.0330936
0.0339562
0.0362122
0.0302324
0.0359
0.0354816
0.0348874
0.0328114
0.0332628
0.0331616
0.0323398
0.033436
0.0346577
0.035198
0.0317805
0.0351059
0.0332793
0.0333488
0.0339466
0.0312464
0.0319648
0.0337688
0.0346485
0.0354719
0.036576
0.0328382
0.0352063
0.0355778
0.0359259
0.0340781
0.0329598
0.0340318
0.0339396
0.0334697
0.0330726
0.0330945
0.0334622
0.0351331
0.0342432
0.0344807
0.0321749
0.0324171
0.0328306
0.0331503
0.0329206
0.0329179
0.0319056
0.0296563
0.0314681
0.0303267
0.0322572
0.0348223
0.0342718
0.0268724
0.0276447
0.027565
0.0266225
0.0276543
0.0278288
0.027704
0.0290178
0.0289015
0.03122
0.0307523
0.0298038
0.0287784
0.030025
0.0298725
0.0310917
0.0297357
0.0314392
0.0319259
0.0343544
0.0302306
0.0335056
0.0334062
0.0336682
0.03216
0.0310332
0.0320847
0.0320653
0.0314269
0.0324125
0.0334674
0.0335897
0.0334231
0.0351284
0.0317732
0.0331402
0.0324057
0.0330691
0.0348024
0.0322141
0.0333758
0.0349401
0.0338728
0.0348794
0.0352945
0.032073
0.0330103
0.0332014
0.0329264
0.0347931
0.0331739
0.0342128
0.0346119
0.033706
0.0335157
0.0339275
0.0361169
0.0342123
0.0337803
0.034355
0.0340414
0.036051
0.0390188
0.0341381
0.0340547
0.0362983
0.0380686
0.0349765
0.0337393
0.0334012
0.034681
0.0348551
0.0358223
0.0350585
0.0334353
0.0347962
0.0340579
0.0351887
0.0365796
0.037433
0.0346069
0.0330009
0.0342718
0.0331343
0.0350251
0.0340869
0.0322495
0.03262
0.0336622
0.0356666
0.0363035
0.0335849
0.0332032
0.0326833
0.0320603
0.0322856
0.0334252
0.0338929
0.0331131
0.0347079
0.0318511
0.035431
0.0358388
0.0351803
0.031842
0.03155
0.0307002
0.0331399
0.0355123
0.0319565
0.0357197
0.0337016
0.0318797
0.0313558
0.0320271
0.0328721
0.0369129
0.033886
0.0347227
0.0327251
0.033685
0.0330947
0.0344097
0.0344877
0.034877
0.0353157
0.0369266
0.0339998
0.0355388
0.0348212
0.0355915
0.035753
0.0335541
0.0345228
0.0323235
0.0360763
0.0337133
0.0334214
0.0330662
0.0356158
0.0341934
0.0338015
0.0311164
0.0324765
0.0339862
0.0340942
0.0318432
0.0330157
0.0317393
0.0310964
0.0348281
0.0329242
0.0326926
0.0317057
0.0306307
0.0312868
0.0343638
0.0375777
0.0311333
0.0327902
0.0340505
0.0333236
0.0357822
0.0330763
0.0341498
0.0382562
0.034235
0.0322678
0.0356528
0.0323029
0.0312319
0.0300239
0.0289803
0.0295701
0.0286586
0.0272554
0.0274474
0.0266371
0.0263608
0.0252888
0.0257557
0.0255697
0.0260151
0.0267727
0.0277289
0.0278757
0.0259499
0.0277625
0.02778
0.0278307
0.0283565
0.026909
0.0287503
0.0290829
0.0294996
0.033837
0.0289697
0.0337221
0.032798
0.0340716
0.0329621
0.0319865
0.031054
0.0329833
0.0326082
0.0332078
0.0323346
0.0309664
0.0354291
0.0326566
0.0318586
0.0317448
0.035391
0.0302848
0.0321445
0.0287798
0.0289865
0.0293188
0.028772
0.0297254
0.0265662
0.0279471
0.0316417
0.0278842
0.0270008
0.0268998
0.0277575
0.0278923
0.0311875
0.0315614
0.0306006
0.0273168
0.0293872
0.0313239
0.0320047
0.0309043
0.0290563
0.0309287
0.0306766
0.0405297
0.0303789
0.0328081
0.0337293
0.0365174
0.0353687
0.0349405
0.0343486
0.0340564
0.0328875
0.0326187
0.0338496
0.0337356
0.0338379
0.0323597
0.033687
0.0344368
0.0352766
0.0383154
0.0335108
0.0339647
0.0349858
0.0384123
0.033926
0.0342481
0.0340952
0.035372
0.0342621
0.0335902
0.0360188
0.0385954
0.0354705
0.0364169
0.0344988
0.0329634
0.0337545
0.0328057
0.0332909
0.0330944
0.0333942
0.0344341
0.0370948
0.036102
0.0342741
0.0345184
0.0333347
0.033754
0.033269
0.031878
0.0333418
0.0431843
0.0340411
0.0320512
0.0320515
0.0328402
0.0327912
0.0346454
0.0342123
0.0327049
0.0346274
0.033181
0.0340014
0.0316324
0.0300285
0.0327354
0.0328445
0.0316297
0.0298238
0.0310169
0.0310962
0.0320361
0.0298503
0.0284189
0.0314129
0.0356018
0.032547
0.0320304
0.0299649
0.0310209
0.0323653
0.0339768
0.0358588
0.0349407
0.0334711
0.0356085
0.0356546
0.035483
0.0320124
0.0346378
0.0343527
0.0345035
0.0330676
0.0322751
0.0425147
0.0338185
0.0350431
0.0331922
0.031365
0.0340115
0.0357691
0.032875
0.0333024
0.0311156
0.0316872
0.0326372
0.0325635
0.0306109
0.0314264
0.0313191
0.0321018
0.0320319
0.0302355
0.0298508
0.0313239
0.03221
0.0319744
0.0333218
0.0323703
0.0317067
0.0324444
0.0355314
0.0296354
0.0287508
0.029531
0.0337324
0.0299655
0.0296891
0.0280375
0.027981
0.027627
0.028141
0.0296959
0.0282114
0.0261776
0.0313773
0.0289538
0.0285125
0.0279666
0.0306273
0.0278269
0.0280399
0.0283594
0.0273084
0.0276549
0.0282756
0.0287516
0.0279614
0.0307255
0.0289314
0.0304317
0.0364365
0.0304805
0.0303641
0.0323874
0.0328402
0.0308136
0.0325751
0.0338469
0.0338614
0.0317891
0.0317501
0.0315976
0.0315545
0.0338615
0.0337815
0.028924
0.0273875
0.0312025
0.0286131
0.0283141
0.0287299
0.0309612
0.0339773
0.0348396
0.0304828
0.0301019
0.0298577
0.0294441
0.0279641
0.0304807
0.0311322
0.0313146
0.0304653
0.0327992
0.033665
0.0335434
0.0318047
0.0338241
0.0326561
0.0356752
0.0309923
0.0315721
0.0329275
0.0370825
0.0347525
0.0352579
0.0388847
0.0371861
0.0366403
0.0369916
0.0355864
0.0378086
0.0378185
0.037516
0.0365742
0.0350946
0.0367282
0.0339438
0.0333948
0.0342403
0.0340953
0.0342355
0.0348131
0.0318815
0.0336785
0.033151
0.0332198
0.0343408
0.0333039
0.0369365
0.0365565
0.032414
0.0321241
0.0323008
0.0326855
0.0331795
0.0323812
0.0340574
0.0347116
0.0345855
0.0337647
0.0349444
0.0313253
0.0298862
0.0313715
0.0302192
0.0276489
0.0263479
0.0284437
0.029149
0.02913
0.0272086
0.0288706
0.0297405
0.0293166
0.0277331
0.0303441
0.0295944
0.0308941
0.0325875
0.0295137
0.0314618
0.0355616
0.0350308
0.0322092
0.0341117
0.0331591
0.0317235
0.0330494
0.0317198
0.0358023
0.032992
0.0308446
0.0316802
0.0327037
0.0365497
0.0343984
0.0324672
0.0316445
0.0324337
0.032603
0.0337781
0.0353385
0.0309703
0.0317267
0.0307379
0.0300094
0.0359786
0.0345614
0.0319826
0.0343292
0.0360737
0.0351261
0.0340542
0.0373753
0.0354754
0.0351231
0.0355773
0.0371032
0.0376252
0.0375397
0.0386879
0.0356283
0.0322463
0.0334089
0.0340097
0.0351151
0.035398
0.0366013
0.0347589
0.0360962
0.0369094
0.0389898
0.0393117
0.0368456
0.0370561
0.0370089
0.0366633
0.0360854
0.0362758
0.0375388
0.0353697
0.0376029
0.0348858
0.0347294
0.038079
0.0356709
0.0362918
0.0334074
0.0329313
0.03483
0.0342244
0.0361132
0.0361857
0.035284
0.0341318
0.0317798
0.0324889
0.0322314
0.0326918
0.0322758
0.0327154
0.0325613
0.033687
0.0324536
0.033871
0.0333461
0.0332244
0.0344896
0.0332348
0.0340658
0.0343912
0.0375719
0.0358209
0.0355502
0.034043
0.0322841
0.0342068
0.0344255
0.0347839
0.0356777
0.0350382
0.0362889
0.0371838
0.0371179
0.0363362
0.0344159
0.0369873
0.0362039
0.0359092
0.0347812
0.0341112
0.0347148
0.0342092
0.0351064
0.0380105
0.0358486
0.0342284
0.0336913
0.0347903
0.0339011
0.0311724
0.0321999
0.0312269
0.0308989
0.0328519
0.0325954
0.0327097
0.0337631
0.0341856
0.0323384
0.0329424
0.0313154
0.0326371
0.031759
0.0320634
0.031846
0.029869
0.0299793
0.0312695
0.0309457
0.029022
0.0297167
0.0274786
0.0303241
0.0285464
0.0298126
0.0305998
0.0316904
0.0327215
0.0306799
0.029938
0.0306541
0.0326111
0.0313319
0.033216
0.0312236
0.0299825
0.0323962
0.0335957
0.0328068
0.0303691
0.0304649
0.0344211
0.0317247
0.0339988
0.0351996
0.0317445
0.0328157
0.0362668
0.0367539
0.0339035
0.0336061
0.0334904
0.0303845
0.0329487
0.0317287
0.0322256
0.0307905
0.0298046
0.0302454
0.0314704
0.033883
0.0298824
0.028725
0.0306776
0.0309845
0.0321061
0.0316542
0.0309428
0.0330032
0.0342392
0.0337502
0.031938
0.0293358
0.0298233
0.0313827
0.0303844
0.0281626
0.027268
0.0291285
0.0332291
0.0303659
0.033246
0.0290082
0.0297901
0.0320606
0.0314553
0.0311444
0.0335137
0.0273901
0.0288117
0.0285195
0.0287692
0.0314468
0.03376
0.0365578
0.0318233
0.0320232
0.0363021
0.0337382
0.033562
0.0320507
0.0349348
0.0353419
0.0350388
0.0336634
0.0330764
0.0355476
0.034144
0.0333693
0.0298378
0.0282361
0.030196
0.0301323
0.0301763
0.0294014
0.0271352
0.0291073
0.0260971
0.0267159
0.0257128
0.0235319
0.0249705
0.0276814
0.0250572
0.0268251
0.023586
0.0251257
0.0267835
0.0250113
0.0244588
0.0250955
0.0273739
0.0272711
0.0278484
0.0283714
0.0279147
0.029927
0.029931
0.0294322
0.0277516
0.0275657
0.0287643
0.0284275
0.0279732
0.0309774
0.0259368
0.0282829
0.0273965
0.0285413
0.027813
0.0258309
0.0244542
0.0274271
0.027879
0.0266904
0.0260918
0.023679
0.0252912
0.0286447
0.030202
0.0274093
0.0345558
0.0316226
0.0347217
0.033437
0.0305604
0.0339387
0.0351937
0.0352422
0.0371911
0.0354203
0.0350467
0.0362211
0.0411827
0.0374431
0.0358263
0.0337117
0.0359068
0.0345899
0.0353846
0.0350759
0.0336311
0.0320543
0.0328568
0.0341653
0.0334343
0.0361185
0.0319837
0.0309606
0.0324507
0.0322954
0.0323202
0.0369199
0.0291395
0.0309939
0.0304208
0.0311099
0.0347916
0.0288695
0.0312965
0.0339695
0.0312751
0.0319619
0.0323762
0.0337604
0.0361661
0.0341536
0.0343709
0.0327997
0.0327161
0.0328118
0.0366801
0.0314155
0.0310687
0.030915
0.0317076
0.0322039
0.0325179
0.0346593
0.0308128
0.0321178
0.0326113
0.032272
0.0325441
0.0321347
0.0333363
0.0343054
0.0350683
0.0352282
0.0349241
0.0341742
0.034325
0.0336131
0.0327224
0.0333324
0.0339228
0.0323349
0.0352657
0.0339769
0.0352351
0.032531
0.0365013
0.0361373
0.0326891
0.0341007
0.0343844
0.0353264
0.0354788
0.0345038
0.035251
0.0342473
0.0358841
0.0350342
0.0336051
0.0317205
0.032443
0.0338482
0.0331315
0.0338501
0.0359993
0.0320736
0.0391549
0.0326607
0.037854
0.0319536
0.0312854
0.0356329
0.0338264
0.0334571
0.0319542
0.0309102
0.0328341
0.0338939
0.0335092
0.0323096
0.0315626
0.034527
0.0343445
0.0349422
0.0336196
0.032754
0.0355147
0.0328967
0.0356983
0.0366107
0.0349127
0.0360787
0.0325031
0.0344285
0.0341523
0.0355577
0.0354178
0.0357362
0.0357903
0.0366244
0.0338123
0.0347023
0.0339097
0.0344505
0.0347523
0.0376488
0.0375835
0.036596
0.0357693
0.0344195
0.0335103
0.0326236
0.032506
0.03379
0.0314377
0.034227
0.0386423
0.0330202
0.0308737
0.0346654
0.0331032
0.0342559
0.0341419
0.0348982
0.0354561
0.034987
0.0349349
0.0324409
0.0330492
0.0315002
0.0321933
0.0327771
0.0311257
0.0318786
0.03217
0.0344891
0.0341544
0.0315463
0.032351
0.0339699
0.0340649
0.0373103
0.035043
0.033193
0.0333999
0.034287
0.0340003
0.0344498
0.0349872
0.0362651
0.0355036
0.0353775
0.0351392
0.0332485
0.0334003
0.0369681
0.0370531
0.035037
0.0360935
0.0373099
0.0342171
0.0356593
0.0347011
0.0361819
0.0360905
0.0345062
0.0345567
0.0367281
0.0391194
0.0422815
0.0400344
0.0369283
0.0372454
0.0367353
0.0362426
0.0372311
0.0385261
0.0377557
0.0399445
0.0387099
0.0399602
0.0381032
0.0355538
0.0354311
0.0355765
0.0350652
0.0335686
0.0357428
0.0361733
0.0370563
0.0366544
0.0345263
0.0347268
0.0345405
0.0415854
0.0341709
0.0354353
0.0344008
0.0354336
0.0366576
0.038935
0.036442
0.0352878
0.0342571
0.0343755
0.0357836
0.0342473
0.0394799
0.0356714
0.0344016
0.0348085
0.0379007
0.0354523
0.0354338
0.0354344
0.036737
0.0363851
0.0368101
0.0368065
0.035488
0.0340778
0.034076
0.0342094
0.0339685
0.0342074
0.0348535
0.0374807
0.0408139
0.0343742
0.032481
0.0363872
0.0351899
0.0364
0.0342281
0.0333426
0.0342757
0.0349147
0.0365518
0.0406301
0.0357192
0.0326814
0.032167
0.0336649
0.0329745
0.033608
0.0331946
0.032602
0.0313729
0.0324123
0.0360524
0.0344894
0.0359382
0.0346742
0.0334175
0.0326098
0.0343394
0.033159
0.0337041
0.0336069
0.035762
0.0339713
0.0349303
0.0346951
0.0343801
0.0335172
0.0320671
0.0334505
0.0319791
0.0323182
0.0325383
0.0335193
0.0329215
0.0317813
0.0323612
0.0374657
0.0372112
0.0367239
0.0358729
0.0326678
0.0332379
0.0332438
0.0340668
0.0320051
0.0328195
0.0314429
0.0292611
0.0304499
0.0309066
0.0315353
0.032338
0.039022
0.0321077
0.0317771
0.033584
0.0330598
0.0324641
0.0324646
0.0333787
0.0324055
0.0346223
0.031924
0.033927
0.035136
0.0324466
0.033871
0.0346435
0.0346337
0.0403967
0.0390339
0.0390373
0.038304
0.0365044
0.0369098
0.0366904
0.0371628
0.034402
0.0377784
0.0398635
0.0370583
0.0385675
0.0350921
0.0353872
0.0345938
0.0357749
0.0366951
0.0350165
0.0364734
0.0345346
0.0365186
0.0367774
0.0368752
0.0357736
0.0367309
0.036154
0.0356535
0.0373623
0.0364346
0.0391997
0.0370983
0.0374016
0.0375789
0.0367966
0.0366304
0.0363156
0.0353678
0.0348123
0.0331382
0.0354977
0.0361275
0.0349174
0.0349045
0.035737
0.0372523
0.0342321
0.0364533
0.0375521
0.0363411
0.0364904
0.0360148
0.0372179
0.036267
0.0363243
0.0334457
0.033471
0.0385104
0.0340748
0.0375705
0.0386785
0.0325965
0.0322851
0.0345485
0.0356078
0.0367731
0.0382937
0.0349692
0.0367902
0.0369731
0.0365492
0.0388191
0.035955
0.036046
0.0363435
0.0343704
0.0331555
0.0351485
0.0329296
0.0321754
0.030481
0.0314145
0.0304248
0.0293993
0.0289349
0.0263505
0.0259403
0.0291558
0.0309793
0.0304985
0.0265362
0.0244034
0.0267191
0.0263366
0.0259832
0.0261039
0.0269377
0.026513
0.0307167
0.0322163
0.0293897
0.0316962
0.0302197
0.0298959
0.0311813
0.0335323
0.0326719
0.0337564
0.0346146
0.0331747
0.034836
0.0334873
0.0336959
0.0345976
0.0345228
0.0342764
0.0350501
0.0339282
0.0353283
0.0343514
0.0333389
0.0318004
0.0337276
0.0336317
0.0331031
0.0331684
0.0368875
0.0335771
0.035838
0.0361669
0.0348639
0.0335376
0.0329913
0.0323619
0.0324372
0.0348695
0.032189
0.0287883
0.0309001
0.0293656
0.0302374
0.0301094
0.0307543
0.035395
0.0298537
0.0312276
0.0309677
0.0322965
0.0295579
0.0327479
0.0335436
0.0318878
0.0325812
0.0314711
0.029884
0.0314637
0.0322259
0.0324333
0.0323263
0.0342206
0.0304575
0.0311974
0.0320759
0.0355714
0.0310763
0.0382056
0.0343291
0.031006
0.0294824
0.0305718
0.0312262
0.0329355
0.0319041
0.0300148
0.0325048
0.0328803
0.0345118
0.034034
0.0348502
0.0323296
0.0328928
0.0336102
0.0328686
0.0331706
0.0329232
0.03301
0.0335614
0.0328947
0.0353524
0.0301685
0.0308688
0.0310231
0.0292494
0.0307662
0.0291783
0.0301817
0.0277099
0.0283566
0.0275169
0.0292243
0.0275685
0.0271671
0.0269323
0.028012
0.0314413
0.0304732
0.0287162
0.0273885
0.0282587
0.0283169
0.0305781
0.0293709
0.0296844
0.030459
0.0321596
0.0349354
0.038333
0.0347537
0.0372235
0.0335746
0.0367767
0.0359205
0.0362586
0.0371736
0.0374003
0.0370459
0.037105
0.0363109
0.0357824
0.0351951
0.0334803
0.032975
0.0333986
0.0322871
0.0330549
0.0324387
0.0329726
0.0335455
0.0308763
0.0302567
0.032723
0.03313
0.0349533
0.0330782
0.0305823
0.0320761
0.0323719
0.0315085
0.0306166
0.031011
0.0316513
0.0321447
0.0335633
0.032472
0.0305335
0.0319128
0.0321852
0.0327127
0.0333417
0.0341795
0.0336033
0.0350469
0.0344995
0.0359777
0.0375507
0.0337758
0.0335211
0.0338817
0.0330763
0.0357707
0.0353637
0.0367909
0.0364133
0.0377968
0.0409452
0.0371475
0.0360597
0.0371209
0.032903
0.0335419
0.0329739
0.0322187
0.033083
0.0354673
0.0334891
0.0354252
0.0335726
0.0325018
0.0332412
0.0328658
0.0351194
0.0354934
0.0362559
0.0366341
0.0357475
0.0335645
0.0346342
0.0380884
0.0360631
0.0387687
0.0414163
0.0353869
0.0362608
0.0337018
0.0353378
0.0334851
0.0349416
0.0347754
0.0363655
0.0355371
0.0358343
0.0366311
0.0355061
0.0340367
0.0338696
0.0343443
0.0339011
0.0347235
0.0324485
0.0333263
0.0329806
0.0355289
0.0373315
0.0321966
0.0312402
0.0317965
0.0309391
0.0304324
0.0312052
0.0299401
0.031345
0.0303903
0.0310899
0.0320724
0.0302793
0.0291183
0.0293701
0.0293349
0.0299726
0.0330735
0.0335321
0.0312554
0.0311666
0.0313035
0.0295055
0.0312054
0.0308751
0.0314606
0.0320377
0.0317926
0.0330621
0.0320702
0.0303138
0.0302728
0.0306028
0.0303128
0.029696
0.0310339
0.0303893
0.0302981
0.0297391
0.0273076
0.0287338
0.0286071
0.0285191
0.0303174
0.0287352
0.0301185
0.0359313
0.0356214
0.0385135
0.035287
0.0342616
0.0335106
0.0336119
0.0337293
0.0349357
0.0346794
0.0493638
0.0352719
0.03464
0.0341368
0.0354123
0.0338803
0.0342399
0.0334526
0.0332438
0.0350678
0.0329679
0.0317709
0.0342563
0.0310691
0.0296571
0.0296478
0.0309239
0.0316042
0.0316425
0.0293984
0.0284495
0.0272766
0.031079
0.0322714
0.0307494
0.0328192
0.0284236
0.0287219
0.0293626
0.0296521
0.0299029
0.0324171
0.0299099
0.0334237
0.0304086
0.0302563
0.0324259
0.0336766
0.0329193
0.0284677
0.0300168
0.0301673
0.033336
0.0341257
0.0318444
0.0305478
0.0319543
0.0319909
0.0324486
0.0295076
0.0301239
0.0308304
0.0305959
0.0310915
0.0328959
0.0391616
0.0374436
0.0385541
0.0365374
0.0374533
0.0377817
0.0369767
0.0353885
0.0346768
0.034538
0.0351885
0.0356264
0.0364048
0.0352599
0.0361125
0.0367344
0.0348329
0.0348905
0.0353909
0.0342781
0.0356344
0.0358752
0.0337432
0.0342586
0.0341883
0.0360261
0.0373531
0.0338963
0.0322425
0.0314348
0.0322027
0.0317776
0.0313996
0.0315697
0.0326691
0.0313092
0.0323661
0.0327943
0.031957
0.0307522
0.0314345
0.0308978
0.0308558
0.0310422
0.0315351
0.0327559
0.0328318
0.0317896
0.0328962
0.0331432
0.0305367
0.0310941
0.0316023
0.032608
0.0315894
0.0320607
0.0306164
0.0339636
0.0351019
0.0304582
0.0315014
0.0318619


