0.041597
0.0253698
0.0266989
0.0482067
0.0386073
0.03758
0.0364393
0.0367046
0.0412502
0.040629
0.041894
0.039738
0.0404538
0.0435794
0.0411126
0.0405815
0.0447384
0.0432897
0.0444192
0.0400008
0.043833
0.0441899
0.0457965
0.0444912
0.0433085
0.0463215
0.0440053
0.042377
0.0478717
0.0439303
0.0445552
0.0405844
0.0431585
0.0427611
0.04504
0.0447503
0.0453211
0.0462394
0.0482203
0.0501869
0.046594
0.0462557
0.0531147
0.0465188
0.0474998
0.0441665
0.0443555
0.0451781
0.0535229
0.0517645
0.042383
0.0383519
0.0347353
0.0831064
0.0249891
0.0278395
0.0247748
0.0243903
0.0221913
0.0261557
0.0246632
0.0224248
0.0262763
0.0230474
0.0270666
0.0513969
0.0466215
0.0344541
0.0386979
0.0370207
0.0391174
0.0389184
0.0385691
0.0373026
0.0395396
0.0423488
0.0427256
0.0430162
0.0413552
0.046764
0.0415187
0.0443643
0.0446263
0.0688736
0.038803
0.0406514
0.0425612
0.0490176
0.0448062
0.0396367
0.0418987
0.041194
0.0448631
0.0406069
0.042789
0.0468382
0.0439977
0.04748
0.0491951
0.0450284
0.0444328
0.0465192
0.0436051
0.0541193
0.0509362
0.047024
0.0452583
0.0501638
0.0460031
0.0439093
0.0432681
0.0428296
0.0427116
0.0439361
0.0325668
0.0291761
0.036969
0.0320563
0.0418439
0.033996
0.0414615
0.0364957
0.0438285
0.0401429
0.040236
0.0440543
0.0498047
0.0380804
0.0452001
0.0409797
0.0426146
0.0418659
0.0441594
0.0392101
0.0435853
0.0443895
0.0429516
0.0425414
0.0402789
0.0428665
0.0457256
0.0414428
0.0444447
0.0399846
0.0404128
0.0407222
0.0462929
0.0472779
0.0412427
0.0380843
0.0397437
0.0431396
0.0434708
0.0425043
0.0424264
0.0489535
0.0509996
0.0739072
0.0414943
0.0455013
0.0505768
0.0478905
0.0475588
0.0445545
0.0484787
0.0473141
0.045658
0.0485682
0.0447192
0.0456233
0.0520832
0.0426175
0.0436246
0.0433098
0.0389546
0.0432233
0.052818
0.0568375
0.046606
0.0527605
0.0538446
0.048441
0.0442617
0.0484079
0.0488164
0.0439874
0.0456952
0.0402661
0.0412899
0.0491192
0.0487053
0.0494747
0.0486373
0.0463755
0.0518756
0.0489132
0.048888
0.044221
0.0503351
0.0434038
0.0428
0.0451077
0.0510615
0.0495278
0.0482065
0.048308
0.0474003
0.0501681
0.0513142
0.0458675
0.046508
0.0477502
0.0430873
0.0433133
0.0429344
0.045523
0.0452616
0.0445807
0.0473051
0.051519
0.0506099
0.0506676
0.0475907
0.0497202
0.0479562
0.0449124
0.0499721
0.0460049
0.0447464
0.0433741
0.0423008
0.0422199
0.0460663
0.0462032
0.0481509
0.0454719
0.0508067
0.0478097
0.0465292
0.0412456
0.043608
0.0441243
0.0402946
0.0393207
0.040718
0.0432096
0.0396698
0.037731
0.0425767
0.0418889
0.0477459
0.044457
0.0472555
0.0494081
0.0493671
0.0434465
0.0465453
0.0462327
0.0465282
0.0456077
0.0435748
0.0473881
0.0486594
0.0497753
0.0447053
0.0457861
0.0492754
0.0514727
0.0490284
0.0493891
0.0483355
0.0498912
0.0445173
0.0480928
0.0467541
0.0496048
0.0523868
0.0501631
0.0488889
0.0474373
0.0476025
0.0421551
0.0490574
0.0456321
0.0460882
0.0435095
0.0503313
0.0546295
0.0526052
0.0502988
0.0478224
0.0433579
0.048069
0.0400848
0.0443665
0.0444288
0.0446115
0.0356436
0.0381295
0.0375715
0.0369555
0.0384501
0.0384857
0.0365951
0.0345387
0.0357676
0.0376673
0.0396329
0.0396388
0.0432235
0.0468047
0.0495039
0.0465021
0.0459582
0.0475087
0.0486371
0.0447248
0.043641
0.0436608
0.0417011
0.0436592
0.0418522
0.0399087
0.0372609
0.0454003
0.0476896
0.0479279
0.0480025
0.0499104
0.0512246
0.0527793
0.0477674
0.049804
0.0461417
0.0488155
0.0446117
0.0452254
0.0421163
0.0455538
0.0432919
0.0426084
0.0399703
0.0424464
0.0422689
0.0462834
0.0476665
0.0471568
0.0476317
0.0451756
0.0474754
0.0460919
0.0467324
0.044345
0.0396539
0.0408779
0.0459657
0.0457227
0.046114
0.045767
0.0482141
0.048878
0.05211
0.0463533
0.0446311
0.0515166
0.0468359
0.0472576
0.0490136
0.0431393
0.043638
0.0428469
0.0405164
0.0398052
0.046455
0.0441958
0.0427643
0.0459065
0.0423635
0.0437658
0.044484
0.0445589
0.0451096
0.0456721
0.0475947
0.0431615
0.0440045
0.0463224
0.0424933
0.0376128
0.0386773
0.0389294
0.0413991
0.0412233
0.0448268
0.0458033
0.0478868
0.0493945
0.046173
0.0442074
0.0422682
0.0431449
0.0423875
0.0402746
0.0414465
0.0444142
0.0489371
0.0442917
0.0490857
0.0476995
0.0500559
0.0431814
0.043659
0.0425962
0.0434445
0.0421696
0.0486717
0.0480734
0.0499399
0.0465329
0.049453
0.048579
0.0481462
0.0492418
0.0557102
0.0438036
0.0445917
0.0509486
0.0473853
0.0490554
0.044607
0.0435636
0.0461554
0.0426918
0.0410298
0.0395099
0.0431562
0.0418988
0.0468705
0.0465787
0.0436535
0.0695033
0.0456175
0.0415473
0.0453953
0.0451524
0.0480562
0.045227
0.0428538
0.0417442
0.0444947
0.0418556
0.0446596
0.0437513
0.0409393
0.0403413
0.0446153
0.041233
0.0448101
0.0451445
0.0416413
0.0413977
0.047683
0.0397194
0.0378283
0.0401543
0.0403432
0.0403157
0.0398767
0.0400097
0.0410835
0.0482305
0.0482197
0.0512177
0.0433475
0.0409415
0.0452611
0.0419303
0.0427135
0.0422112
0.0420013
0.0410041
0.0443196
0.0450214
0.0460984
0.0451381
0.0463141
0.0483981
0.0423793
0.0470389
0.0448493
0.0486367
0.0427594
0.0425402
0.0408634
0.0420623
0.0452891
0.0437621
0.0442462
0.0469861
0.0525365
0.0489836
0.0446663
0.0450946
0.0500205
0.0443295
0.05061
0.0498176
0.0425927
0.0412833
0.0400923
0.04404
0.0445187
0.0486752
0.0456763
0.0469377
0.0446668
0.0510156
0.0494717
0.0405538
0.0424995
0.0417649
0.0423877
0.038102
0.0423936
0.0414557
0.042188
0.043193
0.0447121
0.0408208
0.0442172
0.0420063
0.0349239
0.0396879
0.0458531
0.0381907
0.0315983
0.0365305
0.0340274
0.031407
0.0302984
0.0312301
0.0308992
0.0326445
0.0287447
0.0318558
0.0312037
0.0351022
0.0309427
0.0316822
0.0328326
0.0309877
0.0291236
0.0308572
0.0326931
0.0340887
0.0306752
0.0285775
0.0275319
0.0269948
0.030609
0.0270045
0.0314878
0.0312809
0.0311189
0.0292227
0.0297572
0.0288829
0.0281056
0.0298593
0.0283946
0.0307692
0.0364583
0.0333792
0.0317147
0.0297469
0.0303109
0.0342792
0.0294006
0.0338314
0.0347686
0.0346244
0.0338289
0.0356273
0.0326895
0.0286748
0.0277638
0.0280687
0.0290187
0.0315925
0.0317128
0.0322942
0.0296325
0.0292061
0.028949
0.0285455
0.0312051
0.0323723
0.0319285
0.0316881
0.0303983
0.0284374
0.0292934
0.028188
0.0287155
0.0311108
0.0321424
0.0316628
0.0340266
0.0323611
0.0314668
0.0327861
0.0327931
0.0377044
0.0369028
0.0386253
0.0322772
0.0286563
0.0289825
0.0308099
0.0321934
0.0355543
0.0315838
0.030847
0.0277445
0.0305827
0.0324878
0.0303579
0.032191
0.0286962
0.0290208
0.0280437
0.0288213
0.0300516
0.0320827
0.0341031
0.0348429
0.0366366
0.0368343
0.0568691
0.031211
0.0322095
0.0333949
0.0366543
0.0408912
0.0316912
0.0298336
0.0291693
0.0281193
0.0268511
0.0271873
0.0309864
0.0314706
0.0356718
0.0298352
0.0301292
0.0282522
0.0280526
0.0289357
0.0317974
0.0321516
0.0303043
0.0340069
0.03492
0.03351
0.0312907
0.0337078
0.0299309
0.0324689
0.0347571
0.0337704
0.0354643
0.0346077
0.0354687
0.0323486
0.0291009
0.0292907
0.0372961
0.0349937
0.0282788
0.0319494
0.0276174
0.0273252
0.0306791
0.0284238
0.0282829
0.0264513
0.0261736
0.0265917
0.0258094
0.0275163
0.0322521
0.0334941
0.0332001
0.0297998
0.0283155
0.0316266
0.029712
0.0272081
0.0306844
0.0313213
0.0316468
0.0360583
0.0332334
0.0331907
0.0302316
0.030234
0.0333008
0.0361567
0.0416178
0.0410401
0.039586
0.0332966
0.0370044
0.0415079
0.0367526
0.0339425
0.0401781
0.0438146
0.0370259
0.0376816
0.0329385
0.0375573
0.0349142
0.0368952
0.0372745
0.0372508
0.0363946
0.0340133
0.0338662
0.0363266
0.0403743
0.038168
0.0416397
0.034392
0.0346331
0.0439912
0.0361077
0.0398402
0.0324476
0.0328227
0.0323639
0.036075
0.035617
0.0324097
0.0409125
0.0323508
0.0329442
0.0347276
0.0349126
0.040057
0.0376232
0.0425711
0.0376
0.0373901
0.0393573
0.0414461
0.0338629
0.0384654
0.038246
0.0356289
0.0400034
0.0422925
0.0369897
0.0440798
0.0439662
0.0417882
0.0368726
0.0404999
0.0470142
0.0357068
0.0411619
0.0370207
0.0389458
0.0390719
0.0344656
0.0382705
0.0402799
0.0402069
0.0367573
0.0354205
0.0344602
0.0340546
0.0434576
0.0376643
0.0387369
0.0379998
0.0342575
0.0383709
0.0386359
0.0400473
0.037379
0.0376862
0.0419637
0.0448849
0.0483943
0.0369619
0.0379133
0.0385073
0.0377427
0.0353315
0.0359717
0.0390498
0.038241
0.0429734
0.0391339
0.0395289
0.045327
0.0393255
0.0370735
0.0362517
0.0367875
0.0375038
0.0415398
0.043802
0.0408005
0.0409159
0.0393909
0.0434451
0.0388686
0.0371423
0.036463
0.0415099
0.0409619
0.049211
0.0447494
0.0436179
0.0460393
0.046129
0.0441897
0.0388362
0.0422752
0.0373532
0.0417442
0.04102
0.0450152
0.0425463
0.045858
0.044771
0.0448981
0.047388
0.0416617
0.0399713
0.0392771
0.0403144
0.0407
0.0394962
0.0440747
0.0426742
0.047241
0.0461104
0.0447402
0.0374722
0.044018
0.0334717
0.0353315
0.0334894
0.0367248
0.0392173
0.0389616
0.0328664
0.0348721
0.0392451
0.0362572
0.0405965
0.0421416
0.0320837
0.0336465
0.031003
0.0325176
0.0365786
0.0359945
0.0377845
0.0373289
0.0411832
0.0408015
0.0389766
0.0324134
0.0322828
0.0312943
0.0306801
0.0300376
0.0412976
0.0367125
0.0326841
0.0318832
0.0358376
0.0435412
0.0417269
0.0428874
0.0397603
0.0407751
0.0339441
0.0331591
0.0311164
0.0348357
0.0336652
0.0370376
0.0367099
0.035133
0.040481
0.0373213
0.0342329
0.0299953
0.0338213
0.0360228
0.0367185
0.035159
0.0467537
0.0446316
0.0453558
0.0386014
0.0426853
0.0467652
0.0359909
0.0369721
0.0381397
0.0375155
0.0436541
0.0371838
0.0645446
0.0401544
0.042273
0.0379644
0.0404227
0.0378402
0.0426105
0.0323123
0.0376141
0.0364332
0.0376926
0.0340659
0.0390543
0.0372862
0.037767
0.0420869
0.0462445
0.0723144
0.040388
0.0610676
0.0373159
0.0409791
0.0425763
0.0390544
0.0327836
0.0324823
0.040061
0.0356535
0.0365767
0.0335633
0.0405306
0.0350084
0.0385348
0.044399
0.0362596
0.0343389
0.03869
0.0360647
0.0403756
0.0381595
0.0417477
0.038999
0.0430291
0.0368198
0.0409004
0.0403361
0.0368436
0.0350024
0.0461599
0.0443117
0.041309
0.0433938
0.0388315
0.0346232
0.0396554
0.0387344
0.0367427
0.0386577
0.0398488
0.0413938
0.0386774
0.0337291
0.0330317
0.0378346
0.0377658
0.0359649
0.0453778
0.0421809
0.0428338
0.0375933
0.0391991
0.038138
0.0365505
0.0402715
0.0407907
0.0429669
0.0399276
0.0381929
0.0384038
0.0354433
0.0333882
0.0357694
0.0391137
0.0397714
0.0444588
0.0357855
0.0356922
0.033726
0.0333305
0.0388584
0.041201
0.0416758
0.0377225
0.0392349
0.0378575
0.0391814
0.0358746
0.0340851
0.0362542
0.0338328
0.0347284
0.0336296
0.0330638
0.034529
0.0406245
0.039899
0.0392412
0.0378767
0.0328367
0.0334858
0.0306672
0.0326785
0.033329
0.0312313
0.0307363
0.0286788
0.0328313
0.0328387
0.0346552
0.0329336
0.0394513
0.0442309
0.0337155
0.0426234
0.0330144
0.0360915
0.0384962
0.0396238
0.036645
0.0391736
0.0378641
0.0445737
0.0390781
0.0533348
0.0383513
0.0411683
0.0401652
0.0432971
0.0443615
0.0417484
0.0391389
0.0365487
0.0355217
0.0408923
0.0368658
0.0392337
0.0454299
0.0421166
0.0449731
0.0443588
0.039376
0.0432989
0.0451751
0.040826
0.0402624
0.0382701
0.0698165
0.040381
0.0423718
0.0456127
0.0371056
0.0359671
0.0374246
0.0420397
0.0396509
0.0456611
0.0422218
0.0488562
0.0393207
0.0443943
0.0416519
0.0404891
0.0389999
0.0431864
0.0517275
0.0467088
0.0425062
0.0395022
0.0449144
0.0439491
0.0398857
0.0382649
0.0414075
0.0414255
0.0464906
0.04205
0.0406177
0.0371499
0.0423128
0.0412824
0.0381755
0.0371593
0.0390639
0.0374494
0.0390838
0.044451
0.044736
0.04374
0.0369593
0.0370733
0.0393459
0.043546
0.0400385
0.0404466
0.0417906
0.0411395
0.0382802
0.0393737
0.0377298
0.0390928
0.040225
0.0393138
0.0385843
0.044187
0.0376826
0.0358776
0.0401874
0.0351577
0.0357526
0.0380571
0.0386537
0.0412586
0.0403216
0.0348673
0.0357929
0.0399923
0.0377128
0.0420048
0.0420961
0.038925
0.0377542
0.0416234
0.0330319
0.0361975
0.0371685
0.0396892
0.060524
0.0373305
0.0358798
0.0352515
0.0362274
0.039027
0.0399487
0.039664
0.0399574
0.0433171
0.0414055
0.0396742
0.0385233
0.0341755
0.0355792
0.0365537
0.0405532
0.0418723
0.0393016
0.0473012
0.0396116
0.043349
0.0342272
0.0353646
0.0346748
0.0334977
0.0412252
0.0457686
0.0385349
0.0386075
0.0358258
0.0381823
0.0363041
0.0361475
0.0333351
0.0423132
0.0428221
0.0397509
0.0334143
0.031205
0.0323096
0.0325811
0.033352
0.0353183
0.0406736
0.0377732
0.0378872
0.0418642
0.0401834
0.0407689
0.0354361
0.0378653
0.0371931
0.0449231
0.0426688
0.0404826
0.0437964
0.0425128
0.0454158
0.0372303
0.0409792
0.0395512
0.0426917
0.0394824
0.0428712
0.0403477
0.0447408
0.0472726
0.0451775
0.0521626
0.0389623
0.0384746
0.0409508
0.0409114
0.0420107
0.044498
0.0426475
0.0435394
0.0463346
0.0387706
0.0388637
0.0438517
0.0425603
0.043924
0.0404264
0.0427857
0.0472298
0.0420388
0.0405125
0.0380658
0.0375847
0.0405261
0.0486601
0.0470147
0.040899
0.039617
0.0455708
0.0427655
0.0468685
0.0471142
0.0485755
0.0440191
0.0446636
0.0430409
0.0431497
0.0452291
0.0498576
0.0495296
0.0473727
0.0417322
0.0408117
0.0497765
0.0482942
0.0479453
0.0423962
0.0384485
0.044803
0.0453536
0.0473969
0.0442753
0.0437226
0.0443243
0.0384
0.0401738
0.0412484
0.0461615
0.0676583
0.0413143
0.0467451
0.042107
0.0430518
0.0377171
0.0397967
0.0385837
0.0392301
0.0422581
0.0427785
0.0374443
0.0430215
0.0368586
0.0395074
0.0361692
0.0403848
0.0373983
0.0391246
0.0391117
0.0425791
0.0482443
0.0388376
0.0418862
0.0374307
0.0362182
0.0384096
0.0401828
0.0435476
0.0424476
0.0426506
0.036111
0.0345853
0.0345732
0.0368634
0.0405231
0.0657623
0.0411601
0.0385179
0.0403694
0.0373814
0.0363243
0.0374143
0.0384693
0.0369007
0.0349168
0.0453628
0.03525
0.0406075
0.0346826
0.0328273
0.03259
0.0314326
0.0312721
0.0331261
0.0320102
0.0366581
0.0326303
0.0311806
0.0357116
0.0395943
0.0409406
0.0384618
0.0350129
0.031024
0.0350525
0.0349799
0.0313534
0.0316158
0.0301903
0.0302418
0.0352311
0.0390049
0.0401119
0.0389686
0.0381743
0.0306433
0.032825
0.0303399
0.0319669
0.028088
0.0277896
0.0351301
0.0321217
0.0343
0.0326975
0.0293019
0.0279059
0.0289432
0.0277922
0.0272783
0.0314795
0.0336823
0.0370898
0.038486
0.0324978
0.0416991
0.0378384
0.0387958
0.0305725
0.0314905
0.0283273
0.0293036
0.0373288
0.032472
0.0362701
0.0312753
0.0325739
0.0337798
0.034283
0.0353286
0.0374444
0.0376799
0.0351578
0.0318477
0.0321169
0.029327
0.0294739
0.0328198
0.0336932
0.0327319
0.036152
0.0371514
0.036833
0.0353449
0.0325962
0.0373128
0.0382213
0.0284343
0.0316993
0.0343816
0.031324
0.0309544
0.0295727
0.0303681
0.0338441
0.0365445
0.0395198
0.0343052
0.0391628
0.029066
0.0288952
0.0282633
0.0327546
0.0327273
0.0349271
0.0340344
0.0366739
0.031131
0.0301055
0.03079
0.0288181
0.032174
0.0294
0.0329037
0.0329189
0.0394962
0.0370533
0.0342627
0.0329598
0.033051
0.0310218
0.0307281
0.0313698
0.0329091
0.0334177
0.0380439
0.0378898
0.0342867
0.0373992
0.0348437
0.0316409
0.0342805
0.030466
0.0384365
0.0367458
0.0338041
0.0336126
0.0392166
0.0358565
0.0356339
0.0358731
0.0392441
0.0345894
0.0363542
0.0348336
0.0361033
0.0358735
0.0323144
0.0338854
0.0349422
0.0345754
0.0391288
0.0351313
0.0395092
0.0403297
0.0455163
0.039106
0.0380416
0.032358
0.032603
0.0328415
0.0338655
0.0368489
0.0413582
0.0453122
0.0391815
0.037004
0.0394233
0.0395712
0.032093
0.0339138
0.0358665
0.0357523
0.0351749
0.031848
0.034471
0.0359431
0.0364255
0.0355738
0.0385338
0.0355828
0.0342599
0.0341756
0.0394522
0.0302328
0.0313358
0.0334707
0.0317221
0.028586
0.032186
0.0350959
0.031145
0.0318434
0.0322719
0.0310601
0.0278098
0.0353054
0.0423736
0.0349414
0.0280079
0.03055
0.029236
0.0318933
0.034894
0.0321249
0.0341019
0.0344945
0.0368517
0.0334738
0.0372151
0.0358636
0.038189
0.0416665
0.0412268
0.040808
0.0359169
0.0364376
0.0385858
0.0359385
0.0440923
0.0395962
0.0381332
0.049477
0.0450142
0.0395582
0.0394933
0.0388323
0.0408224
0.0386441
0.0396552
0.0413981
0.0454394
0.0431906
0.0414172
0.037951
0.0357402
0.035396
0.0348154
0.0334445
0.0367303
0.0399251
0.0394434
0.0346129
0.0382935
0.0365394
0.0373676
0.0374787
0.0330066
0.0326809
0.0324251
0.0319759
0.0357062
0.0364021
0.0400831
0.03565
0.0356419
0.0370315
0.0422245
0.0341089
0.0336337
0.0328366
0.0317384
0.0354839
0.0379795
0.03771
0.0404872
0.0340344
0.030279
0.0392727
0.0340202
0.0364474
0.0358864
0.0359534
0.0325829
0.0423365
0.0342719
0.0331669
0.0315059
0.0349761
0.0396496
0.0397383
0.0406326
0.0351631
0.0381964
0.0335646
0.0383583
0.0409892
0.0403225
0.0347626
0.0440446
0.0393465
0.0389489
0.0332787
0.0357939
0.0425587
0.0362903
0.0386166
0.0322677
0.0320065
0.0336862
0.0334069
0.0376829
0.0363103
0.0342183
0.0607398
0.0400221
0.0380361
0.0360117
0.0417985
0.0409531
0.0342513
0.0335833
0.0348217
0.0386936
0.0393506
0.0358603
0.0356157
0.0317686
0.0367858
0.0342277
0.0347513
0.0365927
0.0329928
0.034614
0.0301681
0.0324794
0.0377669
0.0378369
0.034747
0.0366269
0.034914
0.0371272
0.0320151
0.0310357
0.030865
0.0308366
0.0333905
0.0296508
0.0353995
0.0385125
0.0332475
0.0361675
0.0368243
0.0331332
0.0333682
0.0310193
0.0312373
0.0320761
0.0372822
0.039146
0.0397809
0.0443621
0.042384
0.040085
0.0400603
0.0360745
0.0374229
0.044695
0.0356782
0.0381189
0.0381209
0.0351813
0.0367931
0.037713
0.0368943
0.0390558
0.0357569
0.0391326
0.0363126
0.0380364
0.04062
0.0420455
0.0397624
0.0412178
0.0385126
0.0380004
0.0358602
0.0378057
0.0401951
0.0428981
0.0428272
0.0410916
0.0364744
0.0401228
0.037124
0.0433252
0.0424369
0.0436034
0.0396104
0.0416314
0.03869
0.0376359
0.0419208
0.0385372
0.0403845
0.0420079
0.0483739
0.0417671
0.0437357
0.0403332
0.0373237
0.0366848
0.0431392
0.0479663
0.0484939
0.0389015
0.0376937
0.041431
0.0391017
0.0385549
0.0382178
0.041084
0.0447903
0.0416326
0.0380263
0.0378541
0.0385316
0.0399652
0.0410737
0.0484111
0.0382044
0.04169
0.038554
0.0413541
0.0363199
0.0375681
0.0417009
0.0412002
0.0369241
0.0387958
0.0357604
0.0361135
0.0361781
0.0359078
0.0384329
0.0390283
0.0406977
0.035463
0.0324432
0.0314661
0.0318872
0.0331958
0.0317531
0.0319045
0.0350163
0.0324754
0.0356242
0.0341549
0.0327007
0.0338747
0.031747
0.0316919
0.0378466
0.0316826
0.0318673
0.0339837
0.0315507
0.0349436
0.0342537
0.0323759
0.0331742
0.0346735
0.0383516
0.033124
0.0322003
0.031363
0.0332409
0.0384299
0.0369201
0.0382393
0.0351378
0.0321812
0.0348382
0.0394961
0.0355279
0.043564
0.0375901
0.0382221
0.0340041
0.0332555
0.0316132
0.0339578
0.0321281
0.0358843
0.0418769
0.0394995
0.0421492
0.0357087
0.0328362
0.0363964
0.034931
0.0364449
0.0388396
0.0414763
0.0395294
0.037402
0.0390683
0.0397322
0.0409013
0.0353306
0.0366955
0.0387441
0.0419167
0.0407552
0.036164
0.0345624
0.0332575
0.0339082
0.0411128
0.0410083
0.0373044
0.0390269
0.0331102
0.0359859
0.0339257
0.0355452
0.031103
0.036628
0.0393835
0.0392795
0.0352763
0.0404282
0.0378759
0.0383172
0.0322793
0.0327377
0.0353021
0.0377478
0.0411729
0.0377075
0.0365898
0.0396904
0.0332502
0.0329697
0.0382299
0.0392562
0.0409721
0.0602557
0.0373254
0.0338799
0.0382245
0.0439672
0.0386963
0.0316971
0.0350838
0.0380298
0.0357046
0.0317851
0.0333245
0.039044
0.0390453
0.0386448
0.0328103
0.0366369
0.0369415
0.0350698
0.0328493
0.0309435
0.0334827
0.0350969
0.0386577
0.0389254
0.0395912
0.0337682
0.0421271
0.0336476
0.0341162
0.032475
0.033505
0.0307666
0.0367346
0.0389436
0.0387363
0.0407014
0.0343398
0.0308297
0.0382987
0.0341578
0.0347699
0.0345726
0.0347015
0.0346325
0.0391894
0.0345089
0.0371421
0.0365024
0.0425605
0.0462516
0.0435477
0.0377291
0.0390786
0.0356617
0.037188
0.0402803
0.038684
0.0381389
0.0445295
0.0381482
0.0330681
0.0361519
0.0366319
0.0357136
0.0372719
0.0399729
0.0392223
0.0461917
0.0322158
0.0364787
0.0371543
0.0340714
0.0429651
0.0366899
0.0395247
0.0437788
0.0352359
0.0361143
0.0356522
0.0392196
0.0382041
0.0374338
0.0308896
0.0337239
0.0300539
0.0303797
0.0292285
0.0336965
0.0370144
0.0326672
0.0284739
0.0321107
0.0318163
0.0313923
0.0330666
0.0353062
0.0371135
0.0335979
0.0349113
0.0340883
0.0327502
0.03073
0.0375226
0.0367817
0.0403647
0.0407534
0.0397461
0.0405602
0.036347
0.0373166
0.0376381
0.0362591
0.038979
0.0352955
0.039271
0.0394197
0.0343149
0.0361009
0.0349125
0.0338929
0.0353394
0.0404232
0.0397402
0.0331336
0.0289255
0.0343455
0.0328096
0.0323857
0.034326
0.0355946
0.0348136
0.0372584
0.0345979
0.0308037
0.0294843
0.0353123
0.0348821
0.0347385
0.0281366
0.0380081
0.033997
0.0352851
0.036543
0.0359118
0.0374446
0.0380223
0.0390561
0.0433025
0.0342429
0.0336891
0.0359526
0.0410934
0.0422876
0.0365585
0.0365266
0.0396167
0.0377119
0.0406932
0.0442062
0.0430095
0.0411985
0.0355246
0.0395454
0.0385581
0.0431326
0.0393324
0.0449826
0.0403839
0.0392027
0.0411636
0.0431579
0.0390186
0.0381117
0.0398929
0.0336866
0.0339478
0.0346623
0.0411718
0.0387228
0.0333353
0.0311804
0.0349315
0.0376966
0.0383699
0.0341773
0.0326054
0.0373261
0.0368289
0.0373562
0.043535
0.0367992
0.038349
0.0364183
0.0478753
0.0467853
0.0454834
0.0427665
0.0414076
0.0390269
0.0407311
0.0388843
0.0433047
0.0416523
0.0397909
0.0446938
0.0384956
0.0381835
0.0380133
0.0428734
0.044045
0.043257
0.0436188
0.0374353
0.0406082
0.0513642
0.0420868
0.0436203
0.043686
0.0464295
0.0402694
0.0374097
0.039152
0.0436321
0.0469413
0.0418043
0.0440689
0.043124
0.0389593
0.0357618
0.0369988
0.0409798
0.041116
0.0378159
0.042443
0.0339832
0.0441543
0.0445069
0.0409233
0.041008
0.0351121
0.0392099
0.0408721
0.0460645
0.0449786
0.0425774
0.0440308
0.0392706
0.0426685
0.0424572
0.0407141
0.0406646
0.0385445
0.0396314
0.0404492
0.0414014
0.0416603
0.0412512
0.0499113
0.0536275
0.0415798
0.043441
0.0440933
0.0453532
0.0512622
0.0481709
0.0463519
0.0409571
0.0418781
0.0701074
0.0482042
0.0435112
0.0442775
0.0423582
0.0370934
0.0418463
0.0407333
0.0393254
0.0350573
0.0372483
0.0396133
0.0442603
0.0422219
0.0356683
0.0468224
0.0405304
0.0333126
0.0323892
0.0347729
0.0341663
0.0376664
0.040904
0.038285
0.0362082
0.0383665
0.0420514
0.0395257
0.0365423
0.033604
0.0404039
0.0421601
0.0448485
0.0385209
0.0325165
0.0326672
0.032379
0.037156
0.035453
0.03637
0.0435578
0.040287
0.0346688
0.0348436
0.0350764
0.0375873
0.038518
0.0481154
0.0330183
0.0373071
0.0358867
0.0329986
0.0369019
0.0408595
0.040649
0.0359174
0.0328172
0.0303158
0.0308702
0.0299509
0.0324335
0.0394292
0.0339905
0.0340534
0.0339678
0.0308593
0.033347
0.0373141
0.0370258
0.0324429
0.0435321
0.0317388
0.0309155
0.0330635
0.0441135
0.0329961
0.032678
0.0300845
0.0370716
0.0374083
0.0404497
0.0328207
0.0421104
0.0378445
0.0331794
0.0322954
0.0309871
0.0351878
0.0399485
0.0367872
0.0427696
0.0320381
0.0328443
0.0329702
0.0346306
0.0407333
0.0402369
0.0401063
0.0343731
0.0327468
0.0338221
0.0383293
0.0457188
0.0399386
0.0428364
0.040619
0.0439769
0.0374195
0.0354585
0.0417621
0.038528
0.0448921
0.0379738
0.0377976
0.0366371
0.0372438
0.0431273
0.0438856
0.039776
0.0369343
0.0340863
0.0381449
0.0433362
0.0399015
0.0380421
0.0379222
0.0361936
0.036461
0.0362239
0.0406962
0.0390715
0.0449136
0.0350475
0.0344362
0.0347791
0.0344018
0.0369435
0.0336121
0.0343984
0.0354333
0.0374162
0.0376754
0.045262
0.041166
0.0366184
0.0330808
0.0390181
0.0427859
0.0417258
0.0363391
0.0432759
0.0397697
0.0364383
0.0360901
0.0353128
0.0400826
0.0411572
0.0457292
0.0327531
0.032024
0.0324226
0.0395263
0.0410597
0.0369721
0.0346727
0.0368263
0.0364026
0.0325258
0.0365767
0.0405481
0.0376894
0.0375824
0.0329607
0.03897
0.0381335
0.0414705
0.0494246
0.0328461
0.0417522
0.0460602
0.0337679
0.0351831
0.0388897
0.0383879
0.037243
0.0441812
0.0350897
0.0380167
0.0362074
0.0360818
0.0375325
0.0377441
0.0377507
0.0366777
0.0343394
0.0363275
0.0407949
0.0396641
0.0349332
0.0396254
0.0429116
0.0353304
0.0376002
0.0399426
0.03754
0.0380709
0.0337752
0.0350752
0.0368721
0.0368625
0.0380825
0.0416428
0.0415903
0.0381647
0.0371915
0.0361232
0.0382835
0.0354235
0.0354395
0.0367413
0.0348262
0.0375982
0.03688
0.034137
0.0391969
0.0453837
0.0383771
0.0346692
0.0348209
0.0413759
0.0433145
0.0415285
0.0399561
0.0335158
0.0378509
0.0426243
0.0417472
0.0447471
0.0352244
0.0410413
0.0382736
0.0379654
0.0349199
0.0368778
0.0419826
0.0371327
0.035696
0.0335002
0.0348141
0.0354621
0.0425265
0.0352799
0.0348059
0.0342909
0.0336177
0.0385366
0.0392205
0.0450702
0.0426918
0.0415052
0.0336231
0.0324713
0.0426889
0.0446543
0.0420874
0.0397088
0.0421899
0.0405074
0.0372124
0.0395244
0.0455739
0.041748
0.0424958
0.0364238
0.047347
0.0449142
0.0464772
0.0425784
0.0433527
0.0387101
0.043487
0.0438689
0.0405869
0.0369508
0.0459871
0.0419656
0.0461515
0.0493471
0.0415946
0.0378763
0.0384454
0.0384555
0.0459701
0.0484196
0.0421616
0.0501851
0.0435919
0.0439341
0.0456975
0.0490279
0.04464
0.0419417
0.0380361
0.0384949
0.0396174
0.0417562
0.0404589
0.0399144
0.0402007
0.0409418
0.0403431
0.0393692
0.0374581
0.0369767
0.0346669
0.0339041
0.0376359
0.0431518
0.0440573
0.044206
0.0379932
0.0368292
0.0381876
0.0407546
0.0375617
0.0332941
0.0345349
0.0376097
0.0415557
0.0420174
0.0379559
0.0405103
0.0410719
0.0363083
0.0403544
0.0410481
0.0378357
0.0391823
0.0390214
0.0427628
0.0371934
0.0362698
0.0400838
0.0647768
0.0437532
0.0514455
0.0380008
0.0340757
0.0341074
0.035625
0.0380395
0.0404959
0.0347401
0.0350811
0.0322954
0.0382119
0.0350536
0.0377112
0.0336638
0.0317992
0.0306824
0.0393296
0.0348659
0.0399892
0.0351067
0.0314107
0.0360538
0.0357289
0.0348559
0.0367732
0.0322775
0.035415
0.0365262
0.0379312
0.0360171
0.0391604
0.0335587
0.0384744
0.0313499
0.0339344
0.0385318
0.0409324
0.0418334
0.0358118
0.0299301
0.0311316
0.0386716
0.0446909
0.0400583
0.0349564
0.0310835
0.0313731
0.0348174
0.0589942
0.0404128
0.0333882
0.0524674
0.0321572
0.0326546
0.0307624
0.0349383
0.0354777
0.0340584
0.0399565
0.0333531
0.03316
0.0339819
0.0348527
0.0367798
0.0332325
0.0311276
0.039364
0.0333497
0.0347693
0.032012
0.0354134
0.0352217
0.0339751
0.0339711
0.0346677
0.0352019
0.0347632
0.0382734
0.0340935
0.0370827
0.0350899
0.0354202
0.0319976
0.0354289
0.0367017
0.0353153
0.0357214
0.0312761
0.0318803
0.0355405
0.035837
0.03704
0.0367176
0.0326466
0.0337738
0.0310842
0.032731
0.0317023
0.0352569
0.036247
0.0327056
0.0334439
0.0318833
0.0344705
0.0342606
0.0382331
0.0320715
0.0350119
0.03511
0.0330349
0.0332094
0.0333031
0.0341499
0.0329859
0.0287501
0.0318316
0.0315725
0.0305935
0.0385591
0.0396443
0.038584
0.0368002
0.0321135
0.0386005
0.0390921
0.0362048
0.0370227
0.0390938
0.0370374
0.0387916
0.0540329
0.0321656
0.035525
0.0402453
0.0435257
0.0343421
0.0332922
0.0362994
0.0422471
0.0396709
0.0687871
0.0433269
0.0370506
0.0394247
0.0347998
0.033077
0.0357011
0.0368437
0.0364388
0.0335402
0.0372357
0.0375455
0.0351616
0.0398006
0.0439432
0.0404805
0.0459649
0.0367907
0.0416674
0.0438919
0.0434453
0.0390373
0.0438205
0.0398314
0.0361052
0.0375928
0.0406559
0.0435393
0.0381189
0.0413856
0.0376738
0.0374822
0.0422523
0.0459889
0.0398394
0.0414622
0.0398878
0.0361223
0.0432338
0.0392574
0.0450394
0.0383236
0.0408451
0.0395193
0.0380321
0.042332
0.0383621
0.0419926
0.0337654
0.0348134
0.0405839
0.044033
0.0360112
0.0384518
0.035763
0.0359786
0.0367085
0.0412531
0.050977
0.0369885
0.0339073
0.0377379
0.0415796
0.0386184
0.0377918
0.038427
0.0381436
0.0407551
0.0400874
0.0382011
0.0402768
0.0366945
0.0340898
0.0383789
0.0398234
0.0380239
0.0438156
0.0354058
0.0388911
0.0374032
0.0390121
0.044285
0.032729
0.0405113
0.0393799
0.0431912
0.0436289
0.0408702
0.0389485
0.0363655
0.0345052
0.0412158
0.0373305
0.0381696
0.0364545
0.0443546
0.036676
0.0432247
0.040446
0.0425358
0.0396513
0.0367653
0.0400643
0.0418925
0.0406742
0.0364604
0.0355064
0.0412612
0.0415753
0.0395753
0.0403944
0.0395411
0.0378579
0.0410319
0.0416855
0.0405257
0.0605992
0.0456304
0.0391775
0.0455471
0.0453301
0.0413074
0.0447457
0.0364347
0.040676
0.041392
0.0457845
0.0440091
0.0393984
0.0382794
0.0449533
0.0464231
0.0448331
0.035708
0.0400269
0.045511
0.0466618
0.0375488
0.0393564
0.0420815
0.0386813
0.0457573
0.0394712
0.0384014
0.0373639
0.0358572
0.0375961
0.0374869
0.0401422
0.0357365
0.034022
0.0384846
0.0390487
0.0387102
0.0358061
0.0381464
0.0401177
0.0414767
0.0364464
0.0369801
0.0351598
0.037272
0.0385658
0.0349705
0.0343954
0.0351873
0.0336049
0.0372947
0.0421906
0.0330653
0.0397027
0.0318127
0.0314223
0.0391181
0.0403666
0.0365394
0.0369006
0.0340263
0.0383189
0.0391945
0.0450165
0.0414802
0.0409853
0.0340242
0.0372018
0.0389296
0.0427506
0.0408285
0.0357349
0.0342228
0.0348714
0.0400469
0.0457268
0.035009
0.0367931
0.0412751
0.0362466
0.0364032
0.0452204
0.0418831
0.0402248
0.0399821
0.0412195
0.0430935
0.050176
0.0465671
0.0431643
0.046288
0.0531498
0.0466295
0.0468314
0.043182
0.038771
0.0480211
0.0445443
0.0423599
0.0466552
0.0397614
0.0432169
0.05116
0.0556835
0.0406112
0.0386361
0.0427565
0.0443959
0.0457688
0.0445814
0.0392104
0.039847
0.044148
0.0573491
0.0393622
0.0434042
0.040465
0.0425696
0.0432483
0.0422646
0.0413452
0.0398
0.0444854
0.0465903
0.0448478
0.04916
0.0418734
0.0393529
0.0410099
0.0407502
0.0398162
0.044102
0.042904
0.0412639
0.0414093
0.0437996
0.0421921
0.0434781
0.0391055
0.0417794
0.0423516
0.0435242
0.0419828
0.0377839
0.0372823
0.0479012
0.045831
0.0416409
0.0394246
0.0406472
0.0466984
0.0408889
0.0410396
0.0408132
0.0414622
0.0387855
0.0463588
0.0398362
0.0425462
0.0435731
0.0412354
0.0382533
0.0365192
0.0370402
0.0433189
0.0423142
0.033782
0.032965
0.0382751
0.0403724
0.0427327
0.036464
0.0342474
0.0326255
0.0353392
0.0426455
0.0363345
0.0347102
0.0343353
0.0364081
0.0441374
0.0426444
0.0335244
0.0342251
0.0332426
0.0383346
0.0371405
0.0398785
0.0353317
0.0344441
0.0361856
0.037094
0.0352123
0.0353822
0.0372966
0.0378058
0.0337363
0.0318087
0.0306863
0.0367428
0.0362014
0.0380873
0.0426141
0.0380019
0.033771
0.0353201
0.0406235
0.0381503
0.039355
0.0326766
0.0325617
0.0325834
0.0375638
0.0409352
0.0383852
0.0348122
0.0367837
0.0359995
0.0369567
0.0384848
0.0314712
0.0338881
0.0349054
0.0364071
0.0394097
0.0385454
0.0373049
0.0328491
0.0329453
0.0610721
0.0340802
0.032159
0.0368752
0.0340056
0.0329877
0.0362013
0.0339329
0.0306697
0.0330113
0.0299554
0.0302214
0.0329192
0.0388252
0.0363738
0.0416716
0.0363816
0.0346524
0.0388582
0.0327552
0.0396654
0.0340648
0.0361466
0.0359384
0.041308
0.0408051
0.0443208
0.0354114
0.0392096
0.0426772
0.0398076
0.0368211
0.040419
0.040093
0.0376226
0.040406
0.0422847
0.0377086
0.035731
0.036365
0.0368851
0.0406791
0.0389672
0.0421928
0.0373728
0.0373636
0.0401382
0.0400121
0.0375389
0.0336392
0.0348956
0.0370209
0.0377456
0.0408075
0.0382372
0.0351335
0.0389336
0.0411463
0.0407714
0.0383456
0.0340792
0.037518
0.0389447
0.0360008
0.0336192
0.0385865
0.0406528
0.0441784
0.0410525
0.0416318
0.0383126
0.0420116
0.0402478
0.0353549
0.0366879
0.0377727
0.0442797
0.0377838
0.0386504
0.0434151
0.0392622
0.0331955
0.0354725
0.0354783
0.0425243
0.0376627
0.0439921
0.0356885
0.0362747
0.0381286
0.0408974
0.0354002
0.034215
0.0352515
0.0396689
0.0420526
0.0410294
0.0437281
0.0371742
0.0392903
0.0392711
0.0387444
0.0400195
0.0360904
0.0438353
0.0427063
0.0406445
0.036462
0.0357608
0.0369229
0.0408944
0.0442873
0.0364142
0.0361597
0.0395657
0.0397622
0.035851
0.0343917
0.0396215
0.0382829
0.0403888
0.0378195
0.035206
0.0347465
0.0379361
0.0396343
0.0363947
0.0352918
0.0377836
0.0364941
0.041254
0.0444845
0.0370337
0.032872
0.0333395
0.0364176
0.0375005
0.0370069
0.0404185
0.0385857
0.0441436
0.0347367
0.0385669
0.039039
0.034334
0.0374156
0.0349699
0.037749
0.0432768
0.0399317
0.0377789
0.033661
0.0393946
0.0405695
0.0507988
0.0346644
0.043493
0.0379148
0.0366485
0.0368486
0.0356193
0.0361917
0.0401704
0.0384149
0.0360154
0.0358556
0.0351851
0.032876
0.0585349
0.0334694
0.0330061
0.0309694
0.0338815
0.0319701
0.0308477
0.0319997
0.0346284
0.0319294
0.0332266
0.0307181
0.0353667
0.0302926
0.0309972
0.0313697
0.0351497
0.0351357
0.0352972
0.0309116
0.03398
0.0311515
0.0353362
0.0320941
0.0317715
0.0323849
0.0359114
0.03292
0.0318033
0.0321564
0.0321033
0.0318698
0.0339824
0.0295269
0.0295133
0.0350233
0.0365385
0.037624
0.0314494
0.0315599
0.0326108
0.0337865
0.0385188
0.0342377
0.0385609
0.0357283
0.0450429
0.0362851
0.0373055
0.0415065
0.0424743
0.0357107
0.0349362
0.0440258
0.0445346
0.046356
0.0380715
0.0407834
0.0372153
0.0438856
0.040915
0.0405764
0.0359312
0.0391304
0.0396868
0.0462402
0.0407393
0.0372538
0.0401777
0.0398453
0.0377534
0.0380162
0.0369709
0.0415426
0.0407498
0.0396974
0.0326832
0.0384669
0.036458
0.0404636
0.0357954
0.0400618
0.0340525
0.0369239
0.0385573
0.0365114
0.0333491
0.0339532
0.0376755
0.0360162
0.034494
0.031181
0.0317983
0.0354588
0.0361988
0.0360517
0.0330703
0.0315418
0.0354663
0.0423482
0.0440106
0.0425861
0.0398593
0.0361109
0.0367536
0.0379584
0.0394056
0.0353475
0.042368
0.0348656
0.0424296
0.0457518
0.0425421
0.0404884
0.0349593
0.0376383
0.0412511
0.0451977
0.0491787
0.0363511
0.0398595
0.0384476
0.0413467
0.0409363
0.0386218
0.0393348
0.0444664
0.0398252
0.0389378
0.0474076
0.0403582
0.0393149
0.0444507
0.044663
0.0414507
0.0390244
0.0380189
0.0408427
0.0436513
0.0436599
0.0375673
0.0372449
0.040508
0.0430007
0.0405381
0.0386992
0.0388425
0.0417033
0.0482371
0.0390028
0.0359439
0.0377546
0.0383193
0.0419395
0.038832
0.0339154
0.0354252
0.0375265
0.043499
0.041902
0.0395535
0.0328525
0.0348835
0.0354297
0.0404712
0.0394706
0.0365283
0.0361124
0.0410672
0.0407333
0.0425527
0.0375457
0.0366049
0.0442942
0.0438491
0.0444134
0.0379754
0.0401857
0.0391712
0.0362582
0.0434474
0.0385819
0.0390864
0.0448334
0.0463883
0.0395317
0.0406384
0.0422366
0.0390395
0.0359949
0.038058
0.0436915
0.0430069
0.0385458
0.038607
0.0421459
0.0409589
0.0370785
0.0409085
0.0422503
0.0416271
0.0407662
0.0415963
0.0398383
0.0435743
0.0407913
0.0375248
0.0398097
0.0417201
0.0416138
0.0414273
0.047373
0.0360184
0.0360924
0.0444768
0.0434216
0.0413607
0.0373708
0.0373154
0.0374182
0.0407395
0.0375152
0.0390046
0.039296
0.0437254
0.0382898
0.0359769
0.0398776
0.0421319
0.0416439
0.0446158
0.0481241
0.0379803
0.0444711
0.046746
0.041198
0.0386179
0.0403318
0.0434202
0.0403092
0.0453046
0.0378897
0.0420562
0.0437588
0.0455806
0.0405614
0.0380837
0.0409151
0.0421933
0.0400444
0.0354642
0.0405603
0.0419042
0.0417901
0.0376367
0.0359296
0.0435
0.0417201
0.0401412
0.0372705
0.0364453
0.0380626
0.0396163
0.0395771
0.0361402
0.0390987
0.0395895
0.0360162
0.0345038
0.0314811
0.0376023
0.0370429
0.0387633
0.0382142
0.0338365
0.0351078
0.0400771
0.0387353
0.0383654
0.0407011
0.0318195
0.0384739
0.042771
0.041411
0.0343609
0.0325922
0.0338426
0.0348349
0.0427894
0.0402143
0.0390044
0.0347914
0.0380981
0.0373998
0.0386396
0.050957
0.0346844
0.0371456
0.0351971
0.0339156
0.033662
0.0373054
0.0329862
0.0359198
0.0326543
0.0351279
0.0396212
0.0339769
0.0374963
0.036529
0.039147
0.0354518
0.0359469
0.0379902
0.040364
0.0376951
0.0340314
0.0397373
0.0426808
0.0397766
0.0391517
0.0434025
0.037609
0.0435258
0.0416675
0.0432288
0.0422765
0.0388142
0.0439543
0.0429223
0.0350095
0.0425182
0.0366782
0.0392281
0.0419319
0.0357185
0.0403414
0.0350608
0.0354017
0.0381856
0.0380979
0.0379667
0.0362541
0.0345255
0.0382432
0.0408166
0.0336806
0.0350675
0.0392822
0.0347719
0.0327221
0.0351248
0.0321363
0.0296382
0.0344798
0.0369756
0.0370212
0.0300157
0.0296195
0.0308505
0.0316383
0.0311115
0.0346082
0.0294227
0.0317284
0.0312243
0.0299897
0.0328926
0.0261552
0.0278005
0.0309082
0.0359586
0.0315324
0.033441
0.0304219
0.029882
0.0360704
0.0294008
0.0306805
0.0311576
0.0302518
0.0356727
0.035285
0.0336965
0.0311727
0.0294773
0.0364763
0.0352568
0.0387036
0.0332837
0.0291231
0.0281582
0.0307027
0.040461
0.0417725
0.0360213
0.0324519
0.0332643
0.0425935
0.0383667
0.036376
0.0320096
0.0387964
0.0384141
0.0394801
0.0311965
0.0320783
0.0350691
0.041577
0.0395326
0.0326286
0.0328219
0.0370271
0.038058
0.0417337
0.0305929
0.0316384
0.0333055
0.0324381
0.0390358
0.0324306
0.0344711
0.0357934
0.0357322
0.0381995
0.0374188
0.0350096
0.0344645
0.0419441
0.0342586
0.033568
0.0368102
0.0388049
0.0452507
0.0353398
0.0364167
0.0373797
0.0336634
0.0424065
0.0359954
0.0411094
0.0369015
0.0447288
0.032935
0.0339096
0.0326377
0.0388139
0.0387116
0.0414238
0.0330493
0.033985
0.0348847
0.0409638
0.0453657
0.034093
0.0361126
0.0354759
0.0402603
0.040321
0.0339752
0.033774
0.0380837
0.0363749
0.035474
0.0345502
0.0384484
0.0405233
0.0370886
0.0310453
0.0365397
0.0396699
0.034804
0.0300514
0.0321346
0.0365844
0.0414084
0.0380031
0.0365084
0.0405028
0.0482001
0.0395813
0.0382736
0.0387823
0.0475783
0.0365792
0.0354016
0.0351802
0.0383073
0.0407828
0.0354146
0.0369634
0.0401037
0.0537005
0.0341896
0.0321156
0.033707
0.0345627
0.0426249
0.0333955
0.0378041
0.0335287
0.0346748
0.0291229
0.0289247
0.0312437
0.0324442
0.0324342
0.0319898
0.0376035
0.0351589
0.0334931
0.0292465
0.0310892
0.0363144
0.0327584
0.0345277
0.0290625
0.032969
0.0362688
0.0304911
0.030199
0.0361673
0.0365875
0.0312027
0.0341143
0.0290286
0.0350945
0.0408799
0.0352702
0.0286158
0.0292016
0.0343845
0.0343766
0.0283472
0.0291437
0.0327274
0.0309535
0.0281097
0.0322215
0.0338023
0.0327373
0.0325842
0.0343565
0.0315387
0.0293616
0.0354618
0.0369129
0.0471196
0.0326914
0.03453
0.0373686
0.0390208
0.0344266
0.0313728
0.0352285
0.0331529
0.0391579
0.0324572
0.0320571
0.0366411
0.0313809
0.0291317
0.0307993
0.032046
0.0335885
0.0387538
0.033592
0.0378073
0.0325441
0.0352483
0.0301865
0.034727
0.0354726
0.0322347
0.0422509
0.0324945
0.0335831
0.0325076
0.0302498
0.0316252
0.0318291
0.0328724
0.0375984
0.0303246
0.0312502
0.0311159
0.0341423
0.0284827
0.0353525
0.0311841
0.0320243
0.0312817
0.0266213
0.0256615
0.0307707
0.030751
0.0343504
0.0278652
0.0282515
0.0269957
0.0291438
0.033268
0.0295781
0.0301265
0.0318807
0.0326497
0.0364402
0.0307261
0.0346121
0.0283247
0.0313075
0.0389767
0.0408838
0.0373496
0.032196
0.0338651
0.0330409
0.0346825
0.0349896
0.0432448
0.034281
0.0313159
0.0331285
0.0353883
0.0431037
0.0386987
0.0343594
0.0395352
0.0416712
0.0358999
0.0356552
0.0360953
0.0420738
0.0369447
0.036271
0.0345661
0.0398275
0.0451792
0.0370713
0.0378161
0.0351809
0.0357749
0.0353216
0.0406211
0.0337306
0.0336561
0.0376362
0.0364282
0.0387705
0.0378796
0.0340349
0.0354654
0.0323472
0.0301706
0.0337419
0.033124
0.03586
0.0315408
0.0344038
0.0363594
0.036237
0.0363849
0.0341936
0.0371882
0.0370749
0.0364813
0.0434081
0.035215
0.0339492
0.0363683
0.0413424
0.0431968
0.035374
0.0348453
0.0372512
0.0435063
0.035521
0.038521
0.0354795
0.0388501
0.0353303
0.0354917
0.029991
0.0358621
0.0345629
0.0403754
0.0311839
0.02947
0.029929
0.0356575
0.0323145
0.036053
0.029339
0.0327719
0.036923
0.0419771
0.0318209
0.0315826
0.0359423
0.0366743
0.0323529
0.0310446
0.034559
0.0346974
0.0380698
0.0420984
0.0380471
0.0357143
0.0401397
0.03973
0.0330686
0.0350909
0.0641093
0.035684
0.0381976
0.038427
0.0451677
0.0504797
0.0461182
0.0369031
0.0373068
0.0400152
0.0411846
0.039505
0.0422119
0.0398061
0.0442341
0.0385815
0.0389645
0.0451332
0.0376393
0.0412654
0.0440094
0.0407756
0.0357315
0.0407474
0.0344658
0.0375397
0.037068
0.0400413
0.0411521
0.0358106
0.0420903
0.0423421
0.0343674
0.0339758
0.0416614
0.0383598
0.035145
0.0324395
0.0381284
0.0414695
0.041763
0.0335149
0.0408107
0.0401482
0.0365095
0.0329538
0.033866
0.03377
0.0337829
0.0328895
0.0393001
0.0310319
0.036434
0.0336264
0.0370335
0.0332595
0.0289494
0.0322731
0.033437
0.0349304
0.0288741
0.0322674
0.0601793
0.032869
0.0289832
0.0309904
0.0364819
0.0438563
0.0360508
0.0347973
0.0319337
0.036767
0.0291226
0.0361454
0.033447
0.0293809
0.0304019
0.033016
0.038085
0.0398722
0.0357664
0.037787
0.0385807
0.0391884
0.0342549
0.0354418
0.0392014
0.0393593
0.0411571
0.0394241
0.0393897
0.0357189
0.0315125
0.0378211
0.0343024
0.0447111
0.0348463
0.0357482
0.0324106
0.0306226
0.0380756
0.0373238
0.0386443
0.0322804
0.0342213
0.032702
0.0394238
0.0315224
0.0385741
0.0351354
0.0351894
0.0312454
0.0335451
0.0356595
0.0338555
0.0330043
0.0375533
0.0329725
0.0336153
0.0359754
0.0410585
0.0360313
0.0317754
0.0352149
0.038969
0.035779
0.0375484
0.0411941
0.0343803
0.0381993
0.0368294
0.0418643
0.0395787
0.038317
0.0366798
0.0399286
0.0415418
0.0381804
0.0413809
0.0431855
0.0458511
0.0350276
0.0433201
0.042185
0.0426041
0.0407355
0.0476687
0.0417464
0.0353073
0.0363917
0.0439611
0.0404198
0.0431278
0.0402921
0.0415123
0.0380283
0.0365757
0.0412979
0.0366291
0.0402627
0.0403055
0.0443721
0.0411559
0.0362846
0.0398065
0.039049
0.0391884
0.035662
0.0420141
0.0388401
0.0372807
0.0388412
0.0368705
0.043906
0.0375425
0.0373393
0.0417867
0.0408785
0.0349187
0.0416968
0.0403395
0.0370603
0.0393347
0.0468197
0.0373824
0.0368819
0.0428053
0.0429305
0.0366554
0.0406864
0.0437849
0.0381562
0.0358687
0.0406373
0.0379396
0.0391075
0.0391662
0.0427014
0.0402769
0.0348262
0.0383928
0.0401814
0.0385002
0.0372419
0.0419826
0.0376374
0.0344161
0.0370446
0.0415699
0.0393972
0.0367976
0.0372897
0.0384167
0.0369795
0.0357822
0.0391915
0.0394812
0.036465
0.0316222
0.035362
0.0428787
0.0332313
0.0395546
0.0425458
0.0397417
0.0340838
0.0372242
0.0352173
0.0394815
0.0364948
0.0345956
0.0416353
0.0400371
0.0358167
0.0403542
0.039414
0.0385312
0.0432695
0.0389413
0.0366025
0.040174
0.0417691
0.0322283
0.0402424
0.0429509
0.035696
0.0402071
0.034429
0.0374653
0.0371252
0.0366141
0.0402439
0.0458732
0.0375477
0.0392829
0.0416613
0.0405266
0.0331008
0.0407627
0.0412897
0.0366689
0.0369505
0.041338
0.0381549
0.0351792
0.0386852
0.0357567
0.0378761
0.0353758
0.0399841
0.0360166
0.0349135
0.0404106
0.040446
0.0357786
0.0403887
0.0378017
0.038937
0.0394835
0.0442534
0.0447223
0.0387104
0.0415071
0.0431268
0.044675
0.0407049
0.0408642
0.0407693
0.0399213
0.0420453
0.0445613
0.0490121
0.0405978
0.0436935
0.0492117
0.0484272
0.040154
0.0450484
0.0474821
0.0400987
0.0424202
0.0711462
0.0450821
0.038778
0.0509065
0.050151
0.0449079
0.0488018
0.040691
0.0441072
0.0445365
0.0412909
0.0450891
0.0547396
0.0422043
0.0399911
0.0422827
0.0439121
0.0448588
0.0377783
0.0425816
0.0441324
0.0401161
0.0477936
0.0435987
0.0433808
0.0426384
0.0428089
0.0484382
0.0416076
0.0675203
0.0412016
0.051121
0.0418514
0.0460627
0.0408975
0.0428308
0.0391065
0.0488326
0.044056
0.0483968
0.049408
0.0482977
0.0414045
0.0442836
0.0492599
0.0470983
0.0401305
0.040115
0.0399594
0.044638
0.0446049
0.0428474
0.042813
0.0373025
0.0419115
0.0440711
0.0508265
0.0390948
0.0425438
0.0467353
0.0358715
0.0412226
0.044964
0.0409333
0.0462876
0.0381216
0.0468379
0.0404222
0.040333
0.0396247
0.0411813
0.0396545
0.042774
0.039395
0.0409338
0.0387313
0.0331566
0.0331159
0.0387509
0.040302
0.0361609
0.0357758
0.034679
0.0330638
0.029239
0.0286574
0.0301638
0.0351079
0.0280321
0.0302252
0.0335606
0.0320717
0.0390624
0.0312227
0.0354736
0.0342283
0.0361187
0.0317079
0.0354324
0.0424894
0.0369793
0.0416442
0.0462425
0.0428579
0.0409606
0.0410562
0.0494931
0.0453405
0.0406299
0.0467563
0.0494139
0.0428506
0.0479128
0.0528601
0.0408964
0.0441972
0.0468691
0.0429333
0.0412054
0.0443074
0.0423303
0.0400891
0.0412779
0.0469784
0.0450064
0.0403376
0.0427704
0.0420779
0.0423983
0.0395236
0.0480631
0.0463308
0.0461654
0.0472653
0.0460177
0.0418639
0.0416432
0.0399198
0.0475456
0.0560048
0.0409096
0.0430483
0.0474985
0.0441285
0.0373214
0.0429223
0.0425117
0.0427396
0.036936
0.0447621
0.0371459
0.038206
0.0351726
0.039673
0.0402641
0.0332417
0.0365156
0.0334515
0.0314371
0.0320907
0.0383975
0.0376407
0.029565
0.0304662
0.0363073
0.0296781
0.0304154
0.0335697
0.0387931
0.0406535
0.0329583
0.036753
0.0350595
0.0295475
0.0311727
0.0364255
0.0348246
0.0315195
0.0396112
0.0360773
0.0409038
0.033152
0.0380189
0.040726
0.035297
0.0404933
0.0470612
0.0557769
0.0421532
0.0420512
0.050168
0.0468846
0.0516534
0.0441154
0.0407261
0.0389799
0.0444677
0.0464007
0.046262
0.0412803
0.0424038
0.0422621
0.0389574
0.0400987
0.0411665
0.0398152
0.0405732
0.0381433
0.0417918
0.0406813
0.0345869
0.0367195
0.0373076
0.039385
0.0355389
0.0396903
0.0370235
0.0437069
0.037867
0.042506
0.052416
0.0347059
0.0359988
0.0374037
0.0357468
0.032752
0.0376368
0.0330918
0.0364285
0.0372661
0.0390257
0.0358193
0.0382557
0.0338377
0.0436068
0.0379572
0.0423717
0.0376416
0.0425009
0.038272
0.0399945
0.0429272
0.0415147
0.0407616
0.0395053
0.0442071
0.0539149
0.0460661
0.0519764
0.0438369
0.048919
0.0422506
0.0416198
0.0459944
0.0448603
0.0403103
0.0503439
0.0471961
0.0495256
0.041849
0.0454263
0.0442726
0.0402631
0.0434199
0.0407401
0.0461456
0.0377798
0.0410873
0.0412512
0.0425823
0.0378593
0.0412795
0.0468003
0.0477209
0.0381928
0.0423815
0.0366239
0.0375504
0.0364556
0.0366344
0.0319458
0.0322324
0.0369801
0.0338798
0.0309247
0.0327418
0.0329715
0.0375372
0.0358957
0.0392517
0.0377062
0.0327335
0.0332303
0.0381449
0.0393137
0.0299276
0.0362765
0.0387668
0.0411293
0.03928
0.0435175
0.0391653
0.0441161
0.0380527
0.0415755
0.0390025
0.039614
0.0357833
0.0417513
0.0391652
0.0393075
0.0402151
0.0451894
0.0394864
0.0404409
0.0391953
0.0387473
0.0425826
0.0389268
0.0404705
0.0441837
0.0360926
0.0441491
0.0372997
0.0339397
0.036881
0.0414257
0.0373986
0.0428293
0.0358511
0.0390431
0.0381203
0.0398555
0.0378152
0.040476
0.0395133
0.03619
0.040698
0.0436399
0.0372814
0.0408319
0.0412698
0.0422618
0.0386475
0.0369688
0.0423859
0.0420522
0.0416654
0.0380687
0.0383424
0.0383083
0.0363799
0.0335665
0.0361037
0.0444827
0.0431442
0.0359517
0.0442812
0.0364718
0.0376883
0.0378477
0.0395061
0.0359955
0.0383115
0.0350886
0.041428
0.0346616
0.0428502
0.0392469
0.0347291
0.0330462
0.0352657
0.0376251
0.0340211
0.0375674
0.0391341
0.0396134
0.0355364
0.0345684
0.0328258
0.0312234
0.0376059
0.0427969
0.0398386
0.037737
0.0380037
0.0354794
0.04599
0.0358549
0.0414392
0.0368691
0.0333932
0.040938
0.0425687
0.0400406
0.0354868
0.037768
0.0392214
0.0388991
0.035014
0.0352568
0.0421052
0.0334913
0.038543
0.039872
0.0341525
0.039608
0.0380156
0.0403288
0.0316744
0.0345966
0.0383475
0.0335746
0.0358309
0.0405659
0.0387509
0.03519
0.0365016
0.0401842
0.0361921
0.0325157
0.0599504
0.0370374
0.0359019
0.0338508
0.0392556
0.0405273
0.0386827
0.0320161
0.0393282
0.0371826
0.0332885
0.0369467
0.0339238
0.0362982
0.0340514
0.0347278
0.0346808
0.0325728
0.0337427
0.0437684
0.0371905
0.0349209
0.0430073
0.0382299
0.0332534
0.0387294
0.0435536
0.0345599
0.0341149
0.0390278
0.042888
0.0429901
0.0494746
0.0392529
0.0397635
0.0427725
0.0472279
0.03808
0.0445747
0.0410362
0.0380273
0.0400421
0.0409623
0.0365198
0.0406818
0.0407277
0.0395966
0.0401477
0.04717
0.0406405
0.0428173
0.0390734
0.0425525
0.0463694
0.0405901
0.0408372
0.0419108
0.0455139
0.0439975
0.0414462
0.0438644
0.0400479
0.0448241
0.0465956
0.0369087
0.0429087
0.0419567
0.038632
0.0392137
0.0438554
0.041636
0.0365831
0.0411032
0.0396983
0.0362084
0.0411764
0.0439602
0.0434792
0.0381953
0.0427184
0.039878
0.0482099
0.0409524
0.0477057
0.0434398
0.0410863
0.0407622
0.043228
0.0401157
0.0395049
0.0457865
0.041741
0.044691
0.0371587
0.0421377
0.0382886
0.043683
0.0390675
0.0430888
0.0579454
0.0339604
0.0412365
0.0388593
0.0376038
0.0420513
0.0434041
0.0388636
0.0331885
0.0376573
0.0370713
0.0342486
0.0356816
0.0356198
0.0316677
0.0351697
0.0388622
0.0361441
0.034023
0.0369854
0.0342338
0.0310154
0.0363137
0.038736
0.0362858
0.0340276
0.03452
0.0353522
0.0440449
0.0336634
0.0390197
0.0403375
0.0356199
0.03535
0.0367506
0.0395709
0.0308142
0.0379833
0.0411721
0.0374025
0.0304921
0.0340806
0.0377518
0.0336647
0.0364241
0.0373174
0.0389777
0.036529
0.0414002
0.036747
0.0325276
0.0353933
0.0410358
0.037117
0.0341618
0.0345931
0.0391119
0.0355565
0.0332969
0.0367704
0.0335775
0.0321449
0.0441651
0.0393233
0.0345072
0.0397657
0.0319696
0.0334662
0.033679
0.0387313
0.0366016
0.0309863
0.034658
0.0370585
0.0285973
0.0309522
0.0335931
0.0365157
0.0307936
0.0355286
0.0327753
0.0278804
0.0342666
0.0407196
0.0400376
0.0292914
0.032309
0.0314419
0.0341068
0.0316796
0.0336694
0.0338702
0.0311629
0.0273518
0.0297167
0.0329092
0.0356554
0.0305591
0.0578227
0.0308935
0.0263961
0.0295002
0.0343933
0.0288894
0.0265951
0.028691
0.0318485
0.0335215
0.0275978
0.035862
0.0278606
0.0294245
0.027005
0.0320294
0.0326525
0.0270961
0.037088
0.0335888
0.0296232
0.0284422
0.0328947
0.0289162
0.0269957
0.0280512
0.0298209
0.0344701
0.030827
0.0383193
0.0302616
0.0280591
0.0288524
0.0321157
0.0301165
0.0304925
0.0270489
0.032956
0.0303324
0.0374942
0.0308937
0.0306398
0.0278415
0.0290751
0.0303577
0.0338608
0.027283
0.0297116
0.0337513
0.04309
0.0308014
0.0365369
0.0323688
0.0309664
0.0314774
0.0288188
0.0272817
0.0337737
0.033932
0.0361086
0.0329153
0.0319402
0.0303606
0.0289987
0.0299202
0.0343534
0.0358556
0.0310066
0.0335204
0.0397755
0.0286302
0.0322634
0.0334764
0.0273284
0.0342138
0.0290383
0.032325
0.0287691
0.0313772
0.0324781
0.030909
0.0315944
0.0445569
0.0287172
0.0270817
0.0262588
0.0313591
0.0283559
0.0248679
0.0292096
0.0346605
0.0346932
0.0280587
0.0379183
0.0313363
0.0310002
0.0273815
0.0300255
0.032719
0.0369859
0.0330729
0.0311098
0.0321115
0.0338051
0.0273996
0.0306749
0.0297741
0.0384155
0.0381643
0.0339112
0.0290536
0.0273298
0.026917
0.0300793
0.0297825
0.039212
0.0335868
0.0329384
0.0290453
0.030714
0.0296843
0.0299442
0.0313645
0.0276702
0.0342743
0.0345362
0.0350544
0.041353
0.0350573
0.0315544
0.0302505
0.0346903
0.0373409
0.0316049
0.0306285
0.0315155
0.0357314
0.0316648
0.0351641
0.0312912
0.0289624
0.0318841
0.0343337
0.03381
0.0315676
0.0332391
0.0301858
0.0320434
0.0350592
0.0347043
0.0330033
0.0301654
0.032519
0.0326624
0.0305554
0.0343107
0.0321523
0.0366122
0.0290523
0.0332864
0.0323905
0.0278301
0.0339191
0.03215
0.0353071
0.0324221
0.0328911
0.029625
0.0273917
0.0278773
0.0290462
0.0325755
0.0340297
0.0313787
0.0328229
0.0337196
0.0274874
0.037443
0.0396583
0.0297103
0.0291397
0.0447891
0.0331944
0.0268533
0.0548378
0.0292157
0.0290264
0.0288972
0.038168
0.029842
0.0273283
0.036129
0.0287624
0.0275026
0.0306804
0.0357329
0.0320634
0.0302145
0.030818
0.0306787
0.0276154
0.0304713
0.0317105
0.0274031
0.0252486
0.0289639
0.0357013
0.0277645
0.0299
0.0267528
0.03383
0.0291462
0.0301057
0.0296581
0.0327165
0.027902
0.0269188
0.029282
0.0314969
0.0322495
0.0292905
0.0356398
0.0372329
0.0347947
0.0285334
0.0338457
0.0327093
0.0369628
0.0310684
0.0306468
0.0307412
0.0348854
0.0278682
0.0316162
0.0356199
0.0455657
0.0312731
0.0355199
0.0303788
0.0283928
0.0288322
0.0326007
0.0293623
0.0377913
0.0307836
0.0393056
0.0335055
0.0296379
0.0301504
0.0332733
0.0325135
0.0406327
0.032917
0.0345543
0.0327117
0.0377187
0.0392366
0.0399624
0.0364137
0.0291697
0.0310049
0.0335428
0.0403894
0.0320934
0.0349418
0.0303392
0.0298515
0.029278
0.0332073
0.0365227
0.0369783
0.0318746
0.0325504
0.0324837
0.0276787
0.0317763
0.0372048
0.0334684
0.0288358
0.0318612
0.0287275
0.0272855
0.0343362
0.0353141
0.0367962
0.0329186
0.0308131
0.033575
0.0339466
0.0324471
0.0359279
0.0323949
0.030309
0.0365319
0.0306151
0.0285992
0.0330811
0.0354386
0.0360338
0.0336311
0.0328864
0.0337213
0.0301787
0.0297332
0.033228
0.03578
0.0415435
0.0343705
0.0384612
0.0332364
0.0308264
0.0329457
0.0315536
0.0340861
0.0348203
0.0358893
0.0321936
0.0345751
0.0279921
0.0384529
0.0330268
0.0309461
0.0317427
0.0281311
0.0265058
0.0285308
0.0330173
0.0319936
0.0295029
0.0332772
0.0303486
0.0258869
0.0280245
0.0372684
0.0308422
0.0297871
0.030362
0.0314494
0.0330354
0.0270572
0.0305848
0.0373241
0.0376836
0.0309272
0.029895
0.0332076
0.0328553
0.0315823
0.0373596
0.0357655
0.0367368
0.029531
0.0339546
0.0345308
0.0320249
0.0338966
0.0355911
0.04033
0.033252
0.0371129
0.033043
0.0415232
0.0330527
0.0350293
0.0306601
0.0291692
0.0371166
0.0357713
0.0354715
0.0323575
0.0325663
0.0328014
0.0421484
0.0345938
0.0397366
0.0289156
0.0323195
0.0367163
0.0351508
0.0342145
0.0348042
0.0347855
0.0316359
0.0374347
0.0365012
0.0457065
0.0376425
0.0395722
0.0440861
0.0348748
0.0389614
0.0411428
0.0357192
0.0399319
0.0309978
0.0392064
0.0402802
0.0465429
0.0470338
0.0424868
0.0465181
0.0465629
0.0384015
0.0470051
0.0623733
0.0452632
0.0407193
0.0454655
0.0472769
0.0397089
0.0403423
0.0462672
0.0442378
0.0435142
0.0468923
0.0526898
0.0434413
0.0456366
0.0478146
0.0403469
0.0482876
0.0466401
0.0419582
0.0439952
0.0453393
0.0545668
0.0476798
0.0474657
0.0513635
0.0481749
0.0528006
0.0499954
0.048427
0.0452138
0.0553153
0.0449762
0.0530701
0.0472281
0.0531502
0.0531581
0.0460603
0.0451743
0.0497452
0.0430158
0.0399339
0.0462996
0.0461483
0.0413664
0.0506778
0.0501887
0.0489954
0.0477828
0.0439989
0.0453909
0.0398732
0.0499956
0.0539551
0.06017
0.0532334
0.0587226
0.0549303
0.0470067
0.0538644
0.0500929
0.0494253
0.0518335
0.050647
0.046938
0.0527545
0.0458862
0.0502316
0.0538521
0.0480359
0.0458927
0.0503502
0.0547992
0.0537459
0.048153
0.054411
0.0493305
0.0411299
0.0527159
0.0507016
0.044593
0.0491703
0.0511029
0.0398046
0.0487072
0.0499642
0.0470374
0.0499434
0.0491722
0.0441033
0.0503554
0.0428738
0.0538897
0.0474973
0.0568784
0.0486873
0.0434733
0.0434875
0.0455603
0.0414112
0.0741878
0.0423407
0.0376137
0.0417925
0.0410812
0.04537
0.0413415
0.0495576
0.0587482
0.0425916
0.0462803
0.0511011
0.0420558
0.0500456
0.0481536
0.0464465
0.0448517
0.0451499
0.0395755
0.0446885
0.0439429
0.0536632
0.0406895
0.041814
0.0464056
0.0501951
0.044136
0.0483165
0.0452929
0.0500469
0.0459995
0.048352
0.0486148
0.0462494
0.0427536
0.0499641
0.0500417
0.0469579
0.0500871
0.0491874
0.0498946
0.0508979
0.0486029
0.0495933
0.056224
0.0521748
0.0459139
0.0555446
0.051261
0.0518402
0.0481288
0.0462418
0.0523737
0.0465686
0.052919
0.0579764
0.0463373
0.0422454
0.044666
0.0565779
0.0548338
0.0637541
0.0518689
0.0498722
0.0498982
0.045779
0.0525653
0.058414
0.0551106
0.0584673
0.0543716
0.0663302
0.0521792
0.0451944
0.0482448
0.0441001
0.048519
0.045172
0.0427842
0.0521434
0.0517676
0.0502532
0.0547496
0.0568437
0.0570522
0.0461697
0.0543193
0.0634011
0.044249
0.052292
0.0593632
0.0526979
0.0489101
0.0465402
0.0531801
0.0438339
0.0494012
0.0454166
0.0463881
0.0449413
0.0492334
0.0422781
0.0517473
0.059636
0.0413762
0.0430473
0.0533032
0.0356511
0.0507505
0.0424963
0.0409346
0.0426571
0.0444559
0.0449224
0.0458887
0.0474295
0.0498342
0.0424102
0.0483873
0.0423694
0.0413043
0.043744
0.0389016
0.0394714
0.0404273
0.0426529
0.0416417
0.0400353
0.043079
0.0401901
0.0477109
0.0406143
0.0400729
0.042576
0.0398302
0.0382491
0.0461935
0.0445868
0.0493316
0.0448217
0.0418133
0.0430458
0.0351185
0.045291
0.0449177
0.0395282
0.0446265
0.0511038
0.0374867
0.0387475
0.0483705
0.0378014
0.044821
0.051234
0.0469108
0.0420331
0.047751
0.0437596
0.0398398
0.0406711
0.0416384
0.0431939
0.0458407
0.0416718
0.0415078
0.0379173
0.0444194
0.0382742
0.0461226
0.0446412
0.0408035
0.0467575
0.0427285
0.045201
0.052095
0.0403386
0.0453221
0.0520634
0.044411
0.0367152
0.0338142
0.0377703
0.0331268
0.0379021
0.0399028
0.0394519
0.0435827
0.0359222
0.0451835
0.0346712
0.0338188
0.0373485
0.036227
0.0349786
0.0402591
0.0379037
0.0353165
0.0364412
0.0329194
0.0310268
0.0378095
0.0476063
0.0428793
0.0398052
0.0387189
0.0391971
0.0352255
0.0378302
0.03642
0.0356103
0.0413481
0.0332888
0.041126
0.0364966
0.0425514
0.0392411
0.0360501
0.0341708
0.0333028
0.0369885
0.0357078
0.0453033
0.04128
0.0458349
0.0377468
0.0418731
0.0469351
0.0365277
0.0418651
0.0457382
0.0414473
0.04606
0.0509724
0.0345827
0.0456557
0.0452124
0.0441147
0.0365082
0.0438053
0.0376238
0.0414935
0.0459402
0.049912
0.0456158
0.0476325
0.0490245
0.046171
0.0381649
0.0406647
0.043806
0.0357949
0.0464304
0.0441691
0.0402889
0.0424376
0.0418575
0.036025
0.0400413
0.035393
0.0334838
0.0362883
0.0386442
0.0441122
0.0381762
0.0365877
0.0377993
0.0329242
0.0365678
0.0390095
0.0350698
0.0407584
0.0350142
0.0308263
0.0348994
0.0353887
0.0329787
0.0347559
0.0457681
0.0299944
0.0341489
0.0448369
0.0486067
0.0374708
0.0433496
0.0454657
0.0384426
0.0417429
0.0440428
0.0348792
0.0369785
0.0394456
0.0331529
0.0432986
0.0398008
0.0412518
0.0358542
0.0396423
0.0342088
0.0325186
0.0363824
0.0378673
0.0388538
0.0340642
0.0515147
0.0425876
0.0374004
0.042832
0.0367457
0.0343939
0.0401606
0.0352696
0.0347031
0.0378512
0.0373052
0.0363251
0.0357279
0.0419277
0.0383921
0.0338165
0.0408608
0.0389491
0.0502551
0.0380366
0.0401482
0.0428756
0.0414552
0.0474482
0.0476028
0.0405422
0.0420637
0.0411277
0.0392417
0.0355434
0.0433208
0.0430787
0.0381139
0.0340207
0.0341551
0.0350395
0.0331996
0.0383769
0.0383226
0.0331946
0.0377327
0.0379811
0.032976
0.0390124
0.0391109
0.036589
0.0338669
0.0400872
0.0374813
0.0437912
0.0387299
0.0443406
0.0456685
0.0378377
0.0436142
0.0398571
0.034177
0.0387955
0.0361594
0.0355585
0.0424046
0.0402065
0.0375918
0.0369481
0.0449351
0.0334075
0.0338625
0.0365253
0.0384649
0.0378322
0.0393873
0.0416132
0.0332902
0.0387994
0.0405252
0.0356366
0.0388943
0.0363322
0.0493823
0.0377901
0.0438117
0.0381988
0.0362886
0.0399801
0.0411545
0.0402858
0.0454999
0.0527809
0.0385148
0.0437489
0.0403209
0.0379586
0.0425328
0.0390159
0.0437126
0.0412916
0.0417319
0.045998
0.0403428
0.0449703
0.0415882
0.0385664
0.0443961
0.0434685
0.0393793
0.0417558
0.0408693
0.0460491
0.0423083
0.0388719
0.0373909
0.0441848
0.0405749
0.0401838
0.0387686
0.0457983
0.0458845
0.0390712
0.0471902
0.0449086
0.0438904
0.0403061
0.0478699
0.0469424
0.0382602
0.039559
0.041602
0.0402453
0.0430649
0.0473325
0.0438215
0.0408989
0.0377287
0.0388578
0.0402292
0.0388966
0.0389038
0.0426233
0.048132
0.044889
0.0482248
0.0445627
0.0423188
0.0459442
0.0435046
0.0398609
0.0457181
0.041005
0.044208
0.0450647
0.0501035
0.0402754
0.0403487
0.0571669
0.0400194
0.0384892
0.0444179
0.0527061
0.0394873
0.0435758
0.0436074
0.0400363
0.0404871
0.0386765
0.0426687
0.0433581
0.0509867
0.0532974
0.0400357
0.042035
0.045442
0.0372851
0.0414612
0.044344
0.0428584
0.0491028
0.043322
0.039112
0.0414399
0.0380164
0.0356843
0.0433359
0.037613
0.0408741
0.0395092
0.0418018
0.0402389
0.0363273
0.0453259
0.0453947
0.0492717
0.0463513
0.0431481
0.0478576
0.0448898
0.0426007
0.0504279
0.039169
0.0455312
0.0457342
0.039211
0.0427376
0.0410758
0.0441747
0.0465455
0.0399201
0.0411496
0.0428425
0.0376293
0.0374719
0.0392626
0.0406405
0.0358561
0.0407726
0.0386292
0.0482558
0.0387402
0.0448595
0.0380146
0.0433986
0.0430631
0.0440781
0.0374592
0.045337
0.0444224
0.0410278
0.0423977
0.0433292
0.0474916
0.0387554
0.0441277
0.0479591
0.042067
0.0477081
0.0444324
0.0413831
0.0477177
0.0463758
0.0389171
0.0424759
0.0405459
0.0462778
0.0519722
0.0489797
0.0486168
0.0393598
0.0471015
0.0448216
0.0399037
0.0441435
0.0451429
0.0392418
0.0446266
0.0385552
0.0350936
0.0375364
0.0362824
0.039057
0.0382631
0.0445743
0.0437983
0.0408669
0.0402638
0.0418182
0.0361467
0.0410404
0.0383452
0.0346844
0.0405084
0.0410397
0.0481748
0.038528
0.0458992
0.0419454
0.0401819
0.0449425
0.0428988
0.0368136
0.0408481
0.0449498
0.0419719
0.0418056
0.0506413
0.0552615
0.040284
0.0431207
0.0421437
0.0410983
0.045369
0.0542957
0.0387226
0.045234
0.0379165
0.0458306
0.0393908
0.0381405
0.041651
0.0366914
0.0458
0.0420358
0.0392279
0.046031
0.0462947
0.038356
0.0412067
0.0394673
0.0466037
0.0379451
0.0434257
0.0497715
0.0388316
0.0473081
0.0478476
0.0425467
0.0473421
0.0430523
0.0443763
0.0379068
0.0476194
0.0457184
0.0421689
0.0482889
0.0454622
0.0389666
0.0452104
0.0456037
0.0399362
0.0424521
0.0490494
0.0434963
0.047494
0.0515243
0.0405177
0.0458407
0.0432585
0.038847
0.0424039
0.047416
0.0391799
0.0456351
0.0384969
0.0412247
0.0494095
0.0478703
0.0412877
0.0463421
0.0419006
0.0383698
0.0393481
0.0469201
0.0408807
0.0427816
0.0490304
0.054605
0.0415622
0.0491805
0.0470311
0.0407851
0.0432126
0.0480579
0.0455116
0.0481947
0.0458218
0.0441659
0.0477605
0.045811
0.0470593
0.0422066
0.0413174
0.0407385
0.0462033
0.0524162
0.0457987
0.0569737
0.0511613
0.0440684
0.0457201
0.0448112
0.0432337
0.0480477
0.0443268
0.0484825
0.0472859
0.0438462
0.0482253
0.0460275
0.0410228
0.0418046
0.0430222
0.0467987
0.0465388
0.0444415
0.049555
0.0435712
0.0491196
0.0534725
0.040819
0.047422
0.0468046
0.0407284
0.0433522
0.0446581
0.0439614
0.0455896
0.0486591
0.0410719
0.0445211
0.0418305
0.0437562
0.0418642
0.0478281
0.0514454
0.0445798
0.0476775
0.0460626
0.0403393
0.0490702
0.0476933
0.0526713
0.0445903
0.0440976
0.0474507
0.049428
0.0501855
0.0478456
0.0496274
