0.0241047
0.0749938
0.0714818
0.0698941
0.068109
0.0698788
0.0695118
0.0705931
0.0703664
0.0717846
0.0716028
0.0694258
0.075091
0.0711648
0.0704737
0.0707874
0.0709954
0.0699108
0.0735393
0.123139
0.029064
0.0171823
0.0164792
0.0176685
0.0181115
0.0147233
0.0159032
0.0153604
0.0153261
0.0150876
0.0150869
0.0134375
0.0160157
0.0159276
0.0158372
0.0157866
0.0151446
0.0151463
0.0170537
0.0175514
0.0174639
0.0157433
0.0176043
0.0172417
0.0181426
0.017496
0.0152939
0.01831
0.018015
0.0172434
0.0178901
0.0146635
0.0179379
0.0183764
0.0185623
0.0179192
0.0180627
0.017615
0.0182309
0.0176519
0.0182493
0.0170008
0.0158739
0.0153518
0.00996069
0.0433807
0.0715021
0.0719996
0.071791
0.0732002
0.0742366
0.0741692
0.0741239
0.0774093
0.0722301
0.0725346
0.0722708
0.0746592
0.076689
0.0748158
0.075017
0.075386
0.0738012
0.0770309
0.0744081
0.0767494
0.0195989
0.0194248
0.0680181
0.0675011
0.0703185
0.0687186
0.0667199
0.0667431
0.0743733
0.067802
0.0688195
0.065837
0.0672817
0.0662993
0.0701938
0.0691782
0.0683216
0.0697331
0.0701149
0.0687386
0.0692163
0.0700721
0.019318
0.0197449
0.0698729
0.0719145
0.0745084
0.075356
0.075075
0.131751
0.0240734
0.0188035
0.0195435
0.0203143
0.0196739
0.0210439
0.0225691
0.0233533
0.0230469
0.0232744
0.0254517
0.0199729
0.0846983
0.123933
0.0225381
0.0172314
0.016876
0.0164014
0.0154736
0.0155562
0.0150456
0.015965
0.0164717
0.016059
0.0163886
0.0193251
0.0206248
0.0209722
0.021828
0.020807
0.0250642
0.0224638
0.0242316
0.0236385
0.0242935
0.0275026
0.0294129
0.0292297
0.0286634
0.0281748
0.0297594
0.0303444
0.0294879
0.0304521
0.0307824
0.030385
0.0278456
0.0333953
0.0288264
0.0292397
0.0269056
0.0295275
0.0279253
0.0256539
0.0284755
0.0270678
0.0274715
0.0266098
0.0267605
0.012134
0.0540304
0.156201
0.0231158
0.020591
0.0216768
0.0200295
0.0194812
0.0172145
0.0191788
0.0184549
0.0184122
0.0178178
0.0185833
0.0243
0.023962
0.0243565
0.0227615
0.0224515
0.0217618
0.0254543
0.025875
0.0260136
0.0270898
0.024542
0.0248591
0.0258567
0.0274124
0.0268722
0.0276212
0.026874
0.0277732
0.0281456
0.0273105
0.0276724
0.0285593
0.0275422
0.0299274
0.0295861
0.0284306
0.0298473
0.0316575
0.0322294
0.0310785
0.0321299
0.030266
0.0320761
0.0357191
0.0269931
0.0267369
0.0233557
0.0248377
0.0243455
0.0249394
0.0255211
0.0250016
0.0259934
0.0246383
0.0258774
0.0265165
0.0247343
0.0272229
0.0267708
0.0265731
0.026086
0.0262475
0.0239234
0.0265373
0.0266236
0.0238566
0.0250193
0.0246234
0.0267811
0.0262871
0.026222
0.0294672
0.0290195
0.0289555
0.0290557
0.0301904
0.0304626
0.0315584
0.0314664
0.0314233
0.0349811
0.0304959
0.0314586
0.032823
0.0303154
0.0319646
0.0350169
0.0349983
0.0332605
0.0356918
0.0342856
0.0338377
0.0316525
0.0318052
0.0288301
0.0285049
0.0257477
0.0274423
0.0315176
0.0286523
0.0272364
0.0313107
0.0298787
0.0296184
0.0300008
0.0300496
0.0312569
0.0305567
0.0325694
0.0312056
0.0321003
0.0309469
0.0299065
0.030551
0.0286216
0.0304881
0.0295366
0.0291852
0.0249171
0.0314711
0.0273476
0.0252647
0.0225705
0.0250174
0.0251007
0.0245267
0.0243059
0.0237672
0.0264768
0.0268316
0.0276489
0.0300812
0.0284975
0.0310683
0.0327797
0.0356201
0.0348986
0.035055
0.0349773
0.032873
0.0307542
0.03299
0.0302447
0.0261233
0.0232093
0.0283251
0.0265183
0.0261218
0.0291434
0.0260294
0.0279296
0.0306264
0.0329115
0.0317776
0.0329629
0.0321475
0.0348397
0.0329229
0.0316286
0.031754
0.0340954
0.0321541
0.0353157
0.0331671
0.0314149
0.034065
0.0355044
0.0371317
0.0340289
0.0348433
0.0316191
0.0323204
0.0309507
0.0297894
0.0311867
0.0301847
0.0311307
0.032308
0.0327892
0.0342786
0.0326932
0.0338505
0.0319443
0.0315655
0.0326403
0.0322359
0.0301679
0.0323333
0.0303041
0.0321012
0.0307659
0.0316829
0.030882
0.0317509
0.0306732
0.0308085
0.0307177
0.0331384
0.0331154
0.0316905
0.0328327
0.0332565
0.0332293
0.0346838
0.0324867
0.0336111
0.0312344
0.0335829
0.0305663
0.0289152
0.0322793
0.0325666
0.0313373
0.0326654
0.0320261
0.0324153
0.0316413
0.0337914
0.0335088
0.034235
0.0346506
0.0367191
0.033157
0.0341765
0.0335044
0.0320835
0.0318255
0.0338852
0.0310587
0.0332219
0.0337779
0.0351012
0.0371274
0.0349654
0.0334495
0.0343584
0.0321883
0.0313182
0.0312697
0.0309516
0.0324083
0.0327116
0.0340089
0.031315
0.0330724
0.0348694
0.0341396
0.0324068
0.0368076
0.0339165
0.0353336
0.03213
0.0347012
0.0342984
0.0303083
0.0331633
0.0307585
0.0301118
0.0343115
0.0283967
0.0342451
0.0328621
0.0326018
0.0301525
0.0302933
0.0366365
0.0320366
0.0344081
0.0345276
0.0344967
0.0297068
0.0323954
0.0301387
0.0317765
0.0304726
0.0286638
0.0277935
0.0290677
0.0273136
0.028542
0.0287731
0.0304321
0.027555
0.0287869
0.0289268
0.02995
0.0302654
0.0298051
0.0282354
0.0304312
0.027667
0.0319438
0.0346408
0.0339142
0.0355347
0.036894
0.0351683
0.035154
0.0341658
0.0332473
0.0362362
0.0366426
0.0357392
0.0323586
0.0326977
0.0302838
0.0293838
0.0293165
0.0326258
0.0317453
0.025726
0.0273542
0.026759
0.0263605
0.0232091
0.0240131
0.0244308
0.0285335
0.025087
0.0288757
0.0254794
0.0235077
0.0248127
0.0251325
0.0249898
0.0256731
0.0255008
0.0242324
0.0247333
0.0235804
0.0233452
0.0263649
0.0264565
0.0235886
0.0234793
0.0207538
0.0226889
0.0211341
0.0232588
0.0223095
0.0191073
0.0215877
0.0218058
0.0213799
0.0259816
0.0202604
0.0216958
0.020141
0.0197755
0.0211393
0.018459
0.0241349
0.019484
0.0194236
0.0221912
0.0163309
0.0177765
0.0162028
0.0184508
0.0156643
0.0139134
0.0147867
0.0145271
0.0139421
0.0125348
0.0141317
0.0131459
0.013362
0.0133881
0.0126186
0.0158816
0.0156601
0.0159631
0.0154865
0.0129576
0.0169271
0.0199176
0.0168907
0.0197476
0.0208069
0.0154333
0.0163664
0.0166843
0.0159535
0.0165832
0.0159115
0.0152996
0.0161452
0.0158073
0.0166847
0.0163782
0.0149008
0.0164155
0.0174881
0.0173317
0.0171266
0.0174546
0.0173461
0.0166047
0.0169827
0.0164143
0.0194929
0.0187822
0.0186562
0.0195008
0.021109
0.0243732
0.0173319
0.0157448
0.0189168
0.0174472
0.0173224
0.0162131
0.0162021
0.0181113
0.0177998
0.0172556
0.0182598
0.0160264
0.0190651
0.0179504
0.0168947
0.0166617
0.0155287
0.01721
0.0171653
0.0181073
0.0172928
0.0174508
0.0173182
0.0156065
0.0157913
0.0152772
0.0139136
0.0166585
0.0169136
0.0166088
0.0149064
0.0194176
0.0169581
0.0191773
0.0171929
0.0189922
0.0145794
0.0138381
0.012466
0.0152963
0.016885
0.0157853
0.0149499
0.0179232
0.0170441
0.018512
0.0187388
0.0194094
0.0181519
0.0169458
0.0188901
0.02148
0.0214102
0.0258262
0.0167662
0.0178827
0.0210511
0.019807
0.021522
0.017683
0.0194028
0.0180173
0.0192603
0.0213857
0.0172099
0.0206599
0.0186384
0.017661
0.0164598
0.0174706
0.0166444
0.0158982
0.0169314
0.0177154
0.017946
0.0178687
0.0172633
0.0190972
0.0185474
0.0180482
0.0186582
0.0179709
0.0175599
0.0169714
0.0164007
0.0215307
0.0223819
0.0186992
0.0171996
0.0195249
0.0208931
0.0184858
0.0161791
0.0176794
0.0181502
0.0161724
0.0160404
0.0171944
0.0180605
0.0159707
0.0163764
0.0180773
0.0177979
0.0166051
0.0184747
0.0188158
0.0186798
0.0177298
0.0187666
0.0194259
0.018338
0.021485
0.0168681
0.0186084
0.0180845
0.0185034
0.0172596
0.0203103
0.021072
0.0189677
0.0206716
0.0210455
0.0203225
0.0205906
0.0174569
0.019205
0.0193719
0.0203646
0.0189755
0.0195991
0.0184168
0.0190594
0.0174601
0.0198691
0.0187365
0.0181229
0.0166948
0.0187028
0.0176994
0.0178549
0.018145
0.0184277
0.0193082
0.0194765
0.0163558
0.0194746
0.0176998
0.0176001
0.0164284
0.0175768
0.0176135
0.0181231
0.0178594
0.0171588
0.0195856
0.0206464
0.0184279
0.0191025
0.0205115
0.0199602
0.0189883
0.0196359
0.0184353
0.0167413
0.0187383
0.0183403
0.0184608
0.0175973
0.0206919
0.0224921
0.0184253
0.0165396
0.0198116
0.0194084
0.0213406
0.0206407
0.021018
0.0212375
0.0242205
0.0196846
0.023394
0.0217144
0.0204076
0.0184457
0.0225982
0.0217325
0.0205328
0.0176314
0.0215869
0.0209126
0.0202853
0.0196193
0.0235655
0.0235305
0.0222914
0.0205105
0.0261451
0.0221618
0.0225457
0.019857
0.0244783
0.0244017
0.0253224
0.0239348
0.0224851
0.0239683
0.0215584
0.0219144
0.0217218
0.0204197
0.023324
0.0242961
0.0249619
0.0300991
0.0245763
0.0213334
0.0222861
0.0221729
0.0232618
0.0250936
0.0237452
0.0234902
0.0225548
0.0215686
0.0206194
0.0230527
0.0235424
0.0237273
0.0234579
0.0242106
0.0249098
0.0220442
0.0222896
0.0215243
0.0230886
0.0239515
0.0240635
0.0255072
0.0268884
0.0226131
0.0250868
0.0284473
0.0250556
0.0269957
0.0228984
0.0232629
0.0261839
0.0279521
0.0277444
0.0278742
0.0251594
0.0271657
0.0270805
0.0265794
0.0292303
0.0268702
0.0265066
0.0273633
0.0292998
0.0268526
0.0247312
0.0249817
0.0242273
0.023259
0.0250121
0.0271635
0.0228659
0.0212856
0.0168246
0.0162001
0.0182862
0.0167265
0.0218688
0.0178553
0.0178247
0.0188018
0.0224203
0.0176168
0.0161231
0.0149097
0.0168737
0.0160157
0.01596
0.0156234
0.0154186
0.0190659
0.0188681
0.019507
0.0184737
0.0169831
0.0178897
0.0180347
0.0175509
0.0182894
0.0180302
0.0173814
0.0205601
0.0181041
0.0172948
0.0172197
0.0160109
0.0181608
0.0196089
0.0208472
0.0195881
0.0173846
0.0167457
0.0202974
0.0208629
0.0181518
0.0157208
0.0183386
0.0182056
0.0181188
0.0166765
0.0180497
0.0170563
0.0160435
0.019925
0.0244237
0.0169172
0.0192737
0.0234
0.0228562
0.0199971
0.0173439
0.0193101
0.0185961
0.0193138
0.0190732
0.0184349
0.019017
0.0238742
0.0219503
0.0198032
0.017164
0.0191976
0.0196139
0.0189057
0.0222173
0.0175205
0.0190804
0.0195571
0.0191567
0.0183457
0.0180427
0.0204071
0.0211352
0.0176701
0.0180389
0.0176608
0.0201602
0.0198468
0.0202194
0.0194443
0.0187992
0.0194316
0.0184549
0.0189602
0.0191008
0.0194265
0.026071
0.0217749
0.0207211
0.0183045
0.0188555
0.0197001
0.0196599
0.0202211
0.021635
0.0194424
0.0210531
0.0201299
0.0198345
0.0180784
0.0174048
0.0202954
0.0193506
0.0194627
0.0186968
0.0212233
0.0214006
0.0256353
0.0242717
0.0190316
0.0181403
0.0207947
0.0207001
0.0208376
0.0198484
0.0222056
0.0213396
0.0210716
0.0177524
0.0199778
0.0192702
0.0190677
0.0182231
0.0233806
0.0200912
0.0210946
0.0171773
0.0203644
0.0192918
0.0193613
0.0176906
0.0224356
0.0208255
0.0185636
0.0172843
0.0196255
0.0188636
0.0195886
0.0172189
0.0197798
0.0183642
0.0176944
0.0160825
0.0174217
0.0177123
0.0182346
0.0172555
0.0199755
0.0195884
0.0180488
0.0179868
0.0182081
0.0214491
0.0243377
0.0189946
0.0168453
0.02137
0.0183966
0.0223471
0.0198264
0.0227068
0.0230205
0.0223745
0.0174272
0.0200899
0.0246561
0.0211784
0.0195464
0.0174757
0.0175494
0.0172532
0.020561
0.0188568
0.0178029
0.0176922
0.0204113
0.0212568
0.0186202
0.0190124
0.0190966
0.0218074
0.0217797
0.0206044
0.0190976
0.0212207
0.0203986
0.0224751
0.018353
0.0193764
0.0188553
0.0212009
0.0216037
0.0233866
0.0240403
0.0207819
0.0213903
0.0219778
0.02266
0.0229793
0.0242732
0.0214388
0.0205894
0.0193247
0.0213369
0.0213164
0.0221377
0.0224256
0.0238939
0.0202087
0.0233909
0.0216421
0.0212188
0.0208958
0.0222262
0.0227289
0.026401
0.0214814
0.0197689
0.0205636
0.0180219
0.0198172
0.0237713
0.021331
0.0220218
0.0234183
0.020322
0.021384
0.0220094
0.0202609
0.020685
0.0193021
0.023045
0.024122
0.0242725
0.0233063
0.0182364
0.0191386
0.020821
0.021276
0.0223001
0.0221544
0.021475
0.0216212
0.0221743
0.0210911
0.0206369
0.0200071
0.0221035
0.0224413
0.0227742
0.0227855
0.0232051
0.0256111
0.029915
0.0265385
0.0258452
0.023536
0.0294906
0.0255492
0.0230704
0.0236876
0.0273004
0.0244017
0.0242457
0.0199609
0.0241537
0.021888
0.0218405
0.0252832
0.036069
0.0254899
0.0211798
0.0209465
0.0231973
0.0241264
0.0225937
0.03091
0.0196936
0.020999
0.0198432
0.023449
0.0222959
0.0204243
0.0264919
0.0215734
0.0220322
0.0225857
0.0212184
0.0230061
0.0229608
0.0206291
0.0191786
0.0188468
0.0197174
0.0186794
0.0183259
0.0204316
0.0180744
0.0175036
0.0168088
0.0170463
0.0198487
0.0228343
0.0213274
0.0257493
0.01776
0.0182742
0.0217965
0.0194216
0.0196398
0.0206929
0.0207207
0.0231461
0.0215212
0.0214983
0.0206091
0.0222755
0.0180944
0.0171896
0.0228811
0.0256768
0.0213413
0.0181006
0.0175792
0.0193008
0.0191695
0.0187852
0.0212932
0.0204873
0.0196166
0.0183655
0.0187831
0.0184924
0.0251719
0.0239998
0.0220813
0.0190978
0.0184218
0.0203492
0.0198103
0.0216468
0.0220709
0.0213271
0.0192126
0.0207538
0.021185
0.0221122
0.0250782
0.0218691
0.0207864
0.0216191
0.0226755
0.0248965
0.0234452
0.0225632
0.0235604
0.0222318
0.0253273
0.0220926
0.0202953
0.023059
0.0236125
0.0223207
0.0262127
0.0250801
0.0197212
0.0217427
0.0209086
0.0218792
0.0242877
0.0271024
0.0242287
0.0253081
0.0261121
0.02627
0.0273227
0.0258004
0.0339325
0.0257108
0.024893
0.0249193
0.0269274
0.0263359
0.0231186
0.0282532
0.0279826
0.0247863
0.0236282
0.0254349
0.0270998
0.0280644
0.0271415
0.02303
0.0244675
0.0263174
0.023104
0.0294781
0.0244898
0.025539
0.0245563
0.0255049
0.0231489
0.0272103
0.0269405
0.0268871
0.0290856
0.026661
0.0318994
0.0276956
0.0284708
0.0280673
0.0289349
0.0262529
0.0270066
0.0267544
0.0296997
0.0300626
0.0241084
0.0286533
0.0310715
0.029158
0.0260644
0.0253182
0.0235493
0.023928
0.0253499
0.0258635
0.0232954
0.0254639
0.0239274
0.0249983
0.0244898
0.0220049
0.0213108
0.0243156
0.026221
0.0269384
0.0235712
0.0241072
0.0255661
0.0309007
0.0259814
0.0252934
0.0272044
0.0264238
0.0245425
0.0266711
0.0231647
0.0246368
0.0263607
0.0225883
0.0237026
0.0242242
0.022801
0.0263554
0.0205941
0.0183526
0.0208404
0.0287943
0.0283892
0.0212843
0.0202303
0.0243383
0.022188
0.0236855
0.0203052
0.0230104
0.0216606
0.0211875
0.0205234
0.0208279
0.0206488
0.0217445
0.020371
0.018438
0.0196152
0.0206867
0.0205361
0.0184955
0.0206732
0.0234637
0.0214549
0.0180619
0.0186491
0.0185771
0.0180806
0.019089
0.0182299
0.0209196
0.0189704
0.0225424
0.0193356
0.0197598
0.0198056
0.0179747
0.0163466
0.016088
0.0182894
0.0192447
0.0196523
0.0186691
0.0146129
0.0180476
0.0184369
0.0191826
0.0221082
0.0183245
0.0197701
0.018693
0.014823
0.0167172
0.0187458
0.0228726
0.0177049
0.0141003
0.0146878
0.0187049
0.0196709
0.0175282
0.0195926
0.0155264
0.0191803
0.0182584
0.0179232
0.021315
0.0169435
0.0205632
0.0193869
0.0206908
0.0205946
0.0186996
0.0228552
0.0215001
0.0227658
0.0237489
0.023391
0.0228741
0.0204956
0.0191822
0.0221156
0.0195792
0.0258015
0.0178904
0.0194586
0.0222578
0.0217707
0.019288
0.0195518
0.0202212
0.0221963
0.0261311
0.0170558
0.0195428
0.0199405
0.0203072
0.0178949
0.0200184
0.0213057
0.0183776
0.019455
0.0178299
0.0223137
0.0249699
0.02165
0.0200343
0.0185049
0.0199517
0.0193543
0.0185726
0.0280026
0.0202813
0.019294
0.0185112
0.0232166
0.0233152
0.0218146
0.0241471
0.0216794
0.0207775
0.0250624
0.0271794
0.0265932
0.0232706
0.0228889
0.0247361
0.027744
0.0269451
0.023656
0.021325
0.0202868
0.0225419
0.0222082
0.021111
0.0221953
0.0203674
0.021417
0.021264
0.0232294
0.0225342
0.0231303
0.0248963
0.0246704
0.0220584
0.0212796
0.0218339
0.0243367
0.0268797
0.020408
0.0200246
0.0258005
0.0245182
0.0228113
0.0204729
0.0186978
0.0203684
0.0224027
0.0213901
0.0208827
0.0219702
0.0239491
0.0200306
0.0226278
0.0263222
0.0252725
0.0243361
0.0206609
0.0209189
0.0242651
0.0253819
0.0245902
0.0205259
0.0198427
0.0254177
0.0233917
0.0227463
0.0184905
0.0173793
0.0190208
0.0204453
0.0174909
0.0159124
0.0153192
0.0152458
0.0176446
0.0180934
0.019473
0.0134029
0.0142807
0.0169157
0.0174499
0.016485
0.0147713
0.0149714
0.0176529
0.0207545
0.0182151
0.0144539
0.0151835
0.0197548
0.017259
0.0172723
0.0159776
0.0217504
0.0183101
0.0206929
0.0192121
0.0210565
0.0222306
0.0169711
0.0166991
0.0213044
0.0195886
0.0173746
0.0191266
0.0179193
0.0204184
0.0201533
0.0192483
0.0160976
0.0181708
0.0181108
0.0214925
0.0179861
0.0228707
0.0176723
0.020061
0.0169275
0.0259255
0.0213068
0.0190262
0.0174802
0.0208263
0.018912
0.0188887
0.0190741
0.0171776
0.016267
0.0171893
0.0175525
0.0200967
0.0162353
0.0161238
0.0161922
0.0258233
0.0242797
0.0249152
0.0195909
0.0196275
0.0183604
0.0189545
0.0188183
0.0179657
0.0206454
0.017621
0.0176911
0.0172507
0.0193469
0.020196
0.0215638
0.0167883
0.0205334
0.022092
0.0240096
0.0220566
0.0187882
0.0204125
0.020382
0.0190957
0.0186291
0.0188789
0.0179814
0.0174893
0.0189028
0.0232271
0.0224951
0.0214271
0.0157377
0.0208168
0.0234007
0.0286525
0.0197533
0.0243222
0.0199817
0.0196232
0.0172012
0.0194171
0.0177564
0.018184
0.0178527
0.0190961
0.0185923
0.0216269
0.0165567
0.0192302
0.0203952
0.0211635
0.0165918
0.0202223
0.0201853
0.0178672
0.0188141
0.0211306
0.0176833
0.0173914
0.0176387
0.0204061
0.0239261
0.0257879
0.0159416
0.0190312
0.0220547
0.0215975
0.0191406
0.02058
0.0207736
0.0201223
0.0189831
0.0233816
0.01858
0.0174517
0.0173722
0.0198887
0.0204956
0.0209249
0.0164371
0.017819
0.0181926
0.0188899
0.0188946
0.0167535
0.0195848
0.0173113
0.0187531
0.0227153
0.0180903
0.0172032
0.0171235
0.020434
0.018105
0.01686
0.0155676
0.0199362
0.0248733
0.0168556
0.0151615
0.0165861
0.0181914
0.0231034
0.017034
0.0207804
0.0190784
0.0197184
0.019755
0.0242959
0.0223176
0.0210856
0.0238494
0.0221463
0.0225868
0.0205039
0.0214677
0.0223002
0.0206493
0.0267839
0.024808
0.022197
0.0241574
0.0245913
0.0291109
0.0261588
0.0223568
0.0247336
0.0272024
0.0298733
0.0228184
0.0227112
0.0277988
0.0274199
0.030965
0.0221619
0.0216918
0.0251462
0.0233301
0.0234396
0.0225448
0.0252544
0.0283392
0.0281594
0.0233383
0.0268615
0.0258289
0.0270048
0.0248638
0.0244086
0.0261121
0.0274622
0.0227095
0.0249899
0.0249961
0.0269799
0.0286293
0.0226132
0.0253885
0.0248683
0.0273292
0.0246277
0.0251644
0.028905
0.0256331
0.0245622
0.024932
0.0200771
0.0225225
0.0204848
0.0234857
0.024505
0.0200515
0.0227056
0.0213669
0.0249308
0.0234002
0.0192869
0.0262085
0.0240499
0.0228656
0.0213798
0.017343
0.0227559
0.0225072
0.0200903
0.0195794
0.0176825
0.0218078
0.0224727
0.0193103
0.0221648
0.0167528
0.0203085
0.0199349
0.0207681
0.0151983
0.015418
0.0165452
0.0183044
0.0197421
0.0143888
0.0144783
0.0160402
0.0216598
0.0153816
0.0135774
0.015556
0.0160312
0.0193973
0.0163675
0.0149853
0.0171014
0.0198417
0.0174837
0.0171623
0.0183367
0.0187007
0.0211824
0.0183618
0.0227101
0.0162169
0.0194266
0.020101
0.0200621
0.0206719
0.0208163
0.0211168
0.0228854
0.0201342
0.0199083
0.0234342
0.0221624
0.0226995
0.0240954
0.0232625
0.0262351
0.0297326
0.0230914
0.023589
0.0259319
0.0215864
0.0262756
0.0209254
0.0233762
0.0271716
0.0209316
0.0221958
0.0222572
0.0216033
0.0250274
0.0240176
0.0191281
0.0196849
0.0207421
0.0228903
0.0188412
0.019906
0.0205744
0.0185488
0.0179509
0.0181967
0.0188691
0.0180953
0.0210428
0.0184634
0.0201674
0.0214699
0.0237496
0.0170806
0.0194486
0.0200894
0.0215652
0.0185768
0.0169757
0.0176135
0.0179379
0.0192286
0.018583
0.0163112
0.0176057
0.0209597
0.0216367
0.020622
0.0209695
0.0249017
0.018905
0.0180975
0.0212863
0.023144
0.0224058
0.0224036
0.0182487
0.0191531
0.0204048
0.0180128
0.0176276
0.0168444
0.0177048
0.0187005
0.0167528
0.0164085
0.018293
0.0186309
0.021906
0.0163599
0.0171014
0.0206058
0.022192
0.0180256
0.0163295
0.0168092
0.0184977
0.0176261
0.0172072
0.0172437
0.0182292
0.018677
0.0171352
0.0188406
0.0184088
0.0182
0.0179097
0.0158472
0.0159397
0.0171285
0.0149307
0.017126
0.020144
0.0207962
0.0170974
0.0155407
0.0228794
0.0215035
0.022625
0.0187305
0.020641
0.0247632
0.0211149
0.0193789
0.0180529
0.0237366
0.024956
0.0204024
0.0180598
0.0245044
0.0197678
0.0189675
0.0186119
0.0238724
0.0245578
0.0189918
0.0189113
0.0168408
0.0219096
0.0209881
0.0174252
0.0178027
0.0209024
0.0231879
0.0199024
0.0178244
0.0171493
0.0192372
0.0209133
0.0165178
0.0193552
0.0171904
0.0177264
0.0189039
0.0173885
0.0142955
0.0158413
0.0153386
0.0196657
0.0139682
0.0154899
0.0150266
0.0140736
0.0121884
0.0124167
0.017116
0.0157061
0.0131288
0.013573
0.0182881
0.0217263
0.0168407
0.0173628
0.0160012
0.021035
0.0160813
0.0208547
0.0215268
0.0224387
0.0221326
0.0207909
0.0165267
0.0182056
0.022929
0.0176682
0.0179975
0.0248208
0.0261999
0.0202656
0.0179916
0.023535
0.0195204
0.0161595
0.0154786
0.0197977
0.0217161
0.0194679
0.0172747
0.0185019
0.0167729
0.0162442
0.0161045
0.0150063
0.0176169
0.0151611
0.0173932
0.0157094
0.0220196
0.0189106
0.0171066
0.0163602
0.0219055
0.0196626
0.0220486
0.0166029
0.0212201
0.0207337
0.0217643
0.0174263
0.0186687
0.0202097
0.0218615
0.0176316
0.0169658
0.0183827
0.018285
0.0165615
0.0151587
0.0172833
0.0204828
0.0199887
0.0205897
0.0175735
0.017183
0.0219618
0.0207167
0.0187503
0.0184314
0.020296
0.0219026
0.0181988
0.0210797
0.0238773
0.0231523
0.0203627
0.0196398
0.0219694
0.0225654
0.0235675
0.0196653
0.0193489
0.0214271
0.0262802
0.0205363
0.0205447
0.0222426
0.0239653
0.0197309
0.0205092
0.0208757
0.0221218
0.0200749
0.0193833
0.0220369
0.0270376
0.0190558
0.0210301
0.0229453
0.0261893
0.0215433
0.0232993
0.0300736
0.0268334
0.0243495
0.025306
0.0276252
0.0261609
0.0299619
0.0228597
0.0267679
0.0241681
0.0278807
0.0228775
0.0259237
0.0273596
0.0255532
0.0223932
0.0259614
0.0238748
0.022456
0.0219554
0.0214762
0.0243145
0.0214399
0.0217095
0.0240418
0.0213927
0.0232206
0.0255326
0.027966
0.0241151
0.0252837
0.0233147
0.0231142
0.0242323
0.0261085
0.0214955
0.022932
0.0271364
0.0252238
0.0262785
0.0302025
0.0233027
0.0261149
0.0230494
0.0237723
0.0260024
0.0230283
0.0210081
0.0227456
0.0260043
0.0233797
0.0215383
0.0245854
0.0247608
0.0224754
0.0233412
0.0233034
0.0247122
0.0212219
0.0244506
0.0253517
0.0277865
0.0238036
0.0257218
0.0224841
0.0234098
0.0237345
0.0254482
0.0257785
0.0264391
0.0231479
0.0269852
0.0254247
0.0238726
0.0247205
0.0294739
0.0246684
0.0222926
0.0253516
0.0272061
0.0261155
0.0205393
0.0217057
0.0211566
0.028698
0.0225828
0.0217794
0.024488
0.0201202
0.0182085
0.0223791
0.0215546
0.0200199
0.0188906
0.0218618
0.0200684
0.0216303
0.0190093
0.0218266
0.0192054
0.026387
0.0172305
0.0227191
0.0191783
0.0169617
0.0184116
0.0213399
0.0169634
0.0170495
0.0220667
0.0232487
0.0232768
0.0222467
0.0201313
0.0196268
0.0229043
0.0188108
0.0214692
0.0210366
0.0247875
0.0218281
0.0227524
0.0240593
0.0204379
0.018469
0.0223911
0.0222153
0.0196709
0.0177403
0.018055
0.0196741
0.0240119
0.0182
0.0194841
0.0191161
0.0177092
0.0188365
0.0217926
0.0177822
0.0196255
0.0190258
0.0182894
0.0194325
0.017179
0.0193212
0.023482
0.0228162
0.0181356
0.019408
0.0220337
0.0187546
0.0180472
0.0192871
0.017716
0.0189037
0.0163305
0.0171768
0.0184826
0.0233168
0.015824
0.0169568
0.0189429
0.0185367
0.0170094
0.0161962
0.0203955
0.0212684
0.0223486
0.018832
0.0177268
0.0196158
0.0202147
0.0207189
0.023081
0.0256482
0.0176801
0.0196629
0.0220273
0.020191
0.0209524
0.0210529
0.0201327
0.0192505
0.0209169
0.0209186
0.0247098
0.0205007
0.0198466
0.0206428
0.0186632
0.0204339
0.0206953
0.0197963
0.0239746
0.0192113
0.0206594
0.0265832
0.0245389
0.0201764
0.0215374
0.0232853
0.0198662
0.0176568
0.0198854
0.0207449
0.0231892
0.0174204
0.019297
0.01946
0.0192166
0.0222441
0.0189564
0.0194129
0.0236533
0.0212463
0.0182381
0.0223483
0.0159276
0.0191333
0.020609
0.023307
0.0163656
0.0205981
0.0270789
0.0240535
0.0189097
0.0203236
0.0233856
0.0244944
0.0170116
0.0194411
0.0205601
0.019417
0.0168794
0.0195376
0.0282859
0.0205183
0.0156713
0.0178507
0.0194
0.0179069
0.0155224
0.01782
0.0187543
0.0213867
0.0155433
0.0167495
0.019658
0.0180358
0.017778
0.0175761
0.0184528
0.0197192
0.0247224
0.0196413
0.0213481
0.0203254
0.0186441
0.019988
0.0232462
0.0227062
0.0186729
0.022131
0.0206306
0.021194
0.02102
0.0205021
0.0235226
0.029769
0.0214541
0.0233042
0.0225087
0.0196251
0.0212331
0.0211634
0.0206256
0.0179968
0.0214344
0.0248078
0.0170623
0.0180688
0.018796
0.0232995
0.0230765
0.0215372
0.0234582
0.0248793
0.0217197
0.022701
0.0212925
0.0230449
0.0222073
0.0278137
0.0277709
0.0202253
0.0247971
0.0249451
0.0221311
0.0196558
0.020274
0.0221967
0.025104
0.0197356
0.0202295
0.0204412
0.0235378
0.0202971
0.021516
0.024683
0.0231851
0.0170799
0.0198718
0.0197624
0.0173592
0.0201423
0.0251498
0.0233089
0.018871
0.0191694
0.0183763
0.0205241
0.0190671
0.0188819
0.0259112
0.0181282
0.0189383
0.0201148
0.0228023
0.0261661
0.0190458
0.0210919
0.0215518
0.0211052
0.0258307
0.0290655
0.0245146
0.0230933
0.0225339
0.0261789
0.0309145
0.0207934
0.0240312
0.0253682
0.0218595
0.0265441
0.025457
0.020588
0.0284282
0.0291119
0.0344843
0.0266226
0.0252494
0.0250966
0.0269811
0.0217697
0.0237795
0.0273648
0.0210809
0.0247488
0.0235761
0.0295533
0.0265893
0.0252192
0.0286163
0.0237583
0.0238194
0.0297848
0.0242206
0.0251151
0.0248198
0.0237153
0.0238623
0.0295756
0.0279778
0.0228151
0.0263046
0.0264486
0.0229361
0.0294092
0.026546
0.0237731
0.024599
0.0296153
0.0315522
0.0281074
0.0311869
0.0310409
0.0233821
0.0253758
0.0233939
0.0266136
0.0235297
0.0247988
0.0278029
0.0239497
0.0275798
0.0318577
0.035206
0.0281196
0.0265259
0.0246552
0.0243798
0.026802
0.0268757
0.0266149
0.034137
0.0258595
0.0224176
0.0242357
0.0276812
0.0271297
0.0218985
0.0201753
0.0192205
0.0284558
0.0224108
0.0253417
0.0270714
0.0248505
0.0213288
0.0242677
0.0239551
0.0178088
0.0209691
0.0180471
0.0187955
0.0193495
0.0260288
0.0207515
0.0183643
0.0218525
0.0242825
0.0225399
0.0202863
0.0214607
0.0230645
0.0198721
0.0227763
0.0203457
0.0262566
0.0208621
0.0208
0.0203329
0.0211825
0.0207511
0.0244582
0.0216214
0.0307407
0.0207588
0.0304101
0.030197
0.0266433
0.0241857
0.0228125
0.020752
0.0240986
0.0256524
0.0297633
0.0225686
0.0220182
0.0217315
0.0197142
0.0211307
0.0261219
0.023877
0.0231019
0.0202047
0.0229432
0.0196597
0.0204165
0.0227257
0.0237458
0.0192599
0.0224479
0.0243949
0.0227139
0.0202474
0.021433
0.0249573
0.0238404
0.0189056
0.0217163
0.0201407
0.0187194
0.018433
0.026576
0.0233245
0.0174572
0.0242484
0.0187044
0.0179635
0.0206637
0.0211953
0.022549
0.0169819
0.0200275
0.0174686
0.0221066
0.0170582
0.0214058
0.0229144
0.0205252
0.0158306
0.0186684
0.0168753
0.0242145
0.0205467
0.0251285
0.0192557
0.0216966
0.0218342
0.0208099
0.0220696
0.0173769
0.0182013
0.0188038
0.0189144
0.0184245
0.0179389
0.0202108
0.021007
0.01712
0.0201413
0.0201656
0.0251219
0.0174581
0.0187081
0.017084
0.0157677
0.017725
0.0174481
0.0185379
0.0160804
0.0170529
0.0163275
0.0156673
0.0179606
0.0184956
0.0209552
0.0196875
0.0164056
0.0156472
0.0214269
0.0146889
0.0150162
0.0162586
0.0193117
0.0179384
0.0198014
0.0151342
0.0181002
0.0207621
0.0235998
0.0195396
0.0172532
0.0237857
0.0208941
0.0242676
0.0164433
0.0192932
0.0187118
0.0226305
0.016669
0.0205062
0.0204238
0.0179422
0.0184031
0.0218562
0.0260342
0.0188154
0.0225938
0.0259035
0.0285008
0.0235288
0.0215746
0.0243171
0.0199636
0.0215043
0.0214164
0.0264257
0.0194338
0.0210696
0.0204049
0.0193727
0.0200208
0.0204363
0.0185079
0.0167753
0.0192965
0.0199991
0.0189863
0.0166803
0.0195155
0.018637
0.0173287
0.0171663
0.0213364
0.0248313
0.0178351
0.0177766
0.0186924
0.0198918
0.020786
0.0184298
0.0193481
0.0184971
0.0197288
0.0245423
0.0175437
0.0217161
0.0236694
0.017294
0.0177683
0.0165825
0.0239785
0.0178655
0.0180675
0.0165432
0.0182135
0.0180452
0.017758
0.0161113
0.0192571
0.0197462
0.0246773
0.0161566
0.0230241
0.023333
0.0215431
0.0187427
0.0212448
0.0229941
0.0201629
0.0229236
0.0232536
0.0283732
0.0208953
0.0181778
0.0180568
0.0222861
0.0236852
0.0224041
0.0206732
0.0195644
0.0265369
0.0258729
0.0195379
0.0235714
0.0200745
0.0184083
0.0210327
0.0196871
0.0171012
0.0171719
0.0214555
0.0170741
0.0195115
0.0199374
0.0185372
0.0183212
0.0191572
0.0193879
0.0148948
0.0170524
0.0231268
0.0219998
0.0196074
0.0197208
0.0222847
0.0278146
0.0233297
0.0233609
0.0279636
0.0180418
0.022554
0.0224318
0.0208522
0.0204814
0.0190226
0.0235671
0.0195773
0.0227853
0.0197215
0.0195789
0.020102
0.0203693
0.020928
0.0203961
0.0210169
0.0194413
0.0262667
0.0207627
0.0282135
0.0270797
0.0193744
0.0240463
0.0233118
0.0213812
0.0201527
0.0224726
0.0199616
0.0215411
0.0200036
0.0260579
0.0248024
0.0252852
0.0278121
0.0211701
0.0197917
0.0260877
0.0300282
0.0233785
0.0230038
0.0266282
0.0221261
0.0241551
0.0310853
0.0198346
0.0259555
0.0233422
0.019859
0.0190919
0.0218025
0.0257905
0.0195359
0.0212283
0.0192836
0.0253061
0.0237703
0.0263395
0.0221245
0.0206195
0.0214961
0.0207423
0.0184486
0.019443
0.0251265
0.0188448
0.022031
0.0188758
0.0242187
0.0193049
0.0196328
0.0233259
0.0174425
0.0170636
0.0244921
0.0280951
0.0190632
0.0224556
0.0202656
0.0200396
0.0228366
0.0236746
0.021791
0.0198365
0.0212237
0.0201569
0.0224111
0.022493
0.0193151
0.0248526
0.0240986
0.0295599
0.021298
0.0231152
0.0298177
0.0221556
0.0255201
0.02721
0.0209958
0.0235946
0.0252014
0.0299367
0.0221194
0.0208058
0.0268563
0.021644
0.0229884
0.027961
0.0215736
0.0218729
0.0271764
0.0215063
0.0213088
0.025227
0.0213953
0.0264336
0.0251979
0.024792
0.0267586
0.0263516
0.0228121
0.0236246
0.0229079
0.0260409
0.0225144
0.0241968
0.0290585
0.0222037
0.0277061
0.02228
0.0226485
0.0246042
0.0248402
0.0231355
0.0239694
0.0280814
0.0296692
0.0252424
0.0268086
0.031656
0.0235791
0.0260298
0.0271894
0.0228448
0.0263496
0.0321392
0.0316563
0.0269098
0.0249962
0.0269258
0.0269577
0.0320052
0.0330828
0.0258297
0.0267106
0.0250525
0.0236787
0.0231179
0.0255056
0.0288836
0.0207481
0.0250079
0.0285585
0.0218985
0.0240925
0.0196009
0.0202692
0.0254504
0.0216344
0.0219849
0.0237954
0.0222548
0.0195697
0.0226433
0.0244401
0.0278367
0.0218852
0.02515
0.0228502
0.0203028
0.0203551
0.0263049
0.0252574
0.0202421
0.0179079
0.0237307
0.0170059
0.0167184
0.0191236
0.0222414
0.0252317
0.0174665
0.0182935
0.0192449
0.0210644
0.0196988
0.0216407
0.0195707
0.0189763
0.0184444
0.0233964
0.0312591
0.0208336
0.0217076
0.0167053
0.0185161
0.0187742
0.0228006
0.0201838
0.0233305
0.0243778
0.0198308
0.0251866
0.0277399
0.0211051
0.0239314
0.022574
0.0207528
0.0233393
0.0204171
0.0210881
0.024417
0.0318524
0.0196062
0.0232026
0.0257011
0.0205909
0.0229161
0.0233175
0.0199364
0.0241612
0.0214121
0.0202376
0.0199214
0.0219587
0.0194123
0.0227528
0.0249031
0.0181554
0.0211375
0.0203883
0.0196931
0.022876
0.0204733
0.0203208
0.0198776
0.0232933
0.0223465
0.0216589
0.0219577
0.020593
0.0218058
0.0213851
0.0218685
0.021922
0.0231193
0.0319747
0.0253391
0.031804
0.0327968
0.0314464
0.0271392
0.0250989
0.0277374
0.0279601
0.0328278
0.0291479
0.0346322
0.0324189
0.024551
0.0277651
0.0251056
0.0294929
0.0310088
0.0362384
0.0263181
0.0270964
0.0299278
0.0242918
0.0279585
0.02809
0.0244433
0.0279604
0.0282356
0.0365783
0.0261383
0.0266037
0.0252747
0.0278094
0.0289661
0.0230566
0.0275863
0.0324196
0.0260516
0.0296071
0.0302694
0.0226437
0.0276142
0.0326093
0.0257427
0.0299457
0.0278321
0.0258417
0.0277403
0.0264885
0.0267016
0.0275717
0.0235338
0.0236687
0.0299407
0.0309045
0.0238742
0.025038
0.0306008
0.0232379
0.0267169
0.0281171
0.0245384
0.0258482
0.0229733
0.0249583
0.0268828
0.030432
0.0278418
0.025958
0.0238433
0.0287182
0.0344121
0.024106
0.0290151
0.02722
0.0245111
0.0339062
0.0282474
0.0245124
0.0259864
0.0260437
0.0259068
0.0299425
0.0310331
0.0353681
0.0269629
0.0295774
0.0347943
0.0259455
0.0289695
0.0270132
0.0227642
0.0237355
0.0263539
0.0223066
0.0272582
0.0269409
0.0212445
0.0231739
0.0236951
0.0215047
0.0232573
0.022833
0.0198295
0.0205717
0.0241579
0.0246631
0.022015
0.0227715
0.0193713
0.0226251
0.0234145
0.0218818
0.0228751
0.0235342
0.019069
0.0229808
0.0252836
0.0308675
0.022428
0.0212911
0.0273469
0.0255474
0.027205
0.0295538
0.0258308
0.0258771
0.0272
0.0208452
0.0245629
0.0259612
0.0212126
0.0220307
0.0203929
0.0203333
0.0245803
0.0219204
0.029755
0.0211376
0.0229585
0.0184846
0.0237718
0.0191453
0.0196762
0.0183528
0.0160287
0.0155182
0.021345
0.0215056
0.0274245
0.0215995
0.0232537
0.0200745
0.0204333
0.0224336
0.0175185
0.0193174
0.0142029
0.0159322
0.0222613
0.0148477
0.0171142
0.0208415
0.0145686
0.0224145
0.0191712
0.0187174
0.0164206
0.023572
0.0278607
0.0176242
0.0203881
0.0235202
0.0168425
0.018687
0.0256685
0.0213733
0.0227356
0.0240932
0.0185438
0.0170727
0.0185504
0.0210112
0.0188581
0.0168194
0.0195628
0.0200691
0.0204566
0.0195235
0.0188847
0.0235973
0.0246815
0.0213675
0.0212989
0.0270973
0.019404
0.0225174
0.0273027
0.0245955
0.0266425
0.0295791
0.0236764
0.0237814
0.0253878
0.0212627
0.0231819
0.0297862
0.0193999
0.0192587
0.0237529
0.0188864
0.0208544
0.0271286
0.0184158
0.0222207
0.0227705
0.0192273
0.0196255
0.0230419
0.0207035
0.0263175
0.0275581
0.0180295
0.0177968
0.0195078
0.0184379
0.0185636
0.0165243
0.0174055
0.0179884
0.0161678
0.0165956
0.0238908
0.0154104
0.0196822
0.0221223
0.0166862
0.0178951
0.0265078
0.0194487
0.0225127
0.0248183
0.0192684
0.0207483
0.01969
0.0187036
0.0207687
0.0230174
0.0194787
0.0226057
0.0239408
0.0204354
0.0229794
0.0251336
0.0216247
0.0241912
0.0273016
0.0203626
0.0233368
0.0274967
0.0199919
0.0207586
0.0219062
0.0212226
0.0228514
0.0249748
0.0221265
0.0220402
0.0258951
0.0224991
0.0241248
0.0229931
0.0286082
0.0276373
0.0301321
0.0359739
0.0257409
0.0289571
0.0324158
0.0244123
0.0270651
0.0321948
0.0241395
0.0263968
0.0293436
0.0281861
0.0344332
0.0240823
0.0218429
0.0285548
0.0234172
0.0238185
0.0283126
0.0224543
0.0238321
0.0261477
0.0198325
0.0241368
0.0258939
0.016902
0.0156678
0.0172222
0.0195606
0.0234971
0.0239188
0.023236
0.0221962
0.0214372
0.0248617
0.0234253
0.0242815
0.0258688
0.0245204
0.0240962
0.0254618
0.0301232
0.0361313
0.026735
0.0287556
0.0295312
0.0258756
0.0264899
0.0312156
0.0243286
0.0283337
0.0237588
0.0252224
0.0262107
0.0315548
0.0263298
0.0262032
0.0247631
0.0279229
0.0277121
0.0247827
0.0297153
0.0321313
0.0254082
0.0285188
0.0264925
0.0265048
0.0252807
0.0317565
0.0264734
0.0250822
0.0225734
0.0232938
0.0232563
0.0226815
0.0267266
0.0287284
0.0264834
0.0263138
0.0292783
0.023891
0.0256058
0.0297239
0.0231676
0.0229009
0.0212975
0.0248698
0.0249619
0.0224697
0.0246157
0.0267099
0.0234077
0.0271773
0.0237601
0.0283035
0.0247372
0.0247665
0.0275933
0.0288304
0.0255236
0.0338376
0.0310493
0.0267159
0.0286958
0.0365535
0.0281729
0.0280347
0.042393
0.0354573
0.043505
0.0289013
0.0291104
0.0355304
0.0286139
0.0285174
0.0391212
0.0340338
0.0347252
0.0290847
0.0338803
0.0364786
0.0283625
0.0276354
0.0358893
0.0315988
0.03002
0.0256602
0.0288538
0.0292852
0.029098
0.0299276
0.0277956
0.0247013
0.0270872
0.0291343
0.02323
0.0239389
0.0225023
0.0232555
0.0230904
0.0202569
0.0204032
0.0217529
0.0192451
0.0206349
0.0294575
0.0186514
0.0197716
0.0292119
0.0202474
0.0197237
0.0200553
0.0249778
0.0298798
0.019266
0.0209486
0.0213423
0.0190399
0.0232996
0.0208279
0.0184825
0.0211192
0.0219883
0.0196875
0.0220155
0.0228714
0.0307837
0.0195787
0.0178622
0.0164509
0.0210971
0.0199042
0.0267195
0.0207685
0.0217011
0.017031
0.0176417
0.0189906
0.0176078
0.0197396
0.0172535
0.0166219
0.0186173
0.0165199
0.0186801
0.0187541
0.0182642
0.017918
0.021194
0.0269555
0.0202512
0.0201994
0.0209722
0.0198915
0.0225977
0.0214402
0.0174489
0.0174858
0.0168489
0.018173
0.020744
0.0202685
0.0179432
0.0191854
0.0199822
0.0173967
0.0194267
0.0174879
0.0170024
0.0184413
0.0219695
0.0163805
0.0177034
0.020766
0.01905
0.0202126
0.0260234
0.0208562
0.020829
0.0252596
0.016887
0.0174829
0.0244887
0.0167418
0.0155493
0.0182502
0.0213456
0.0221
0.0276682
0.0155435
0.0184888
0.0232746
0.0171147
0.0230038
0.0269595
0.0157845
0.01873
0.0223147
0.0172751
0.0220705
0.0224685
0.0174221
0.0181579
0.021225
0.0173497
0.0192284
0.0248901
0.0178908
0.0190897
0.0165233
0.0169426
0.0239943
0.0284617
0.0194488
0.0164201
0.0162003
0.0194724
0.0249358
0.017269
0.0217749
0.0203887
0.0180253
0.021949
0.019241
0.0191504
0.0162502
0.0169447
0.0158582
0.017239
0.0160902
0.0185342
0.0190282
0.019052
0.0292946
0.0190537
0.017446
0.0168092
0.0183418
0.0245303
0.0185989
0.0236937
0.0281056
0.0165795
0.0299048
0.0249151
0.0230753
0.021098
0.0220194
0.0217937
0.0238941
0.0253403
0.0193616
0.0244856
0.022473
0.0213121
0.0209476
0.0243911
0.0203911
0.0235896
0.0215527
0.0225108
0.0215581
0.0214749
0.0202129
0.0222418
0.0208518
0.0341023
0.0229543
0.0237211
0.0201324
0.0212678
0.01829
0.0166752
0.0215011
0.0181402
0.0209759
0.0178501
0.0187972
0.019762
0.0191215
0.0291269
0.019553
0.0190598
0.0312174
0.0244019
0.0272365
0.0301827
0.0184696
0.0241143
0.0318979
0.0215548
0.0168051
0.0170732
0.0184166
0.017206
0.0168644
0.0175542
0.019704
0.0162457
0.0195363
0.020424
0.0174081
0.0204214
0.0254912
0.0170961
0.0207618
0.0293103
0.0198513
0.0236914
0.025923
0.0182877
0.0209486
0.0275411
0.0188695
0.0194077
0.0257308
0.0183781
0.020619
0.0265651
0.0193259
0.0236658
0.0302269
0.0197175
0.0202474
0.0179346
0.0186093
0.0179251
0.0156741
0.0178166
0.0168632
0.0169655
0.0179917
0.0168467
0.0165731
0.0176104
0.0194178
0.019276
0.0174831
0.0250188
0.0181388
0.0171909
0.0275114
0.0162426
0.0149745
0.0159499
0.0173262
0.0155611
0.0139585
0.0148104
0.0146027
0.0143305
0.0157033
0.0149245
0.0175924
0.0165986
0.015942
0.0122577
0.0152685
0.0206195
0.0138855
0.0145609
0.0192916
0.0136505
0.0166365
0.0220229
0.0165741
0.0181379
0.0149452
0.0182207
0.0179593
0.0215678
0.0220028
0.0214086
0.0193851
0.017169
0.0167528
0.0187877
0.0199273
0.0204431
0.0180313
0.0213781
0.0222174
0.0188421
0.0208788
0.0286896
0.0189079
0.016853
0.0264312
0.0185388
0.0170223
0.015122
0.0175767
0.0184433
0.0162473
0.0212849
0.0223348
0.0178028
0.0218064
0.0199583
0.0224821
0.0225646
0.031651
0.0174233
0.0213739
0.0224133
0.0225089
0.0225209
0.017678
0.0206575
0.01881
0.0172503
0.023428
0.022905
0.0175697
0.0219514
0.0260162
0.0171864
0.0249338
0.0286816
0.0202262
0.0168195
0.0161888
0.017997
0.0190896
0.0196762
0.0199339
0.0213043
0.0175679
0.0221545
0.0253364
0.0168831
0.023662
0.0263102
0.0180329
0.0162053
0.0181843
0.018133
0.0194552
0.0167803
0.0163621
0.0268203
0.0189138
0.0200068
0.0171581
0.0184652
0.020017
0.018282
0.0224265
0.0238825
0.016759
0.0255415
0.0322522
0.0197114
0.0242913
0.0275692
0.0211365
0.0206243
0.0193997
0.0225263
0.0258074
0.024793
0.0260381
0.0239184
0.0223862
0.0265323
0.03554
0.0223108
0.0212368
0.0319899
0.021397
0.0219125
0.0226793
0.0210919
0.0332999
0.0223824
0.0211895
0.0296867
0.0197279
0.0214682
0.030979
0.0209336
0.0186954
0.0188501
0.021919
0.0203672
0.0204457
0.0250933
0.0307157
0.0197328
0.0225565
0.0293155
0.0190472
0.0211498
0.029968
0.020714
0.0225548
0.0198747
0.0262636
0.0287689
0.0218494
0.0226127
0.0326517
0.0229109
0.0194288
0.0205842
0.0217109
0.0208183
0.0210948
0.0219384
0.0256936
0.0198243
0.0229922
0.0268604
0.018948
0.0212528
0.0202441
0.0203008
0.024767
0.0244378
0.026625
0.032465
0.0229053
0.024232
0.0204137
0.0208762
0.0272817
0.0247085
0.0284813
0.0315234
0.0223296
0.0235909
0.0346714
0.0274609
0.027027
0.0294237
0.0335006
0.0386752
0.0274431
0.0306217
0.028687
0.0316523
0.0342981
0.029689
0.0321863
0.0344529
0.0334621
0.0296792
0.0253877
0.0293219
0.0324155
0.029531
0.0282916
0.0278118
0.0304492
0.0408133
0.0244254
0.0259162
0.028434
0.0223147
0.0225308
0.0246701
0.0265904
0.0382392
0.0229093
0.0299829
0.0281491
0.0249949
0.0247733
0.0217982
0.0303714
0.0247988
0.0210351
0.0278763
0.0299298
0.0255604
0.027162
0.032045
0.0267157
0.0276835
0.0331043
0.0248386
0.0256036
0.0192815
0.0216901
0.0209341
0.0184434
0.0211405
0.0259919
0.0181033
0.020035
0.0297149
0.0206639
0.0240709
0.0237217
0.0185749
0.0216734
0.0186933
0.0210269
0.0247304
0.0191017
0.0208189
0.029384
0.0178538
0.0173717
0.0177248
0.0177365
0.017352
0.0160951
0.0171383
0.0188604
0.0175565
0.0204151
0.0266867
0.0181358
0.0154442
0.0168528
0.017892
0.0207094
0.018982
0.0222028
0.0281478
0.0186753
0.0219707
0.0279702
0.0234342
0.026645
0.0246286
0.0287446
0.020095
0.0207789
0.019622
0.0195831
0.0308802
0.0208875
0.019832
0.0202
0.0264538
0.0254212
0.0201999
0.0274461
0.0350006
0.0235664
0.0204652
0.0226422
0.0231764
0.0303496
0.0189219
0.0216257
0.0305921
0.0205552
0.0221718
0.0230663
0.0225964
0.0296071
0.0209589
0.0274404
0.0340607
0.0240848
0.0252038
0.0307145
0.0227612
0.0241972
0.0342415
0.0177957
0.0181034
0.0161065
0.0224799
0.0294861
0.0222814
0.0275921
0.0338638
0.0229791
0.0233929
0.0211727
0.027206
0.0341521
0.0228315
0.0214653
0.0217768
0.0237826
0.0275427
0.0237728
0.0245936
0.0314906
0.0262349
0.0212994
0.027418
0.0246603
0.0255242
0.0290301
0.0294326
0.0321255
0.023722
0.0292735
0.0350324
0.0259634
0.0276906
0.0257226
0.0281725
0.0329701
0.0262059
0.025242
0.023049
0.0242024
0.0246017
0.0219844
0.0279062
0.0304191
0.0270377
0.0283676
0.028543
0.0286204
0.0309163
0.0262327
0.0226765
0.023682
0.0269817
0.0279827
0.0249592
0.0221308
0.0224286
0.0234164
0.031524
0.0223289
0.0342302
0.0201749
0.0256777
0.0315645
0.0236563
0.0271988
0.0298846
0.0294214
0.0288858
0.0244992
0.024302
0.0220995
0.0260168
0.0308872
0.0231172
0.0212007
0.021811
0.027781
0.0268472
0.0233011
0.0260552
0.0307372
0.0215635
0.0220587
0.0280497
0.0192329
0.020976
0.0204359
0.0254946
0.0284541
0.0233548
0.0199699
0.0244107
0.0235355
0.02673
0.0205311
0.0235884
0.0293073
0.0201847
0.0200902
0.0191251
0.0229054
0.0234168
0.0201848
0.0219886
0.0309809
0.0233416
0.022859
0.0218089
0.0249872
0.020568
0.0214489
0.0233988
0.021364
0.0219846
0.0200391
0.0187248
0.0226538
0.0242063
0.0211007
0.0205158
0.0199432
0.0197287
0.0197251
0.0190566
0.0213079
0.0314671
0.0195266
0.0214186
0.0210235
0.0217614
0.0247886
0.0212261
0.0225123
0.0294825
0.0200912
0.0200022
0.0171306
0.0244886
0.0316475
0.0212991
0.0182002
0.0190392
0.0315685
0.0279583
0.0222024
0.0195396
0.0192041
0.0214137
0.0296308
0.0199067
0.0298005
0.0321338
0.0259504
0.022946
0.0239508
0.0285282
0.0342617
0.0241312
0.0217802
0.0205045
0.0232168
0.0304156
0.0235882
0.0239459
0.0226124
0.024839
0.0318735
0.0248479
0.027293
0.0256336
0.0289276
0.0290332
0.0255891
0.0273847
0.0246647
0.0319611
0.0351019
0.0243216
0.0258561
0.0326937
0.025211
0.0311819
0.0285505
0.0238305
0.0239566
0.031804
0.0351073
0.0252188
0.0256375
0.0254573
0.026987
0.0351638
0.0316307
0.0271346
0.0268764
0.0367546
0.0427095
0.0291465
0.0302012
0.0266671
0.0304579
0.0376988
0.0266215
0.0261658
0.0273746
0.0304854
0.0374654
0.0290348
0.0265458
0.0251452
0.028534
0.037507
0.0309572
0.0394067
0.0318164
0.0286818
0.0285475
0.0281936
0.0394058
0.0273365
0.0260573
0.0256462
0.0281781
0.0364521
0.0294279
0.0326215
0.0299823
0.0340215
0.0372444
0.0300369
0.0312674
0.0297535
0.031013
0.0364586
0.0237687
0.0240126
0.0241826
0.0284241
0.0309575
0.0255425
0.0290406
0.0335222
0.0259647
0.030233
0.023826
0.0244731
0.021702
0.0237492
0.0250508
0.0216313
0.0221589
0.0205735
0.025868
0.0229625
0.0198077
0.0249789
0.0278834
0.0209176
0.0196938
0.0191531
0.0178457
0.0208093
0.0164963
0.0159649
0.0108365
0.0146763
0.0182697
0.0121695
0.0116465
0.0111266
0.0153945
0.0150051
0.0170566
0.0199141
0.0260792
0.0174086
0.0169566
0.0192383
0.0224371
0.0273103
0.0241413
0.0239844
0.0243907
0.0315005
0.0378294
0.0292801
0.0305525
0.0325856
0.0322686
0.0415297
0.0294722
0.0415114
0.0356279
0.0357802
0.0283566
0.0268072
0.0247771
0.0258837
0.0388871
0.0302925
0.0352757
0.0248249
0.0271804
0.0243003
0.0287627
0.0357594
0.0282069
0.0271393
0.0256199
0.0284258
0.035906
0.0274319
0.0286165
0.0399872
0.0309594
0.0273267
0.0291311
0.0321591
0.0357621
0.0324067
0.0327668
0.0267608
0.0336465
0.0338267
0.0259244
0.0253947
0.0261805
0.0270984
0.036396
0.0306427
0.0200297
0.0241074
0.0249692
0.0337674
0.0256696
0.0224523
0.0194282
0.0222956
0.0292533
0.01743
0.0185948
0.018867
0.0207673
0.0167286
0.0204511
0.0287273
0.0154765
0.0180445
0.0162692
0.0189613
0.0261607
0.0218181
0.0230082
0.0219758
0.0253739
0.0300391
0.0217559
0.0205531
0.0204542
0.0212612
0.0300381
0.0204567
0.022418
0.0205675
0.0253308
0.0328226
0.0232058
0.0305587
0.0217466
0.0228787
0.0366146
0.0280846
0.0304706
0.0267738
0.0284384
0.0342232
0.0266099
0.0256807
0.024838
0.0330519
0.0339324
0.0252576
0.0218836
0.0215585
0.0256874
0.0259992
0.0264917
0.0307081
0.0364651
0.0282334
0.0245707
0.0199845
0.0313013
0.0350178
0.0215285
0.0217681
0.0212225
0.0252089
0.0320034
0.0227431
0.0202135
0.0189826
0.0220771
0.0274437
0.0187984
0.0179933
0.0163467
0.0236357
0.0294957
0.0199449
0.0233202
0.0202059
0.0181493
0.0188323
0.0226979
0.0329869
0.0239219
0.0318385
0.026445
0.024946
0.0262765
0.0322843
0.0331202
0.0275395
0.0295366
0.0297121
0.0353432
0.0367224
0.0292228
0.0287605
0.0299562
0.0323651
0.0406413
0.0302456
0.0485306
0.0316259
0.0270137
0.0244913
0.0278812
0.0352063
0.028625
0.0273174
0.0261302
0.0262447
0.0225015
0.0255363
0.0272292
0.0218926
0.0299457
0.0302078
0.0305168
0.0275373
0.0189445
0.018015
0.01722
0.0218719
0.0295551
0.0188388
0.0188481
0.0167052
0.0179739
0.0266764
0.0171408
0.0150671
0.0140893
0.0203441
0.0245756
0.0162091
0.0148078
0.0153011
0.0219654
0.0281596
0.0177392
0.0141176
0.0134591
0.0225688
0.0269727
0.0205453
0.0266692
0.0290337
0.0260953
0.0222514
0.0220527
0.0238081
0.0333155
0.0258645
0.0220055
0.0218427
0.0282106
0.0324851
0.0254185
0.0276725
0.0244608
0.0270067
0.0231491
0.0311684
0.0328623
0.0240563
0.0225038
0.0225515
0.0349078
0.0295345
0.0251872
0.0225498
0.0214448
0.0271241
0.0322414
0.0206097
0.0187312
0.019203
0.0227907
0.0319165
0.0206511
0.0213993
0.0165521
0.0207929
0.0283524
0.0194185
0.0192217
0.0185868
0.0217108
0.0225933
0.0216952
0.0207987
0.0229844
0.0189523
0.0175784
0.01902
0.0178622
0.0287915
0.0180736
0.0172256
0.0201451
0.0227793
0.0283552
0.0178136
0.0185919
0.0169313
0.0202783
0.0272574
0.0171966
0.0184134
0.0154102
0.0225367
0.0290461
0.0155036
0.0155252
0.0169622
0.0200967
0.0245685
0.0206449
0.022424
0.0267854
0.0197404
0.0168866
0.0183102
0.0203398
0.0276484
0.0196017
0.0219362
0.0317917
0.0228511
0.0227893
0.0234711
0.0312082
0.0280871
0.0224686
0.0218225
0.022838
0.0252412
0.0391714
0.0224763
0.0194578
0.0238144
0.0254215
0.0334325
0.0224767
0.0192667
0.0208849
0.0260166
0.0319018
0.0220424
0.0275583
0.0212635
0.0252948
0.0328754
0.0206147
0.0281437
0.0193368
0.0218064
0.02749
0.0223751
0.0219226
0.017554
0.0242091
0.0240274
0.0211212
0.0187383
0.0179455
0.0183107
0.0284429
0.0207635
0.0294208
0.0204614
0.0182594
0.0172687
0.0215384
0.0312825
0.0208009
0.0195789
0.0163286
0.019876
0.016594
0.0204421
0.0199936
0.0159024
0.0186281
0.0278571
0.0178946
0.0234056
0.018195
0.0187311
0.0162241
0.0207352
0.0207143
0.0144597
0.0152448
0.01585
0.0209494
0.0256043
0.0161464
0.0194893
0.0159465
0.021322
0.0137953
0.0166273
0.0184379
0.0136509
0.0136341
0.0145235
0.0167608
0.0193001
0.0170796
0.0183249
0.033
0.0166075
0.0169797
0.0161411
0.0176694
0.0263816
0.0156308
0.0251248
0.0202945
0.0210493
0.0203878
0.0167796
0.0208603
0.015857
0.0162326
0.0201062
0.0226899
0.0273569
0.0325624
0.0260778
0.0358118
0.0262658
0.0252096
0.0237001
0.0247733
0.0336791
0.0261545
0.0334385
0.0271264
0.0304615
0.0242595
0.033289
0.0350552
0.0273208
0.0277916
0.0270158
0.026703
0.0341631
0.0289459
0.0310445
0.0287813
0.0270359
0.026127
0.0337348
0.0336084
0.0272105
0.02834
0.0244095
0.0259342
0.0366255
0.0286849
0.0305263
0.0253575
0.026892
0.0337524
0.028939
0.0309637
0.025489
0.0280373
0.0212342
0.0250969
0.0336119
0.022433
0.0292696
0.0222004
0.023403
0.0336892
0.0234229
0.0281146
0.0206531
0.0222304
0.0184601
0.0215259
0.0274728
0.0225995
0.0256554
0.0363562
0.0223215
0.0331206
0.0225578
0.0234853
0.0203781
0.0227379
0.0309273
0.0202684
0.0237388
0.0186006
0.0241636
0.0290303
0.0209645
0.0202243
0.0187812
0.0175901
0.028513
0.0215702
0.0227147
0.01842
0.0207078
0.0267832
0.0229889
0.0260419
0.0348161
0.023754
0.0168374
0.0231648
0.0232023
0.0245968
0.0183211
0.0163085
0.0178644
0.0191323
0.031642
0.027601
0.0205224
0.0225879
0.0236637
0.0297777
0.0199126
0.0194254
0.0183825
0.0200898
0.0275851
0.0191578
0.0169167
0.0183097
0.0206851
0.0190013
0.0178765
0.0222865
0.0306024
0.0166719
0.0169748
0.0174331
0.0159941
0.0269912
0.0190977
0.0190187
0.0176222
0.0233128
0.0148529
0.0169649
0.0169251
0.0156771
0.0198961
0.0295622
0.0169999
0.0193467
0.0161856
0.0167474
0.0241088
0.0142372
0.014707
0.0154122
0.0198121
0.0222505
0.0143127
0.0170105
0.0259919
0.0155483
0.0164852
0.0141784
0.0201087
0.0215116
0.0187934
0.0166253
0.0271013
0.0173188
0.0144206
0.0148785
0.0194708
0.0269005
0.0156516
0.0159816
0.0173249
0.0166115
0.0266175
0.0158757
0.0165252
0.0142578
0.0189347
0.0307145
0.0171374
0.0153772
0.0165393
0.0206971
0.0301166
0.0166018
0.0181854
0.0192895
0.0266036
0.028169
0.0164604
0.020576
0.0329221
0.0251894
0.0256954
0.0186911
0.019231
0.0324397
0.0208959
0.0244655
0.0219378
0.0252143
0.03357
0.0243232
0.0237144
0.0295317
0.0206665
0.017401
0.0190132
0.0204982
0.0246522
0.0179499
0.0246542
0.0174255
0.0191227
0.0205859
0.016651
0.0224841
0.0266606
0.0170265
0.020558
0.0160996
0.0224695
0.0242806
0.020218
0.016359
0.0305343
0.0161951
0.0220049
0.015267
0.0223879
0.0287315
0.0148059
0.0171689
0.0178636
0.0203075
0.0286783
0.015179
0.0170107
0.0150994
0.0163906
0.0159267
0.0166789
0.0197025
0.0261821
0.0156539
0.0167425
0.01686
0.019378
0.0268946
0.0209047
0.0183277
0.0175153
0.0185928
0.0230813
0.0181768
0.0229416
0.0295109
0.0177672
0.023794
0.0350263
0.0222805
0.0264604
0.0184064
0.0196994
0.0157725
0.0170502
0.018706
0.0206965
0.02141
0.02666
0.0155266
0.0174772
0.0162123
0.0216516
0.0291292
0.0165152
0.0202863
0.0169853
0.0221022
0.0251588
0.01692
0.0189566
0.0174696
0.0186677
0.0269689
0.0198808
0.0173342
0.0365667
0.0212739
0.0244971
0.0197988
0.0209806
0.030924
0.0180681
0.0248683
0.0176924
0.0235616
0.0176502
0.0175031
0.0299718
0.0173163
0.0200468
0.0151869
0.0149888
0.0301374
0.0202159
0.0253454
0.0175164
0.0145765
0.015798
0.0165134
0.0253258
0.0154212
0.0156032
0.0154859
0.0166554
0.026874
0.0203218
0.0204142
0.0195938
0.01802
0.023489
0.0165248
0.0160807
0.0149518
0.0161637
0.0181689
0.0185208
0.0198101
0.018842
0.0169383
0.0161384
0.0303525
0.0143715
0.024367
0.0156098
0.0191351
0.0169978
0.0203344
0.0176706
0.0175213
0.0149134
0.0283024
0.0144341
0.0219302
0.0133039
0.0216511
0.0317743
0.0183554
0.0146658
0.0204031
0.0205799
0.0271695
0.0157917
0.0223638
0.0199098
0.0201272
0.015083
0.0173572
0.0174383
0.0152016
0.0147467
0.0168277
0.0173176
0.020838
0.0149999
0.0217403
0.0157237
0.0174052
0.02575
0.0183444
0.020286
0.0203573
0.0179908
0.0219561
0.0194702
0.0193501
0.028035
0.0196666
0.0199542
0.0171174
0.0222061
0.0319681
0.0237395
0.0220109
0.0187886
0.0237554
0.0158084
0.020843
0.0264641
0.020903
0.0211752
0.018997
0.0203604
0.0316254
0.0186012
0.0187767
0.018464
0.0179645
0.01765
0.018659
0.0168183
0.0186541
0.0212014
0.0298903
0.017153
0.0167163
0.0216744
0.0208874
0.0346132
0.0199386
0.0211296
0.0207682
0.0262825
0.0232153
0.0183913
0.0179382
0.0170668
0.0190709
0.0255894
0.020254
0.0186768
0.0174504
0.0161557
0.0173261
0.0195826
0.0226026
0.0196778
0.020581
0.016134
0.0177581
0.0282468
0.0199935
0.0214111
0.0176716
0.0159344
0.0182192
0.0183142
0.0216228
0.016448
0.0181366
0.0246493
0.0160223
0.0156385
0.0197485
0.0176161
0.0176755
0.0168088
0.0189099
0.0278176
0.0243248
0.0474991
0.0287487
0.0357584
0.0293075
0.03116
0.0418688
0.033552
0.0407593
0.035046
0.0411135
0.035338
0.0436652
0.0326733
0.0364874
0.0321753
0.0308718
0.0310481
0.114821
0.0347161
0.0400615
0.0356654
0.0440106
0.0340198
0.0389898
0.0293341
0.0346432
0.0272831
0.0346096
0.031552
0.0356689
0.0290203
0.0321939
0.0402391
0.035965
0.0404022
0.0379344
0.0427647
0.0362532
0.0355452
0.0330702
0.0373246
0.0477814
0.0369719
0.0358726
0.0329087
0.0457169
0.0363757
0.0434501
0.0368118
0.035844
0.0348507
0.0413654
0.0440618
0.0392767
0.050541
0.0394076
0.0496405
0.0383482
0.0539933
0.0365932
0.0365772
0.0346193
0.0362882
0.0367996
0.0365142
0.0516302
0.0380136
0.0508069
0.0364209
0.0426185
0.0415191
0.0444516
0.0359894
0.039776
0.0338271
0.0307429
0.0340409
0.0365608
0.0428601
0.034832
0.0435151
0.0381698
0.042999
0.0321902
0.0325155
0.0306261
0.0341982
0.0446101
0.0331057
0.0338865
0.0317553
0.0326745
0.0307179
0.0403157
0.0356207
0.0333841
0.0418643
0.0297243
0.0312534
0.0326573
0.0326331
0.0283473
0.0278085
0.0263393
0.0309923
0.0420628
0.0313111
0.0337793
0.0342109
0.0278425
0.0280618
0.0311939
0.0396657
0.0317329
0.0360348
0.02587
0.0253788
0.0282939
0.0291341
0.0348757
0.0308506
0.0402037
0.0276796
0.0371345
0.0267641
0.0285063
0.0378385
0.0267287
0.0386222
0.0295499
0.0315008
0.0318004
0.033447
0.0381407
0.0328684
0.0395436
0.0278578
0.028963
0.0287025
0.0323506
0.0407842
0.0318169
0.0368414
0.0271852
0.0260718
0.0255041
0.0325847
0.0338698
0.0306067
0.039418
0.031589
0.037581
0.0290838
0.0384497
0.0306291
0.0325875
0.0304298
0.0375298
0.0423576
0.0408198
0.0470686
0.0371545
0.0430808
0.0335325
0.0337463
0.0338547
0.0364633
0.0468234
0.0379932
0.0392571
0.0342321
0.0402889
0.0295139
0.0354987
0.0303521
0.0312928
0.0316782
0.0293572
0.0343093
0.0352297
0.0308229
0.0315348
0.0388014
0.0334472
0.0385882
0.0306068
0.0335024
0.0322999
0.0323197
0.0434029
0.0363372
0.0409719
0.0283281
0.0376266
0.0320227
0.0318717
0.0269738
0.0283726
0.0273724
0.0329613
0.0391606
0.0269232
0.0358597
0.0249031
0.0360142
0.0256604
0.026312
0.0273902
0.0275907
0.0259898
0.0292215
0.0384534
0.0294426
0.0246632
0.0269094
0.0270223
0.0252467
0.031657
0.0364907
0.0266993
0.0316381
0.0258381
0.0242497
0.0225047
0.0261671
0.0331098
0.0299142
0.0259672
0.0241647
0.0293102
0.0239516
0.0297776
0.0370013
0.0291159
0.0310865
0.0272414
0.0281979
0.0292722
0.0288052
0.0264168
0.0274799
0.0260987
0.03007
0.038247
0.0282794
0.0282052
0.0305976
0.0321464
0.0459667
0.0367385
0.0409212
0.0299235
0.0436821
0.0307003
0.0414626
0.0293414
0.0381599
0.0331402
0.0290505
0.0301243
0.0301762
0.0276226
0.0315748
0.0385814
0.0337023
0.040115
0.0326345
0.0337274
0.0329867
0.0326957
0.0343722
0.0321019
0.0298846
0.0306089
0.0439831
0.0330733
0.0407728
0.0323414
0.0459017
0.0294314
0.0334718
0.0281045
0.0276933
0.026825
0.0294037
0.0273753
0.0332286
0.0495523
0.0376108
0.0438025
0.0385547
0.0428188
0.0295885
0.0307141
0.0273077
0.0318448
0.0276138
0.0296978
0.0399155
0.0344342
0.0420797
0.0334311
0.0359401
0.0322927
0.0299378
0.0279267
0.0331769
0.0277335
0.0330712
0.042364
0.0314431
0.0411912
0.0273891
0.0361305
0.02565
0.0254004
0.0255646
0.0328264
0.0394
0.0278514
0.0400253
0.0350674
0.0408137
0.0315075
0.0372265
0.0283281
0.0308714
0.0279125
0.029442
0.0441701
0.0353007
0.0446493
0.0310994
0.0432934
0.0273958
0.0374902
0.0277671
0.0303549
0.0260923
0.0271783
0.0266568
0.0328207
0.0406731
0.0271285
0.0282397
0.0267024
0.0335574
0.0289226
0.036135
0.0417974
0.0294414
0.0333899
0.0270554
0.0320374
0.0266989
0.028726
0.0280659
0.0307279
0.0406391
0.0261218
0.036659
0.0241451
0.0247431
0.0359889
0.0293836
0.0312229
0.0252948
0.0274988
0.0272294
0.030195
0.0408043
0.0293063
0.0303738
0.0255656
0.0263703
0.027384
0.0297653
0.027963
0.0303279
0.0235888
0.0295413
0.0382083
0.0289068
0.0342873
0.0258788
0.0273721
0.0229183
0.0242055
0.0261494
0.0278097
0.034636
0.0293806
0.0359772
0.0237642
0.0371344
0.0231392
0.0254746
0.0397126
0.0298034
0.0343834
0.0243127
0.0319795
0.0225569
0.0245846
0.0211832
0.0269224
0.0310338
0.0224577
0.0207013
0.0198842
0.0220921
0.0158618
0.0229765
0.0310141
0.0173622
0.0199805
0.0209453
0.0259109
0.0344671
0.0240485
0.0228826
0.0227802
0.022777
0.0173296
0.0206944
0.0287204
0.0214253
0.0215404
0.0217322
0.0244421
0.0314294
0.024349
0.0231275
0.0215432
0.0274915
0.0309837
0.0245449
0.0221466
0.0197392
0.0269658
0.0327335
0.0289153
0.0279706
0.0193686
0.0205117
0.0194662
0.027686
0.0343058
0.0217749
0.0258105
0.0203993
0.0224353
0.0189518
0.0265351
0.0265403
0.0187371
0.0209881
0.017895
0.0261269
0.0366988
0.0257288
0.0288686
0.0205374
0.0250292
0.0223608
0.0270402
0.0344767
0.0261313
0.0237497
0.0200908
0.0202675
0.0180326
0.0199763
0.0174631
0.019712
0.0172527
0.0157572
0.0172426
0.0306623
0.0166488
0.019792
0.015478
0.0147217
0.0150282
0.0193688
0.0283888
0.0175281
0.0206885
0.0187178
0.0205434
0.0328145
0.0163761
0.0225628
0.0166225
0.022668
0.0163088
0.0163851
0.0179795
0.0215838
0.0322774
0.0178963
0.0222228
0.0180014
0.0226006
0.0347262
0.0199356
0.0294574
0.0181071
0.0205543
0.0226381
0.02398
0.0363566
0.0196307
0.0245385
0.0201663
0.0195317
0.0194132
0.0220978
0.0300575
0.0203965
0.0189772
0.0196031
0.0196755
0.0313878
0.0205868
0.0290484
0.0192882
0.0208794
0.0215409
0.025542
0.0218666
0.0242756
0.0384229
0.0273031
0.0242146
0.0218813
0.0296559
0.0369232
0.0234815
0.0331811
0.0214848
0.0195204
0.0185272
0.0262257
0.0380605
0.0231352
0.0315037
0.0237583
0.0280782
0.0200063
0.0193778
0.0190332
0.0200939
0.0318929
0.0219906
0.0207673
0.0197124
0.0244269
0.0360801
0.0242296
0.0271587
0.0234289
0.0256186
0.022815
0.0230867
0.0331214
0.0250918
0.021637
0.037294
0.0238599
0.0321401
0.0229197
0.0238893
0.0220113
0.0283826
0.0357765
0.0244648
0.0340509
0.0258794
0.0242992
0.0211196
0.0274775
0.0374071
0.0255222
0.0256222
0.0218935
0.0219582
0.0194566
0.0221594
0.0325257
0.0200186
0.0337204
0.02244
0.0348862
0.0223185
0.0288282
0.0211165
0.023994
0.0242799
0.0267199
0.0345594
0.0264971
0.0253099
0.0229607
0.0270477
0.0261612
0.0299159
0.0383259
0.0268234
0.0297852
0.023388
0.0221504
0.0230866
0.0233548
0.0338848
0.0232192
0.0281189
0.0236143
0.0246593
0.0396321
0.0259595
0.0361824
0.0244015
0.0233656
0.0234897
0.025183
0.0375395
0.024139
0.0333298
0.0224175
0.0245656
0.0237844
0.0234853
0.0217541
0.0249024
0.0375192
0.0256642
0.0325468
0.0254693
0.0235164
0.022752
0.0269069
0.0284861
0.0226806
0.0258109
0.0243608
0.0214639
0.0251223
0.0273841
0.0405802
0.0293775
0.0297246
0.0251079
0.0246495
0.023483
0.0284555
0.0282406
0.0272168
0.0336277
0.0237885
0.0308428
0.0231317
0.0239286
0.0231975
0.0266545
0.034791
0.0240718
0.0359851
0.0229115
0.0253565
0.021987
0.0231376
0.0225167
0.0242774
0.020687
0.0241825
0.0326469
0.0199881
0.02089
0.0225217
0.0260945
0.0207477
0.0244883
0.0324343
0.0225881
0.0275689
0.0225132
0.0234893
0.0210112
0.0253721
0.0203145
0.030499
0.0405779
0.0230407
0.0299988
0.0233161
0.0241464
0.0255435
0.0278557
0.0398101
0.0300009
0.0279151
0.0261094
0.0285016
0.028338
0.0295627
0.0355691
0.0280469
0.0314867
0.0254966
0.0291003
0.0383747
0.0252436
0.0277144
0.0207558
0.0188101
0.0189431
0.0193469
0.0296411
0.0185596
0.0174051
0.0195975
0.0233096
0.035405
0.0238424
0.0269477
0.0195243
0.0200217
0.0220839
0.0229418
0.0395645
0.0255443
0.0274906
0.0248743
0.0269696
0.0343744
0.0270789
0.0320845
0.0248558
0.0252526
0.0231158
0.0241966
0.0275861
0.0256208
0.0350917
0.0252785
0.0251586
0.0244319
0.0252281
0.0237022
0.0280086
0.0241925
0.0253081
0.0225843
0.0275719
0.0363643
0.0283488
0.0294995
0.0252353
0.0256166
0.0231043
0.0340987
0.0346892
0.0233764
0.03209
0.0226006
0.0269846
0.0230992
0.0269674
0.0214722
0.02081
0.0212219
0.0269436
0.0326187
0.0242496
0.0332126
0.0227025
0.0268274
0.0199068
0.0208448
0.0216725
0.0243529
0.0306213
0.0228767
0.0310158
0.0214129
0.0227376
0.0245788
0.0207754
0.0343353
0.0215016
0.0292092
0.0205848
0.0346143
0.0191297
0.0208281
0.0196388
0.0235316
0.0310522
0.0242462
0.0308579
0.0227794
0.0241303
0.0198107
0.0193276
0.0221156
0.0268429
0.037203
0.0222231
0.025941
0.0212712
0.0224962
0.0207289
0.022344
0.0213475
0.0234814
0.0292425
0.0254563
0.0304358
0.0243051
0.0238021
0.0214701
0.0270236
0.0342833
0.0226382
0.022412
0.0248472
0.0236403
0.0336498
0.0257308
0.0328416
0.0256438
0.029226
0.0260042
0.026008
0.0401224
0.0301964
0.0373715
0.0268586
0.0316296
0.0285805
0.0301798
0.0250716
0.030881
0.038134
0.0256647
0.0381482
0.0235813
0.0283022
0.0236842
0.0209257
0.0215446
0.0224306
0.0220359
0.0263206
0.0346826
0.025004
0.0258834
0.022256
0.0233419
0.0221898
0.0235061
0.0336955
0.0235059
0.0325832
0.024294
0.0296066
0.025872
0.0316944
0.0392403
0.0288412
0.0365857
0.0242317
0.0231502
0.0236946
0.0239443
0.0264478
0.0262661
0.0233432
0.0239467
0.0278602
0.0254568
0.0279613
0.0359407
0.0244135
0.0367667
0.0252028
0.0274634
0.0233503
0.025304
0.0413283
0.0283623
0.0263311
0.0235388
0.0264031
0.0241774
0.0276618
0.0370046
0.0241264
0.0252027
0.0257199
0.0248789
0.035501
0.0269458
0.0337891
0.0240487
0.0234406
0.0240572
0.0272844
0.0346247
0.0260597
0.0386337
0.0264545
0.0247977
0.0305922
0.0290288
0.0234929
0.0251427
0.034326
0.0266833
0.0350051
0.0249506
0.0267919
0.0238238
0.0253857
0.0237513
0.0253023
0.0344364
0.0283687
0.0368343
0.0256051
0.0315178
0.0246388
0.0227985
