0.0125999
0.0325839
0.0297248
0.0331046
0.0329526
0.0328823
0.029876
0.0308671
0.0342574
0.0386777
0.0325471
0.0302651
0.0306627
0.0317188
0.033785
0.0368388
0.0331199
0.0287124
0.0322492
0.0324435
0.0294651
0.0425857
0.0316387
0.0306192
0.0316461
0.0327257
0.0311616
0.0314999
0.0344027
0.033715
0.0330606
0.0289154
0.0347354
0.0338638
0.0316105
0.0308895
0.0292539
0.0321883
0.0335827
0.0321777
0.0308787
0.0318819
0.0344064
0.0354353
0.0300712
0.0330229
0.0294356
0.0311344
0.0307196
0.0331802
0.0293142
0.0327726
0.0333579
0.0318115
0.0313335
0.0383708
0.0330033
0.03323
0.0349417
0.0314774
0.0327556
0.0321765
0.0325691
0.0309849
0.0302108
0.0311487
0.030522
0.0319759
0.03177
0.032625
0.0325155
0.0340069
0.0317549
0.0339453
0.0347398
0.0306559
0.0308187
0.0311232
0.0307883
0.0328843
0.0338893
0.0332563
0.0315891
0.0327848
0.0315662
0.0343486
0.0313851
0.0325537
0.0339068
0.0302527
0.0308105
0.0313761
0.0323639
0.0322564
0.0358508
0.033964
0.0330912
0.0376051
0.0288026
0.0342216
0.0291043
0.030953
0.0331543
0.0308833
0.0305115
0.0332092
0.0340082
0.0297155
0.0378431
0.0312633
0.0329778
0.0329629
0.0342814
0.0319567
0.0348826
0.0326438
0.0337177
0.0314528
0.0306037
0.0305741
0.0336772
0.0316384
0.0363423
0.0326682
0.032317
0.0298417
0.0309041
0.0307114
0.0321079
0.0316483
0.0294229
0.0287281
0.0299541
0.0271251
0.0271426
0.0357474
0.0358935
0.0398026
0.0355964
0.0383191
0.0355449
0.0353347
0.0353758
0.0360046
0.0432415
0.0436241
0.0385364
0.0360276
0.0379732
0.0363682
0.0381471
0.0361801
0.0389308
0.03612
0.036789
0.0367106
0.0399605
0.0397574
0.0375441
0.0362749
0.0384981
0.0359674
0.0355251
0.0339221
0.0337783
0.0337334
0.0332911
0.0335648
0.032302
0.032614
0.0315197
0.0317422
0.0300668
0.0307197
0.0308656
0.0375631
0.038916
0.0372561
0.0399548
0.037472
0.033622
0.0376291
0.0328163
0.0345802
0.0358546
0.0323135
0.0360534
0.0318268
0.0355964
0.0308265
0.0314153
0.029015
0.0257366
0.0293773
0.0282743
0.0282196
0.0260992
0.0265191
0.0260807
0.0304109
0.0352295
0.0321403
0.033349
0.0341791
0.0325756
0.0311738
0.028771
0.0314003
0.0307496
0.0296968
0.033647
0.0344322
0.0331264
0.0345557
0.0324323
0.0332389
0.0345361
0.0365888
0.0363602
0.0355897
0.0349026
0.035028
0.0352289
0.0370603
0.0327891
0.0352427
0.0354857
0.0369965
0.0363016
0.0382729
0.0312165
0.0339593
0.0353361
0.0327817
0.0348648
0.0328263
0.0322693
0.0333782
0.0310382
0.0337689
0.0300578
0.0348053
0.0311069
0.0282921
0.0299943
0.0314729
0.0270708
0.0263283
0.0329674
0.0302448
0.0313849
0.0278846
0.0309791
0.0317683
0.0293746
0.0281249
0.0293896
0.0282394
0.0263403
0.0258594
0.0292908
0.0386214
0.0366919
0.0409183
0.0397301
0.0395377
0.0315691
0.0356804
0.0374167
0.037425
0.0338265
0.0312967
0.0371248
0.0355771
0.0337469
0.0366192
0.0370043
0.0320685
0.0358057
0.0372869
0.0384428
0.0360543
0.0383755
0.0366773
0.0364214
0.0340512
0.0354709
0.0393541
0.0316037
0.0398749
0.0364256
0.0335607
0.0385923
0.0352984
0.0329859
0.0353451
0.0359108
0.0353842
0.0401758
0.0357166
0.034462
0.0348428
0.036775
0.0359348
0.0340294
0.0356167
0.0350441
0.0351948
0.0371152
0.0349174
0.0327315
0.0331964
0.0379944
0.0365288
0.0376334
0.0359053
0.0349566
0.0366459
0.0381225
0.0359734
0.0344637
0.0373006
0.0371091
0.0377802
0.0330389
0.0358834
0.0352978
0.0355183
0.0362079
0.0340415
0.0318026
0.0359538
0.0347449
0.0319405
0.0333391
0.0316709
0.0336995
0.034434
0.0350487
0.0315408
0.0360292
0.0339269
0.0337665
0.0321816
0.035454
0.0343563
0.0353226
0.0360857
0.0370042
0.0354476
0.0337686
0.0343353
0.0321247
0.0348846
0.0351774
0.0337202
0.031812
0.0340173
0.0358469
0.0336714
0.0348874
0.0339912
0.0348322
0.0352134
0.0367678
0.0345239
0.0351461
0.0325964
0.0336891
0.0308697
0.030632
0.0310917
0.0308986
0.029217
0.0305752
0.0437776
0.0312232
0.0297323
0.03087
0.0323574
0.034206
0.0383003
0.0374334
0.0385342
0.0336308
0.0378842
0.0358417
0.0366811
0.0338241
0.0377927
0.036186
0.0379291
0.0338058
0.0341174
0.0342295
0.0352033
0.0339667
0.0349082
0.03401
0.0307257
0.0309606
0.0291553
0.0305072
0.0320607
0.0335937
0.0369186
0.0368071
0.041029
0.0369679
0.0428831
0.0377312
0.0387431
0.038344
0.034482
0.0364286
0.0406613
0.038015
0.0380747
0.0377894
0.0377996
0.0387385
0.0326353
0.039275
0.0382742
0.0357608
0.0348707
0.0332366
0.0311812
0.0335563
0.0346427
0.0425371
0.0355523
0.0397407
0.0383158
0.036452
0.0345988
0.0355971
0.0359827
0.0340225
0.0317982
0.0327623
0.0309278
0.0300873
0.0302197
0.0331529
0.0295992
0.0303214
0.0343135
0.0361784
0.036807
0.0346219
0.0368469
0.0348136
0.0346177
0.0385671
0.0393033
0.0356246
0.0367581
0.0362433
0.0336425
0.035206
0.0320886
0.0341804
0.0307079
0.0361744
0.0335974
0.0341061
0.0345897
0.0369255
0.036061
0.0389755
0.0365233
0.0372406
0.032845
0.0333979
0.0306035
0.030446
0.0300222
0.0285324
0.031414
0.030759
0.0316746
0.0321865
0.0329003
0.0323024
0.0323088
0.0348012
0.0338115
0.0355416
0.0348324
0.0362613
0.037703
0.0388324
0.0380115
0.0390489
0.0388836
0.039075
0.0350818
0.0360682
0.034275
0.0338736
0.0328989
0.0314981
0.0279368
0.0283447
0.0298885
0.0308754
0.027649
0.0412927
0.03237
0.0383607
0.0379845
0.040639
0.0357993
0.0407023
0.0405874
0.0391609
0.0368312
0.0308368
0.0366441
0.0371538
0.0312832
0.0293559
0.0397334
0.0389397
0.0441209
0.0392221
0.0407686
0.0349941
0.0333316
0.031509
0.0310406
0.0346605
0.0287869
0.0313462
0.0286035
0.027847
0.0361424
0.037699
0.0389551
0.0396801
0.0365021
0.0394055
0.0354959
0.0383288
0.0381104
0.0395478
0.036927
0.0349894
0.0348831
0.0347111
0.0333677
0.0332616
0.0370392
0.0375564
0.040603
0.0397206
0.0388449
0.0420806
0.0401251
0.0414124
0.0422843
0.0408823
0.0373027
0.0407082
0.0416172
0.0375055
0.0348259
0.0404043
0.0431616
0.0400748
0.0414933
0.0385588
0.0413595
0.0380229
0.042565
0.0394572
0.0404355
0.0386663
0.0381299
0.0394025
0.0415179
0.0399534
0.0382568
0.0314051
0.0340753
0.0330642
0.0339102
0.0275504
0.0271224
0.0250533
0.0280287
0.0278515
0.0285962
0.0297956
0.0291087
0.0287986
0.0270198
0.029336
0.0298868
0.0286135
0.0299084
0.0313838
0.0313283
0.0357832
0.0386628
0.0400818
0.0386574
0.0386336
0.0354999
0.0355377
0.0409675
0.0389495
0.0410363
0.0402196
0.0378932
0.0379263
0.0361279
0.0359666
0.0347106
0.0349439
0.0348032
0.0331387
0.0332115
0.0319293
0.0301775
0.0296999
0.0382143
0.0393116
0.0375685
0.0330976
0.0344784
0.0345032
0.0359667
0.0335795
0.0356494
0.0353301
0.0377793
0.036886
0.0372446
0.0346519
0.0381104
0.0388563
0.0377619
0.0389811
0.0414585
0.0365858
0.0368574
0.0348537
0.0355833
0.0358316
0.0354355
0.0360685
0.0371292
0.0360601
0.0348667
0.0328946
0.0380419
0.0361256
0.0365636
0.0366372
0.039658
0.0389684
0.032955
0.0399521
0.0426307
0.0366505
0.0395438
0.0422038
0.0357425
0.0417944
0.0443269
0.0405489
0.0405646
0.0393557
0.0405953
0.0398651
0.0435407
0.0417989
0.0381805
0.0411116
0.0398952
0.0361077
0.0411092
0.0363508
0.0358286
0.0356209
0.0370188
0.0355953
0.0394555
0.0339208
0.0373642
0.0337211
0.0333721
0.0317916
0.0294022
0.0309268
0.0289216
0.0311498
0.0293342
0.0268075
0.0273129
0.0274955
0.0334861
0.0321097
0.0345441
0.0283925
0.0314336
0.0310095
0.0284936
0.0256224
0.025797
0.0247077
0.0340708
0.0356267
0.0340761
0.0320222
0.0308106
0.029435
0.0308147
0.0279432
0.0293266
0.0296937
0.0388612
0.0382244
0.0405876
0.0346676
0.0317351
0.0335018
0.0331632
0.0324249
0.0302582
0.030678
0.0277745
0.0272418
0.026042
0.0336553
0.034103
0.032384
0.0293205
0.0313093
0.0308329
0.028745
0.0335155
0.0349649
0.0347792
0.031833
0.0324437
0.0327559
0.0403241
0.0363213
0.0371823
0.0347673
0.0322453
0.0321591
0.0363357
0.0356249
0.0335342
0.0336515
0.0295049
0.0306014
0.0346531
0.0326479
0.035878
0.0326344
0.0299176
0.0304231
0.0307267
0.0322533
0.0311865
0.0281751
0.0325405
0.0341522
0.035025
0.0327351
0.0327031
0.030761
0.0303156
0.0358804
0.0316286
0.03537
0.037394
0.0345445
0.0415639
0.0336282
0.037918
0.0389527
0.0332894
0.0331161
0.0373961
0.0415335
0.0355825
0.0360575
0.0346221
0.0348738
0.0383394
0.040606
0.036203
0.0351508
0.0371562
0.0316956
0.0340495
0.0353119
0.032065
0.0357301
0.0347664
0.0323712
0.0310996
0.0318717
0.0331009
0.0395069
0.0368475
0.0389576
0.038045
0.0356723
0.0384571
0.0368347
0.0382749
0.0379233
0.0363902
0.0334094
0.0364173
0.0371526
0.0377296
0.0347299
0.0366008
0.0378288
0.0377268
0.0374407
0.0343509
0.0340236
0.0327156
0.034355
0.033888
0.0367099
0.0345092
0.033548
0.0331225
0.0321621
0.0332802
0.0382065
0.0360544
0.0359856
0.0368444
0.0370055
0.0363217
0.0330125
0.035248
0.0358133
0.033243
0.0327323
0.0353544
0.0296564
0.0340132
0.0338854
0.0347916
0.0352847
0.0375204
0.0324297
0.0376839
0.0335735
0.0344767
0.0346821
0.0325233
0.0345554
0.0354278
0.0361975
0.0317895
0.0367883
0.0361272
0.0384425
0.0343769
0.031327
0.031808
0.0348453
0.0334955
0.031396
0.0321528
0.034497
0.029833
0.035657
0.0319198
0.0424012
0.040832
0.0407599
0.0429352
0.0376203
0.0419898
0.0386511
0.0382215
0.040605
0.0384178
0.0354544
0.0397303
0.0333308
0.040047
0.0377101
0.0366454
0.0402103
0.0333243
0.037359
0.0320339
0.0337285
0.0369805
0.0348664
0.0366104
0.0333053
0.0321112
0.0305325
0.0301363
0.035478
0.038484
0.0336513
0.039296
0.0382707
0.0336692
0.0368924
0.0315863
0.035304
0.0389638
0.0394748
0.0383891
0.038331
0.0387153
0.0346816
0.034526
0.0354143
0.0350506
0.0362128
0.0372143
0.0346665
0.03596
0.0356545
0.04353
0.0350558
0.0355486
0.0347828
0.0319936
0.032322
0.0334364
0.038301
0.0384893
0.0369209
0.0405622
0.0382824
0.0384439
0.0374469
0.0397998
0.0345677
0.0358401
0.0355867
0.0375871
0.036325
0.0368452
0.0329863
0.0350376
0.0320343
0.0310775
0.0296312
0.0312543
0.0347329
0.0322087
0.0336897
0.0373915
0.0376708
0.0349463
0.0363289
0.0355744
0.0371795
0.0365186
0.0348165
0.0367211
0.0344538
0.0363102
0.0354254
0.0380086
0.0328688
0.0339323
0.0332088
0.031734
0.0349876
0.0329782
0.0345452
0.0433566
0.0304328
0.0307162
0.0339469
0.0379942
0.0377999
0.035228
0.03541
0.0391577
0.0370901
0.0366897
0.03503
0.0355838
0.0366848
0.0357258
0.0352652
0.0352034
0.0352687
0.0364516
0.0368287
0.0345134
0.0349413
0.036122
0.0349355
0.0370737
0.0358399
0.032844
0.0366096
0.0352693
0.0353077
0.0355282
0.0328658
0.0333261
0.0315996
0.0329386
0.0350383
0.0327475
0.037167
0.0337972
0.0324917
0.0331266
0.0330978
0.034472
0.0338898
0.0327066
0.0331145
0.0317273
0.0334177
0.0342875
0.0328439
0.0339271
0.0356568
0.0348115
0.034596
0.0361506
0.0350977
0.0355628
0.0378459
0.0369595
0.0335322
0.0309188
0.032633
0.0419836
0.0375285
0.0359095
0.0345225
0.0350572
0.0278254
0.0266732
0.0254537
0.0251497
0.0247788
0.0259171
0.0263665
0.0248857
0.0259722
0.027868
0.0286018
0.0268862
0.0262361
0.0266248
0.0255513
0.0249223
0.0292356
0.0362766
0.0390135
0.0400999
0.036444
0.0374792
0.034936
0.037878
0.0337936
0.0352773
0.0349242
0.0328741
0.0346993
0.0353538
0.0332455
0.0347968
0.0372215
0.0369746
0.0389255
0.0343603
0.0398115
0.0373433
0.0346466
0.037561
0.0361087
0.0320056
0.0350435
0.0333381
0.0332437
0.041809
0.0408297
0.0393768
0.0389108
0.0377428
0.0366189
0.0416407
0.0383852
0.0423969
0.04154
0.0374896
0.0406381
0.0397988
0.0386407
0.0372238
0.0379647
0.0415715
0.0385973
0.0371909
0.0341682
0.0309081
0.0348759
0.0330959
0.0357281
0.036424
0.0366994
0.0348096
0.035827
0.0357032
0.0305248
0.0332735
0.032685
0.0310615
0.0320365
0.032209
0.0317063
0.0355302
0.0307205
0.0332977
0.0409654
0.0389202
0.0424766
0.0411065
0.037423
0.0409653
0.0432951
0.0426745
0.0396516
0.0391936
0.0412961
0.0409306
0.0396982
0.0376606
0.0366935
0.0361916
0.0357808
0.0366632
0.0370122
0.0343393
0.0364313
0.0371962
0.0378346
0.030306
0.0312681
0.034154
0.040368
0.0416525
0.0404282
0.0395848
0.0391874
0.0378031
0.0374394
0.0385814
0.0349278
0.0356512
0.0371283
0.0365232
0.0357262
0.0361348
0.0370413
0.0345632
0.0352299
0.0365021
0.0347199
0.036095
0.0362466
0.037739
0.0367383
0.0348657
0.0385136
0.0342832
0.0392863
0.0387774
0.0381518
0.0376522
0.0402429
0.0397069
0.037485
0.039365
0.0329654
0.0335723
0.0365808
0.0345339
0.031845
0.0368226
0.0369082
0.032201
0.0335822
0.0307191
0.0297495
0.0304735
0.029016
0.0417956
0.0469834
0.0419596
0.0394668
0.0372365
0.0389991
0.0347919
0.033233
0.0358123
0.0348581
0.0323806
0.0319229
0.0309682
0.0315958
0.0329529
0.039097
0.0385977
0.0390403
0.0389221
0.0380098
0.0379342
0.0403731
0.0370583
0.0359552
0.034112
0.038004
0.0362296
0.034525
0.0354759
0.0368955
0.0334322
0.0337255
0.0354572
0.0369377
0.0365464
0.0378518
0.0333479
0.0329386
0.0315652
0.0330902
0.0356632
0.0339658
0.0351406
0.0350577
0.0412327
0.0377567
0.0362092
0.0360608
0.0384958
0.0370034
0.0379218
0.0341469
0.0374529
0.0368616
0.0350676
0.0374886
0.0366914
0.0349939
0.0351741
0.0374518
0.0363332
0.038373
0.0341111
0.0349191
0.0362149
0.0355708
0.0362656
0.0372551
0.0361137
0.0339219
0.035822
0.0343543
0.0351741
0.0376933
0.0370402
0.0349229
0.0376373
0.0351246
0.0352619
0.0341786
0.0337105
0.0355662
0.0333693
0.0333008
0.0336291
0.0359682
0.0352808
0.0359716
0.0351664
0.0390993
0.0352486
0.0370573
0.0349857
0.0341349
0.0314757
0.0335493
0.0336583
0.0353675
0.0330381
0.0335991
0.0360273
0.0373812
0.0320427
0.0346202
0.0344009
0.0352228
0.0355841
0.035449
0.0340852
0.0351836
0.0338646
0.0448414
0.0433588
0.0428837
0.0405391
0.0387978
0.0435574
0.0403122
0.0419868
0.0467105
0.0518368
0.0463244
0.0448422
0.0442612
0.0432585
0.0434833
0.0457077
0.0440444
0.0433664
0.0447737
0.0436057
0.0409337
0.0363365
0.0421211
0.0411437
0.038585
0.0393228
0.0357182
0.0374395
0.0405607
0.0399421
0.0406041
0.0400625
0.035735
0.0399198
0.0359905
0.0380285
0.0360107
0.0397423
0.035112
0.0357089
0.0385332
0.0343672
0.0383183
0.0397237
0.0359261
0.0383593
0.0376876
0.0341108
0.0384948
0.0364926
0.0340217
0.0349269
0.0353127
0.0361917
0.0447357
0.0389022
0.0414412
0.0387522
0.0388664
0.0361917
0.0359527
0.0359281
0.0397845
0.038549
0.0362069
0.0366557
0.0354025
0.0319406
0.035663
0.0338711
0.0363648
0.0335191
0.0312249
0.0345581
0.0369741
0.0289904
0.0288922
0.0289825
0.0303675
0.033541
0.0345541
0.0298067
0.029635
0.0302325
0.0317314
0.0372028
0.0363266
0.0371371
0.0355107
0.0361703
0.0344936
0.0325656
0.0354589
0.0333637
0.0356434
0.0380419
0.0372352
0.0386423
0.0364744
0.0388805
0.038317
0.0390366
0.0379253
0.0385406
0.0377612
0.0380544
0.0375671
0.0384845
0.0383172
0.03675
0.0372555
0.0371446
0.0444877
0.0404769
0.0362661
0.0334349
0.0336717
0.0340726
0.0331083
0.0334338
0.0371183
0.0372241
0.0487542
0.0390348
0.0384849
0.0353255
0.0339855
0.0386423
0.0375565
0.0361268
0.0363345
0.0349724
0.0355674
0.0386656
0.0384706
0.0361369
0.0397596
0.0388184
0.0386313
0.0354413
0.0363497
0.0366804
0.038085
0.0364223
0.039189
0.0420509
0.0401358
0.0375799
0.0420814
0.0402391
0.0379002
0.0391282
0.0423293
0.0347925
0.0342166
0.0366006
0.0461192
0.0412043
0.0374335
0.0390338
0.0371774
0.0394146
0.0386246
0.0382986
0.0401482
0.0392604
0.0372491
0.0383359
0.0374339
0.0359664
0.035513
0.0342852
0.0358076
0.043559
0.033468
0.0328945
0.0326204
0.0315203
0.0346119
0.0355862
0.0311403
0.0337038
0.031718
0.0315037
0.031402
0.0298199
0.0292441
0.0300788
0.0362815
0.0357669
0.0358061
0.0335098
0.0352127
0.0340845
0.0347914
0.0341483
0.0297277
0.0320297
0.0356251
0.0333467
0.0270325
0.0286088
0.029849
0.0363118
0.0362876
0.035571
0.0374458
0.0322766
0.0338967
0.0330377
0.0360974
0.0300485
0.0307165
0.0305686
0.0405787
0.0371535
0.0400341
0.0352111
0.0385218
0.0386667
0.0340029
0.0328322
0.0328565
0.0309576
0.028908
0.0314465
0.0390533
0.040779
0.0388968
0.0365709
0.0345219
0.0353812
0.032966
0.0345069
0.0322326
0.0339426
0.0324148
0.0309692
0.0345248
0.0320597
0.0318643
0.0323365
0.0415371
0.0381578
0.0425837
0.0402508
0.038176
0.0404579
0.037425
0.0395838
0.0357871
0.0361941
0.0358607
0.0345767
0.0324643
0.031595
0.0343944
0.0308301
0.0304564
0.0308489
0.0363636
0.0379448
0.0358384
0.0377333
0.0371315
0.0349241
0.0339652
0.0327259
0.0334045
0.04024
0.0403127
0.0375522
0.0347894
0.0303744
0.0295942
0.0312639
0.0348922
0.0352813
0.0340452
0.0321593
0.0350019
0.0307313
0.0331289
0.0383312
0.0413858
0.0410047
0.0414921
0.0379346
0.044583
0.0443524
0.0437136
0.046985
0.0440122
0.0397072
0.0412634
0.0418279
0.0366471
0.0416366
0.0404488
0.0386659
0.0406879
0.038933
0.037507
0.0349415
0.039639
0.0381563
0.0388816
0.0420647
0.0391007
0.0389317
0.0413876
0.042685
0.0413503
0.0375138
0.0381384
0.0407652
0.0429676
0.036861
0.0417224
0.0426435
0.0387816
0.0422036
0.0405953
0.0332239
0.0394725
0.0397951
0.041251
0.0420502
0.0371634
0.0366199
0.0346241
0.035864
0.0373778
0.038328
0.0359486
0.0414342
0.0339574
0.0375393
0.0349462
0.0350148
0.0370413
0.0346243
0.037457
0.0348841
0.0315661
0.0311566
0.0385108
0.0406621
0.044176
0.0399862
0.0410861
0.0397203
0.0389641
0.0406503
0.0350376
0.0394203
0.0358108
0.0336235
0.0348876
0.0366769
0.03495
0.0344157
0.0331765
0.0396087
0.0374769
0.0353082
0.0336924
0.0324075
0.030574
0.0321046
0.0286695
0.039116
0.0390571
0.0344144
0.0383437
0.0346705
0.0519241
0.0409503
0.0381605
0.0396766
0.0393775
0.0424661
0.0412898
0.0332116
0.0365227
0.0452523
0.0431123
0.0404933
0.0392665
0.0394582
0.0385753
0.0406341
0.0408093
0.0369898
0.0402492
0.0367933
0.0377591
0.040693
0.0411228
0.0406758
0.0387232
0.0377663
0.035875
0.0394044
0.0410456
0.0390966
0.0382387
0.0374517
0.0410232
0.0367287
0.034472
0.0393951
0.0364579
0.0351961
0.0364412
0.0431993
0.0394044
0.0387405
0.038426
0.0359564
0.0367768
0.0356643
0.0341412
0.0372871
0.0364297
0.0335821
0.0363841
0.0359707
0.0357155
0.0366811
0.0358096
0.0362386
0.0381181
0.0381494
0.0399065
0.0374911
0.0344642
0.0337891
0.0377315
0.0366945
0.0347709
0.0424007
0.0357062
0.0372565
0.0369199
0.0352652
0.0374511
0.0330028
0.0345269
0.0372649
0.0359068
0.0404047
0.03783
0.0379593
0.0444369
0.0457053
0.0475778
0.0436965
0.0434073
0.0446598
0.0433828
0.0421085
0.0489719
0.0427339
0.0420796
0.0430772
0.0448236
0.0459099
0.0450168
0.044024
0.0429406
0.0461199
0.0420858
0.0453304
0.0442346
0.0423598
0.0405723
0.0410264
0.0385464
0.0372364
0.0383832
0.0357975
0.0368304
0.0366507
0.0316684
0.0334142
0.0318843
0.0415738
0.0392934
0.0389984
0.0403632
0.0360932
0.035938
0.0357614
0.0371213
0.0392275
0.0364522
0.0388085
0.0393702
0.0371365
0.0401028
0.0371738
0.0418864
0.0432334
0.041865
0.0375919
0.0397571
0.0406475
0.036308
0.037804
0.0371497
0.0368993
0.0404271
0.0409004
0.0439167
0.0398676
0.0414404
0.0391258
0.0418023
0.0450844
0.0437092
0.045863
0.0461533
0.0473845
0.0401158
0.0320499
0.0409788
0.0376554
0.0368618
0.0424309
0.0411472
0.0410935
0.0395878
0.0358968
0.0378768
0.0375721
0.0390541
0.0356406
0.0377652
0.0343798
0.0365855
0.0313401
0.0414523
0.0401862
0.0407041
0.0429431
0.0417596
0.0347326
0.038366
0.0362188
0.0370603
0.0361718
0.0344944
0.035205
0.0396777
0.0384387
0.0377089
0.0374757
0.0367798
0.0389764
0.0376872
0.0357977
0.0367349
0.0353742
0.0347129
0.0417458
0.0326384
0.0372774
0.0362084
0.039656
0.036959
0.0354636
0.0341299
0.0343677
0.0405501
0.0387701
0.0412142
0.040979
0.037015
0.040597
0.0392407
0.0380371
0.0366501
0.0374826
0.0392177
0.0388169
0.0346629
0.0383426
0.0357046
0.0379446
0.0387755
0.0358324
0.0375244
0.0418305
0.0453584
0.0418094
0.0409579
0.0393507
0.0365452
0.0395712
0.0360486
0.0334048
0.039943
0.0364086
0.0392283
0.0396581
0.0383305
0.0370428
0.0377552
0.038394
0.0401327
0.0398818
0.0375869
0.0413323
0.0381566
0.0383068
0.0341342
0.0359191
0.0369602
0.0368626
0.033464
0.0336334
0.0356753
0.0319904
0.0335618
0.0354062
0.0313779
0.0297668
0.0268181
0.0251152
0.0233219
0.028236
0.0328185
0.0335181
0.0327304
0.0378347
0.0387557
0.0383477
0.0419286
0.0405041
0.0405422
0.0414276
0.0431034
0.0428896
0.038039
0.0388765
0.0345824
0.0387626
0.0361302
0.0368964
0.0356128
0.034276
0.0346587
0.0380702
0.0357703
0.0386322
0.0285558
0.0300201
0.0260376
0.0218431
0.0204951
0.0190605
0.0245766
0.0301611
0.0401253
0.0393357
0.0410905
0.0401285
0.0362147
0.0369613
0.0336813
0.0384579
0.0368836
0.0349016
0.036831
0.0364156
0.035613
0.0362084
0.0359361
0.0353348
0.0338349
0.0356741
0.0354769
0.0399515
0.0402141
0.0510707
0.037956
0.0415248
0.0396417
0.0422071
0.0388679
0.0392755
0.0427201
0.0419347
0.037597
0.0376188
0.0400382
0.0398701
0.036935
0.040729
0.0376309
0.0392893
0.0399531
0.0351575
0.0358416
0.0348898
0.0360004
0.0318885
0.0412716
0.0406255
0.040522
0.038756
0.0392118
0.0364697
0.0353301
0.0370284
0.0377457
0.0336828
0.0344222
0.0382838
0.0370931
0.0357083
0.0332836
0.0351983
0.0365045
0.0381218
0.037518
0.0351445
0.0385269
0.0381112
0.0348932
0.0337514
0.0357232
0.0335694
0.035482
0.033898
0.0386033
0.0400797
0.0395137
0.037544
0.0415005
0.0408787
0.040003
0.0406763
0.0397569
0.0375397
0.0388817
0.0452848
0.0435598
0.0427355
0.0434954
0.0416334
0.0445121
0.0397921
0.0402106
0.0390431
0.0381888
0.0368582
0.0354502
0.0383622
0.0358511
0.0409202
0.0371547
0.0369628
0.0357408
0.0359344
0.0362832
0.0373312
0.0393368
0.0381529
0.0376555
0.0420374
0.0364443
0.0387882
0.0370682
0.0397215
0.0376762
0.0376618
0.0391769
0.0380468
0.0393302
0.0397666
0.0413651
0.0414834
0.0432123
0.0381178
0.0417109
0.0426982
0.0356687
0.0440335
0.0397577
0.0374821
0.0412579
0.0392777
0.0366265
0.042389
0.0414176
0.0419036
0.0398767
0.0419451
0.0446594
0.0445478
0.0459141
0.0407525
0.045187
0.0424157
0.0380722
0.0426361
0.0431914
0.0438062
0.040142
0.0383207
0.0329621
0.0403911
0.037978
0.0373233
0.0373188
0.0397649
0.0353798
0.0377898
0.0406607
0.0412688
0.0476964
0.0457407
0.0448723
0.0462612
0.0466231
0.0436975
0.0412794
0.0436879
0.0446411
0.0405383
0.0442061
0.0421522
0.04258
0.0421078
0.0402009
0.0465237
0.0439672
0.0508442
0.0472165
0.0526125
0.0470722
0.0505689
0.0437942
0.0432274
0.0511337
0.049543
0.0459949
0.043559
0.0522466
0.0491196
0.0491317
0.0443673
0.0497245
0.0478372
0.0472806
0.047096
0.0422049
0.0442941
0.0442282
0.0444849
0.0415511
0.0412003
0.0422577
0.0435206
0.0410979
0.0404521
0.0386269
0.0410878
0.0427836
0.0422105
0.0381283
0.0397879
0.0405628
0.0476692
0.0375194
0.0454873
0.0446057
0.0426633
0.0456135
0.0481335
0.0415954
0.0457457
0.0464527
0.0483885
0.0422961
0.0506951
0.0453923
0.0447343
0.0462385
0.0459251
0.0474522
0.0472418
0.0477923
0.0485326
0.0469089
0.048801
0.0454438
0.0443852
0.0422524
0.0417845
0.0396269
0.0452572
0.0392826
0.0454004
0.0432381
0.038412
0.0415491
0.0364606
0.0434781
0.0439268
0.0412698
0.0396645
0.0398483
0.0386286
0.0415349
0.0439628
0.04151
0.0434847
0.0405768
0.0467781
0.0452547
0.0444648
0.0421794
0.040381
0.0447502
0.0444688
0.039445
0.0434634
0.0446667
0.0438322
0.042303
0.039949
0.0404516
0.0427173
0.0474418
0.0464963
0.042577
0.0456085
0.0443936
0.0426735
0.043677
0.0417019
0.0404144
0.0409362
0.0446031
0.0406311
0.0410566
0.0413269
0.0410026
0.0440423
0.0394985
0.0388179
0.0404994
0.0438159
0.0376005
0.0415757
0.037758
0.0388174
0.0381848
0.0364895
0.0431738
0.0391697
0.0435435
0.0412302
0.0400116
0.0391116
0.0397325
0.0416887
0.041178
0.0412201
0.0439342
0.0402601
0.0447245
0.0449943
0.0422732
0.0422945
0.043954
0.0466242
0.0445086
0.0408091
0.0413884
0.041939
0.0415855
0.0426249
0.0405498
0.0440306
0.0420178
0.0402207
0.0374588
0.0357846
0.0361884
0.039973
0.0410115
0.0388968
0.038228
0.0396251
0.0377824
0.033554
0.0390353
0.039349
0.0369461
0.0330304
0.0321854
0.0399604
0.0405238
0.0499508
0.0413112
0.0424794
0.0429284
0.0413452
0.038016
0.0397574
0.041081
0.034692
0.0383983
0.0442643
0.0509429
0.0491249
0.0470956
0.0430477
0.0468142
0.0460518
0.0475456
0.0439781
0.0489086
0.0481413
0.0473092
0.0392303
0.0399259
0.0402113
0.0460664
0.04228
0.0488941
0.0455094
0.0475766
0.0400213
0.0340525
0.0377722
0.0374113
0.0425209
0.0458856
0.0449405
0.0428159
0.049566
0.0520167
0.0463555
0.0504152
0.0433456
0.043967
0.0422744
0.0535642
0.0533502
0.0546063
0.0519482
0.0520614
0.0494204
0.045026
0.0432206
0.0423954
0.0447733
0.0413832
0.0397063
0.0400701
0.0362671
0.040735
0.0435236
0.0391857
0.0390015
0.037907
0.0417789
0.041456
0.0405898
0.038681
0.0417962
0.0421336
0.0435977
0.0423879
0.0426058
0.0448821
0.048264
0.0483562
0.0502858
0.0488269
0.0465162
0.0457569
0.0499822
0.0468174
0.0464663
0.0397051
0.0461666
0.0455105
0.0427714
0.0410109
0.0401525
0.0401403
0.03658
0.0358396
0.036011
0.0346919
0.042812
0.0335538
0.0315894
0.0317248
0.0306104
0.0328808
0.034212
0.0353893
0.0385772
0.0355003
0.0388562
0.0361742
0.0390889
0.03711
0.0398121
0.0422957
0.0426563
0.0358598
0.0400614
0.0409569
0.0383984
0.0394278
0.0435323
0.0414654
0.0372744
0.0429649
0.0394396
0.0374251
0.0421517
0.0422638
0.0439335
0.0436713
0.0470703
0.0438412
0.0464374
0.0478025
0.0461873
0.0451366
0.044583
0.0447975
0.0411713
0.0393076
0.0382357
0.0346974
0.0359412
0.0335662
0.039062
0.0354838
0.0405822
0.0376689
0.0381014
0.0361101
0.0363173
0.0369559
0.0391287
0.0399749
0.0423217
0.0396879
0.0393487
0.0385346
0.0386576
0.0405163
0.0350462
0.0379293
0.0387884
0.0390457
0.0406903
0.0378054
0.0355552
0.03861
0.0346935
0.0371639
0.0339704
0.036075
0.0355762
0.0343127
0.0366225
0.0350079
0.0366388
0.0363368
0.042923
0.0392285
0.037521
0.0442054
0.0435166
0.0435407
0.0450823
0.0431569
0.0423277
0.0420959
0.0469663
0.0421861
0.0426002
0.0399539
0.0420841
0.0401976
0.040038
0.0426359
0.032758
0.0413011
0.0383915
0.0376849
0.0400357
0.0449065
0.0377108
0.0387949
0.0340459
0.0341799
0.0369511
0.0373487
0.0388126
0.0337595
0.0413629
0.0337948
0.0347751
0.0348713
0.033761
0.0348327
0.0325306
0.0347524
0.0329957
0.0351709
0.0349847
0.0342881
0.035601
0.0340727
0.0379657
0.037224
0.0392298
0.036474
0.0369353
0.0413627
0.0401609
0.0389279
0.0378198
0.043598
0.0444231
0.044577
0.0440782
0.0441149
0.0460555
0.0452095
0.0457172
0.0493852
0.0435468
0.0472369
0.0478427
0.0471092
0.0451038
0.0505178
0.0491862
0.0471494
0.0491464
0.0488908
0.0466489
0.0530479
0.0443602
0.044663
0.0465282
0.0465573
0.0386809
0.0469135
0.0426537
0.0466207
0.0442163
0.0421491
0.0417415
0.0436629
0.0438595
0.0395443
0.0401144
0.038045
0.0405367
0.0360113
0.0388443
0.0398476
0.035736
0.0343643
0.0367854
0.0359326
0.0362739
0.0403463
0.0395393
0.0401768
0.0373699
0.038463
0.0395437
0.0414355
0.0393924
0.0359892
0.0390369
0.0414843
0.0406524
0.0363959
0.0421813
0.0402802
0.043629
0.0440296
0.0420242
0.0450064
0.0435248
0.0415241
0.0439717
0.0399779
0.0407759
0.0424446
0.0379636
0.0522182
0.0441005
0.0462119
0.0438607
0.0468814
0.0443243
0.0452273
0.0384858
0.0396831
0.0447418
0.0450122
0.0416264
0.0431791
0.0404851
0.0408754
0.0432549
0.0438569
0.043351
0.0433482
0.0412967
0.0415708
0.0437098
0.0434241
0.0426148
0.0362706
0.0417825
0.0398929
0.0391076
0.0407763
0.0402581
0.0372079
0.0389582
0.0371612
0.0380245
0.0372709
0.0423169
0.0366579
0.0347752
0.0357445
0.0354044
0.0392357
0.0384187
0.0377033
0.0409571
0.0403887
0.0437316
0.0433325
0.0422309
0.0427698
0.0431545
0.0419768
0.0406195
0.050345
0.0420169
0.0441986
0.0404313
0.0397111
0.0377881
0.0384229
0.0342844
0.0329508
0.0319998
0.0318736
0.03322
0.0312432
0.0300269
0.0304064
0.0335289
0.0390692
0.0426919
0.0456675
0.0425522
0.0419903
0.0480852
0.0422549
0.0479338
0.040529
0.0447767
0.0433921
0.0423233
0.0453163
0.0423828
0.0468351
0.0414399
0.0441207
0.0444448
0.0422661
0.0415015
0.0381222
0.0397135
0.0363539
0.0410392
0.0373923
0.0397293
0.0378033
0.0412698
0.0366468
0.0332798
0.03216
0.0358396
0.0349669
0.034448
0.037627
0.0351277
0.0333109
0.0340852
0.034162
0.0395724
0.0381024
0.0386845
0.0405672
0.0393327
0.0355751
0.0434995
0.0404704
0.0414268
0.0468331
0.0367024
0.0393268
0.0423759
0.038552
0.0422845
0.0394372
0.0413622
0.0400297
0.0379669
0.0383208
0.0386914
0.0378661
0.0398973
0.0337132
0.0348481
0.0385533
0.0367676
0.0362625
0.0406268
0.0417523
0.0410721
0.041367
0.0428576
0.0420564
0.042206
0.0443794
0.0411639
0.0414854
0.043055
0.0442899
0.0410184
0.0459878
0.0466071
0.0477735
0.0472878
0.0504491
0.0504169
0.0496987
0.0530475
0.0464594
0.0441003
0.0421575
0.0428347
0.0444922
0.0425767
0.0410267
0.0404268
0.0425169
0.0385164
0.0427184
0.0428357
0.042494
0.043742
0.044914
0.0442233
0.0465982
0.0388561
0.0430123
0.0389668
0.0371251
0.0415032
0.0412454
0.038443
0.0382616
0.0391754
0.0397329
0.0408024
0.0402237
0.0374497
0.0414512
0.0390145
0.0375087
0.0395072
0.0368468
0.0386742
0.0386388
0.0406347
0.0415698


