0.0142855
0.0142333
0.01474
0.016658
0.0127044
0.0133033
0.0172179
0.0167169
0.0141455
0.0138192
0.0154243
0.0174115
0.0136765
0.014031
0.0165448
0.0141344
0.0168763
0.0165213
0.0164026
0.0169203
0.0170868
0.0156102
0.0169826
0.0161447
0.01577
0.0177797
0.0138828
0.0166076
0.0157374
0.0141924
0.0137171
0.0144092
0.0165102
0.0166612
0.0167996
0.0173617
0.0161615
0.0145473
0.0139299
0.01729
0.0142614
0.0159723
0.0147258
0.0131705
0.0168816
0.0169022
0.0164859
0.0162379
0.015891
0.0165463
0.0172315
0.0158886
0.0173142
0.017389
0.0161244
0.0144799
0.0136348
0.0172899
0.0136548
0.0140859
0.016663
0.0139012
0.0155511
0.0167638
0.0136315
0.0146016
0.0137271
0.016914
0.0171174
0.0170152
0.0138284
0.0139905
0.0149741
0.0167228
0.016955
0.0165361
0.0139526
0.0155784
0.0170906
0.0166448
0.0148156
0.0166625
0.0221335
0.0158269
0.0174531
0.0172283
0.0172067
0.0160341
0.0152223
0.0164894
0.0165718
0.0163895
0.0144722
0.0141125
0.0163057
0.0158582
0.0169456
0.0160611
0.0156585
0.0166959
0.0167225
0.0166218
0.0162173
0.0144217
0.0160457
0.0167499
0.0146423
0.0168301
0.0168597
0.0145123
0.0231102
0.0191269
0.0203169
0.0177219
0.0181953
0.0204881
0.0197627
0.0194083
0.0185109
0.0209874
0.0174439
0.0215717
0.0209766
0.0185113
0.0202623
0.0194597
0.0208662
0.0206579
0.0190519
0.0220572
0.0219836
0.0202645
0.0202347
0.0186538
0.0197944
0.0224459
0.0199804
0.0191147
0.0218673
0.0229119
0.0221762
0.0225046
0.0222449
0.0212813
0.0221253
0.0206744
0.022493
0.021068
0.0186845
0.0196122
0.0203933
0.0215242
0.0197478
0.021461
0.0192336
0.0187863
0.0208597
0.0182528
0.0162462
0.0164528
0.0169665
0.0169445
0.0180372
0.0174982
0.01861
0.0173726
0.0203543
0.0189947
0.0193834
0.0182881
0.0223096
0.0248848
0.0213674
0.0205485
0.0187164
0.0180912
0.0198209
0.0192872
0.0192636
0.0225635
0.0186688
0.018594
0.0176818
0.017734
0.0204957
0.0181191
0.0181973
0.0191253
0.0190935
0.0185948
0.0200311
0.0192236
0.0220021
0.0192251
0.0192534
0.019269
0.0193587
0.019137
0.0223193
0.0185356
0.0187088
0.0181406
0.0227335
0.0186746
0.0192302
0.019695
0.0182012
0.0184958
0.0211658
0.0209542
0.0189892
0.0181552
0.0188873
0.017428
0.017981
0.0175395
0.0200747
0.0176504
0.0198266
0.0182782
0.0206439
0.019542
0.0198891
0.0213107
0.0211456
0.0215784
0.0218496
0.0211745
0.0215295
0.0234072
0.0216725
0.0221194
0.0229465
0.0213118
0.0226354
0.0223248
0.021549
0.0224089
0.0223851
0.0228873
0.0300721
0.0229823
0.0236296
0.0221835
0.0239426
0.0251488
0.0225186
0.0246657
0.0250614
0.0251266
0.0220466
0.0207086
0.0225264
0.0246234
0.0230117
0.0211139
0.0216166
0.0235681
0.0197352
0.0199837
0.0211215
0.0204777
0.0203248
0.0216752
0.0208392
0.0197863
0.0236978
0.0208421
0.0216987
0.0208079
0.0212439
0.0239582
0.0210981
0.0203021
0.0213287
0.0209136
0.0209673
0.0206816
0.0219167
0.0206334
0.0219332
0.0244294
0.0210808
0.0239788
0.0248768
0.0212135
0.0216364
0.0197282
0.0256514
0.021049
0.0228062
0.0222632
0.0233292
0.023948
0.0218694
0.0204407
0.0217263
0.0213519
0.0227804
0.023767
0.0204097
0.025013
0.021781
0.0205219
0.0219068
0.0210681
0.025414
0.0240467
0.0237806
0.0211188
0.0267455
0.0230035
0.0207571
0.0220592
0.0229428
0.0250478
0.0217004
0.0203036
0.0223706
0.0209844
0.0230635
0.0198853
0.022081
0.0196082
0.0244914
0.0206629
0.0210212
0.0195612
0.0214654
0.022028
0.0216795
0.0206418
0.0196474
0.021159
0.0201289
0.0207039
0.019454
0.0204574
0.0205773
0.0200784
0.0233123
0.0195497
0.0216465
0.0200974
0.0204574
0.0187533
0.0200995
0.0184506
0.022928
0.0188407
0.0197991
0.022182
0.0193497
0.0189047
0.0194645
0.0193348
0.0212159
0.0196329
0.0206077
0.020491
0.0219566
0.0197249
0.0243731
0.0220789
0.0207068
0.0228509
0.0247816
0.0264035
0.0229678
0.0233381
0.0210947
0.0253399
0.0227011
0.0259188
0.0210121
0.022719
0.0252875
0.0242709
0.0224984
0.0228554
0.0241063
0.0214127
0.0248152
0.0224115
0.0240113
0.0244112
0.0246242
0.0224852
0.0196943
0.0246325
0.0226985
0.0196384
0.0259412
0.0205106
0.0233449
0.0237191
0.0207245
0.0257494
0.0244663
0.0249993
0.022737
0.0225557
0.0249469
0.0222353
0.0236316
0.0222244
0.0222838
0.023351
0.0238344
0.0229106
0.0198595
0.0213846
0.0200675
0.0215494
0.0176295
0.019907
0.0238014
0.0189773
0.0180054
0.021167
0.0210531
0.0183784
0.018982
0.0182807
0.0192435
0.0206106
0.0203569
0.0168321
0.0174255
0.0186218
0.0195975
0.016503
0.0193987
0.0173995
0.0189072
0.017322
0.0195301
0.0186858
0.0197251
0.0190956
0.0176707
0.0207118
0.0195435
0.0228559
0.0208413
0.0180006
0.0193482
0.0201816
0.0191981
0.0185503
0.0214035
0.0210092
0.019469
0.0233145
0.0246326
0.0235439
0.0222886
0.0214242
0.02064
0.0227443
0.0215626
0.0225038
0.0206499
0.0226205
0.0216778
0.020248
0.0259228
0.0256951
0.0252423
0.0257255
0.0239967
0.0246597
0.0250842
0.020075
0.0214281
0.0217022
0.0201312
0.0241946
0.0220173
0.0207851
0.0249945
0.0209337
0.0228553
0.0207872
0.0267255
0.0252948
0.0234036
0.0205172
0.0231259
0.0222852
0.03767
0.0240876
0.0252676
0.0236677
0.0211213
0.0222763
0.0210508
0.0262005
0.0206411
0.0216869
0.0221326
0.0215584
0.0208338
0.0236533
0.0203315
0.0227135
0.025719
0.0214926
0.0244398
0.0256322
0.0257293
0.0222367
0.0202087
0.022123
0.0193999
0.0228296
0.0196802
0.0219636
0.022053
0.0213588
0.0211015
0.0211071
0.0228885
0.0222624
0.0209004
0.0257486
0.0250755
0.0227068
0.0211833
0.0225301
0.0226913
0.0201735
0.0225051
0.0214294
0.0256082
0.0232109
0.0251233
0.0202481
0.0229446
0.0190532
0.0244423
0.0215069
0.0261438
0.022516
0.0212162
0.0261566
0.0237729
0.0224261
0.0247801
0.0235962
0.0206709
0.0228608
0.0213767
0.0214391
0.0204873
0.0226453
0.0205697
0.0226153
0.0201411
0.0244419
0.0232389
0.0261601
0.0257276
0.0224911
0.0242804
0.025364
0.0258646
0.0241927
0.0209861
0.0233102
0.021809
0.0245996
0.0233074
0.0237604
0.0227064
0.0275593
0.0202968
0.0222377
0.0201413
0.0250756
0.0233463
0.0219841
0.0223871
0.02515
0.0235493
0.0252991
0.0249129
0.0238534
0.0213363
0.0229743
0.0216229
0.0265382
0.0266397
0.0242271
0.0239262
0.0234825
0.0218117
0.0232902
0.0208959
0.0249117
0.0252997
0.0217612
0.0212718
0.0223274
0.0243274
0.0251883
0.0254083
0.020871
0.0227924
0.0231616
0.020882
0.0224137
0.0233747
0.0219559
0.0224797
0.0232038
0.0212223
0.0224077
0.0247358
0.0229599
0.0226702
0.0254836
0.0236728
0.0231633
0.020882
0.0243855
0.0223511
0.0249319
0.0245893
0.0236576
0.0208184
0.0238118
0.0238111
0.0214806
0.0195561
0.0201084
0.023546
0.0188227
0.0214521
0.0228338
0.0221487
0.0250767
0.025082
0.0222427
0.0239998
0.0245245
0.0253626
0.0245062
0.0261698
0.0218849
0.0243033
0.0240071
0.0241219
0.0227612
0.0232384
0.0250817
0.0248865
0.024575
0.0224795
0.0233686
0.0245678
0.021845
0.0209553
0.0245916
0.023765
0.0209078
0.0256342
0.0257694
0.0213415
0.0240256
0.0244652
0.0251594
0.0236775
0.0250653
0.0226672
0.0221867
0.0240031
0.022656
0.0215317
0.0248169
0.0230312
0.0217498
0.0219788
0.0221919
0.0252443
0.0221363
0.0203917
0.0207692
0.0184939
0.0198083
0.0187018
0.0186841
0.0200194
0.0183675
0.018638
0.0169898
0.0182478
0.0158294
0.0175493
0.0172554
0.0175474
0.0184733
0.019906
0.0188835
0.0180616
0.0188474
0.0235311
0.0171155
0.0185693
0.0174837
0.016763
0.016011
0.0168371
0.0161546
0.0160399
0.0155853
0.0202921
0.0174131
0.0171038
0.0173623
0.017275
0.0168642
0.017
0.020311
0.016913
0.0162935
0.0169393
0.0173825
0.018309
0.0158388
0.0189723
0.0164441
0.0193395
0.0169791
0.0167047
0.0166666
0.0173708
0.0176453
0.0184503
0.0200253
0.0167391
0.0192467
0.0166608
0.0162412
0.0195241
0.0181399
0.0164852
0.0182978
0.015996
0.0160567
0.0249972
0.0161737
0.0160354
0.0177779
0.0179335
0.019462
0.0165692
0.0182601
0.0192548
0.0281767
0.0203583
0.0172133
0.0152081
0.0165421
0.0157471
0.0177475
0.0169096
0.0206956
0.0167565
0.0182894
0.0171593
0.0164955
0.0172998
0.0190737
0.0197699
0.0186582
0.0170291
0.0184329
0.0190578
0.0197078
0.0181198
0.0197901
0.0206007
0.0201138
0.0192026
0.0205705
0.0199006
0.020666
0.0199621
0.0218282
0.0212427
0.0229043
0.0200073
0.0220776
0.0237197
0.0208999
0.0221839
0.0256777
0.0239714
0.0202
0.0216764
0.0195004
0.02287
0.0216335
0.0212992
0.022202
0.0214492
0.0213666
0.0254324
0.0195348
0.0212248
0.0199874
0.0202248
0.0194776
0.0204381
0.022037
0.0215902
0.0197336
0.0219055
0.0225384
0.022858
0.0234751
0.0222919
0.0237442
0.0237798
0.0207908
0.024117
0.0244757
0.0235375
0.0236743
0.0214661
0.0228574
0.021203
0.0225592
0.0220407
0.0221793
0.0208369
0.0186758
0.0238111
0.020888
0.0191951
0.0227468
0.0207883
0.0201045
0.0184139
0.0204973
0.0206682
0.0180197
0.0197479
0.0210938
0.0178707
0.0215348
0.0187332
0.0180459
0.0199187
0.0207611
0.0197274
0.0192669
0.0178545
0.0195777
0.0204572
0.0182278
0.0213142
0.0217118
0.0188381
0.0175571
0.019281
0.0165316
0.0180935
0.017775
0.0165291
0.0180258
0.0156961
0.0199002
0.0227772
0.016958
0.0186559
0.02118
0.0199722
0.0193404
0.0179436
0.0195858
0.0200572
0.0179283
0.0159479
0.0189478
0.0156121
0.0174517
0.0157455
0.0140694
0.0147407
0.016469
0.0176894
0.0189454
0.015484
0.0183814
0.0205112
0.0200788
0.0207264
0.0208245
0.0217589
0.0212963
0.0180705
0.0191062
0.0152668
0.0177362
0.0170915
0.0152928
0.0188247
0.017691
0.0184928
0.0165017
0.0162013
0.0198177
0.0264282
0.0196817
0.0194992
0.0209109
0.019711
0.0174599
0.0182282
0.0171099
0.0178949
0.0181142
0.0182326
0.0148221
0.0177322
0.0160038
0.0204495
0.0190873
0.0200904
0.0220566
0.0185244
0.0214799
0.0210932
0.0224949
0.0232134
0.0209245
0.0213573
0.0206009
0.0226064
0.0218566
0.0194443
0.0215255
0.0228927
0.0242139
0.0224363
0.0203481
0.0209703
0.0235761
0.0242857
0.019269
0.0228289
0.0224281
0.0232365
0.023395
0.0192768
0.0203837
0.0232837
0.0194902
0.0218435
0.0216741
0.0215592
0.0223626
0.0231725
0.0198451
0.0182094
0.020584
0.0207475
0.0179851
0.0217092
0.0221412
0.0185636
0.019205
0.0201557
0.019497
0.018956
0.0196323
0.0189342
0.0194796
0.0222803
0.0226708
0.0197985
0.0196331
0.0199396
0.0194925
0.0204563
0.0204521
0.0183112
0.0195275
0.0197666
0.0200636
0.019385
0.0183036
0.0196244
0.022134
0.0199062
0.0206875
0.0216792
0.0185718
0.0227491
0.0232862
0.0190233
0.0181434
0.0172735
0.0182532
0.0159464
0.0192954
0.0168351
0.0197724
0.0164037
0.0164012
0.0167285
0.0153891
0.0166116
0.0146484
0.0149286
0.0143688
0.0171838
0.0178244
0.0198306
0.0175845
0.016193
0.0179657
0.019654
0.0185646
0.0197498
0.0177645
0.0201858
0.0191107
0.0167392
0.0210232
0.019734
0.0181895
0.0183544
0.0194292
0.0176955
0.0179413
0.0176311
0.0178394
0.0205251
0.0175204
0.0179765
0.0191529
0.0178381
0.0191636
0.0176841
0.0175461
0.0190636
0.0182518
0.0168998
0.019547
0.0167699
0.0175705
0.0178755
0.0209144
0.0184585
0.0195321
0.0215651
0.02024
0.0181741
0.0183387
0.0175818
0.019076
0.0192223
0.0207786
0.0239513
0.0184872
0.0199945
0.0271244
0.0207734
0.0208282
0.0221704
0.0186008
0.0195218
0.0199839
0.0180675
0.0205136
0.0188568
0.0210345
0.0192006
0.0235925
0.0228638
0.0205816
0.0209654
0.0202627
0.0225532
0.0214795
0.0228238
0.0208964
0.0218267
0.0221605
0.0203764
0.0251458
0.0220391
0.0207276
0.0220733
0.0226007
0.0245322
0.0219618
0.0232152
0.0225939
0.0207449
0.02641
0.0218901
0.0238795
0.0222205
0.0239072
0.0233191
0.0254682
0.0222365
0.0240807
0.0236571
0.0263377
0.0237948
0.0254988
0.0209133
0.0263465
0.0256988
0.0226522
0.0218975
0.0230457
0.0225667
0.0240637
0.0234487
0.0227588
0.0199652
0.0215722
0.0221324
0.023367
0.020305
0.0229404
0.025324
0.0226042
0.0212607
0.0245295
0.0247634
0.0216542
0.0240048
0.0243076
0.0230003
0.0198167
0.0243881
0.0258133
0.0209249
0.0260808
0.0256214
0.0220032
0.0223474
0.0240194
0.0191042
0.0192713
0.0200517
0.0170263
0.0193728
0.0174005
0.0168411
0.0181892
0.0172484
0.0205894
0.0174588
0.0182815
0.020011
0.0179088
0.0183543
0.0180187
0.0177961
0.0186844
0.0173778
0.0181063
0.0179038
0.0202227
0.0182972
0.0189919
0.0187239
0.0172451
0.0172055
0.0182131
0.0189704
0.0204541
0.0175412
0.0169446
0.0177091
0.0188744
0.0193536
0.0216598
0.017406
0.0185174
0.0179522
0.0175609
0.0177531
0.0160023
0.0173574
0.0179044
0.0184924
0.0193363
0.0202221
0.0202525
0.0170115
0.0180884
0.0120605
0.0120453
0.0151748
0.0141058
0.0147711
0.015431
0.0184162
0.0189144
0.0187559
0.0177486
0.0173211
0.015118
0.0160572
0.0165314
0.0155831
0.0170054
0.0196151
0.0189552
0.0163131
0.0162926
0.0187479
0.0161503
0.0169108
0.0174506
0.0168108
0.0184144
0.0175095
0.0157388
0.0167982
0.0212081
0.0182722
0.0180504
0.0167896
0.0199691
0.0201773
0.0180464
0.0161337
0.0161753
0.0167696
0.0205832
0.0188686
0.0188319
0.0179958
0.0175133
0.0205243
0.0179525
0.0208451
0.0182064
0.0214953
0.0215214
0.0181433
0.0188376
0.0178533
0.0215823
0.0192047
0.0179966
0.0194998
0.0185128
0.0185479
0.0207545
0.0195807
0.0186691
0.0196534
0.0227878
0.0208801
0.0195469
0.0237671
0.0214431
0.021904
0.0213908
0.0197159
0.0235384
0.02211
0.0201883
0.0185278
0.021893
0.0226151
0.0195793
0.0189597
0.0226846
0.0220118
0.0254491
0.0201265
0.0211029
0.0235363
0.0223942
0.0201956
0.0210372
0.018854
0.0199102
0.0190035
0.0191358
0.0177187
0.0219718
0.0179905
0.0192687
0.0197024
0.0184536
0.0209037
0.02007
0.0197375
0.0221886
0.0219192
0.0218714
0.019443
0.0249633
0.0249949
0.022009
0.020441
0.0216721
0.0300575
0.0215923
0.0257363
0.0238772
0.0214938
0.0237455
0.0245868
0.026042
0.0242153
0.0256293
0.0230376
0.024125
0.023464
0.026113
0.0230239
0.0284297
0.0230129
0.0257343
0.0237534
0.0238812
0.0212985
0.0239376
0.0227898
0.0235042
0.0235273
0.0250156
0.0248781
0.023974
0.0290433
0.0259081
0.023307
0.0284159
0.022957
0.0245056
0.0235329
0.0246954
0.0247347
0.0246356
0.0217448
0.0223417
0.0212207
0.0254002
0.0248441
0.0234697
0.0239079
0.0226473
0.0240605
0.0233878
0.0232708
0.0208276
0.0223955
0.0213956
0.0246518
0.0197455
0.0215045
0.0196323
0.0222138
0.0207896
0.0197595
0.0218281
0.0232585
0.0250055
0.0219471
0.0223146
0.0246791
0.0235177
0.0201763
0.0167439
0.0202507
0.0176793
0.018651
0.0202725
0.0235104
0.0250252
0.0200064
0.0238534
0.0233233
0.0220807
0.0208154
0.0259449
0.0231702
0.0202329
0.0225959
0.0245345
0.0215618
0.0240314
0.0262337
0.0245878
0.021796
0.0240961
0.0226961
0.0256274
0.0278022
0.0249285
0.0233279
0.0254857
0.0253847
0.0235847
0.0231663
0.0257374
0.0243669
0.0248554
0.0259023
0.023215
0.0250656
0.0224211
0.0266585
0.024611
0.0266352
0.0242977
0.0248895
0.027948
0.0241412
0.0228311
0.0263434
0.0245097
0.0235226
0.0242906
0.026557
0.0285772
0.0239859
0.0233344
0.0238696
0.0236579
0.0284645
0.0271361
0.0240384
0.0273719
0.0246637
0.0278848
0.02746
0.0233933
0.0305084
0.0236243
0.0259594
0.0294585
0.0240445
0.0265817
0.0266656
0.0250964
0.0277193
0.02763
0.0261553
0.0252968
0.0237436
0.0237852
0.0231128
0.0203779
0.023181
0.0254283
0.0269311
0.0274868
0.025045
0.0224635
0.0236882
0.0236104
0.0241941
0.0242568
0.0280206
0.0276976
0.0227685
0.0225583
0.0232723
0.0222798
0.027527
0.0253005
0.0240286
0.0216131
0.0238767
0.0246296
0.0220438
0.0266564
0.0232217
0.0233055
0.0240675
0.0272657
0.0248857
0.022991
0.0229841
0.0230265
0.0254232
0.0234038
0.0240428
0.0219493
0.0265852
0.0215823
0.0221694
0.0232541
0.0257828
0.0218274
0.0222579
0.01957
0.0244471
0.0258512
0.0226456
0.0202139
0.0213044
0.0222381
0.0202888
0.0200776
0.023893
0.0233846
0.0203509
0.0183835
0.0198675
0.019926
0.0192713
0.0187327
0.019014
0.0176626
0.022281
0.0189848
0.0191955
0.0190216
0.0184183
0.0183686
0.0202923
0.0184099
0.0220646
0.0198212
0.019009
0.0190369
0.018343
0.0197827
0.0209843
0.0180252
0.0199954
0.0178655
0.0274868
0.0187553
0.0202437
0.0197337
0.0179379
0.0177607
0.0183237
0.0212573
0.0203929
0.0192847
0.019536
0.0191182
0.0235721
0.021046
0.0213589
0.0239434
0.0221016
0.0279411
0.0224085
0.0280006
0.0231701
0.0254024
0.0261953
0.024648
0.0254612
0.0241193
0.0249302
0.0267819
0.0234838
0.0266797
0.0259448
0.0253275
0.0250942
0.0232942
0.0251573
0.0260155
0.0251562
0.0239914
0.0235439
0.0289056
0.0265874
0.025497
0.0234426
0.0351199
0.0266227
0.026335
0.0252165
0.0261783
0.0249343
0.0244406
0.0261935
0.0235779
0.0242679
0.0222812
0.0249188
0.026311
0.0242747
0.0228004
0.0236768
0.021647
0.0231497
0.0223905
0.0245329
0.0225114
0.0247095
0.0227443
0.0249683
0.0259977
0.0235681
0.0249646
0.0221
0.0211077
0.0228958
0.0241654
0.0226987
0.0266127
0.0249463
0.0215777
0.0238026
0.0221155
0.0235452
0.0279368
0.0219838
0.0204854
0.0231468
0.0245198
0.0196941
0.0187083
0.0196169
0.0204486
0.0197252
0.020815
0.021605
0.0205248
0.0208113
0.0262358
0.0225749
0.0226488
0.0205102
0.0220129
0.02107
0.0221017
0.0222219
0.0209626
0.0218778
0.0229168
0.0205873
0.0214622
0.027502
0.0206588
0.0224354
0.022675
0.0226471
0.0211894
0.0212788
0.0195202
0.0214022
0.0178891
0.0172814
0.01489
0.0167463
0.0145502
0.0184671
0.0186422
0.0170853
0.017011
0.0155035
0.0134086
0.0161661
0.0185067
0.0219952
0.0227881
0.0248189
0.0206179
0.0250147
0.023499
0.0249226
0.0259795
0.0240396
0.0229594
0.0242276
0.0240144
0.0218557
0.0222644
0.0232183
0.0220543
0.0201107
0.0223012
0.0224056
0.0251371
0.0255179
0.0252944
0.0254217
0.0222321
0.0290933
0.0234056
0.0253111
0.0221362
0.0265375
0.0250185
0.0233862
0.0261333
0.0231755
0.023938
0.023357
0.0251877
0.0254935
0.0257616
0.0257375
0.021477
0.0234277
0.0263573
0.021579
0.0211837
0.0214861
0.0210919
0.0214346
0.0202948
0.0256142
0.0204496
0.0214342
0.0200909
0.0220716
0.0202431
0.021443
0.0198578
0.0231792
0.0195973
0.02236
0.0214809
0.0194107
0.0192302
0.0199077
0.0185864
0.0184603
0.0222795
0.0207155
0.020512
0.0197285
0.0192249
0.019842
0.0199231
0.0199494
0.0196265
0.0205469
0.0210291
0.021525
0.0240603
0.0223685
0.0219775
0.0210928
0.0239639
0.0211806
0.021142
0.0223795
0.019863
0.0193466
0.0186551
0.0188639
0.0201705
0.0194117
0.0217463
0.0193456
0.0180211
0.0176877
0.0170882
0.016631
0.0167664
0.0181294
0.0186595
0.0178368
0.0146496
0.0156296
0.0130694
0.013599
0.0112807
0.0107286
0.0121393
0.0129568
0.0127067
0.0104417
0.0101841
0.0108885
0.0112186
0.0102491
0.0104734
0.0101942
0.0114699
0.0123992
0.012757
0.0143625
0.0148495
0.0146081
0.0164611
0.017155
0.0188842
0.0171046
0.018583
0.0183218
0.0212382
0.0172222
0.0175593
0.0175799
0.0174864
0.0194716
0.0184543
0.0186381
0.019995
0.0203612
0.0207997
0.0192988
0.0250755
0.0200862
0.0216171
0.0198575
0.0209162
0.0204491
0.0210761
0.01935
0.0219194
0.019148
0.0203444
0.0192549
0.0242532
0.0190884
0.0218069
0.0205441
0.0230198
0.0240568
0.0223011
0.0203594
0.0231352
0.0251879
0.0215981
0.0245024
0.0204133
0.0220141
0.0245679
0.0229689
0.0200693
0.0243781
0.0241298
0.0259114
0.0213941
0.0217927
0.0218777
0.0250232
0.0201356
0.0238456
0.0250412
0.0255368
0.0237346
0.0255462
0.0323877
0.0228049
0.0225324
0.0208962
0.0226946
0.0246055
0.025543
0.0250803
0.022828
0.0261297
0.0235653
0.0219575
0.0221491
0.0214149
0.0225067
0.0225151
0.0220299
0.0204976
0.023171
0.0221063
0.0214103
0.0218351
0.0213637
0.0193187
0.0206668
0.0189819
0.0206051
0.0211253
0.0233095
0.0199922
0.0194626
0.0178931
0.0210353
0.0199154
0.0201225
0.0197047
0.0201369
0.0211677
0.0189668
0.0217803
0.0186103
0.018677
0.0187046
0.0186729
0.0183105
0.018705
0.0196014
0.0253833
0.0169431
0.0261424
0.0253024
0.0210313
0.028612
0.0204162
0.0218673
0.0237883
0.0269311
0.0254714
0.019967
0.0191633
0.0199691
0.0261173
0.0266998
0.0222841
0.0232076
0.0240839
0.0245604
0.0244512
0.0181147
0.0221354


