0.0168843
0.0148477
0.0152871
0.0327672
0.0254683
0.0296864
0.0289995
0.0291238
0.029792
0.0314112
0.0327272
0.0322307
0.0300487
0.0313612
0.0338532
0.0347672
0.0325999
0.0332991
0.0327286
0.0324745
0.0309995
0.0314036
0.0337344
0.0329525
0.0359937
0.0322728
0.0326566
0.0350037
0.0340013
0.0328134
0.0340662
0.0331154
0.0337635
0.0343949
0.0344707
0.0344094
0.0353739
0.0345201
0.0329761
0.0346341
0.0349173
0.0341378
0.034839
0.0341662
0.033535
0.0368254
0.0349391
0.0352537
0.0340396
0.0225278
0.0219502
0.0234056
0.0241766
0.0256683
0.0235589
0.0252195
0.0249712
0.0173925
0.0267421
0.01583
0.0148748
0.0147735
0.0147173
0.0145066
0.0147117
0.0146243
0.0288208
0.0249448
0.0262098
0.0268539
0.0272669
0.0292515
0.0288169
0.030119
0.0319619
0.029752
0.0313653
0.0312751
0.0309119
0.0315784
0.0303037
0.0303953
0.0310236
0.0327443
0.0326503
0.0301068
0.0319624
0.0284902
0.0368429
0.0324837
0.0346923
0.0332608
0.0334002
0.0311582
0.0318943
0.0341276
0.0332162
0.0342264
0.0350819
0.0330182
0.0335176
0.0345344
0.0339691
0.0365473
0.0364947
0.0368937
0.0338161
0.0342836
0.0330638
0.0340268
0.0350119
0.0328836
0.0346068
0.0338859
0.0232211
0.0231805
0.0243006
0.0241788
0.025207
0.0250664
0.0260282
0.024752
0.0295018
0.0263451
0.0288016
0.0298495
0.0280627
0.0301067
0.0277403
0.0277861
0.0289746
0.0264008
0.0283734
0.0293698
0.0268849
0.028916
0.0300595
0.0280108
0.0297485
0.0318625
0.0296264
0.0297288
0.0310051
0.0291353
0.0317599
0.0296124
0.0313308
0.0314622
0.0297872
0.031709
0.0313154
0.0291417
0.0326998
0.0315576
0.0308662
0.0311459
0.03371
0.0326569
0.029505
0.030654
0.0307507
0.0303029
0.0278834
0.029152
0.0296776
0.0269689
0.0288101
0.0311056
0.0299256
0.0340922
0.0318776
0.0288733
0.0294887
0.0297551
0.0307309
0.0346765
0.0326078
0.0312852
0.0331843
0.0348675
0.0336659
0.0307892
0.0343617
0.035185
0.0297992
0.031989
0.033248
0.0301707
0.03301
0.0327553
0.0324929
0.0318417
0.0306614
0.0307288
0.0304199
0.0300583
0.0307317
0.0298445
0.031898
0.0307277
0.0296554
0.0310526
0.0323957
0.031254
0.0308026
0.0310779
0.0307225
0.0322882
0.034943
0.0327041
0.0349049
0.0375393
0.0326486
0.0331017
0.0319093
0.0337305
0.0306731
0.0330864
0.0323651
0.0321094
0.0321107
0.031846
0.0333243
0.0330528
0.0297689
0.0317969
0.0316906
0.0310095
0.0311181
0.0321533
0.0310232
0.0328116
0.0356761
0.0321048
0.0303842
0.0331715
0.0284551
0.0294857
0.0301506
0.0316077
0.0295298
0.0313899
0.0305552
0.0308915
0.0278639
0.0306567
0.0343975
0.0287307
0.032961
0.0322879
0.0292621
0.030386
0.0304103
0.0317165
0.0291467
0.0323572
0.0343698
0.0310176
0.0309288
0.0321308
0.031024
0.0315575
0.0317203
0.0308203
0.0316637
0.0333673
0.031498
0.0343425
0.0341443
0.0336493
0.032587
0.032331
0.0313878
0.0333768
0.0348875
0.031856
0.0334973
0.034505
0.0370508
0.0347267
0.0335192
0.031128
0.0320052
0.0327292
0.0318278
0.0328009
0.034244
0.0333876
0.0323186
0.0323237
0.0309238
0.0299163
0.0293547
0.031353
0.0278225
0.0279965
0.0270702
0.0262589
0.0241177
0.0265527
0.0258277
0.0251298
0.0248872
0.0259192
0.023373
0.025426
0.0267566
0.0280015
0.0289948
0.0289406
0.0291468
0.0301735
0.0315006
0.0305316
0.0353729
0.0325443
0.0309535
0.0315381
0.0336426
0.0289909
0.0304739
0.0296868
0.0267559
0.0291021
0.030938
0.0282223
0.0311671
0.0311026
0.0287598
0.0302542
0.0327862
0.0320584
0.0331872
0.0294149
0.0321533
0.0322623
0.0300592
0.0313728
0.0321222
0.0284194
0.0296329
0.0307058
0.0309449
0.0283626
0.032653
0.0317638
0.0311128
0.0283054
0.0293123
0.0293795
0.0302364
0.0290158
0.0283795
0.0298391
0.0291453
0.0341149
0.0340549
0.0342215
0.0339924
0.0337103
0.033934
0.031857
0.0322461
0.030922
0.0282796
0.0302217
0.0330059
0.0341723
0.0340469
0.0314635
0.0310507
0.0301236
0.0303743
0.0271739
0.0276216
0.027171
0.0275042
0.0292795
0.0284685
0.0287105
0.03374
0.0338098
0.0323903
0.0316027
0.0303882
0.0326241
0.0308105
0.0310178
0.0276898
0.0286811
0.029599
0.0275832
0.0288857
0.0288557
0.0283017
0.0295364
0.0294556
0.0294191
0.0296961
0.0301926
0.0305535
0.0313959
0.0298641
0.0305461
0.0304191
0.0305354
0.0308094
0.0308204
0.0308488
0.0315321
0.0324221
0.0338385
0.0329083
0.0320963
0.0324209
0.0321475
0.0312149
0.033278
0.0326637
0.0321097
0.0308671
0.0327735
0.0309818
0.0330038
0.0315284
0.0315185
0.0316635
0.0317476
0.0311604
0.0308704
0.030489
0.0308054
0.0313408
0.0290332
0.0295819
0.029468
0.0299818
0.0333182
0.0337035
0.0308585
0.0310549
0.03031
0.0305048
0.0330185
0.0310459
0.0305712
0.0306917
0.0289697
0.029048
0.0297868
0.0301072
0.0313641
0.0297885
0.0288416
0.0285707
0.0273593
0.0264896
0.02716
0.0264603
0.026817
0.0275558
0.0314323
0.0312073
0.0324846
0.0296233
0.0308058
0.0317984
0.0308844
0.032822
0.0328095
0.0287462
0.0299294
0.0315184
0.0332025
0.0313233
0.0304286
0.0328695
0.0305742
0.0306166
0.0298553
0.0305352
0.0296527
0.029047
0.0292749
0.0287448
0.031803
0.0307118
0.0308919
0.0305104
0.0298795
0.0301066
0.0338173
0.0328695
0.0304749
0.0298587
0.0296522
0.0297902
0.0307483
0.0299158
0.029926
0.0290772
0.0293352
0.030708
0.0328475
0.0307607
0.0312099
0.0304696
0.0310441
0.0325948
0.0326507
0.030879
0.0306799
0.0306201
0.0318773
0.0314472
0.0283857
0.0303754
0.0316856
0.0287965
0.0304405
0.0305612
0.031163
0.0279282
0.0278795
0.0277494
0.0278513
0.0263809
0.026162
0.0306161
0.0269768
0.0263724
0.0264517
0.028824
0.027145
0.0231781
0.026932
0.0266369
0.023164
0.0244687
0.0239243
0.0216137
0.0221877
0.0214223
0.019289
0.0223731
0.0224275
0.0184787
0.0214429
0.0205685
0.0209954
0.021563
0.019473
0.021236
0.0211252
0.0211573
0.0206492
0.0207097
0.0234278
0.022671
0.0204189
0.0214683
0.0208127
0.0209887
0.020672
0.0215899
0.021388
0.0219968
0.0195213
0.0215175
0.0213467
0.0214869
0.0221033
0.0226264
0.0202635
0.0215469
0.0212637
0.0224086
0.0230925
0.0236431
0.0209843
0.0224836
0.0250204
0.0235237
0.0225098
0.0228633
0.0230095
0.0231225
0.0237904
0.0213187
0.0231701
0.0244979
0.0244677
0.0214212
0.0225474
0.0245056
0.0245792
0.0224972
0.0243185
0.0233255
0.0232547
0.0235491
0.0229988
0.021828
0.0249267
0.0250522
0.0222971
0.0229589
0.0247565
0.0254424
0.0215769
0.0235875
0.0226661
0.0250472
0.0230356
0.0211025
0.0222373
0.0224324
0.0225779
0.0210613
0.0217803
0.0229739
0.0222463
0.0217944
0.0209514
0.0204782
0.0232885
0.0220023
0.0221181
0.0205977
0.0208479
0.0211761
0.0204538
0.0202255
0.0225945
0.0218963
0.0243855
0.023742
0.0218482
0.0231534
0.023011
0.0260249
0.0240426
0.0236054
0.023826
0.023886
0.023943
0.0222567
0.023056
0.0227535
0.0237223
0.0227671
0.0267938
0.0233622
0.0246838
0.0236224
0.0314739
0.0254886
0.0247497
0.0239738
0.0234898
0.0236155
0.0235863
0.0248674
0.0236842
0.0259519
0.0242259
0.0243386
0.0243038
0.0236858
0.0241589
0.0247404
0.0255365
0.0260221
0.0247265
0.0232897
0.0230553
0.0228071
0.0236389
0.022332
0.0223774
0.0219865
0.0227407
0.02225
0.0231794
0.021434
0.0206241
0.0219447
0.021133
0.0210816
0.0208635
0.022521
0.021882
0.0245923
0.0220402
0.0219084
0.0229549
0.021725
0.0228468
0.0225928
0.0259464
0.0231899
0.0271867
0.0272578
0.0246367
0.0243476
0.0263308
0.0240144
0.0281066
0.0271751
0.026309
0.025952
0.0221812
0.0253543
0.0266184
0.0242778
0.0240601
0.0269185
0.0265675
0.0286895
0.0280046
0.0249949
0.028184
0.029152
0.0274477
0.0277392
0.0285269
0.0266674
0.028115
0.0275027
0.0256647
0.0260049
0.0259356
0.0283082
0.0252492
0.028882
0.0282417
0.0263811
0.030981
0.0297403
0.0255473
0.0272018
0.0290901
0.0301818
0.0265643
0.027772
0.0284164
0.0263582
0.0273538
0.0271324
0.0249883
0.0265607
0.0266061
0.0254013
0.0290044
0.0272131
0.026211
0.0286338
0.029058
0.0264137
0.028657
0.030856
0.0268895
0.0287471
0.0308086
0.0260093
0.027499
0.02795
0.0244524
0.0267256
0.0259894
0.0270591
0.0242511
0.0257286
0.0250669
0.0270359
0.0238384
0.0248583
0.0262094
0.0266377
0.0250492
0.0252905
0.0250512
0.0272111
0.0265001
0.0242309
0.027271
0.0260261
0.026001
0.0270539
0.0278852
0.0294889
0.0290798
0.0306103
0.0297615
0.0287636
0.0280666
0.0298062
0.0316006
0.0285257
0.029538
0.0300686
0.0280182
0.0285125
0.0289253
0.0290575
0.0292689
0.0297677
0.0306077
0.0307799
0.0316856
0.0324406
0.0294674
0.0324595
0.033939
0.0295532
0.0295925
0.029864
0.0294345
0.0298493
0.0345317
0.0317263
0.0339401
0.0315382
0.0313966
0.02981
0.0314459
0.0318805
0.0322734
0.029484
0.0302984
0.0308079
0.0317216
0.0301106
0.0324281
0.0305464
0.0323438
0.0369442
0.0319448
0.0311712
0.0332353
0.0324717
0.0317242
0.0317414
0.0309989
0.0303773
0.0300293
0.030746
0.0300054
0.0300417
0.0296633
0.0267413
0.0300247
0.0280749
0.0257454
0.0287277
0.026642
0.0233421
0.0245905
0.0264751
0.0234245
0.0254379
0.0253987
0.0251432
0.0265676
0.0260905
0.023417
0.0232015
0.0228174
0.0229001
0.0240943
0.0239254
0.0248213
0.0258702
0.0232854
0.0272971
0.0290782
0.0297011
0.0250737
0.0253736
0.0251954
0.0247791
0.0327728
0.0266128
0.0268039
0.0236324
0.0260498
0.0272458
0.0236828
0.0245454
0.0285523
0.0265515
0.0258281
0.0251091
0.026766
0.0254782
0.0251674
0.0266359
0.025734
0.0250338
0.0255982
0.025612
0.0252124
0.0309971
0.0275452
0.0255026
0.0289374
0.0295626
0.0280322
0.0299276
0.0298451
0.0291426
0.0303988
0.0299807
0.0298366
0.0305182
0.029926
0.0286063
0.0316876
0.0337272
0.0300794
0.0298142
0.0301057
0.028073
0.0284938
0.0294532
0.0279456
0.0289744
0.0295665
0.0302648
0.0295532
0.0290008
0.0268533
0.0293499
0.0295233
0.0307119
0.0261128
0.0287971
0.0292754
0.0271202
0.0291353
0.0296025
0.027464
0.0293738
0.0304919
0.0290755
0.0336377
0.0314101
0.0292771
0.0310082
0.0330483
0.0315224
0.0307394
0.0299088
0.0283923
0.0310118
0.0301961
0.0274161
0.0286342
0.028992
0.031507
0.0264588
0.0303142
0.0309945
0.0265364
0.0273818
0.0268854
0.0278589
0.0289161
0.0253399
0.0256298
0.0265882
0.0275101
0.0256457
0.0272005
0.0294708
0.026309
0.0264581
0.0256127
0.0278198
0.0262665
0.0252602
0.0240323
0.0245733
0.0248726
0.0272468
0.023252
0.0241578
0.0264728
0.0256727
0.0245343
0.025695
0.026514
0.0241467
0.0256244
0.025901
0.0272571
0.0264079
0.0256516
0.0254026
0.0241028
0.0253088
0.0283968
0.0255891
0.0270634
0.0277085
0.0260597
0.0285484
0.0298872
0.0254977
0.0272282
0.0271916
0.0277307
0.0263684
0.0281015
0.029731
0.0271107
0.0271612
0.0264582
0.0278941
0.0260074
0.0257939
0.0261689
0.0268686
0.024742
0.0253336
0.0254889
0.0232036
0.0245082
0.0245899
0.0222715
0.024348
0.0249147
0.0206212
0.0238438
0.0265537
0.0233204
0.02561
0.0266642
0.0235164
0.0254247
0.0272815
0.0276077
0.0258546
0.0262282
0.0269124
0.024762
0.0259795
0.0247582
0.0281447
0.0305662
0.0306572
0.0285625
0.0288464
0.0296544
0.030785
0.0313878
0.0305641
0.0304295
0.031521
0.03137
0.0290807
0.0290916
0.0296479
0.0279665
0.0279328
0.0296179
0.0307991
0.0277577
0.0285691
0.0284504
0.0329961
0.0321517
0.0283699
0.0284309
0.0293257
0.0296325
0.0325705
0.0278731
0.0286712
0.0286544
0.0275598
0.0323405
0.0291294
0.0273111
0.028563
0.0288398
0.0307911
0.0285168
0.0292358
0.0329043
0.0310344
0.0320741
0.0327367
0.0316164
0.0293584
0.0302168
0.0300771
0.0309134
0.0293832
0.0288707
0.028267
0.0291701
0.0326982
0.0294419
0.028534
0.0326789
0.0297508
0.0304832
0.0284068
0.0280378
0.0300851
0.0302688
0.032568
0.02912
0.030274
0.0303538
0.030777
0.0322416
0.0342289
0.031733
0.0308598
0.0324316
0.0327282
0.0313831
0.0294691
0.030724
0.0308958
0.031934
0.0318007
0.0298925
0.0310788
0.03125
0.0321173
0.0307783
0.030126
0.0309992
0.0329417
0.0304694
0.0277717
0.0283787
0.0302974
0.0306003
0.0322658
0.0286003
0.0294972
0.0307115
0.028596
0.0303122
0.0323677
0.0290102
0.0305257
0.0320909
0.0306476
0.02703
0.0284449
0.0285786
0.0265266
0.0288519
0.02888
0.026831
0.0286468
0.0309302
0.0279145
0.0273788
0.0299902
0.0306255
0.0313528
0.0298371
0.0298841
0.0272184
0.0287412
0.0291979
0.0294794
0.0266147
0.0276947
0.0286357
0.0264238
0.0285989
0.0290656
0.0276213
0.0289145
0.0299873
0.0285967
0.0299304
0.0323593
0.0311456
0.029777
0.0336436
0.0277948
0.0290527
0.029055
0.0281197
0.0294671
0.0297238
0.027406
0.0295139
0.030552
0.0318053
0.02785
0.0301188
0.0303269
0.0309334
0.0316357
0.0351164
0.0330248
0.0302019
0.0301516
0.0315503
0.030711
0.0290897
0.0318604
0.0331482
0.0297998
0.0326733
0.0333198
0.0328126
0.030264
0.0311366
0.0313292
0.0312828
0.0284883
0.0274784
0.0308849
0.033683
0.0334666
0.0287812
0.0326011
0.0333141
0.0293424
0.0298919
0.0308659
0.0306688
0.0332565
0.0359285
0.0315065
0.0311675
0.0314804
0.0327365
0.0360501
0.0350837
0.0314072
0.0324331
0.0321602
0.0318231
0.0322546
0.0345778
0.0335728
0.0337341
0.0356865
0.0352788
0.0344413
0.033205
0.0354155
0.0383602
0.0357676
0.0358422
0.0355163
0.0369774
0.0379388
0.0369394
0.0355006
0.0391332
0.0364947
0.0337908
0.0354436
0.0362713
0.0343766
0.0327231
0.0346552
0.034765
0.0361619
0.0314721
0.034915
0.0353755
0.0346085
0.0340562
0.0313969
0.0330196
0.0336952
0.0331255
0.030663
0.0312869
0.0349043
0.0312613
0.0284125
0.0310487
0.0310235
0.0343836
0.0282641
0.031431
0.0297917
0.030655
0.0283805
0.0281238
0.0312146
0.03134
0.0336669
0.0321008
0.0291166
0.0325074
0.0326273
0.0327522
0.0298351
0.0303739
0.0309577
0.0320846
0.0313723
0.0323949
0.0304642
0.0297291
0.0298683
0.0307104
0.0303105
0.0265695
0.0286599
0.0287204
0.029273
0.0291635
0.0274706
0.0279398
0.0290231
0.0317741
0.0269021
0.0271511
0.0289618
0.031434
0.0281093
0.0260454
0.0255203
0.0260775
0.0291628
0.0280958
0.0278019
0.0276437
0.0259284
0.0260333
0.0281635
0.0263712
0.0287906
0.0247123
0.0271146
0.0273821
0.0268907
0.0240259
0.0285391
0.0270043
0.025948
0.0238198
0.0246396
0.0297374
0.0257506
0.0256617
0.0238565
0.0231916
0.0267069
0.0254375
0.0266238
0.0230101
0.0236026
0.0248003
0.0233584
0.0249848
0.0243269
0.0227643
0.022236
0.0220332
0.0220368
0.021241
0.0221301
0.0233014
0.0239549
0.021048
0.0215711
0.0228256
0.0252796
0.0229458
0.0234503
0.0251852
0.0226551
0.0241392
0.0229199
0.0226657
0.0243165
0.0240895
0.0223147
0.0259034
0.0240155
0.0236018
0.0234082
0.0247731
0.0249132
0.0249788
0.0242537
0.0242427
0.0238177
0.0250977
0.0225663
0.0247993
0.0256389
0.0243325
0.0248194
0.0272514
0.0261134
0.0244257
0.0249216
0.0243945
0.0257282
0.0263465
0.0250367
0.0245392
0.0244953
0.0251176
0.0272137
0.0256639
0.0240014
0.025933
0.0274972
0.0279399
0.0245484
0.0260154
0.0287692
0.0272196
0.0271274
0.027704
0.0286081
0.0252347
0.0253241
0.0252519
0.0262251
0.0274924
0.023774
0.0247797
0.0259444
0.0268726
0.0290148
0.0269899
0.025111
0.0264344
0.0263905
0.0258325
0.0251223
0.0251708
0.0253361
0.0268694
0.0264414
0.0306487
0.0256045
0.0271055
0.0275439
0.0265415
0.0257048
0.0266332
0.0266465
0.0267057
0.0291829
0.0267979
0.0259487
0.0271401
0.0269556
0.0280505
0.0268417
0.0288278
0.0279983
0.0276979
0.0284954
0.0277502
0.0258885
0.0269795
0.0264449
0.0269639
0.0260426
0.026387
0.0260871
0.0275226
0.026971
0.026533
0.0265212
0.0260328
0.0278803
0.0262157
0.0274603
0.0266483
0.0272959
0.0287191
0.0255346
0.0258844
0.0270709
0.0264815
0.0269378
0.0265079
0.026507
0.026419
0.0268598
0.0247175
0.025715
0.0265991
0.0251236
0.0240132
0.0238485
0.0249454
0.0213843
0.0234237
0.0240908
0.0214442
0.0226072
0.0242656
0.0214937
0.0237649
0.0211673
0.0252922
0.0235081
0.0214511
0.0236012
0.0224247
0.0215838
0.0219983
0.0216921
0.0214156
0.0213846
0.0238584
0.0213399
0.0216958
0.0198514
0.0211263
0.0217331
0.0228232
0.0213671
0.0260341
0.0240312
0.0226897
0.0236503
0.0246357
0.0250522
0.0243638
0.0270204
0.0274997
0.0270277
0.0274606
0.0285155
0.0265432
0.0272921
0.0283196
0.0264821
0.0282817
0.0285555
0.0268549
0.0289138
0.0288965
0.0277955
0.0297162
0.0316285
0.0269256
0.030558
0.0318172
0.0260626
0.0280505
0.0280331
0.0255481
0.0266142
0.0257527
0.0268196
0.0262938
0.0262902
0.0289453
0.0279108
0.0252765
0.0275842
0.0281374
0.0276469
0.0297587
0.0277801
0.0261709
0.0277252
0.0274214
0.0314738
0.0279188
0.0278444
0.0257657
0.0271713
0.0282036
0.0253551
0.0272246
0.0274281
0.0247233
0.0263374
0.0270293
0.025007
0.026222
0.0268081
0.0250419
0.0267423
0.0269202
0.0250052
0.0260197
0.0279826
0.0259141
0.0260398
0.0248853
0.0260406
0.0237228
0.0245286
0.0240558
0.0246526
0.0252198
0.0234512
0.0240047
0.0254016
0.0274703
0.0244133
0.0254772
0.0263336
0.0247571
0.0257602
0.0270338
0.0254263
0.0268112
0.0298349
0.0248519
0.0251942
0.0273826
0.0287592
0.0232692
0.0246128
0.0259825
0.0255326
0.0238596
0.0258552
0.0270564
0.0255355
0.0270676
0.0265877
0.0257098
0.0291442
0.0304836
0.0282898
0.026317
0.0304133
0.0310892
0.0286467
0.0276702
0.0285824
0.0302034
0.0281241
0.0252927
0.0276859
0.0261853
0.0266053
0.0278622
0.0291846
0.0248639
0.0238379
0.0246415
0.02387
0.0243646
0.023966
0.0244812
0.0254508
0.0250402
0.0263478
0.0255391
0.0244751
0.0237035
0.0238534
0.0259323
0.0244795
0.0245928
0.0253221
0.0257152
0.0300707
0.0259461
0.0275155
0.0285245
0.0307131
0.0306063
0.0308024
0.0320021
0.0301433
0.0320809
0.0315157
0.0307117
0.0312966
0.0330898
0.0316345
0.032068
0.0314697
0.029969
0.0294836
0.0302732
0.0303965
0.0303697
0.0320301
0.0296853
0.0302313
0.0320274
0.030816
0.028622
0.0302605
0.030915
0.0308913
0.0304614
0.0329066
0.030015
0.0294392
0.0294849
0.0294465
0.0307176
0.0330557
0.0327
0.0307844
0.031974
0.0326571
0.0342515
0.0348093
0.0320563
0.0322286
0.0336651
0.0343881
0.0336613
0.0323093
0.0317118
0.0327015
0.0309739
0.0304182
0.0299989
0.0288231
0.0314727
0.0336347
0.0296911
0.0288087
0.0279787
0.0283756
0.0296432
0.0297247
0.0264815
0.0276921
0.0283618
0.0326163
0.0307427
0.0315653
0.0336661
0.0275464
0.0290638
0.0298368
0.0285799
0.0266394
0.0284615
0.028305
0.0261573
0.0263233
0.0270903
0.0268123
0.0251746
0.0266577
0.0258997
0.0264891
0.0262916
0.0236585
0.0247041
0.0248721
0.0226317
0.0226289
0.0224612
0.0264638
0.0242534
0.0232275
0.0222396
0.0258307
0.0237619
0.023638
0.0211405
0.0242604
0.0254387
0.022389
0.0238582
0.0238576
0.0231854
0.0227578
0.0247636
0.0248744
0.0260044
0.0249647
0.0235072
0.0244109
0.0237298
0.0251918
0.026379
0.0266564
0.0266134
0.0256619
0.0257782
0.0274007
0.0260902
0.0270117
0.0290132
0.031292
0.0259098
0.0279535
0.0254404
0.0251334
0.026236
0.0270535
0.0279246
0.0273255
0.0292038
0.0259129
0.0279455
0.0288425
0.0266543
0.0236535
0.0250955
0.0264307
0.0279267
0.0256232
0.0291103
0.0280871
0.0306251
0.0268793
0.0276901
0.0252914
0.0264873
0.0287817
0.0262037
0.0240631
0.0263771
0.0260291
0.025117
0.0258711
0.0268943
0.0249587
0.027028
0.0257596
0.0248864
0.0252328
0.0266169
0.0270956
0.0241646
0.0247082
0.0265825
0.027514
0.0262379
0.027887
0.0286651
0.0270981
0.0288731
0.0303528
0.0295785
0.0287549
0.0278926
0.0279375
0.0260869
0.0290264
0.0281748
0.026882
0.026409
0.02689
0.028108
0.028254
0.0261131
0.0242617
0.0257482
0.0269087
0.0249347
0.0242962
0.0276195
0.0261689
0.0242187
0.0265501
0.0271674
0.0267591
0.0262612
0.0275879
0.0240202
0.0282765
0.0299405
0.0247827
0.0249278
0.0260929
0.0274669
0.0242876
0.0262422
0.0267236
0.0281953
0.0240503
0.0245344
0.0259615
0.0263727
0.0276684
0.02475
0.0276865
0.0276447
0.0258067
0.0273046
0.0272312
0.0275664
0.0274163
0.0289896
0.0315995
0.0296367
0.0269198
0.0273942
0.0267053
0.0251536
0.0250389
0.0252283
0.0248777
0.0274635
0.0310832
0.0279671
0.0263206
0.0250921
0.0254734
0.025493
0.0260806
0.02632
0.0303008
0.0285498
0.0264129
0.0271755
0.0242319
0.0248223
0.025447
0.0233233
0.0248607
0.0241426
0.0248041
0.0244414
0.025581
0.026555
0.0242856
0.024385
0.025743
0.0247149
0.0231061
0.0232298
0.0225876
0.0229672
0.0230251
0.0203883
0.0238988
0.0240154
0.0218983
0.0241257
0.0218207
0.0214616
0.0223398
0.020573
0.0216134
0.0214883
0.0209424
0.0224733
0.0225382
0.0221317
0.0233077
0.0243609
0.0214879
0.0228682
0.0256481
0.0241051
0.0226208
0.023517
0.0236903
0.0245504
0.0223439
0.0285138
0.0261806
0.0245667
0.0264678
0.0265328
0.0256032
0.026024
0.0262001
0.0243459
0.0248656
0.0244722
0.0238568
0.0242501
0.0265853
0.0249643
0.0255678
0.0248455
0.0226262
0.0270135
0.0252053
0.0213236
0.0227309
0.0227434
0.0229847
0.0223619
0.0236366
0.024003
0.0270596
0.0289415
0.0234403
0.0239982
0.0234071
0.0233095
0.0233571
0.0219109
0.0252354
0.0268536
0.0256877
0.0275957
0.0279196
0.0249154
0.0296157
0.0308964
0.0276529
0.0294028
0.0330822
0.0305807
0.0309495
0.0313133
0.0290349
0.0314181
0.0291298
0.0284924
0.0322824
0.0377681
0.0292548
0.0322283
0.0295492
0.0278406
0.028358
0.0283106
0.03034
0.0270829
0.0288475
0.0319005
0.0297823
0.0271941
0.0282533
0.0275472
0.0250128
0.0279736
0.0291798
0.0275523
0.028709
0.0318501
0.0280297
0.027059
0.0282278
0.0277599
0.0257898
0.0241955
0.025306
0.027195
0.0272211
0.0261549
0.0276545
0.0282358
0.0292283
0.0283693
0.0304418
0.0312749
0.0303504
0.0294254
0.0300112
0.032368
0.0303671
0.031479
0.0326319
0.031061
0.0304311
0.0313738
0.0284159
0.0310782
0.0314554
0.0293791
0.0306324
0.030674
0.02964
0.0275834
0.029254
0.0290772
0.0298841
0.0302581
0.029608
0.0300114
0.0282925
0.0311547
0.030671
0.0332689
0.0317447
0.0314483
0.0320924
0.0283478
0.0302611
0.0311276
0.0308581
0.0286752
0.031777
0.0312574
0.0292926
0.0277172
0.0293429
0.0281534
0.0292199
0.0293662
0.0290746
0.0307907
0.032336
0.0324913
0.0315889
0.0342391
0.0343994
0.0307112
0.0335937
0.033566
0.0319866
0.0317856
0.0316298
0.0327077
0.0324213
0.0316883
0.0323191
0.0351697
0.0334503
0.0316609
0.0324125
0.0319279
0.030551
0.0316479
0.0324866
0.0344284
0.0345723
0.0323951
0.0336486
0.0353092
0.0336271
0.0306584
0.0337945
0.0318793
0.0357594
0.0306671
0.028716
0.0303002
0.0283179
0.0258562
0.0293628
0.0304813
0.0263795
0.0243748
0.0264298
0.0257822
0.0230367
0.0274078
0.0244825
0.0259271
0.0266847
0.0262191
0.0249777
0.0282472
0.0283166
0.0280561
0.0248508
0.0280445
0.0276235
0.0292117
0.0258988
0.027416
0.0287719
0.0299608
0.0261431
0.0280006
0.0302951
0.031314
0.028095
0.0283326
0.030681
0.029153
0.0266613
0.0280186
0.0291086
0.028562
0.0260951
0.0281389
0.0280402
0.0257903
0.0251417
0.0289263
0.027176
0.0282613
0.0251517
0.0251789
0.0294301
0.0282434
0.0263155
0.0239022
0.0251735
0.024642
0.0255598
0.0268642
0.025953
0.024545
0.025473
0.0251957
0.0269622
0.0267472
0.0248606
0.0254635
0.025685
0.0268614
0.0311769
0.0266328
0.0259218
0.0247223
0.0254566
0.0259384
0.0243666
0.0246108
0.0246933
0.0257402
0.0284988
0.0340292
0.0284163
0.0285886
0.0279834
0.0264526
0.0259379
0.0273978
0.0275257
0.0271876
0.029348
0.0243971
0.0278585
0.029277
0.0297163
0.0274397
0.0291226
0.027894
0.027108
0.0261007
0.0272366
0.0282281
0.0302249
0.0310969
0.0311007
0.0288716
0.0255904
0.0275537
0.0281994
0.0282227
0.0286221
0.0313516
0.0269876
0.0317338
0.0299103
0.0271564
0.029421
0.0304932
0.028307
0.0292509
0.0293597
0.0257398
0.0278314
0.0285474
0.0262172
0.0273382
0.0270857
0.0256438
0.0286436
0.0275218
0.0250181
0.0252618
0.02606
0.0240831
0.0231332
0.0248913
0.0258093
0.026522
0.0250045
0.0262725
0.0254553
0.0259278
0.0257604
0.0238023
0.0257082
0.0280592
0.0267667
0.0293588
0.0314462
0.0273181
0.0275255
0.0307704
0.0294452
0.0280912
0.0288053
0.0310562
0.0264025
0.0295138
0.0312195
0.0257864
0.0291397
0.0265667
0.0248887
0.0294634
0.0299843
0.025605
0.0315156
0.0291102
0.0282337
0.0280485
0.0303446
0.0286642
0.0270353
0.0298774
0.0296737
0.0279233
0.0286741
0.0303942
0.0297252
0.0310315
0.026514
0.0290865
0.0300748
0.0299261
0.0274823
0.0294372
0.0289492
0.0289867
0.0264921
0.0278498
0.0293668
0.026636
0.0271442
0.0275055
0.0272336
0.0266251
0.0279886
0.0284064
0.0269013
0.0252482
0.0260525
0.0291393
0.0269348
0.0257709
0.0262357
0.027406
0.026802
0.0270755
0.0278235
0.0283091
0.0289563
0.0274394
0.0297214
0.0290351
0.0298665
0.0267566
0.0280595
0.0283196
0.0292181
0.0286792
0.030106
0.0289998
0.0290793
0.0270878
0.0297113
0.0313296
0.0290738
0.0279277
0.0287251
0.0303256
0.0296067
0.0263229
0.027996
0.0285818
0.0296852
0.0267666
0.032489
0.0293148
0.0301508
0.0268519
0.0285831
0.0316984
0.0276433
0.0261267
0.0278194
0.027575
0.028437
0.0287165
0.0288014
0.0308475
0.0314087
0.029926
0.0302765
0.0355139
0.0321682
0.0293741
0.0322337
0.0328212
0.0306667
0.0287833
0.0305267
0.0303265
0.0307936
0.0300955
0.0308088
0.0314543
0.0303472
0.0290625
0.033483
0.0313803
0.0322262
0.0325913
0.0297569
0.0309229
0.0337316
0.0315047
0.0308109
0.0312711
0.0321835
0.0324838
0.030883
0.0301883
0.0311413
0.0324127
0.0326398
0.0361825
0.0304518
0.0334538
0.0340819
0.03528
0.0313101
0.0341146
0.0360732
0.0325233
0.0315875
0.0346989
0.0340874
0.0343785
0.0318747
0.0319256
0.0313015
0.0309939
0.029362
0.0302239
0.0302224
0.0306039
0.0290643
0.030168
0.0303669
0.0284361
0.0287746
0.0296482
0.0327611
0.0321847
0.0309271
0.0299883
0.0287503
0.02921
0.0318437
0.0286092
0.0295256
0.0294871
0.0370735
0.0303769
0.0341741
0.0277838
0.0291452
0.0313296
0.0308542
0.0276699
0.0276022
0.0283985
0.0277237
0.0271669
0.0253794
0.02514
0.0274488
0.0285906
0.0266472
0.024557
0.0243339
0.0248379
0.028223
0.02768
0.0293252
0.0242912
0.0262557
0.0258409
0.0271341
0.0264062
0.0248675
0.0252256
0.02549
0.0269413
0.0276228
0.0273249
0.0251427
0.0285284
0.0278756
0.0277205
0.0278955
0.0255672
0.0265944
0.0259722
0.0265402
0.0275093
0.0276997
0.0259397
0.0270984
0.0272293
0.0282476
0.0291819
0.0278691
0.0252488
0.0285017
0.0265259
0.0271228
0.0306049
0.0264716
0.0251348
0.0265686
0.0279715
0.0260824
0.0253077
0.0237772
0.0278625
0.0268626
0.0265852
0.0249182
0.0260531
0.0271649
0.0268306
0.0269148
0.0276006
0.0254141
0.0249282
0.0265421
0.0273326
0.0255573
0.0260146
0.027462
0.0242486
0.0277237
0.027817
0.02786
0.0252989
0.0280001
0.027759
0.0265069
0.0260848
0.0275092
0.0295601
0.0279423
0.0255711
0.0264531
0.0269525
0.0280271
0.0261883
0.0247709
0.027589
0.0273916
0.0278759
0.0251344
0.0258767
0.026444
0.0264371
0.0247714
0.0234872
0.0250077
0.0258036
0.0259551
0.02482
0.0245593
0.0266529
0.0266838
0.0251679
0.0241684
0.0253217
0.0268496
0.0275773
0.0256408
0.0264756
0.0276493
0.0285099
0.0271316
0.0251152
0.0263736
0.025846
0.0283966
0.0231327
0.0231147
0.023546
0.02366
0.0239463
0.0217625
0.0236754
0.0230712
0.0233773
0.0215453
0.0229168
0.0220116
0.0248309
0.0245597
0.0234872
0.0262593
0.0276872
0.0248811
0.0269319
0.0268688
0.0254797
0.0266312
0.0273389
0.0248912
0.0265819
0.0268647
0.0259221
0.0259778
0.026641
0.025007
0.0255418
0.0265531
0.0254473
0.0234149
0.0245791
0.0243415
0.0273514
0.0254679
0.0254459
0.0264751
0.0271719
0.0257792
0.0282055
0.0294229
0.0268201
0.0265747
0.0277631
0.026334
0.0273301
0.0293062
0.0277222
0.0288578
0.0292384
0.0277787
0.0304363
0.0319989
0.0274514
0.0279857
0.028026
0.0284886
0.0271453
0.032998
0.0290395
0.0273014
0.0271081
0.026362
0.0269782
0.0283203
0.0262085
0.0252424
0.0278871
0.0306422
0.0267292
0.0271081
0.0270076
0.0249943
0.0292612
0.0270546
0.0273046
0.0279167
0.0263333
0.0243109
0.0262741
0.0252244
0.0232461
0.0250872
0.0250424
0.0240171
0.0280914
0.0261287
0.0276366
0.0252755
0.0255604
0.0271721
0.0285626
0.0273346
0.028232
0.0273564
0.0257854
0.0252725
0.0242705
0.0287773
0.024572
0.0266495
0.0267389
0.0249436
0.0272535
0.0281884
0.0253652
0.0264233
0.0269396
0.0261157
0.0252411
0.026992
0.0281814
0.0278342
0.0255603
0.0281233
0.0281013
0.0269719
0.0283107
0.0292073
0.0274833
0.0262282
0.0297199
0.0289556
0.0256346
0.0303916
0.0317019
0.0275965
0.0268665
0.027452
0.0292618
0.0284884
0.0305029
0.0289436
0.0300838
0.0301495
0.028461
0.0291902
0.0280204
0.0295691
0.0292163
0.0282968
0.0276828
0.0294949
0.0287864
0.0290092
0.0273522
0.0270421
0.0270234
0.0291152
0.0296069
0.028669
0.0297827
0.0311893
0.0299923
0.0308541
0.034423
0.0311246
0.0277113
0.0279239
0.028433
0.0285814
0.0308135
0.0285483
0.0320509
0.0310988
0.0293725
0.0323311
0.0310882
0.0290245
0.0270397
0.0274457
0.0297903
0.0293233
0.0275383
0.0284167
0.0283636
0.0318314
0.0286197
0.0329544
0.0300543
0.0317157
0.0297986
0.0291596
0.027192
0.0292876
0.0299052
0.0259595
0.0288604
0.028843
0.0269791
0.0248219
0.0262563
0.025006
0.0264075
0.0254686
0.0258826
0.0242792
0.0251564
0.0256684
0.0279936
0.0273998
0.028771
0.0287949
0.0265849
0.0272253
0.0293195
0.0312419
0.0293182
0.0291664
0.0304256
0.0344779
0.0280149
0.0255297
0.027053
0.0272943
0.0272397
0.0252251
0.0273804
0.0283109
0.0303696
0.0268669
0.0302859
0.0280487
0.0285078
0.027966
0.0272821
0.0285256
0.028958
0.0284847
0.0273285
0.0290068
0.0301364
0.0298855
0.0296074
0.0300008
0.0341233
0.0300516
0.0286973
0.0295786
0.0301596
0.0299616
0.0283485
0.0305972
0.0309334
0.0302505
0.0308107
0.0300995
0.0311367
0.0299114
0.0287972
0.0310425
0.0337488
0.0296378
0.027855
0.0299806
0.0301071
0.0290521
0.0267633
0.0302273
0.0303868
0.0286577
0.0281715
0.0309332
0.0303924
0.0297839
0.0280219
0.0298083
0.0310446
0.0328938
0.0278816
0.0337219
0.033776
0.0311758
0.0296885
0.0307912
0.0299458
0.0302488
0.0315602
0.0315722
0.0292679
0.0304481
0.0322379
0.0327086
0.0319102
0.0350861
0.0295944
0.0310095
0.0311374
0.0386532
0.0325136
0.0315423
0.032101
0.0328503
0.0331161
0.0296329
0.0302053
0.0303686
0.0302268
0.0304939
0.030953
0.0294423
0.0299548
0.0292742
0.0265872
0.0278542
0.0310639
0.0311764
0.027034
0.0278507
0.0280081
0.0286814
0.0254026
0.0269133
0.0289275
0.0283909
0.0285816
0.0307626
0.0313198
0.0276343
0.0251002
0.0272247
0.0275279
0.0272631
0.0257075
0.0272271
0.0283271
0.0260241
0.0244565
0.0250461
0.0263886
0.0277037
0.0255146
0.0243783
0.0272849
0.0267572
0.0268133
0.0255551
0.0278877
0.0266254
0.027175
0.0252917
0.025049
0.0266396
0.0262938
0.0276521
0.0259535
0.0251781
0.0290561
0.0303662
0.0293498
0.0252607
0.030598
0.0281802
0.0296605
0.0271261
0.0259409
0.0278551
0.0290813
0.0290282
0.0273852
0.0319931
0.0307624
0.0300414
0.0276239
0.0252725
0.0268163
0.025622
0.0282717
0.0300635
0.02799
0.0267036
0.026495
0.0258368
0.0275463
0.0253007
0.0251509
0.0261733
0.0270218
0.0260323
0.0244061
0.0241101
0.0246464
0.0235247
0.025782
0.0295758
0.0271974
0.0249572
0.0266618
0.0252654
0.0255918
0.0249718
0.0252413
0.0238193
0.026282
0.0279376
0.0279534
0.0259645
0.0280386
0.0280107
0.0272528
0.0280628
0.0278175
0.0289329
0.0303643
0.0309442
0.0309176
0.0283324
0.0285521
0.0304902
0.0315768
0.0330839
0.0330321
0.0295039
0.0284892
0.0300687
0.0297057
0.0299358
0.0292308
0.0299987
0.0297275
0.0308349
0.029839
0.0307323
0.0283419
0.0280519
0.0288662
0.0290013
0.0267232
0.028852
0.0280392
0.0286523
0.0293509
0.0274265
0.026776
0.0292899
0.0356344
0.0300355
0.0279318
0.0276902
0.029987
0.0269627
0.0293513
0.0284974
0.026934
0.0309613
0.0315148
0.0309137
0.0273734
0.0259387
0.0290716
0.0275958
0.0297192
0.0281862
0.0270632
0.0281044
0.0280084
0.0272947
0.0276595
0.0276347
0.0301571
0.0281106
0.0277291
0.0267552
0.0274934
0.0281602
0.0277893
0.0278949
0.0277882
0.0289607
0.0282105
0.0290843
0.0288941
0.0295692
0.0295091
0.0301412
0.0295858
0.0285546
0.0291915
0.0295622
0.0292691
0.0296977
0.0274238
0.029256
0.0290094
0.0298117
0.0297828
0.0303755
0.0272095
0.0271169
0.0269177
0.0313816
0.0280678
0.0260181
0.0278926
0.027247
0.0268406
0.025816
0.0272234
0.0285363
0.0297936
0.0252917
0.0283585
0.0312702
0.0309214
0.0274193
0.028683
0.0298532
0.0289279
0.0264943
0.0291166
0.0303247
0.030799
0.0270168
0.0277045
0.0286812
0.0298722
0.0293141
0.0291582
0.0301245
0.0268128
0.0265321
0.0294051
0.0301049
0.0329607
0.0305331
0.030695
0.0311345
0.0291307
0.0296529
0.028727
0.0272415
0.0288151
0.0286486
0.029009
0.0320562
0.0274563
0.025154
0.0277451
0.0312682
0.0276086
0.0259283
0.0230857
0.0267736
0.0262684
0.0229548
0.0218814
0.0247726
0.0240978
0.0269391
0.0242791
0.0274917
0.0270213
0.021321
0.0206043
0.0231231
0.023282
0.0214348
0.0218311
0.0219958
0.0222588
0.0230825
0.0237772
0.0243985
0.0244336
0.0231984
0.0241684
0.0227984
0.022668
0.0238459
0.0235078
0.0242555
0.0229581
0.0230501
0.0217949
0.0230299
0.0235321
0.0221627
0.0236066
0.0242345
0.0254809
0.0266026
0.0251985
0.0257141
0.0269482
0.0252839
0.0260571
0.0251259
0.0264978
0.0268986
0.0302122
0.0297139
0.0317803
0.0271557
0.0295678
0.0307298
0.027613
0.0304147
0.0289384
0.0270165
0.0288594
0.0290514
0.0274876
0.0276422
0.0279718
0.026439
0.0284948
0.0283462
0.0276564
0.028474
0.0293503
0.0265487
0.0282389
0.0281885
0.0278617
0.028612
0.0267939
0.0342515
0.0295112
0.0287902
0.0287011
0.0264326
0.0271989
0.0285256
0.0270708
0.0271732
0.0263907
0.0255766
0.0270028
0.0250369
0.0249703
0.0234338
0.0247742
0.0254583
0.0251105
0.023428
0.0247709
0.0259149
0.0255737
0.0292683
0.0274016
0.0255858
0.0282193
0.0293605
0.0290086
0.0302262
0.0288702
0.0284816
0.029396
0.0309034
0.0288121
0.0302737
0.0303308
0.0276615
0.0283932
0.029922
0.028712
0.0288094
0.0290325
0.0279021
0.0288304
0.0298497
0.0292781
0.0299024
0.0294021
0.0300972
0.0304509
0.030225
0.029162
0.0302826
0.0328586
0.0302821
0.0289368
0.0310908
0.0319136
0.0323383
0.0300534
0.0326524
0.0316613
0.0315274
0.0310696
0.0297053
0.0317539
0.0312972
0.028926
0.0283689
0.0300351
0.0321003
0.0293965
0.0267337
0.0298497
0.0266114
0.0286848
0.0285323
0.0282748
0.0272738
0.0269899
0.0270976
0.0288493
0.0307506
0.0287038
0.0282656
0.0276747
0.0280822
0.0272922
0.0285153
0.0280024
0.0274127
0.0267175
0.028476
0.0283272
0.0290246
0.029077
0.0288793
0.0298128
0.0318023
0.0317629
0.0312986
0.0314766
0.0303112
0.0323998
0.0309679
0.0297608
0.0301562
0.0312091
0.0325627
0.0307694
0.0295336
0.029907
0.0297527
0.0299826
0.02954
0.0291617
0.0317462
0.0301241
0.0337968
0.0304314
0.0285684
0.0294799
0.0289272
0.0289752
0.0303577
0.0289684
0.0277145
0.029121
0.0295182
0.0298667
0.0268522
0.0291535
0.0286054
0.0303119
0.0331699
0.0296087
0.029137
0.0325988
0.0301887
0.027521
0.0280476
0.0301045
0.0324386
0.0310685
0.0272253
0.0299928
0.0295329
0.0294148
0.0306435
0.0277568
0.0280508
0.0306703
0.0283656
0.028834
0.0283854
0.0308623
0.0289663
0.030202
0.0320874
0.03188
0.0335033
0.0292046
0.0294314
0.0302597
0.0283834
0.0275473
0.0291879
0.0294846
0.030806
0.0323408
0.0328323
0.0301313
0.0285042
0.0278038
0.0287964
0.0283167
0.0288324
0.0293621
0.0283399
0.0276076
0.0272245
0.02898
0.0309792
0.0285577
0.0271492
0.0290742
0.0284299
0.0318214
0.0262186
0.0265681
0.027972
0.0282442
0.0278556
0.0260895
0.0289236
0.0304282
0.0296047
0.0278772
0.0260665
0.0267635
0.0305043
0.0247423
0.0256968
0.0254079
0.0289093
0.027614
0.0270334
0.0266046
0.0317376
0.0279856
0.0295795
0.0270168
0.0294122
0.0289413
0.0280165
0.0265704
0.0280319
0.0298502
0.0307753
0.0289807
0.0308232
0.0281086
0.0291721
0.026989
0.0286314
0.0277431
0.0288961
0.0245695
0.0255246
0.0259123
0.024609
0.0225783
0.024876
0.0259377
0.0261574
0.0245076
0.0237532
0.0235356
0.0256375
0.0262936
0.0282622
0.0243306
0.0239965
0.0259312
0.0260954
0.0245394
0.0287921
0.0282952
0.0276195
0.0299662
0.0291987
0.0287075
0.0269633
0.0279312
0.0280824
0.0269649
0.0250287
0.0269489
0.0283005
0.0253994
0.0271091
0.0275433
0.0252437
0.02484
0.026244
0.0271381
0.0260578
0.0268181
0.0270658
0.0266401
0.0262849
0.0247169
0.0285073
0.026928
0.0245086
0.0255988
0.0243773
0.0246259
0.0270394
0.0246496
0.0233804
0.023781
0.024201
0.0240572
0.0237417
0.0239261
0.0238174
0.0234546
0.0225549
0.0213796
0.0210484
0.0230278
0.0258465
0.0210963
0.0217987
0.0210459
0.0217143
0.0230823
0.0220144
0.0226656
0.0213615
0.023792
0.0236617
0.0236338
0.0227919
0.0226464
0.0220545
0.0219167
0.0232333
0.0231782
0.023119
0.0219968
0.024099
0.0243369
0.022413
0.0263148
0.0261895
0.0234554
0.0265616
0.0280922
0.0238218
0.0262171
0.0265053
0.0238159
0.0246161
0.0246144
0.0254297
0.0252848
0.0226419
0.0234289
0.0257123
0.0243566
0.0231528
0.0236101
0.0251013
0.0250915
0.0231965
0.0262153
0.0250675
0.0250395
0.0242386
0.0243376
0.0268331
0.024303
0.0245282
0.0242188
0.0254742
0.0248236
0.0268346
0.0272421
0.025597
0.0266452
0.0298404
0.0275131
0.0264002
0.0266186
0.0255786
0.0282013
0.0287631
0.0257399
0.0260898
0.0269214
0.0279885
0.0252682
0.0254848
0.0273005
0.0303823
0.0248798
0.027073
0.0294848
0.0270159
0.0287814
0.0293285
0.0276364
0.02659
0.0272834
0.0282503
0.0267207
0.0254057
0.0274206
0.0271473
0.026338
0.0251195
0.0265616
0.0262415
0.0272903
0.030167
0.0270192
0.0261512
0.0256114
0.0248191
0.0250297
0.0240615
0.0259509
0.0276606
0.0243977
0.0253836
0.0249137
0.0254303
0.0240386
0.0234115
0.0243064
0.025797
0.0248603
0.0259644
0.0281345
0.02615
0.0273788
0.027053
0.0260964
0.0261518
0.0283207
0.0289466
0.02725
0.0246875
0.0266579
0.0276344
0.0260228
0.0243757
0.0256597
0.0269269
0.025868
0.0236067
0.0248516
0.0258303
0.0264831
0.0228572
0.0238877
0.024491
0.0231194
0.0235597
0.0241209
0.023115
0.0234029
0.0234339
0.0241918
0.0254436
0.0239953
0.0229604
0.0231962
0.0233374
0.0224614
0.0212131
0.0223108
0.02275
0.0224446
0.0236145
0.0244343
0.0210045
0.0224331
0.025292
0.0247585
0.0241607
0.0226633
0.0207517
0.0255195
0.0230828
0.020467
0.0225549
0.0225104
0.0224225
0.0206089
0.0217577
0.0219595
0.0233715
0.0246461
0.0251898
0.0220184
0.0228802
0.0246729
0.026156
0.0251998
0.0231333
0.0240422
0.0234893
0.0241627
0.0238841
0.0269227
0.0232891
0.0215787
0.0232861
0.0236208
0.0222806
0.0227358
0.0243392
0.0242833
0.0223417
0.024807
0.0243962
0.0250807
0.0233065
0.0243905
0.0241961
0.0278899
0.0260876
0.0265077
0.0254639
0.0250899
0.0254148
0.0261911
0.0243096
0.0254338
0.027751
0.0248203
0.0273696
0.0273011
0.0258757
0.0254791
0.0241117
0.0255301
0.0245207
0.0234276
0.024691
0.0285371
0.0231839
0.0242702
0.0234331
0.0223065
0.0243458
0.0232391
0.0222715
0.0219093
0.0222933
0.0216328
0.0220881
0.0216667
0.0253315
0.0242604
0.0217114
0.0219682
0.0224827
0.0221319
0.0212223
0.0228512
0.0241142
0.0223924
0.0221726
0.0220232
0.0244081
0.0254089
0.0242134
0.0252599
0.0238652
0.023409
0.0225279
0.0227203
0.024018
0.0244509
0.0259107
0.0274532
0.0246129
0.0244073
0.0227116
0.024759
0.026287
0.0249227
0.0265366
0.0277587
0.0259699
0.0261543
0.0268343
0.0282608
0.0287107
0.0253739
0.0311945
0.0261806
0.0246598
0.0254922
0.024819
0.024518
0.0280526
0.027805
0.0260373
0.0239251
0.0252954
0.0260562
0.0242675
0.028223
0.0283014
0.0268499
0.0260971
0.0272921
0.0275304
0.0265328
0.0272354
0.0272429
0.0288715
0.0274849
0.0282924
0.0308083
0.0266525
0.0281925
0.0290389
0.0272581
0.0263835
0.0291093
0.0292066
0.0274844
0.0268306
0.0295883
0.0300014
0.0290893
0.0265455
0.0309729
0.029197
0.0270114
0.027862
0.0278308
0.0301615
0.0266916
0.0264353
0.0292032
0.0316308
0.029381
0.028727
0.0275856
0.0286336
0.0314303
0.0293456
0.0293701
0.0279595
0.0314
0.0330398
0.0339265
0.030675
0.0287526
0.0301491
0.0307605
0.0299871
0.0321601
0.0332505
0.0322041
0.0294687
0.0304563
0.0305203
0.0295845
0.0301953
0.0304254
0.0312452
0.0300764
0.0310448
0.0325037
0.0302223
0.0303971
0.0285489
0.0299453
0.0309252
0.0313558
0.0282672
0.0294636
0.0289995
0.0300206
0.0283438
0.0260075
0.0287594
0.0277032
0.0272825
0.0271033
0.0260431
0.0257051
0.0298849
0.0286801
0.0286644
0.0249746
0.0286855
0.0306219
0.0277439
0.0274037
0.0278793
0.0272391
0.0274463
0.0297708
0.0271381
0.0259933
0.0246438
0.0270856
0.0276906
0.0261207
0.0275913
0.0300968
0.0281897
0.0273421
0.027438
0.0259416
0.0239311
0.0268722
0.0252679
0.0241445
0.0272334
0.028447
0.0255722
0.0246093
0.0256305
0.0263728
0.027545
0.0238549
0.0267147
0.0256815
0.0262442
0.0269039
0.0248671
0.028171
0.0282287
0.0300137
0.0262124
0.0277132
0.0318238
0.0277398
0.0250632
0.0270416
0.0269162
0.0297219
0.0259558
0.0254598
0.0261282
0.0259325
0.027639
0.027464
0.0295022
0.0280872
0.0283317
0.0274473
0.0271137
0.0286579
0.0311926
0.030009
0.032702
0.0282504
0.0266391
0.0272833
0.0274895
0.0264061
0.0292853
0.025262
0.0286107
0.030359
0.0298706
0.0277316
0.0246196
0.0270745
0.0305429
0.0274348
0.026004
0.0256065
0.0291619
0.0287089
0.0279564
0.0289809
0.0298658
0.0311005
0.0279341
0.0270179
0.0289281
0.0305971
0.0298379
0.0283288
0.031067
0.0333521
0.0293246
0.0285258
0.0281667
0.0303078
0.0302593
0.0297846
0.0301554
0.027027
0.028795
0.0314085
0.0291055
0.0267683
0.0300112
0.0307642
0.0313977
0.0290345
0.0306394
0.0316007
0.0306418
0.0300957
0.0306541
0.0299116
0.030785
0.0311588
0.0322079
0.0301447
0.0292493
0.0342222
0.0333318
0.0315588
0.0297071
0.033665
0.0334037
0.032476
0.0312193
0.0304076
0.0309001
0.0301428
0.0304583
0.0287874
0.0285861
0.0312062
0.0334883
0.0297708
0.0280569
0.0295376
0.0290889
0.0298082
0.0300031
0.0262376
0.0255933
0.0281112
0.0295171
0.030392
0.0261145
0.0269183
0.0268448
0.0280975
0.0269421
0.0281084
0.0292612
0.0296992
0.0307252
0.0300183
0.0281162
0.0306449
0.0297392
0.0295916
0.0278539
0.0299511
0.0284711
0.0308628
0.0299365
0.0304861
0.0300836
0.0292723
0.0314706
0.0317108
0.0305289
0.0291634
0.0290059
0.028499
0.0294235
0.0286971
0.029043
0.0268669
0.0281631
0.0264761
0.0305697
0.0277677
0.0289265
0.0272122
0.0323134
0.0311889
0.0331226
0.0279284
0.0271097
0.0292596
0.0297302
0.0277476
0.0246313
0.0278203
0.0275609
0.0269158
0.0262769
0.0282442
0.0294014
0.0279273
0.0271905
0.0300462
0.0294497
0.027061
0.0286987
0.0291604
0.0268334
0.0274725
0.027676
0.0285301
0.0305753
0.0319168
0.02758
0.027941
0.030193
0.0298788
0.0274568
0.028189
0.028126
0.0297515
0.0275
0.0272828
0.0286356
0.0323469
0.0296347
0.0299226
0.0279733
0.0302496
0.0283378
0.0283113
0.0277187
0.0278693
0.0286849
0.0282013
0.0273772
0.0253999
0.0265758
0.0259765
0.0255868
0.0285764
0.0294922
0.0308203
0.0326619
0.0321913
0.0276462
0.0303586
0.0307089
0.0330584
0.0272125
0.0251552
0.0279517
0.0291006
0.0286249
0.0297143
0.0296544
0.0310253
0.0312479
0.0292011
0.0362529
0.0320592
0.032913
0.0314795
0.0327296
0.0348429
0.0330706
0.0317463
0.0324494
0.0356013
0.0335264
0.0330844
0.0327557
0.0304804
0.0328965
0.0341372
0.0343486
0.0335184
0.0316262
0.0332747
0.0341478
0.0335872
0.0317953
0.0330504
0.0320905
0.0337455
0.0347676
0.0355006
0.0329475
0.0349787
0.0357153
0.0341776
0.0358391
0.0351515
0.0358258
0.0337679
0.0327653
0.0320135
0.0330902
0.0332854
0.0323447
0.0320537
0.0315559
0.031892
0.0305235
0.0288315
0.0323397
0.032162
0.0311526
0.0309826
0.0333306
0.0333704
0.0319614
0.0297227
0.0328272
0.0358976
0.0320647
0.031463
0.031902
0.0334428
0.031716
0.0301645
0.0287511
0.0293849
0.0312354
0.0298981
0.029146
0.0325995
0.0308382
0.0314852
0.0285638
0.0320067
0.0306902
0.0303321
0.0287765
0.0285584
0.0291268
0.0303039
0.0290318
0.0278356
0.0296048
0.0294904
0.0282641
0.0266187
0.028741
0.0299943
0.029212
0.0258365
0.02762
0.0271097
0.0265889
0.0235636
0.0245041
0.0240993
0.0240607
0.0228114
0.0239685
0.0234928
0.0221153
0.0184385
0.0227648
0.0231172
0.0217739
0.0188812
0.0206861
0.0219354
0.0223143
0.022262
0.0262001
0.0290157
0.0263657
0.0252145
0.0272033
0.0275485
0.0266162
0.0301431
0.0307077
0.029636
0.0308543
0.0337686
0.0367213
0.0340014
0.0305235
0.0319572
0.0348781
0.0356728
0.0329769
0.0362573
0.0355532
0.0358688
0.0316211
0.0333408
0.0384074
0.0361634
0.0326786
0.0341255
0.0352683
0.0355608
0.0339496
0.0336528
0.0344774
0.0357461
0.0367369
0.0327381
0.0340308
0.0337952
0.0362908
0.0370207
0.0342537
0.0339736
0.0374493
0.0399449
0.0354365
0.0333577
0.0316831
0.0334941
0.0354368
0.0375005
0.0333864
0.0298184
0.0311555
0.0308703
0.0293183
0.0266249
0.0287527
0.02948
0.0284998
0.0304503
0.0261196
0.0255559
0.0279135
0.0265997
0.0270021
0.0248551
0.024304
0.0241684
0.0249542
0.0264803
0.02554
0.0250586
0.0234641
0.0245089
0.0265794
0.0258821
0.0267966
0.0249646
0.0259284
0.0264811
0.0270979
0.0285427
0.025534
0.0244511
0.0275013
0.0274077
0.0272534
0.025868
0.0254255
0.0285385
0.0287661
0.0291574
0.0279759
0.0271033
0.0262995
0.0275665
0.0285375
0.0317744
0.0325576
0.03088
0.0334315
0.0330736
0.0332691
0.0314724
0.0298888
0.0323858
0.0314608
0.0339082
0.0330671
0.0294411
0.0285694
0.0298294
0.0314256
0.0279642
0.0308038
0.0293295
0.0287894
0.0261926
0.0268222
0.0277549
0.027463
0.0266982
0.0300158
0.0306231
0.0304534
0.0286475
0.0293502
0.0285692
0.0276137
0.0259294
0.0237034
0.0239329
0.0235819
0.0222446
0.024697
0.0241945
0.0252885
0.0239868
0.0257674
0.0256113
0.0256115
0.0252185
0.0274454
0.0282875
0.028332
0.0281182
0.0293627
0.0294829
0.0304009
0.0314987
0.0329499
0.0346049
0.0335471
0.0320919
0.0372564
0.0340001
0.0387243
0.0359858
0.0351283
0.0366233
0.0356673
0.0354601
0.0379776
0.0298739
0.0324306
0.0368169
0.0333381
0.0307393
0.029695
0.0313144
0.0329699
0.0330446
0.0330915
0.0306815
0.0295889
0.0320055
0.0286156
0.0265451
0.0258358
0.0272968
0.029058
0.0281394
0.0262496
0.0258694
0.0269182
0.0270152
0.0254726
0.0234727
0.0242865
0.0250545
0.0249168
0.024619
0.0233706
0.0224717
0.025238
0.0247802
0.0280683
0.0285531
0.022124
0.0296624
0.023682
0.0235203
0.0224357
0.0217726
0.0280037
0.0264746
0.027319
0.0245178
0.0251385
0.0266443
0.0256371
0.0265808
0.0337921
0.0357311
0.0324599
0.0297481
0.0316806
0.0339684
0.0287473
0.0303568
0.0273508
0.0314414
0.0325408
0.0295866
0.0297231
0.0292722
0.0337031
0.0319011
0.0272025
0.0284131
0.0301901
0.0328016
0.0253486
0.0248961
0.0287731
0.029419
0.0279681
0.0239551
0.0265626
0.027507
0.0272
0.0289933
0.0291824
0.0268061
0.026615
0.0270715
0.0287317
0.0294458
0.0266345
0.0261983
0.0284668
0.029341
0.028404
0.0271336
0.0295784
0.0287379
0.0296469
0.0274386
0.0298191
0.0295997
0.027711
0.02786
0.0321256
0.0281411
0.0274121
0.0274805
0.0288616
0.0267588
0.0260637
0.0265375
0.0231431
0.0255642
0.0259348
0.0300324
0.0248459
0.0266733
0.0267846
0.0285959
0.0268195
0.0292017
0.0256572
0.0286528
0.0298112
0.0301334
0.0293814
0.0263222
0.0310446
0.0303162
0.0298255
0.0280763
0.0294732
0.0298238
0.0301745
0.0294959
0.0267381
0.0290829
0.0324416
0.0271255
0.0294358
0.0256388
0.0291792
0.0270714
0.0271044
0.0259811
0.0272112
0.0285274
0.0281925
0.0251724
0.0257977
0.0261892
0.0265958
0.0267834
0.0256171
0.0270243
0.0294737
0.0269384
0.0267329
0.0250707
0.027425
0.0261614
0.0259975
0.0253719
0.0260927
0.0266026
0.02657
0.0255496
0.0266418
0.0279877
0.0289152
0.0283301
0.0268931
0.0261186
0.0255788
0.0303369
0.0302096
0.0282099
0.0269773
0.0287522
0.0293348
0.0311043
0.0301691
0.0274098
0.0280766
0.0303173
0.0278335
0.0315755
0.0314975
0.0319088
0.0280585
0.0304292
0.0303697
0.0294652
0.0276182
0.0261122
0.0288155
0.0293054
0.0290612
0.0289695
0.0302405
0.0283782
0.0285544
0.0260964
0.0278067
0.0277872
0.0282744
0.026071
0.0265849
0.0275736
0.0321659
0.0280428
0.0283986
0.0283645
0.0277011
0.0272767
0.0289239
0.029729
0.0297262
0.0316717
0.028061
0.0306647
0.029209
0.0300443
0.0282848
0.0263499
0.0284877
0.0306263
0.0301345
0.0303202
0.0304848
0.0294441
0.0286479
0.0323335
0.0315342
0.0280691
0.0293462
0.0283987
0.0308837
0.0317488
0.033006
0.029291
0.0318094
0.0323078
0.0326455
0.0317523
0.0358788
0.0335116
0.0336045
0.0328089
0.0362294
0.0356767
0.0392417
0.0364771
0.0360972
0.0380427
0.0397624
0.0368769
0.0352398
0.0343009
0.0349722
0.0335814
0.0322979
0.0346647
0.0332261
0.0332784
0.0292481
0.0289022
0.0300098
0.0317106
0.0330824
0.0309752
0.0288898
0.0305834
0.0325863
0.029758
0.0292516
0.0278605
0.0287756
0.0326139
0.0303227
0.0323062
0.0281912
0.029405
0.0311591
0.0309181
0.0269022
0.0285678
0.0290542
0.0312074
0.0268262
0.0266354
0.0274789
0.0291393
0.0283368
0.025114
0.025407
0.0272164
0.027601
0.0264927
0.0269204
0.027141
0.0262728
0.0261621
0.0240891
0.0239397
0.0258273
0.0274253
0.0282981
0.023043
0.0249024
0.022482
0.023327
0.0248003
0.0236997
0.0245776
0.0234646
0.0238027
0.0231651
0.0229635
0.0254042
0.0220575
0.0244718
0.0240681
0.0239862
0.022779
0.0236132
0.0248884
0.0250032
0.0243588
0.0230578
0.0284962
0.0257704
0.0310649
0.0237306
0.0244848
0.0240208
0.0249785
0.0250439
0.0252781
0.0215812
0.0256706
0.0252548
0.025748
0.0228569
0.0221552
0.0220867
0.0263029
0.021995
0.0251201
0.0259311
0.0238896
0.0218174
0.021393
0.0229609
0.0229888
0.022445
0.0223384
0.0254387
0.024174
0.0254625
0.0231325
0.021747
0.0215473
0.0211988
0.0217359
0.0222217
0.019968
0.0203617
0.0202909
0.0203013
0.0208129
0.0191393
0.0204832
0.0203174
0.0201509
0.0195666
0.0208098
0.0214645
0.0203878
0.0209512
0.0210622
0.0194947
0.0212515
0.0221992
0.0241839
0.0226837
0.0219815
0.0225546
0.0232565
0.0235489
0.0251593
0.0236306
0.0240269
0.0239826
0.0243602
0.0249408
0.0248766
0.0231335
0.0248922
0.0237386
0.0241614
0.0226017
0.0240292
0.0248592
0.0236032
0.0248877
0.0264447
0.0282364
0.0226554
0.0246149
0.0258958
0.0240591
0.0241059
0.0275018
0.0278276
0.0261472
0.025091
0.0261933
0.0272486
0.0254069
0.0239347
0.028495
0.0267506
0.0259923
0.0238583
0.0269032
0.026346
0.0254377
0.0242055
0.0251485
0.0251425
0.0273021
0.0239197
0.029078
0.0291472
0.0263411
0.0245505
0.026257
0.0252106
0.0240483
0.0221153
0.024586
0.0246869
0.0250526
0.0228688
0.0243845
0.0252932
0.0276932
0.0214003
0.0221371
0.0229089
0.0220674
0.0207106
0.0234689
0.0248868
0.0220118
0.0207703
0.0217774
0.0213978
0.0225814
0.0257552
0.0211172
0.0228339
0.0231481
0.0254121
0.0241032
0.0304823
0.0242937
0.0226058
0.0224699
0.0250743
0.0252288
0.0232417
0.0240086
0.0234926
0.0228667
0.0252592
0.0238171
0.0227623
0.0216861
0.0228394
0.0233821
0.0227017
0.021955
0.0219185
0.0246711
0.023419
0.0230039
0.0234587
0.0230752
0.0232889
0.0249521
0.0265211
0.0241621
0.0224709
0.023275
0.0232435
0.0232577
0.023768
0.0230045
0.0240061
0.0241237
0.0226794
0.0236668
0.0244709
0.0219884
0.0228749
0.0227299
0.0258437
0.0238793
0.0231674
0.0221958
0.0227178
0.0233138
0.0236553
0.0229176
0.0247488
0.0251513
0.0261446
0.0215581
0.0225199
0.0219911
0.0254045
0.0245054
0.0213334
0.0222203
0.0219732
0.0222508
0.0213032
0.0216876
0.0222196
0.0267431
0.0217304
0.0225019
0.0223967
0.0217297
0.0217909
0.0244974
0.0248576
0.0241253
0.0203675
0.0204408
0.0205088
0.0206125
0.0224959
0.021563
0.0196359
0.0208392
0.0217312
0.0215582
0.0205203
0.0211995
0.0219017
0.0197743
0.0209474
0.02049
0.0252626
0.022697
0.0196567
0.0207278
0.0198011
0.020222
0.0201479
0.0229044
0.0231994
0.0196386
0.021553
0.0227678
0.0213487
0.0202312
0.0202901
0.0270696
0.0215336
0.020192
0.0218558
0.0209956
0.0198441
0.0200876
0.0209967
0.0221861
0.0200163
0.0213433
0.0212701
0.0238601
0.0235713
0.0219721
0.0220079
0.0250801
0.0253636
0.022883
0.0237073
0.0231718
0.0232684
0.0237835
0.0244202
0.0231146
0.0235478
0.023414
0.0250562
0.0242901
0.0226709
0.0251746
0.0257404
0.0243154
0.023732
0.0263252
0.0259031
0.0257544
0.0253081
0.0243886
0.0261939
0.0257229
0.0272683
0.0294676
0.0278801
0.0263945
0.0281786
0.0290793
0.0279622
0.0252162
0.0274008
0.0272875
0.0253618
0.0265699
0.02753
0.0253266
0.0242409
0.0241793
0.0240898
0.0299326
0.0261081
0.0242183
0.024508
0.0253815
0.0279842
0.023704
0.0238113
0.0245544
0.024787
0.0224579
0.0238606
0.0239093
0.0223676
0.0260463
0.0256239
0.0218032
0.0234363
0.0233558
0.0208282
0.0223809
0.0237885
0.0229812
0.0213843
0.0223602
0.023189
0.0232729
0.0213946
0.0221597
0.0260679
0.0255431
0.0226432
0.0229979
0.022566
0.0229368
0.0241801
0.0243668
0.0226501
0.0234154
0.0228679
0.0248649
0.0247642
0.0232053
0.0238082
0.0252536
0.0235905
0.0246336
0.0249975
0.0234118
0.024121
0.0237208
0.0264444
0.0250792
0.0229636
0.0248781
0.0229044
0.0224331
0.0228907
0.0229688
0.0222085
0.0211787
0.022311
0.0221688
0.020528
0.0212553
0.0219134
0.0205017
0.020423
0.0213217
0.0216098
0.0203532
0.0214918
0.0208279
0.0201335
0.0214308
0.0215479
0.0194564
0.0206933
0.0219518
0.0200799
0.0212019
0.0235066
0.0229413
0.0210191
0.024991
0.0243828
0.0236651
0.0235744
0.0232144
0.0233509
0.0249391
0.0252459
0.0228604
0.0247654
0.0240936
0.0251956
0.025689
0.0233607
0.0236819
0.0241127
0.0231897
0.0243005
0.0251616
0.0228122
0.0236707
0.023328
0.0237955
0.0240926
0.0227605
0.023085
0.0226339
0.0231601
0.023157
0.0249171
0.021308
0.0247701
0.0280801
0.0297464
0.0264039
0.0248969
0.0269115
0.026905
0.0254718
0.0285467
0.0304043
0.027239
0.0306889
0.0316773
0.026618
0.0281011
0.0300181
0.0279813
0.0285465
0.0287067
0.0293837
0.0295075
0.0388009
0.0347415
0.0342938
0.0340675
0.0342227
0.0359141
0.0340222
0.0342721
0.0357788
0.0362817
0.0352243
0.0346407
0.0354557
0.0882193
0.0357205
0.0383027
0.0363608
0.0359387
0.0345767
0.0341642
0.0340518
0.0351914
0.0347366
0.0354388
0.0335119
0.0330268
0.0345625
0.0346221
0.0366576
0.0345716
0.0335549
0.0361253
0.0343078
0.0369577
0.0358887
0.0335839
0.033437
0.0336188
0.033797
0.0340674
0.0317553
0.0324501
0.033123
0.0331466
0.0330107
0.0362901
0.0328051
0.0314829
0.0370983
0.0386666
0.0378049
0.0357249
0.0351267
0.0343141
0.0328619
0.0322337
0.0339575
0.0367689
0.0371728
0.0403818
0.039169
0.0390393
0.0383315
0.0383083
0.0394424
0.0431139
0.0447156
0.0419032
0.0385009
0.0373127
0.0356527
0.0354914
0.0372748
0.0357683
0.0379876
0.0368136
0.0395051
0.0382399
0.0373444
0.0417481
0.0345183
0.0347039
0.0346719
0.0328939
0.0337623
0.0370485
0.0353693
0.03548
0.0348126
0.0333313
0.0332594
0.0360042
0.035726
0.0360162
0.0368626
0.0326944
0.0365746
0.0377696
0.035299
0.033856
0.0310756
0.03238
0.0328718
0.0328108
0.032648
0.0346621
0.0322966
0.033166
0.0329471
0.0341404
0.0335861
0.0320677
0.032837
0.0331608
0.034669
0.0335008
0.032691
0.0358157
0.0359814
0.0353713
0.0337805
0.0340818
0.0336032
0.0326887
0.0324482
0.0346094
0.0339263
0.0313117
0.0312417
0.0330837
0.0328612
0.0349152
0.0344795
0.0328427
0.0328414
0.0351627
0.0342132
0.0354136
0.038513
0.0370268
0.0326017
0.0332968
0.0366393
0.0349781
0.0367371
0.0367434
0.0415993
0.0358422
0.0356597
0.0415987
0.0390573
0.0397757
0.0378859
0.0370927
0.035951
0.0375051
0.0401264
0.0392867
0.0406995
0.0395613
0.0398288
0.036715
0.0353409
0.0360368
0.0383602
0.0390812
0.0376275
0.0358246
0.0406321
0.0363985
0.0396346
0.0362997
0.0364147
0.0355479
0.0377136
0.0359492
0.0369182
0.0376892
0.0374392
0.033736
0.034538
0.0334253
0.0351985
0.0351311
0.0364746
0.0319022
0.0334631
0.0344238
0.0330517
0.0353992
0.0392706
0.0362883
0.0372965
0.0378132
0.0394122
0.0349762
0.0342316
0.0366837
0.0392373
0.037002
0.0369446
0.037774
0.0366593
0.034776
0.0343283
0.0338713
0.0356573
0.0347955
0.0358001
0.0350004
0.0338684
0.031375
0.0321633
0.0313358
0.0304306
0.0310036
0.0313255
0.0329231
0.0345333
0.0352461
0.0321458
0.0355653
0.0328342
0.0306199
0.0311265
0.0313442
0.0320179
0.0306295
0.0328264
0.0329737
0.0321525
0.032589
0.0327798
0.0289736
0.0294021
0.0299032
0.0330628
0.0309035
0.0318555
0.0313242
0.0293258
0.0276076
0.0294097
0.0309939
0.0303221
0.0315199
0.0304748
0.029043
0.0273719
0.0308603
0.0301868
0.0299406
0.0284027
0.0282606
0.0298059
0.0299882
0.030718
0.0313674
0.030903
0.0278351
0.0270518
0.028201
0.0293573
0.0289587
0.0302183
0.0315802
0.0280361
0.0294138
0.0287048
0.0306899
0.0306027
0.0307767
0.0298655
0.028327
0.0282561
0.0290295
0.0308958
0.030526
0.0306547
0.0314684
0.0287663
0.0274997
0.0324522
0.0311984
0.0307532
0.0320926
0.029573
0.0265069
0.0268712
0.0301769
0.0310793
0.0319478
0.033421
0.0262146
0.0260954
0.027857
0.0282017
0.0304068
0.0308743
0.0272976
0.0262278
0.0268178
0.0279438
0.0305288
0.0333042
0.0258736
0.0271193
0.0272854
0.0269473
0.0264648
0.0248831
0.0284464
0.0295682
0.0310441
0.0243837
0.0242162
0.0260665
0.0269454
0.0241834
0.0258293
0.0280261
0.0302946
0.0264865
0.0271263
0.0248982
0.0243633
0.0268617
0.0272925
0.0261768
0.024701
0.0288435
0.0273236
0.0280135
0.0270085
0.0245769
0.0305995
0.0300292
0.0291579
0.0284924
0.0287045
0.0283114
0.0274853
0.0275679
0.0322787
0.0326691
0.032334
0.0298923
0.0315714
0.0317878
0.0331561
0.0322269
0.0328858
0.0324542
0.0295585
0.0286159
0.0266921
0.027113
0.0288498
0.0324564
0.0278686
0.0259191
0.0269644
0.0283482
0.0277043
0.0284809
0.027333
0.0283193
0.0252604
0.0252546
0.0248603
0.0245728
0.02512
0.026161
0.0268869
0.0241745
0.0234919
0.0233138
0.0241012
0.0246724
0.023574
0.022924
0.0229558
0.0232933
0.0245057
0.0267984
0.0243496
0.0232985
0.0258806
0.0295234
0.0265045
0.0242852
0.0271003
0.0277055
0.0269479
0.0258402
0.0289763
0.0304773
0.031429
0.0270828
0.0285653
0.0266345
0.0265131
0.0278423
0.0275136
0.026993
0.0257269
0.0261611
0.0262396
0.0275706
0.0263316
0.0259274
0.0259725
0.0266006
0.0275537
0.0276929
0.0298817
0.0260681
0.027042
0.0275219
0.026362
0.0256259
0.0261815
0.0265446
0.0266726
0.028314
0.0270863
0.0272428
0.0292724
0.0283251
0.0291367
0.0287163
0.0279703
0.0299819
0.0309276
0.0309518
0.0301239
0.0324312
0.0308193
0.0309792
0.0278287
0.0275497
0.0251837
0.0275542
0.0266452
0.0247166
0.0264734
0.0278423
0.0278079
0.0278368
0.0273665
0.0275982
0.0268785
0.0282141
0.0250356
0.0263614
0.0246836
0.0246688
0.0270653
0.0276296
0.0276612
0.0272974
0.0278143
0.028101
0.0271308
0.0252316
0.0248394
0.0259883
0.0256633
0.0252704
0.0268942
0.0270746
0.0295189
0.0286676
0.0262238
0.0255156
0.0251994
0.0269406
0.0258886
0.0252748
0.0239449
0.0255041
0.0263821
0.0271768
0.0281379
0.0286548
0.0284397
0.0287785
0.028043
0.027558
0.0260554
0.027326
0.0269491
0.0280096
0.027342
0.0275411
0.0284216
0.0282054
0.0307617
0.0311466
0.0278623
0.0278641
0.0280026
0.0270603
0.0273667
0.0270868
0.0283305
0.028731
0.0279554
0.0292333
0.0292889
0.028272
0.0278892
0.0277201
0.0279643
0.0277054
0.0285514
0.0293843
0.0270989
0.029481
0.029756
0.0298718
0.0298438
0.0303542
0.0297325
0.0307614
0.0288198
0.0295164
0.0300305
0.0285463
0.0291526
0.0288312
0.0290128
0.0299026
0.0298652
0.0301219
0.0285823
0.0300864
0.030694
0.0288394
0.0298417
0.0293382
0.0293942
0.0286366
0.0283916
0.0295963
0.0291074
0.0274136
0.0302321
0.0301617
0.0280303
0.0311839
0.0293611
0.0300436
0.0322662
0.0322536
0.0320119
0.0300418
0.0308699
0.0309269
0.0309414
0.0285131
0.0309251
0.0302589
0.0307741
0.0299937
0.0301047
0.0310051
0.0289614
0.0291022
0.0297859
0.0281699
0.0279338
0.0285031
0.0291346
0.0285171
0.0281612
0.0292748
0.0292228
0.0276552
0.0272951
0.0276919
0.027348
0.027641
0.0301433
0.0279873
0.029942
0.0287292
0.0283041
0.026672
0.0255862
0.0258146
0.0254728
0.0240919
0.0259328
0.0264859
0.0256659
0.0300171
0.0314379
0.032162
0.0311699
0.0311723
0.03324
0.0329087
0.0318484
0.0304801
0.0330764
0.0310608
0.0311789
0.0339643
0.0379632
0.0318413
0.0298991
0.0297793
0.0284197
0.0272496
0.0253902
0.0267189
0.0285131
0.0249285
0.0227574
0.0259203
0.0290442
0.0269575
0.0272266
0.0283195
0.0278965
0.0297999
0.0267973
0.0316502
0.0274456
0.0284904
0.027447
0.0283346
0.0285715
0.0293221
0.0291115
0.0297053
0.0281232
0.028439
0.0278204
0.0270973
0.0274327
0.0258428
0.029697
0.0308463
0.0358072
0.0314786
0.03019
0.0294575
0.0320885
0.0336633
0.0327622
0.0330782
0.02865
0.0285334
0.0283078
0.0287605
0.027933
0.0272352
0.0278465
0.0280248
0.0283509
0.0279666
0.0278908
0.026593
0.0273008
0.0268014
0.0265439
0.0265007
0.0262973
0.0254864
0.0266609
0.0283981
0.0275341
0.0273529
0.0259747
0.0264672
0.0271295
0.0282034
0.0306013
0.0292913
0.0291145
0.028525
0.028482
0.0300853
0.0299312
0.0295563
0.0282845
0.0292486
0.0307356
0.0299373
0.0281811
0.0291683
0.0293875
0.0296902
0.0280725
0.0308953
0.0305394
0.0304566
0.0346373
0.0324791
0.03293
0.034423
0.0332731
0.0288475
0.0292822
0.0296822
0.0321312
0.0317287
0.0289852
0.0291544
0.0278126
0.0285029
0.0296008
0.030427
0.0280771
0.0287133
0.031477
0.0365437
0.0288839
0.028832
0.0278788
0.0285148
0.0289215
0.0301758
0.0288925
0.0279687
0.0291825
0.0295425
0.0295969
0.0289725
0.0301013
0.0321087
0.0308469
0.0334067
0.0310389
0.0303221
0.0322001
0.0306519
0.03176
0.033499
0.0335739
0.0305622
0.0295748
0.0295516
0.02871
0.028343
0.0286519
0.0289404
0.0292
0.0327618
0.0312313
0.0273329
0.0281364
0.0288354
0.0291432
0.0294491
0.0288149
0.0292484
0.0319264
0.0316853
0.0312331
0.0322849
0.0300629
0.0299832
0.0294593
0.029601
0.0310519
0.0295081
0.0309019
0.030652
0.030194
0.0301683
0.0287722
0.0300644
0.030249
0.0302045
0.0318475
0.0294209
0.030126
0.0300546
0.0302596
0.0307769
0.0301199
0.0294359
0.0295825
0.0299721
0.0300029
0.0298336
0.0303019
0.0330697
0.0321274
0.0303358
0.030677
0.0298971
0.029825
0.0296267
0.0303325
0.0298668
0.0306419
0.0301012
0.0298025
0.0338686
0.0298671
0.0295995
0.0306239
0.032606
0.0304564
0.0304435
0.0305908
0.0330417
0.0307782
0.030591
0.0291085
0.0296729
0.0306893
0.0304649
0.0292131
0.0305846
0.0310592
0.0308403
0.0313372
0.0317523
0.0298586
0.0289484
0.0297542
0.0302122
0.0305901
0.0311206
0.0317282
0.031663
0.0307337
0.0316008
0.0311046


