0.0104945
0.0172132
0.0171156
0.0171066
0.0169957
0.0173185
0.0169411
0.017178
0.0171437
0.0170912
0.0169042
0.0179035
0.0172945
0.0175536
0.0173009
0.0168037
0.0171261
0.0174185
0.0168175
0.0168844
0.0168898
0.0117352
0.0131013
0.0192695
0.0195494
0.0189838
0.0178794
0.0199051
0.0174884
0.016854
0.0166651
0.016682
0.0176368
0.0169958
0.0166257
0.016917
0.0167757
0.0171273
0.0169443
0.016385
0.0168826
0.0174385
0.0165334
0.0084957
0.00873091
0.017242
0.0170805
0.017556
0.017507
0.0168002
0.0170769
0.0171215
0.0173191
0.0174821
0.0174791
0.0169675
0.0170496
0.0176252
0.016924
0.0171999
0.0169368
0.0172824
0.0170154
0.0171582
0.0168602
0.00821818
0.00887257
0.0172881
0.0174611
0.0178169
0.0182117
0.0180282
0.0179009
0.0182914
0.0180306
0.0176674
0.0173947
0.0177884
0.0174815
0.0180765
0.0186728
0.0180592
0.018004
0.0181674
0.0178423
0.0180363
0.0180767
0.00855405
0.0089534
0.018516
0.0180402
0.01862
0.0186665
0.0183059
0.0182366
0.0183841
0.0183988
0.0191432
0.0184834
0.0186128
0.0183546
0.0183918
0.0184749
0.0184567
0.0192207
0.0186751
0.0182865
0.01851
0.018224
0.00877766
0.00890027
0.0184445
0.0187974
0.0182353
0.0179616
0.0380377
0.0163345
0.0110056
0.0107682
0.0108733
0.0103986
0.0131791
0.0158166
0.0143625
0.0137863
0.0135517
0.016486
0.0163759
0.0162926
0.0155243
0.01417
0.014635
0.0161398
0.0160907
0.0164659
0.0200809
0.019965
0.0206424
0.0203153
0.022183
0.0209131
0.0213816
0.0214163
0.0216573
0.0227864
0.0221372
0.0215703
0.0219257
0.0221482
0.0217344
0.0183504
0.0184469
0.0193644
0.0185039
0.017977
0.0201191
0.0192259
0.0197397
0.0181475
0.0194013
0.0193615
0.0208746
0.0158924
0.0206245
0.0197436
0.0210915
0.0160022
0.0211985
0.0187712
0.0173625
0.0164123
0.0165036
0.0157918
0.020391
0.0185052
0.0200348
0.015639
0.016134
0.0147982
0.015057
0.0206068
0.0161545
0.0155564
0.0207822
0.0174649
0.016459
0.0160003
0.0217258
0.0205182
0.0169767
0.0172547
0.0176626
0.0156306
0.0209909
0.0212515
0.0208614
0.0202597
0.0203668
0.0200726
0.0210366
0.0219629
0.0209225
0.0225212
0.0208879
0.0217967
0.0220011
0.0176451
0.0173631
0.0218833
0.0186913
0.0187656
0.0218506
0.017862
0.0225668
0.0223218
0.0201399
0.0196269
0.0213842
0.0189549
0.0197997
0.0189635
0.0196394
0.0183384
0.0231596
0.022755
0.0186704
0.0223951
0.0234203
0.0192904
0.018852
0.0219061
0.0181839
0.0189011
0.0191894
0.0178518
0.0187206
0.0190737
0.0174987
0.0222016
0.023127
0.0171595
0.0220217
0.0221178
0.0166774
0.021671
0.0214703
0.0162905
0.0168188
0.0176202
0.0161091
0.0176607
0.017848
0.0165247
0.0180405
0.0187026
0.0175188
0.0217736
0.0190256
0.0179808
0.0234842
0.0227588
0.0183672
0.0230747
0.0233266
0.01822
0.0218711
0.0230456
0.0171305
0.0173509
0.0175148
0.0148366
0.0166056
0.0163728
0.0146625
0.0155305
0.0145417
0.0175259
0.0194101
0.0199217
0.0188097
0.021063
0.0215274
0.0171229
0.0162566
0.0218692
0.0220588
0.0213767
0.0218746
0.0226629
0.0229145
0.0223321
0.0217093
0.020392
0.0229716
0.0216795
0.0173797
0.0212695
0.0210977
0.0159007
0.0202396
0.0211116
0.0195713
0.0216065
0.020324
0.0212162
0.0217685
0.0204622
0.0221371
0.0229064
0.0216059
0.024095
0.0232919
0.0209991
0.0227328
0.0238744
0.0221139
0.023741
0.021962
0.0150473
0.0157211
0.0158535
0.0136534
0.0142904
0.0145342
0.0130303
0.0148741
0.0148903
0.0133027
0.0141658
0.014954
0.0150902
0.0200708
0.0186073
0.016276
0.0209536
0.0211339
0.0163452
0.0206204
0.0212534
0.0145944
0.0156993
0.0187683
0.0154437
0.0167666
0.0163235
0.015714
0.0172002
0.0152915
0.0160594
0.0171943
0.0150256
0.0197912
0.020808
0.0164053
0.0208004
0.0229501
0.0192219
0.0223908
0.0233934
0.0221009
0.0233538
0.0234253
0.0203649
0.0211234
0.0224785
0.0192127
0.0214006
0.023094
0.0179253
0.0229342
0.0215292
0.018926
0.0167045
0.0209938
0.0216418
0.0180284
0.021564
0.0221082
0.0197033
0.0221122
0.0236475
0.0180958
0.0225914
0.0230487
0.018083
0.0224457
0.0230895
0.017466
0.0193276
0.0189957
0.017422
0.0225602
0.0232037
0.0175875
0.022825
0.0197946
0.0181198
0.0228537
0.0236486
0.0179821
0.0232597
0.023771
0.0184384
0.0229713
0.0242995
0.0194132
0.0231241
0.024186
0.0229576
0.0232299
0.0242586
0.022978
0.0235694
0.024377
0.0236744
0.0232377
0.0221897
0.0218943
0.0183902
0.0169998
0.0178799
0.0167973
0.0170083
0.0180154
0.0172591
0.017163
0.0173285
0.0182406
0.0165849
0.0160959
0.0200335
0.0207066
0.0148905
0.0177544
0.0156843
0.0137387
0.01898
0.020187
0.014952
0.0150755
0.0191926
0.0200041
0.0149483
0.0185813
0.0173601
0.0139262
0.019608
0.020286
0.0158802
0.0190616
0.0179635
0.0155984
0.0160526
0.0166612
0.0148111
0.0196517
0.0208809
0.0190543
0.0209608
0.0203751
0.0180509
0.0201045
0.0209517
0.0163763
0.0201866
0.021174
0.0197121
0.0204869
0.0225675
0.0192723
0.0184811
0.0266806
0.0226596
0.0235639
0.0185176
0.0185548
0.0188284
0.0208772
0.0160283
0.0199506
0.0199086
0.018372
0.0145307
0.0144993
0.0158099
0.013831
0.0154323
0.016784
0.0145081
0.0187003
0.0201715
0.0193322
0.0163177
0.0195826
0.020945
0.0184667
0.0192809
0.0201207
0.0183113
0.0148577
0.014349
0.0152888
0.0150008
0.0142689
0.0198333
0.0207192
0.0156011
0.0189029
0.0197628
0.0189816
0.0193962
0.0193003
0.0146411
0.0150441
0.0148916
0.0136538
0.018748
0.0185496
0.0132371
0.0190341
0.0182157
0.0130619
0.0146328
0.0143897
0.0127103
0.0182322
0.0142782
0.0122703
0.0174176
0.0173191
0.0121312
0.0130727
0.0130964
0.0113199
0.0168037
0.0160651
0.0108595
0.016566
0.0156811
0.0100797
0.0111224
0.0100991
0.00826101
0.0138788
0.0122593
0.0082306
0.0129792
0.0133365
0.00872452
0.0138594
0.0131238
0.00913064
0.0147192
0.0135203
0.0102097
0.00982815
0.00938786
0.0147045
0.0157186
0.00965451
0.0094943
0.0148734
0.0138726
0.0100552
0.0147609
0.0138405
0.00989971
0.0145845
0.010393
0.0154237
0.0112261
0.0119953
0.0118038
0.0165422
0.0152513
0.0168085
0.0133506
0.0162366
0.0156155
0.0160971
0.0149274
0.0160822
0.0118018
0.0175223
0.0114314
0.0124578
0.0114154
0.0128593
0.0123274
0.011764
0.0168148
0.0116624
0.0169594
0.0130349
0.0179347
0.0143894
0.0181362
0.016083
0.0183313
0.0177334
0.0165164
0.0185523
0.0195968
0.017642
0.0164407
0.0177346
0.0156049
0.0183717
0.0170776
0.0165602
0.0158723
0.0155795
0.0176442
0.0147473
0.0100924
0.0161491
0.012682
0.015753
0.014737
0.0100807
0.0153385
0.0143546
0.0152671
0.0130517
0.00936593
0.0141192
0.00913688
0.0139932
0.0111902
0.0148245
0.0103445
0.0116319
0.0132122
0.0120759
0.011125
0.0176138
0.0158105
0.015585
0.0129801
0.0116766
0.0165638
0.0158189
0.0166091
0.0156023
0.0119086
0.0124355
0.0146368
0.0117028
0.0120626
0.012303
0.0109592
0.0127547
0.0125132
0.0126227
0.0121009
0.0125608
0.011535
0.0159166
0.0145414
0.0125833
0.0130755
0.0129093
0.0144403
0.0149362
0.0127749
0.0123709
0.0170395
0.0161715
0.0172943
0.0168928
0.0179967
0.0168923
0.0130529
0.0181987
0.0171056
0.0161956
0.012543
0.0129748
0.0139165
0.0127599
0.0127878
0.0174425
0.0145819
0.0133124
0.011795
0.0128889
0.0119305
0.0129501
0.0124733
0.0133437
0.0119852
0.017424
0.0159223
0.0175246
0.0169487
0.0129531
0.0138661
0.0139532
0.0123022
0.0130705
0.0136745
0.0118969
0.0136313
0.0134197
0.0125629
0.0139526
0.0141283
0.0131736
0.0137113
0.015089
0.0124674
0.0132046
0.0131839
0.0130458
0.0148761
0.0142147
0.0123171
0.0177355
0.0168886
0.0136517
0.0139114
0.0131492
0.0140438
0.0135552
0.0126682
0.0129058
0.0177441
0.0168299
0.0125723
0.0172658
0.0162288
0.0127456
0.0172381
0.0164516
0.0177421
0.0166881
0.0131883
0.0150236
0.0165987
0.0142903
0.0180351
0.0171918
0.0133728
0.0141924
0.013929
0.0142679
0.0158437
0.0172958
0.0132298
0.0178102
0.0167905
0.0128442
0.0183181
0.0174274
0.0132856
0.0151905
0.0145932
0.0149247
0.0137725
0.0189837
0.0181685
0.0171732
0.0187655
0.0189346
0.0134373
0.0148517
0.0151502
0.0134968
0.0143084
0.0169123
0.0127892
0.0139084
0.0143947
0.0124287
0.0177625
0.0179165
0.0129063
0.0143274
0.0167601
0.0133083
0.017977
0.0179298
0.0125972
0.0187108
0.0182977
0.0139109
0.0136663
0.0178478
0.0154338
0.0142586
0.0199863
0.0191341
0.0196138
0.0201464
0.015786
0.0152389
0.0159469
0.0148831
0.0171622
0.0160917
0.0145908
0.0196556
0.0201517
0.0185057
0.0201507
0.0196708
0.0188252
0.0191719
0.0207136
0.0200386
0.0192837
0.0205243
0.0192017
0.0192196
0.0208327
0.0194273
0.0149291
0.0177721
0.0167455
0.0156709
0.0150882
0.0194624
0.020646
0.0192717
0.0202856
0.0211143
0.0217272
0.0174652
0.0166889
0.0180969
0.0174325
0.0177809
0.0205644
0.0225283
0.0222358
0.0217693
0.0220129
0.0233879
0.0249842
0.0186901
0.0198152
0.019806
0.0189896
0.0188225
0.0223575
0.0234562
0.0217616
0.018373
0.0174905
0.0182151
0.0167446
0.0154091
0.0147637
0.0145586
0.0124593
0.0115013
0.0166102
0.0161859
0.0117407
0.0122724
0.0111269
0.0124122
0.0123997
0.0108468
0.0108908
0.0164951
0.0144063
0.0105496
0.0120024
0.012521
0.0118849
0.0126195
0.0130907
0.0119048
0.0140117
0.0146596
0.0132646
0.0134845
0.0130644
0.0183601
0.0189395
0.0171239
0.0179881
0.0185679
0.0171277
0.0183619
0.0185568
0.0174449
0.0127406
0.0133312
0.0134505
0.0121549
0.0121664
0.01676
0.0170421
0.0155521
0.011377
0.0163974
0.0167955
0.0170997
0.0179946
0.0152434
0.0114033
0.0131053
0.013077
0.0118041
0.0136313
0.0141312
0.0125093
0.0123554
0.01371
0.0139438
0.0144227
0.0133467
0.0180681
0.0179662
0.0239762
0.0133596
0.01392
0.0129488
0.0135696
0.0139039
0.0128389
0.0125851
0.0174458
0.0174009
0.0124118
0.0168358
0.0172973
0.0134061
0.0141188
0.0137833
0.0124735
0.0187091
0.0179092
0.0166455
0.0179699
0.0183788
0.0137434
0.0137823
0.0197806
0.0149417
0.0187502
0.0180133
0.0138504
0.0183307
0.016707
0.0139449
0.0190661
0.0148649
0.0137023
0.019146
0.0181763
0.0130283
0.0146727
0.0143424
0.0131273
0.0141135
0.0149025
0.013482
0.0175951
0.0172559
0.0123125
0.0184153
0.0173581
0.0132848
0.01847
0.0183818
0.0124505
0.019331
0.0177723
0.0158164
0.0183887
0.0178561
0.0128983
0.0183042
0.0193621
0.0122679
0.0167701
0.0159015
0.0115486
0.0149163
0.0142295
0.0113242
0.0160582
0.0151415
0.0108964
0.0163525
0.0153131
0.0111138
0.0161571
0.014912
0.0162941
0.0160117
0.0118651
0.0134035
0.0122976
0.0130055
0.0164815
0.0156669
0.0115905
0.0134147
0.0132007
0.0118508
0.0131588
0.0131048
0.0122271
0.0144467
0.0138468
0.0124843
0.0138466
0.0144119
0.0164254
0.0177435
0.01794
0.0165045
0.0185009
0.0167629
0.0148845
0.016417
0.015484
0.0146833
0.0161918
0.0154689
0.0152967
0.017192
0.0142863
0.0097715
0.0144001
0.012937
0.00908918
0.0103503
0.00968358
0.01013
0.0152582
0.00964609
0.011011
0.0107906
0.0121505
0.010503
0.0108471
0.0119833
0.0118681
0.01259
0.0176463
0.0168251
0.0130415
0.0185957
0.0184084
0.0134917
0.0187362
0.0179824
0.0194029
0.0187944
0.0144929
0.0191368
0.0185592
0.0143043
0.0194021
0.0187274
0.0203421
0.0197262
0.0192227
0.0151262
0.0188289
0.0180678
0.0143003
0.0193317
0.0192518
0.0150451
0.0194338
0.0178626
0.0145177
0.0151905
0.0145085
0.013229
0.0145481
0.0143088
0.013433
0.0143234
0.0131312
0.012645
0.0173292
0.0165769
0.018236
0.0176122
0.0123634
0.0179125
0.0167536
0.012654
0.0186002
0.0172619
0.0135123
0.0185536
0.0176682
0.0154425
0.0170663
0.0170801
0.0129043
0.0139837
0.013372
0.0148808
0.0183635
0.0172671
0.0134319
0.0145945
0.0141791
0.0129215
0.0148575
0.0152132
0.0139594
0.0199873
0.0185162
0.015608
0.0155625
0.0164978
0.0148285
0.020296
0.0209363
0.019248
0.0197393
0.0207995
0.0194953
0.0211085
0.0217643
0.0261522
0.0199811
0.0208505
0.0172792
0.019916
0.0210054
0.0268641
0.0196264
0.0209391
0.019454
0.0194785
0.0204409
0.0196403
0.017269
0.0150385
0.0190897
0.0145799
0.0159098
0.0162573
0.014835
0.0152717
0.0160701
0.0144196
0.0147118
0.0155825
0.0137598
0.0191204
0.0186835
0.0229797
0.0169582
0.0148226
0.0127822
0.0139993
0.0141714
0.0124187
0.0142345
0.014433
0.0128989
0.0128369
0.0178353
0.0170955
0.0125912
0.0184486
0.0179834
0.013616
0.0169097
0.0147715
0.0161001
0.0196781
0.0185918
0.0146259
0.0183805
0.0187367
0.0142379
0.0149673
0.0153582
0.0137368
0.0194663
0.0188897
0.0139495
0.0190129
0.0189481
0.0165856
0.018658
0.0203582
0.0149685
0.0192691
0.0192198
0.0146381
0.015239
0.0159288
0.0145614
0.0188092
0.019701
0.0175632
0.0182969
0.0165056
0.0166116
0.0157597
0.0169267
0.0162005
0.0142754
0.019803
0.0198254
0.0186877
0.016083
0.0210162
0.0209328
0.0190735
0.0154823
0.020555
0.021643
0.0200373
0.0150937
0.0186367
0.0163241
0.0135272
0.0142865
0.0185067
0.0190398
0.0178791
0.0142726
0.0192322
0.020983
0.0190674
0.0148366
0.0143321
0.0155175
0.0156125
0.016433
0.0155025
0.0156672
0.0207838
0.0212113
0.0195727
0.0162568
0.0211826
0.0220439
0.0207513
0.0214828
0.0224023
0.0204436
0.0182135
0.0214627
0.0224909
0.0207129
0.018346
0.0215491
0.0230659
0.0224923
0.0220559
0.0216381
0.0237757
0.0219829
0.022569
0.0229878
0.0238003
0.0222568
0.022694
0.0225242
0.0234351
0.0207194
0.0177833
0.0174911
0.0187768
0.0211886
0.017531
0.0190903
0.0190008
0.0184221
0.0183423
0.0234176
0.0247553
0.0231671
0.0183271
0.0221701
0.0229637
0.0220128
0.0207418
0.0205709
0.0208458
0.0229401
0.0221254
0.0186741
0.0170729
0.0174298
0.0183258
0.0180603
0.0164456
0.0171313
0.0168969
0.0181951
0.0187361
0.0166574
0.016711
0.0177825
0.0198594
0.021426
0.0175689
0.0177865
0.0204241
0.0196067
0.0178594
0.0178431
0.0210985
0.0228203
0.020715
0.0196502
0.0198838
0.0200478
0.0183759
0.016826
0.0148778
0.0150373
0.0183552
0.0143557
0.0144244
0.0150917
0.0145583
0.0138788
0.0186206
0.0196314
0.0176223
0.013834
0.0185608
0.0196188
0.0175144
0.0139684
0.0183909
0.0190898
0.0177724
0.013736
0.018233
0.0187635
0.0170822
0.0157842
0.0184599
0.0189598
0.0174576
0.0138193
0.0175566
0.0185064
0.017192
0.0129584
0.0177953
0.0187695
0.0168814
0.0131127
0.0174582
0.0179407
0.0163169
0.0127123
0.0194173
0.0180088
0.0162653
0.0189257
0.0179493
0.0158514
0.0121064
0.0174117
0.0172737
0.0153195
0.0168044
0.0172132
0.01297
0.0172056
0.0168766
0.0117853
0.0165273
0.0164492
0.0112756
0.0120236
0.0163507
0.0159365
0.0177773
0.0162487
0.0125985
0.0143138
0.0134863
0.0119999
0.0136004
0.0145755
0.01267
0.0182164
0.0178843
0.0168399
0.0182962
0.0180881
0.013586
0.0173277
0.0189196
0.015943
0.0179144
0.0175004
0.0157416
0.0183006
0.0176032
0.0169699
0.0187399
0.0180907
0.0171665
0.0188276
0.0181942
0.0169868
0.0147751
0.0144319
0.0158747
0.0187921
0.0182551
0.0130467
0.0172978
0.0178736
0.0164801
0.0175187
0.0178472
0.0130455
0.0180501
0.0168832
0.0129378
0.0138282
0.0148927
0.0127874
0.0134174
0.0123711
0.0130521
0.0139483
0.0131966
0.0139227
0.0170401
0.0141672
0.0130451
0.0174043
0.0176331
0.0137908
0.0132909
0.0185215
0.0173177
0.0140392
0.0132685
0.0136582
0.0190405
0.0194139
0.0141959
0.0149354
0.0188901
0.0182235
0.0193446
0.0183019
0.0143048
0.015024
0.0150597
0.0140219
0.0156382
0.0151034
0.0143298
0.0192461
0.0182849
0.0170347
0.0149533
0.0151244
0.0158143
0.0142134
0.0159234
0.0154094
0.0139994
0.0146389
0.0145993
0.0137704
0.0142058
0.0138862
0.0137098
0.0147327
0.0141494
0.014494
0.0141164
0.0145667
0.0139122
0.0150904
0.0155268
0.0141916
0.0150407
0.0190161
0.0195831
0.018256
0.0193438
0.0195843
0.0152152
0.0147021
0.0155745
0.0145003
0.0140285
0.0150121
0.0129526
0.0129569
0.0130184
0.0121823
0.0124296
0.0127854
0.0109692
0.0133119
0.0130927
0.011481
0.0143334
0.0137983
0.0127146
0.0147244
0.0161314
0.016088
0.0184468
0.0176556
0.016449
0.0174893
0.0188108
0.0128473
0.0179105
0.0172285
0.0128061
0.01654
0.0166933
0.012224
0.0180194
0.0162668
0.0124911
0.0169272
0.0158399
0.0175209
0.0170636
0.0179187
0.0182765
0.017221
0.0188304
0.0176788
0.0140866
0.0142058
0.0135894
0.0129379
0.0176421
0.0175966
0.0125887
0.0179705
0.0174185
0.0131778
0.0177042
0.0168358
0.0132901
0.0174622
0.016393
0.0124541
0.0173547
0.0169371
0.0119235
0.0133238
0.0118101
0.0119205
0.0163453
0.0154936
0.01651
0.0154325
0.0154194
0.0177743
0.0158125
0.0149277
0.0172656
0.017314
0.0126698
0.013309
0.0124964
0.0121423
0.0172462
0.0133952
0.0137186
0.0122143
0.0165985
0.0123121
0.0162273
0.0132636
0.0146678
0.0171145
0.0153145
0.0167121
0.0153227
0.0167908
0.0150033
0.017123
0.0162764
0.0169658
0.0158365
0.0170804
0.016458
0.0122775
0.0168212
0.0154338
0.0172745
0.017353
0.0121428
0.017342
0.0162106
0.0126017
0.0172741
0.0157822
0.0179197
0.0174425
0.0129746
0.0175932
0.0142945
0.013154
0.0178846
0.0171143
0.0135694
0.0194181
0.0175137
0.0133183
0.0186837
0.0185683
0.0138842
0.019404
0.0178793
0.016419
0.0173145
0.0169806
0.0117884
0.0168935
0.0160087
0.0117952
0.0167014
0.0156196
0.0170378
0.0165325
0.0127662
0.0177865
0.0159421
0.0173027
0.0161851
0.0175949
0.0167241
0.0127154
0.0176498
0.0168383
0.0130365
0.0180271
0.0172561
0.012873
0.0170625
0.015901
0.0170306
0.0165079
0.0132868
0.0136159
0.0132948
0.0127341
0.0179964
0.0171174
0.0134501
0.018468
0.0167088
0.0131066
0.0173568
0.0170287
0.0132788
0.0163283
0.0159388
0.0156098
0.0182059
0.0164042
0.016265
0.0138391
0.0137972
0.014548
0.0142484
0.014396
0.0152984
0.0147536
0.0154242
0.0161024
0.0147663
0.0197044
0.0202097
0.0147364
0.0159436
0.0165907
0.0150356
0.0156357
0.0166463
0.0145504
0.0193709
0.0192911
0.0155644
0.0158918
0.0161401
0.0150218
0.0152056
0.0160715
0.0150484
0.0157631
0.016011
0.0144809
0.0191585
0.0182847
0.0138184
0.0151317
0.0163944
0.0155259
0.0153657
0.0157146
0.0167545
0.0184431
0.0170994
0.0169384
0.0168866
0.017872
0.0169722
0.018536
0.0212556
0.0208577
0.0225283
0.0205213
0.0196642
0.0214889
0.0193516
0.0196341
0.0210876
0.0191748
0.0198269
0.0206345
0.0189503
0.0196849
0.0203995
0.0188845
0.0150565
0.0187593
0.02011
0.0182183
0.0191409
0.0175658
0.0157041
0.014858
0.0178747
0.0197952
0.0179338
0.0179123
0.0186097
0.0189999
0.0170926
0.0178695
0.0184187
0.0165119
0.0166053
0.0174483
0.0174498
0.0152256
0.0171469
0.0172352
0.0126033
0.0158036
0.0131871
0.0116223
0.012935
0.0125845
0.0108289
0.012169
0.0116531
0.00948415
0.0108025
0.0111972
0.00894287
0.0144417
0.0132509
0.00916115
0.0131229
0.00941409
0.0135471
0.0134451
0.013241
0.0173624
0.0156365
0.00979079
0.015162
0.0150416
0.0101934
0.0161806
0.01722
0.011385
0.0160468
0.0160175
0.0108506
0.0161866
0.0160213
0.0125929
0.014378
0.0137576
0.0123517
0.0134299
0.0175097
0.019268
0.0164028
0.0135201
0.0171601
0.0177777
0.0174281
0.0137897
0.0150818
0.0152625
0.0129212
0.0134903
0.0185257
0.0180235
0.016821
0.0131259
0.0177353
0.0183486
0.0163177
0.013253
0.0178189
0.0181143
0.0170216
0.0182726
0.0190356
0.0169964
0.0136585
0.0181843
0.0187074
0.0169659
0.0182916
0.0156345
0.0161267
0.0147615
0.0154397
0.013015
0.018922
0.0185074
0.0164105
0.0179937
0.0183269
0.0157214
0.0178932
0.0185996
0.0168049
0.0146415
0.0151776
0.0149259
0.0179033
0.0183821
0.0170554
0.0188614
0.0184492
0.0180508
0.0181276
0.0184202
0.0130147
0.018074
0.0184085
0.0132279
0.0156746
0.0166161
0.0141339
0.0173688
0.0166677
0.0157907
0.0174442
0.0183972
0.0127331
0.0181033
0.0166985
0.0132092
0.0169586
0.014541
0.0160145
0.0172856
0.0136328
0.0143322
0.0132707
0.0130608
0.0122443
0.0186908
0.0184048
0.0137508
0.0146989
0.0129629
0.0141245
0.0146287
0.0121547
0.0132094
0.012763
0.011835
0.0125418
0.0173056
0.0127896
0.0170687
0.0163981
0.0180466
0.0175655
0.0126789
0.0183399
0.0142276
0.0184607
0.0173503
0.0182784
0.018326
0.0159337
0.0182078
0.0180749
0.0130983
0.0159843
0.0142788
0.0114261
0.0177237
0.0164284
0.0126733
0.0174841
0.0163808
0.0158521
0.0189503
0.0175109
0.0118017
0.0160354
0.0167618
0.0115443
0.0167248
0.015647
0.0116038
0.0139599
0.0126443
0.0117318
0.0167493
0.0156083
0.0117515
0.0165603
0.0148303
0.0103817
0.0154652
0.0142223
0.015343
0.0137269
0.0148147
0.0137535
0.0146326
0.0132248
0.0134284
0.00969394
0.0126106
0.00798358
0.0133047
0.00889924
0.00997878
0.00853607
0.0110952
0.00996257
0.0152197
0.011344
0.0118579
0.0135107
0.0114107
0.0125718
0.01162
0.0156716
0.0159397
0.0176604
0.0167652
0.0130144
0.0180112
0.0172776
0.0122969
0.0177575
0.0168736
0.012813
0.013578
0.0120327
0.0136086
0.0121048
0.0120859
0.0134457
0.0121211
0.0120561
0.0172924
0.0157437
0.012038
0.0131387
0.00971633
0.0105979
0.0100056
0.0156229
0.0135026
0.0103376
0.0156908
0.0136092
0.0151684
0.0114985
0.0159161
0.0122062
0.0130461
0.0127347
0.0125176
0.0116715
0.0132017
0.0120961
0.0172906
0.0160868
0.0124087
0.0183366
0.0160088
0.0130082
0.018206
0.016521
0.0126794
0.0148004
0.0136104
0.013535
0.0137254
0.0133778
0.0150984
0.0187808
0.0144673
0.0159162
0.0153466
0.0141856
0.0157886
0.0158392
0.0148022
0.0161268
0.0162423
0.014673
0.0152888
0.0195835
0.0196627
0.0153192
0.0151923
0.01659
0.0134372
0.0195491
0.0190481
0.0136645
0.0156108
0.0151276
0.0143289
0.0141346
0.0177261
0.0181686
0.0167364
0.0170366
0.01734
0.0159019
0.01744
0.0177876
0.0175524
0.0196638
0.015851
0.0148482
0.0157973
0.0166699
0.0159089
0.0188764
0.0199876
0.0180072
0.015483
0.0163197
0.0176227
0.0160675
0.0164548
0.0174016
0.0154892
0.0162774
0.0169407
0.0158439
0.016458
0.0202147
0.0204475
0.0163775
0.0163748
0.0202794
0.0208121
0.0197404
0.0200164
0.020759
0.0212129
0.0161234
0.0196944
0.0205454
0.0192075
0.0163322
0.0189018
0.0177004
0.0168573
0.0163227
0.0162713
0.0199452
0.0205126
0.0191679
0.016145
0.0151364
0.0156987
0.0158221
0.0209314
0.0215021
0.0196632
0.0164118
0.0208358
0.0208142
0.019422
0.0162011
0.0163792
0.0171665
0.0163972
0.0161908
0.0204019
0.0210151
0.0199988
0.01607
0.0205338
0.0212345
0.0207676
0.0169176
0.0163158
0.0158242
0.0160056
0.0153405
0.0211752
0.022469
0.0211892
0.0167102
0.0214955
0.0220018
0.0212473
0.0172587
0.0168206
0.0174796
0.0170054
0.0150389
0.0154614
0.0160249
0.0148409
0.0144841
0.0186472
0.0181523
0.0172739
0.0146996
0.0137052
0.0143215
0.0131297
0.0129056
0.0173802
0.017375
0.0156708
0.012632
0.0128437
0.0132481
0.0124745
0.0122073
0.0169361
0.0176618
0.0167339
0.0172698
0.0192333
0.0189645
0.0202979
0.0168197
0.0130863
0.0126019
0.0117577
0.0138987
0.0133652
0.0134459
0.0126781
0.0132326
0.0179458
0.0183166
0.0180567
0.0181565
0.0145784
0.0183395
0.0230021
0.021325
0.0203771
0.0182757
0.0173859
0.0170795
0.0147018
0.0138815
0.0143317
0.0179661
0.019626
0.0187114
0.0164129
0.0151182
0.0157415
0.0153277
0.0161346
0.0148163
0.0222228
0.0198624
0.0179005
0.0162047
0.0136762
0.0154314
0.0201801
0.019595
0.0133641
0.0143994
0.0154795
0.0190245
0.0181893
0.018482
0.0146702
0.0142838
0.0148399
0.0135462
0.0141007
0.0149769
0.0177057
0.0178793
0.0169072
0.0179707
0.019548
0.0163378
0.0160945
0.017178
0.0151887
0.014105
0.019378
0.0192702
0.018121
0.0139461
0.0144342
0.0149784
0.0135339
0.012763
0.016997
0.0178851
0.0171749
0.0178753
0.0203871
0.0180004
0.0152
0.014026
0.0148918
0.0134655
0.0138579
0.0133481
0.013871
0.0149497
0.0140477
0.0130603
0.0148905
0.0134785
0.0123894
0.0135717
0.0144024
0.0132854
0.0151102
0.0135356
0.0114299
0.0137466
0.0122099
0.0114713
0.0133512
0.012684
0.0176733
0.0163918
0.0171776
0.0148448
0.0159906
0.0116145
0.0145522
0.0128793
0.016094
0.0117017
0.0131906
0.0118905
0.0119843
0.0168356
0.0145982
0.0181342
0.0149577
0.013072
0.0143653
0.0129902
0.0139398
0.0128746
0.014746
0.0133231
0.014547
0.0137797
0.0145666
0.0141396
0.0128177
0.0138485
0.0161104
0.0128272
0.0133472
0.0115087
0.0120085
0.0164985
0.0134852
0.0120689
0.0191381
0.0170481
0.0133898
0.0139278
0.0182621
0.0172502
0.0131848
0.0192522
0.0175646
0.0135953
0.0192304
0.0188311
0.018666
0.0210547
0.019132
0.0145204
0.0176587
0.017043
0.0137725
0.0146863
0.0159215
0.0131149
0.0180116
0.0170902
0.0137158
0.018821
0.0178284
0.0174632
0.0185765
0.0165362
0.015783
0.0175799
0.0159643
0.0124847
0.0170216
0.0155514
0.0123791
0.0128477
0.011736
0.0120458
0.0179911
0.0160234
0.0126861
0.0124437
0.0135311
0.0164581
0.0167961
0.0169155
0.0180983
0.0174539
0.0146092
0.0187983
0.0188306
0.0169747
0.0152804
0.0165104
0.0168268
0.0199917
0.0194229
0.0175452
0.0197044
0.0170187
0.0154037
0.015602
0.017867
0.0135911
0.0142023
0.0145264
0.0130793
0.017957
0.0187024
0.0142959
0.0149935
0.0153965
0.0142424
0.0188628
0.0195548
0.0177784
0.0174827
0.0184781
0.0153845
0.0150022
0.0161401
0.0146238
0.0159972
0.01651
0.021328
0.0203331
0.0211298
0.0194018
0.0198609
0.0214028
0.0274346
0.0198408
0.0206918
0.0183389
0.0142728
0.0198451
0.0198028
0.0151301
0.0163472
0.0167978
0.0151508
0.0159311
0.0171731
0.0149478
0.0152368
0.0158718
0.0143123
0.0150339
0.0197549
0.0201211
0.0190742
0.0198881
0.0206342
0.0212546
0.0209068
0.0165238
0.0165303
0.0178503
0.01619
0.0173315
0.0165322
0.0205495
0.022944
0.0207291
0.0171864
0.0210059
0.0241552
0.0209771
0.0168888
0.0208338
0.0218283
0.0220989
0.0175906
0.0170729
0.0182309
0.0175234
0.0176574
0.017374
0.0186949
0.0172627
0.0165255
0.0166624
0.0178551
0.0179591
0.017189
0.0168522
0.0182887
0.0175339
0.017283
0.0178585
0.0193867
0.0179687
0.0170624
0.0172531
0.0183589
0.0158635
0.0157263
0.0157159
0.0162058
0.0142703
0.0142817
0.0145528
0.0166232
0.0151762
0.0128808
0.0173827
0.0182753
0.0174392
0.0137781
0.0176383
0.0181627
0.0171642
0.0119644
0.0157431
0.0168583
0.0168756
0.0127291
0.0175297
0.0181277
0.0168627
0.0131083
0.0182923
0.0176612
0.0175266
0.0171853
0.0180041
0.018968
0.0210547
0.0141669
0.0157746
0.0141814
0.0141827
0.0134513
0.014903
0.0161453
0.0153214
0.0148674
0.0193383
0.0210741
0.0196548
0.0153621
0.0170529
0.019741
0.0203454
0.015918
0.0205337
0.0214627
0.0212
0.0161966
0.0167151
0.0167531
0.0157441
0.0130661
0.0183047
0.0180462
0.0169087
0.016533
0.01925
0.018192
0.0192902
0.0143879
0.0177802
0.0187108
0.0186355
0.0185758
0.0174455
0.0193196
0.018635
0.0187919
0.0152744
0.0171601
0.0178959
0.0146338
0.0136811
0.0176765
0.0185276
0.0166808
0.0136553
0.0135339
0.0139798
0.0130979
0.0129163
0.0136746
0.0139151
0.0124785
0.0126364
0.018003
0.0180834
0.0197277
0.0127969
0.0149392
0.0195278
0.0164219
0.0180099
0.0180426
0.0190506
0.0172804
0.0186586
0.0178173
0.0174875
0.0184971
0.019677
0.0164679
0.0179883
0.0161787
0.0149095
0.0152227
0.0152789
0.0125362
0.0158879
0.0136834
0.0135447
0.019713
0.0191571
0.0155939
0.018649
0.0161632
0.0144919
0.0154584
0.0141356
0.0124133
0.0139842
0.0127989
0.01316
0.0179039
0.0180542
0.0155782
0.0171022
0.0151832
0.0118251
0.0163166
0.015524
0.0166128
0.0160626
0.0173069
0.017136
0.0120463
0.0175165
0.017498
0.0126246
0.0178698
0.0154556
0.019516
0.0179745
0.0179158
0.0179982
0.015785
0.0134037
0.0161048
0.0137169
0.0135225
0.012704
0.0130133
0.0173331
0.0161508
0.0175682
0.0166447
0.0127347
0.0137995
0.0160641
0.0135422
0.0185843
0.0171123
0.0180195
0.0183178
0.0130673
0.0183844
0.018958
0.0134605
0.0183993
0.0189191
0.013669
0.0149719
0.0149991
0.0137867
0.0188075
0.0177823
0.016673
0.0198585
0.0177033
0.0152888
0.0180693
0.0180693
0.0131807
0.0142677
0.0141743
0.0121026
0.0175581
0.016392
0.0122677
0.0174945
0.0169622
0.0128188
0.0175352
0.0171604
0.0121659
0.0174572
0.0174596
0.0121811
0.0130942
0.0157682
0.0114805
0.0170844
0.0172306
0.0114791
0.0168834
0.0159248
0.0162598
0.0178721
0.0171405
0.0121793
0.0138721
0.0132307
0.0120716
0.0171464
0.0178197
0.012361
0.017581
0.0149801
0.0134843
0.0170461
0.0140965
0.0122279
0.0138804
0.0131382
0.0126028
0.015095
0.0142625
0.0127769
0.0172429
0.0165356
0.0144287
0.0170334
0.0166171
0.0163887
0.0190798
0.0187571
0.0172506
0.0185412
0.0170462
0.0173065
0.0181119
0.0168282
0.0166952
0.0173987
0.0174071
0.015914
0.0176802
0.0166183
0.0169022
0.019597
0.0180567
0.0129034
0.0138937
0.0131684
0.013462
0.018275
0.0181574
0.013764
0.0155976
0.0147374
0.0172557
0.0194058
0.0186514
0.0178562
0.0195084
0.0204485
0.0189235
0.0197337
0.0198464
0.0205732
0.0210788
0.0193567
0.017367
0.0193437
0.0194953
0.0176225
0.0208156
0.0189893
0.0150094
0.0153549
0.0157605
0.0144589
0.0193785
0.0169327
0.0144051
0.0157109
0.0154997
0.0144001
0.0198143
0.0195896
0.0158411
0.0150323
0.0151666
0.0138454
0.014582
0.0149342
0.0141545
0.0149288
0.0183628
0.0181258
0.0163475
0.0169823
0.0147444
0.016429
0.0183782
0.0185416
0.013413
0.0137139
0.0139226
0.0124565
0.0141388
0.0137771
0.0123631
0.0177967
0.0175508
0.0154589
0.0140117
0.0137809
0.0132928
0.013979
0.013846
0.012676
0.0183943
0.0187557
0.0140078
0.0183831
0.0184761
0.0157292
0.0152206
0.0177096
0.0134749
0.0141523
0.0141577
0.0126696
0.017166
0.0178694
0.016285
0.0140114
0.0169579
0.0166629
0.0189609
0.018673
0.015227
0.0185168
0.0192751
0.0160661
0.0162192
0.0160183
0.0170426
0.0175361
0.0168562
0.0162246
0.016091
0.0213245
0.0219006
0.022088
0.0201222
0.0194318
0.0203948
0.0190692
0.0150741
0.0150102
0.0165559
0.014667
0.0146645
0.0197164
0.0199702
0.018868
0.0188997
0.0198466
0.0181007
0.0145376
0.0190396
0.0214505
0.017986
0.01417
0.0146296
0.0156177
0.017458
0.015
0.0151612
0.0158784
0.0149196
0.0150775
0.0187703
0.019284
0.0179126
0.0191818
0.0203959
0.0195315
0.0163732
0.0162404
0.0166554
0.0157193
0.0171055
0.0204578
0.0211795
0.020177
0.0210194
0.0196332
0.020598
0.0227552
0.0180825
0.0172818
0.0191117
0.0170472
0.0176032
0.018037
0.018201
0.0172947
0.0149343
0.0176715
0.0190109
0.0193438
0.0153134
0.0204557
0.0211723
0.0189068
0.015804
0.0152657
0.0166572
0.0152341
0.0149909
0.0149744
0.0157438
0.0142305
0.0145535
0.0183961
0.018976
0.0173043
0.0138631
0.0175299
0.0186145
0.0169008
0.0133903
0.0176357
0.0185073
0.0172754
0.0150586
0.0171601
0.0147648
0.013825
0.0132645
0.0182274
0.0197057
0.0167328
0.0134518
0.0182966
0.0173326
0.0181279
0.0133666
0.0172769
0.0180922
0.0172272
0.0114552
0.0165438
0.0177277
0.0163421
0.0129846
0.0121923
0.0119595
0.0120434
0.0128547
0.0118547
0.0115864
0.0188304
0.0173171
0.0153674
0.0118856
0.0132055
0.0186356
0.0139943
0.0151057
0.0138394
0.0132141
0.0136818
0.021356
0.0169615
0.0173235
0.0193495
0.0191552
0.0195407
0.0157886
0.0153679
0.0164449
0.0183497
0.0159059
0.0187387
0.0201587
0.0185065
0.017671
0.0189013
0.0195475
0.0178364
0.0171356
0.0178742
0.0187203
0.0172976
0.013048
0.0148173
0.0171356
0.0141972
0.0128662
0.0177775
0.0180339
0.0165664
0.0208993
0.0180841
0.0166613
0.0131855
0.01872
0.0179393
0.0140026
0.0171631
0.0154367
0.0146477
0.0148068
0.0193057
0.0216098
0.0194141
0.0167179
0.0197077
0.019055
0.015797
0.0167406
0.0202691
0.0222286
0.0200045
0.0165137
0.0191852
0.0207848
0.0195226
0.0202546
0.0256298
0.0223806
0.0208523
0.0215154
0.0227394
0.019599
0.0213635
0.0226922
0.0202298
0.018027
0.0199204
0.0211411
0.016908
0.0168057
0.018474
0.0170529
0.0167539
0.0230446
0.0217848
0.0188907
0.0148416
0.0155099
0.015726
0.0159154
0.015884
0.0152497
0.0145295
0.0204317
0.0183676
0.0165258
0.0151528
0.0154725
0.0150291
0.0155595
0.0163168
0.0151948
0.0150852
0.0150225
0.0139706
0.0185273
0.0205377
0.0140749
0.0154646
0.0135341
0.0149197
0.0198961
0.0188314
0.0153531
0.0199979
0.0196191
0.0163561
0.0161948
0.0153806
0.0154799
0.0154657
0.0153576
0.0171071
0.0172502
0.0164079
0.0203632
0.0217033
0.0186581
0.016072
0.0212777
0.02217
0.0201024
0.0213332
0.0212675
0.0200025
0.0205039
0.0220027
0.0202466
0.0211369
0.0217441
0.0193185
0.0217242
0.0230357
0.0186876
0.0202874
0.0202711
0.0170814
0.0152327
0.0158619
0.0153805
0.0148979
0.0170222
0.015144
0.0158223
0.0157069
0.0146243
0.0158661
0.0192082
0.0178615
0.019733
0.0186936
0.0167564
0.0193907
0.019375
0.0176655
0.0197104
0.0174452
0.0176577
0.0190247
0.0208595
0.0187411
0.019753
0.0192136
0.0172659
0.0194831
0.0196039
0.0189523
0.0211422
0.0212272
0.0195816
0.0201387
0.0220845
0.0205117
0.0183329
0.0215316
0.0212992
0.0198728
0.0205242
0.0203281
0.017188
0.0200305
0.0185508
0.0175125
0.0190849
0.0187405
0.0170188
0.0174712
0.0165468
0.0179703
0.0176654
0.0150377
0.0150212
0.016373
0.015759
0.0146926
0.0150734
0.0144604
0.0131597
0.0153021
0.013822
0.0151579
0.0142078
0.0158517
0.0135309
0.0167621
0.0154701
0.0173759
0.024701
0.0174047
0.0173078
0.0119521
0.0158091
0.0129802
0.0169178
0.0164428
0.015013
0.0137032
0.0137164
0.0184147
0.0175159
0.0185596
0.0179621
0.0187366
0.018947
0.0138231
0.0188798
0.0181459
0.0199271
0.0197449
0.0150016
0.0157099
0.0156541
0.0147263
0.0157961
0.0156015
0.0149942
0.0167504
0.016449
0.0151535
0.0199376
0.0201771
0.0156601
0.0208766
0.0209119
0.0155424
0.0207638
0.0195943
0.0149046
0.0158577
0.0146162
0.0149534
0.0192554
0.0176677
0.0166877
0.0203949
0.0187984
0.0151125
0.0165591
0.0193879
0.0186843
0.0154706
0.0158893
0.0146469
0.0150281
0.0184435
0.0169508
0.0158223
0.0170587
0.016472
0.0122272
0.013112
0.0117915
0.0145181
0.0128575
0.0117131
0.0113199
0.0162689
0.0151476
0.011458
0.0165785
0.0157458
0.011977
0.0163692
0.0140975
0.0124062
0.0139145
0.0127311
0.0128366
0.0121268
0.0133122
0.0132779
0.012314
0.0141606
0.0139048
0.0128526
0.0142846
0.0170514
0.0134538
0.0146468
0.014749
0.0136366
0.014995
0.0157715
0.0152399
0.0174586
0.0172518
0.0173241
0.0167266
0.017376
0.0164997
0.0176215
0.0178178
0.0167808
0.017424
0.0188128
0.0174165
0.0183019
0.0188168
0.017837
0.0180399
0.0192039
0.0186976
0.0181468
0.0197637
0.0179864
0.0185922
0.0227659
0.0232694
0.0195243
0.0162667
0.0171091
0.0154655
0.0160691
0.0146657
0.0180409
0.0170875
0.0163132
0.0171129
0.0174487
0.0166611
0.011894
0.0120659
0.0129654
0.0112421
0.011848
0.0117069
0.0128193
0.015617
0.0134871
0.0179347
0.0187554
0.0182602
0.0154748
0.0163594
0.0248458
0.0229866
0.0218005
0.0225162
0.0222645
0.021691
0.023334
0.0216531
0.0217332
0.022589
0.0225806
0.0215822
0.0170323
0.0164861
0.0183172
0.0194606
0.0183063
0.0178281
0.0181498
0.0175531
0.02197
0.0221888
0.0202921
0.0167598
0.0215026
0.0211334
0.0186853
0.0174202
0.0172483
0.017597
0.0169958
0.0158957
0.0160774
0.0182355
0.019975
0.0178491
0.0159791
0.0157813
0.0184985
0.0165772
0.0160339
0.0165644
0.0175637
0.0172262
0.0151862
0.0150845
0.0195771
0.020604
0.0207157
0.0195182
0.0166045
0.0204297
0.0216762
0.0213204
0.0196467
0.0168738
0.0187498
0.0204244
0.0234089
0.0173723
0.0170132
0.0217468
0.0229612
0.0237441
0.0215671
0.0180379
0.0234592
0.02294
0.0219424
0.0218472
0.0224979
0.0230033
0.023858
0.0223364
0.0217285
0.0223917
0.0214821
0.0219176
0.0227493
0.0221211
0.0208217
0.0200949
0.021497
0.0233843
0.0222311
0.0218104
0.0175943
0.0184384
0.0206566
0.0208
0.0192671
0.0187855
0.0200495
0.0203877
0.0193874
0.0183522
0.0138224
0.0182384
0.0195239
0.0187812
0.0166717
0.0136015
0.0182734
0.0189545
0.0185981
0.0171088
0.0137083
0.0186961
0.0200197
0.0185543
0.01711
0.0139864
0.0183435
0.0192419
0.0186796
0.0175797
0.0139651
0.0192754
0.0205205
0.0198252
0.0172753
0.0140545
0.0187149
0.018639
0.0188896
0.0170663
0.0183131
0.0190429
0.01806
0.0163959
0.0175214
0.0180997
0.0168393
0.0155648
0.0177041
0.0179473
0.0166933
0.0155774
0.0168939
0.0175569
0.0148488
0.0163115
0.0170955
0.0171032
0.0164755
0.0170336
0.017563
0.0163555
0.0185957
0.0189007
0.0169078
0.0199311
0.0183095
0.0168397
0.0166885
0.0192979
0.0184913
0.0171041
0.0185086
0.0187157
0.0173133
0.0184843
0.0185931
0.0188447
0.0171492
0.018063
0.0180818
0.0169943
0.0177625
0.0179979
0.0152528
0.0184403
0.018365
0.0168289
0.0175065
0.0184505
0.0176523
0.0194584
0.0186982
0.0163487
0.0153954
0.0150948
0.0162171
0.0146849
0.0131036
0.0125412
0.0177506
0.016691
0.0129946
0.0180746
0.0177732
0.0165692
0.0167257
0.0143018
0.0144522
0.0177138
0.0165784
0.0124716
0.0178193
0.0169903
0.0128263
0.0194169
0.0189994
0.0127372
0.0185085
0.017282
0.0177442
0.0177493
0.0131517
0.0137239
0.0124142
0.0125295
0.0132381
0.013004
0.0119138
0.0169843
0.0162127
0.0140662
0.0171449
0.0167664
0.0157091
0.0171788
0.015295
0.0120655
0.0166521
0.0152091
0.0170062
0.0171014
0.017981
0.0167212
0.012562
0.0156738
0.0122889
0.0122217
0.0174936
0.0162095
0.018043
0.0167142
0.0128354
0.0178331
0.0167007
0.017654
0.016885
0.0127297
0.0142942
0.0134881
0.0125175
0.0183863
0.0181901
0.0143903
0.0135727
0.0190466
0.0190971
0.0140561
0.0196436
0.019357
0.0180851
0.0183662
0.0187458
0.0165767
0.0182753
0.018297
0.0175237
0.0188269
0.0180438
0.0168919
0.0181803
0.0179918
0.0159496
0.0184064
0.0175995
0.0147709
0.0182114
0.0178954
0.0154749
0.017593
0.0166514
0.0129045
0.0177455
0.0141855
0.0131903
0.0127361
0.0191297
0.0174282
0.0137224
0.0194641
0.0187759
0.0128845
0.0135561
0.0139517
0.0130365
0.018182
0.0174576
0.012227
0.0178935
0.0179952
0.0128497
0.0140501
0.014006
0.0147658
0.0169816
0.0172138
0.0120113
0.0133087
0.0125851
0.0113836
0.0166268
0.0138997
0.0129774
0.0129205
0.0131705
0.0117827
0.0170931
0.0173327
0.0121118
0.0178148
0.0179421
0.0141327
0.018875
0.0188377
0.0174151
0.0181195
0.0185625
0.0169167
0.0168575
0.0176784
0.016188
0.0169287
0.0171021
0.0157068
0.0172136
0.0172659
0.0161852
0.0171927
0.0167319
0.0150305
0.0165854
0.0164125
0.0155981
0.0151501
0.0171833
0.0167062
0.0122654
0.0174096
0.0162675
0.0126123
0.0133416
0.0146761
0.0111384
0.011959
0.0106509
0.0107651
0.0152673
0.00995047
0.0109935
0.00996829
0.0093812
0.0136009
0.0127862
0.015257
0.0131451
0.0150462
0.0131627
0.00932117
0.0129715
0.00964853
0.0150496
0.0135831
0.0155694
0.0149204
0.0155508
0.0178153
0.0170163
0.0118022
0.0134457
0.012134
0.0119621
0.0177762
0.016619
0.01444
0.0164503
0.0133039
0.0121214
0.0171825
0.018041
0.0126237
0.0174726
0.015993
0.0125994
0.0168155
0.0163627
0.0131878
0.0182883
0.0174556
0.0161965
0.0176692
0.0175523
0.017428
0.0128267
0.0147824
0.013128
0.0130495
0.0182823
0.0187967
0.0147919
0.0200133
0.0179761
0.0158871
0.0162626
0.0150587
0.0153772
0.0157152
0.0156591
0.0142935
0.015944
0.0149781
0.015606
0.0156166
0.0156322
0.0151952
0.0180199
0.0183421
0.0147176
0.0147301
0.0138593
0.0125235
0.0143692
0.0131267
0.0139499
0.0152811
0.0141914
0.0140008
0.0153847
0.0148463
0.0131156
0.0177765
0.016879
0.012919
0.0174933
0.0177486
0.0129232
0.0174461
0.0172052
0.0133067
0.0168303
0.0180669
0.0127507
0.0158471
0.015594
0.0164317
0.0176882
0.0174928
0.0127253
0.0178961
0.0190827
0.0128971
0.0186672
0.0183669
0.0148149
0.0188228
0.0181706
0.0172768
0.0205098
0.0183559
0.0148412
0.0190727
0.0184864
0.0136451
0.0152058
0.0143743
0.0134035
0.0187519
0.0183275
0.0140846
0.01488
0.0147573
0.0133865
0.0151793
0.0154169
0.0137438
0.0184275
0.0152658
0.014197
0.019408
0.0191527
0.013622
0.0151662
0.0155991
0.0170537
0.0190333
0.0180431
0.0142065
0.0194396
0.0185174
0.0163445
0.0181108
0.0159032
0.0141748
0.0201741
0.0188301
0.0185414
0.0204669
0.0207321
0.0183936
0.0200386
0.0194935
0.0157168
0.0194669
0.0193987
0.0142621
0.0200794
0.0191078
0.0139861
0.0142337
0.0196619
0.0190236
0.0166359
0.0198158
0.018622
0.0158307
0.0190582
0.0176975
0.0145476
0.0207138
0.0201594
0.0184315
0.0157283
0.0218013
0.021644
0.018269
0.0199776
0.0204594
0.0192961
0.0200211
0.0205245
0.0198115
0.0205687
0.0212218
0.0263173
0.0203618
0.0211583
0.0197364
0.0218054
0.0222241
0.020411
0.0216059
0.0240482
0.0216942
0.0211514
0.0214239
0.0186719
0.0199774
0.0208429
0.0203399
0.0205815
0.0188386
0.0207572
0.0208366
0.0176613
0.0151669
0.0198257
0.0204747
0.0162502
0.0156605
0.0165256
0.0173959
0.0159769
0.0157208
0.016589
0.0150008
0.0154533
0.0151568
0.0141251
0.019179
0.0194304
0.0188529
0.0212791
0.0205091
0.0181532
0.0182148
0.0164838
0.0176404
0.0152356
0.0158734
0.0138173
0.0152726
0.0151855
0.0138306
0.014663
0.0153323
0.0134706
0.0133498
0.0133818
0.0138053
0.0128748
0.0115867
0.0164056
0.0166098
0.0115826
0.0180202
0.0171746
0.0127225
0.0157955
0.0137564
0.0129289
0.0135933
0.0176387
0.0177006
0.0128084
0.0169026
0.016991
0.0139482
0.0175019
0.017673
0.0120471
0.0138306
0.0144659
0.0120056
0.0129517
0.0169025
0.0189191
0.0176956
0.0162479
0.0139473
0.0134792
0.0138041
0.0136272
0.0136592
0.0132315
0.0145492
0.0157638
0.0144672
0.0142008
0.0197345
0.020946
0.0185822
0.0144429
0.019387
0.0198559
0.0200656
0.0153159
0.0206181
0.0221731
0.0188112
0.0160038
0.0191624
0.0209698
0.0178931
0.0145669
0.0195685
0.0204674
0.0183051
0.0153346
0.0209167
0.0216339
0.0182408
0.015739
0.0196509
0.0191714
0.017801
0.0142213
0.0199732
0.0211274
0.0162541
0.0148106
0.0158127
0.0158478
0.0140017
0.0140493
0.0195388
0.0205274
0.0183293
0.015239
0.0198796
0.0196834
0.0180898
0.0151034
0.0192433
0.0208836
0.0190081
0.0168035
0.0207813
0.0204657
0.0192131
0.0208812
0.0214215
0.0193205
0.0151324
0.020873
0.0228275
0.021244
0.0214409
0.0222628
0.0201357
0.0206637
0.0232555
0.0210339
0.0164804
0.0211256
0.0227128
0.0196715
0.0170392
0.0198159
0.0206235
0.0186036
0.0156334
0.0206862
0.0217603
0.0187313
0.0201207
0.0218756
0.0196221
0.015759
0.0171376
0.0179193
0.0162235
0.0156455
0.0197086
0.0207821
0.0198595
0.0147194
0.0189762
0.0210792
0.0194664
0.0163065
0.0156633
0.0169212
0.0168585
0.0157891
0.0147836
0.0153477
0.0156042
0.015506
0.0195452
0.0217851
0.0207527
0.0178297
0.0163229
0.0182245
0.0164019
0.0167789
0.0257605
0.0225542
0.0204599
0.0164329
0.0205433
0.0216453
0.0205912
0.0171266
0.0176854
0.0172377
0.0144322
0.0141353
0.0183523
0.0198101
0.0169401
0.0134034
0.017901
0.0194337
0.017322
0.0130961
0.0178578
0.0183482
0.0162698
0.0120435
0.0149327
0.0139187
0.0116551
0.0128169
0.012872
0.0116756
0.0133578
0.0130941
0.0111749
0.012718
0.0127463
0.011541
0.0123624
0.0144971
0.0121093
0.0164471
0.0164969
0.0114885
0.0113583
0.0110201
0.0162843
0.0155274
0.0160633
0.0174143
0.0177804
0.0171599
0.0196792
0.0181779
0.0164515
0.0155166
0.0152119
0.0132779
0.0143757
0.0149782
0.012901
0.0132483
0.0142747
0.011799
0.0171276
0.0171323
0.0145425
0.0130468
0.0138915
0.0129889
0.0145547
0.0140734
0.0121017
0.0145099
0.0140367
0.01237
0.0187329
0.0166722
0.0149743
0.0157406
0.0153067
0.0132037
0.0202454
0.0194223
0.0179325
0.0194424
0.0204395
0.0176194
0.020475
0.021357
0.0200284
0.0206391
0.0221524
0.0201889
0.0210597
0.0226927
0.0201305
0.0181086
0.0215608
0.0173631
0.0202789
0.0190235
0.0165165
0.01744
0.0189414
0.017219
0.0174299
0.0203024
0.0182718
0.0187231
0.0222569
0.0244452
0.021938
0.0188994
0.022532
0.0249538
0.0218292
0.0194766
0.0192255
0.0214063
0.0187767
0.0204916
0.0193472
0.0212924
0.0199775
0.0192622
0.0194414
0.0214771
0.0210273
0.0200537
0.020258
0.0210777
0.020822
0.0184894
0.0190758
0.0204474
0.0195428
0.0177946
0.0178915
0.02023
0.0180639
0.0172703
0.0173731
0.019158
0.020922
0.0180032
0.0168877
0.0178215
0.0184542
0.0168314
0.0164651
0.018006
0.0195546
0.0163063
0.0157354
0.0189158
0.0237729
0.0200639
0.0194987
0.0213711
0.0215451
0.0223943
0.0197701
0.0195945
0.0197657
0.0197028
0.0190316
0.0193301
0.0210419
0.0204373
0.0189924
0.0191073
0.0199222
0.0200281
0.0171638
0.0191964
0.0203975
0.0187734
0.0184962
0.0183603
0.019718
0.0226475
0.0172597
0.0182393
0.0167168
0.0154643
0.0108034
0.0157155
0.0140878
0.00910245
0.0142425
0.0123465
0.0124827
0.00619301
0.00647478
0.00734511
0.0127488
0.00815458
0.0137748
0.00821923
0.0127747
0.00966532
0.0109044
0.0110604
0.0110613
0.0177302
0.0182001
0.0166841
0.0201381
0.0215607
0.0201936
0.0172311
0.021939
0.0234602
0.0233097
0.0221575
0.0225883
0.0250594
0.0242208
0.0233724
0.0220111
0.0244471
0.0282396
0.0211939
0.0224069
0.0244405
0.022854
0.0210472
0.0188791
0.0242753
0.0232038
0.0194712
0.0235224
0.0247028
0.0242297
0.0220528
0.0220409
0.026335
0.0219572
0.0203685
0.0203528
0.021979
0.0223175
0.0233276
0.0209467
0.0204407
0.018535
0.0178061
0.0178654
0.019107
0.0178294
0.0181377
0.017857
0.0181131
0.016966
0.0174207
0.0146112
0.014516
0.0125835
0.0132478
0.0180245
0.0186059
0.0169509
0.0150667
0.0139711
0.018852
0.017108
0.0161789
0.0153117
0.0185481
0.0159574
0.012748
0.01237
0.0173093
0.0158259
0.011054
0.0125499
0.0172467
0.0178632
0.0159612
0.0142737
0.0177175
0.0180281
0.0156274
0.0112457
0.0164191
0.0165921
0.0131886
0.0123502
0.0105258
0.0119959
0.0133606
0.0147309
0.0122629
0.0126618
0.0172635
0.0173059
0.0179063
0.0218321
0.0228426
0.0225384
0.0233613
0.0244542
0.0224664
0.021847
0.0237373
0.0230332
0.0232673
0.0213476
0.0175203
0.0193543
0.0174393
0.0163628
0.0148194
0.0151379
0.0194568
0.0210906
0.0202279
0.0139078
0.0192103
0.0198955
0.0146043
0.0169546
0.0173128
0.0166257
0.0149198
0.0181644
0.019
0.0156864
0.0183309
0.0189663
0.0164608
0.0123186
0.0128475
0.01696
0.0134968
0.0177617
0.0190231
0.018621
0.0174998
0.0135636
0.0159637
0.0175879
0.0149415
0.0143701
0.018931
0.0210715
0.0212044
0.0199393
0.0169667
0.0173617
0.0171574
0.0191593
0.0166879
0.017696
0.0185637
0.0207922
0.0196488
0.0189465
0.0182685
0.0205367
0.0193352
0.0176827
0.0182839
0.019993
0.0214967
0.0201017
0.019385
0.0150154
0.0203022
0.0193783
0.019369
0.0142788
0.018332
0.0180819
0.0168267
0.0131296
0.0164387
0.0170458
0.0165573
0.0115405
0.0155582
0.0185219
0.0109067
0.0151776
0.0105125
0.0166369
0.010043
0.0115481
0.00937851
0.0149362
0.00906423
0.00958699
0.00914013
0.0144305
0.00942471
0.0101395
0.00872845
0.0119244
0.0093588
0.0110426
0.00699262
0.00945827
0.00807005
0.0122991
0.0116054
0.0140059
0.0142186
0.0132883
0.0173775
0.018618
0.0180322
0.0141158
0.0166767
0.0181519
0.016944
0.0168038
0.0163077
0.0159297
0.0160856
0.0216447
0.021527
0.0212094
0.0186837
0.0148995
0.01557
0.0176264
0.0153896
0.0151479
0.0191093
0.0206876
0.0163524
0.0142548
0.0147788
0.0155174
0.012958
0.0126974
0.0175948
0.0170436
0.0158583
0.0118934
0.0170922
0.0169694
0.0126921
0.0134222
0.0143877
0.0155396
0.0138993
0.0141861
0.0140588
0.0185422
0.017648
0.0128037
0.0173545
0.0165976
0.0138838
0.0177122
0.019675
0.0168897
0.0178715
0.018759
0.015917
0.017679
0.0176309
0.0135433
0.0183789
0.0145968
0.0138536
0.0148902
0.0136319
0.0135947
0.0175103
0.0174603
0.013981
0.0136129
0.0123105
0.0186615
0.0177657
0.0166093
0.0202398
0.0171235
0.0201142
0.0182591
0.0140756
0.0194708
0.017557
0.0156924
0.0176689
0.0177539
0.0161485
0.0176181
0.0190822
0.0137302
0.0190903
0.0201575
0.0137226
0.0166895
0.0176593
0.0162528
0.0190347
0.0169114
0.0146059
0.0162021
0.0140824
0.0104296
0.015274
0.0146305
0.0104933
0.0160881
0.014168
0.00999101
0.0158806
0.0110815
0.0167766
0.0158808
0.0116403
0.0165689
0.0154044
0.0112792
0.0159711
0.0139379
0.0135367
0.0122635
0.012777
0.013083
0.0135497
0.0140216
0.0132006
0.013237
0.0174896
0.0162658
0.0184134
0.0179375
0.0175008
0.0186587
0.0178728
0.0141382
0.0145187
0.0135249
0.0135543
0.018791
0.0177118
0.0197918
0.0177328
0.0173065
0.0188609
0.0168921
0.0169965
0.017966
0.0167638
0.013611
0.017599
0.0156322
0.0145088
0.0159492
0.0143309
0.0123409
0.0169347
0.0144503
0.0116694
0.0160923
0.014191
0.00934702
0.0117421
0.0104742
0.0102442
0.0120582
0.00995923
0.0106882
0.0190767
0.0148435
0.0108231
0.0114516
0.010047
0.0109244
0.0110576
0.0171383
0.0114068
0.013345
0.0114471
0.0136952
0.0121056
0.0179407
0.0160098
0.0119924
0.0165332
0.01661
0.0174116
0.0178608
0.0127389
0.0185149
0.016895
0.0138085
0.0180372
0.0169745
0.0128976
0.0178789
0.0162831
0.013056
0.0177989
0.0168193
0.0136994
0.018584
0.0166057
0.0134892
0.0142696
0.0140338
0.0128898
0.0190274
0.0178025
0.013455
0.0195141
0.0182347
0.0132463
0.0141487
0.0170497
0.016761
0.0167281
0.015652
0.0151821
0.0180719
0.0166364
0.0127274
0.0175224
0.015881
0.0122833
0.0176578
0.0146202
0.0181474
0.0169533
0.0135178
0.018205
0.0162369
0.020323
0.0170281
0.0133577
0.0146859
0.0134757
0.0134514
0.0185512
0.0167463
0.013386
0.0133813
0.0127652
0.0150239
0.0185637
0.017254
0.0129911
0.018098
0.0167832
0.0163474
0.0159394
0.0115419
0.0159742
0.0150741
0.016369
0.0157812
0.010485
0.0161475
0.0148326
0.0158069
0.0123834
0.0121981
0.0161947
0.0101556
0.0113245
0.010702
0.0121032
0.0111853
0.0104299
0.0154905
0.0142421
0.0154715
0.0136121
0.0105452
0.0158992
0.015277
0.0112087
0.0171328
0.0157018
0.0122288
0.0125694
0.0134671
0.0126597
0.012644
0.0176398
0.016461
0.0159794
0.0172889
0.0170334
0.0154687
0.0170219
0.0166294
0.0129729
0.0136298
0.0131089
0.0120657
0.0180368
0.0172671
0.0119692
0.0171374
0.0157728
0.0160493
0.0177259
0.0167163
0.0149275
0.015121
0.0113574
0.0109489
0.0170383
0.0149704
0.0112383
0.0160297
0.0147843
0.0134813
0.0175457
0.0147072
0.0137907
0.0127169
0.014922
0.0152816
0.0134539
0.0116159
0.00925975
0.0101181
0.0113648
0.00985319
0.0100977
0.0087205
0.0135672
0.00876674
0.00902535
0.0106774
0.0147441
0.0127145
0.0104838
0.0097159
0.0108927
0.00983586
0.0113263
0.0104396
0.0153087
0.0111087
0.0124223
0.0105488
0.0113199
0.0163355
0.0156402
0.0168416
0.015189
0.012051
0.0165821
0.015406
0.016422
0.0161619
0.0125045
0.017545
0.0160308
0.017049
0.0149944
0.0122975
0.015975
0.0157628
0.0125731
0.017228
0.016557
0.0127105
0.0168502
0.0163883
0.0123781
0.0172623
0.0163109
0.0135221
0.0175987
0.0169493
0.0133545
0.0176174
0.0165623
0.0122001
0.0129348
0.0123349
0.013233
0.0121575
0.0133243
0.0137464
0.0122135
0.0174993
0.0163878
0.0171238
0.0129511
0.0123097
0.0137842
0.013201
0.0117504
0.0132249
0.0132315
0.012324
0.0121315
0.0123111
0.0115309
0.0166932
0.0162108
0.0124623
0.0162645
0.0154953
0.0108245
0.0122587
0.0118701
0.0119353
0.0119699
0.0118066
0.011139
0.0122585
0.0107517
0.0109393
0.0118241
0.0109991
0.0122378
0.0133909
0.0118007
0.0120299
0.017512
0.0157483
0.0130844
0.0172611
0.0187768
0.0131691
0.0179443
0.0170409
0.0163619
0.0181666
0.018349
0.0167705
0.0175816
0.0161935
0.0115552
0.0155279
0.0147652
0.0150855
0.0149979
0.014846
0.0144569
0.01525
0.0142721
0.0155618
0.0144562
0.013849
0.0149581
0.0141711
0.0143273
0.0151219
0.0144771
0.0145067
0.0153122
0.0141215
0.0151934
0.0137997
0.0152162
0.0142725
0.0158517
0.0143222
0.0151462
0.0147203
0.0121203
0.0118754
0.0112296
0.0126211
0.0116651
0.0123018
0.0115983
0.0118883
0.0113771
0.011907
0.0115312
0.0111801
0.0157183
0.0146945
0.0164876
0.0131873
0.015336
0.0142761
0.0107206
0.0158314
0.0144496
0.0158276
0.0148672
0.0163938
0.01414
0.0165377
0.0145889
0.0126598
0.0147568
0.0156151
0.0113194
0.0127981
0.0112465
0.0120507
0.0108581
0.0121192
0.0109349
0.0151053
0.0103807
0.0139825
0.00976563
0.0147006
0.0105664
0.0105228
0.00927618
0.0157015
0.0138038
0.014958
0.0101585
0.0143585
0.0140659
0.014755
0.0107214
0.0114454
0.0153027
0.0158517
0.0101865
0.0108223
0.0127448
0.0155595
0.0109942
0.0113493
0.0116921
0.0146851
0.0140462
0.0162326
0.0157695
0.0107287
0.0146537
0.0110074
0.0157307
0.0119732
0.0124986
0.0114871
0.0164404
0.0118635
0.0168729
0.0127013
0.0175454
0.016066
0.0166765
0.0162242
0.0187018
0.0158738
0.0161943
0.0133665
0.0125503
0.0154626
0.0128001
0.012449
0.0170174
0.0159276
0.0175232
0.015988
0.0171295
0.0169354
0.0171523
0.0136942
0.0172774
0.0167463
0.0166988
0.0160726
0.0176614
0.0123652
0.0132679
0.0136234
0.0123166
0.0132642
0.0133302
0.0126512
0.0176153
0.0164913
0.0135524
0.0191148
0.0168575
0.0133299
0.0174628
0.0170245
0.0186985
0.0174372
0.0133975
0.0141422
0.0127951
0.0125949
0.0174407
0.0166556
0.0130288
0.0183101
0.0179433
0.01399
0.0159035
0.0151305
0.0118724
0.0165536
0.0152874
0.0121883
0.0116305
0.0145354
0.0105781
0.0116801
0.0111667
0.0191842
0.0154875
0.0139651
0.0220499
0.0301098
0.0236997
0.0248329
0.023328
0.0222964
0.0223503
0.0234157
0.0231216
0.025247
0.0223227
0.0249172
0.0258065
0.0248826
0.0258067
0.0269997
0.0239136
0.0254641
0.0263392
0.0281116
0.029042
0.0271773
0.0275995
0.0265824
0.0277554
0.0282498
0.12258
0.0315696
0.0283957
0.0278894
0.0280339
0.025441
0.0257151
0.0273959
0.0291462
0.0249564
0.0253052
0.0268434
0.0261377
0.0236251
0.0240837
0.0264306
0.0244977
0.0248105
0.0264362
0.0261861
0.025033
0.0232757
0.0251091
0.0261372
0.0235459
0.0242004
0.0251232
0.0277599
0.0268049
0.0211869
0.0202619
0.0227583
0.0236463
0.0212341
0.0239032
0.0238413
0.027164
0.0305986
0.0303241
0.0268671
0.0238265
0.0247042
0.0266562
0.0264722
0.0249458
0.0265752
0.0267461
0.0262683
0.0291242
0.0281848
0.0267577
0.0252484
0.0273339
0.0291743
0.0302099
0.0267957
0.0270863
0.026918
0.0295748
0.0276004
0.0250123
0.0261942
0.0310035
0.0305208
0.0325567
0.0317794
0.0294871
0.0244009
0.024419
0.0267837
0.0251321
0.0226788
0.0219425
0.022787
0.0205013
0.0209064
0.0216521
0.0212128
0.0205647
0.0248032
0.0267144
0.0277265
0.0261636
0.0245641
0.0246416
0.0268979
0.0292038
0.0259015
0.0200277
0.0200917
0.0235222
0.0252371
0.0257245
0.0314198
0.0238294
0.0248597
0.0303788
0.030289
0.0241209
0.0218676
0.0196084
0.0188735
0.0185759
0.0192592
0.018137
0.0197758
0.0192371
0.0202294
0.0212905
0.0208096
0.019657
0.0191349
0.0185877
0.0195939
0.0226627
0.0247582
0.0243836
0.0237413
0.0234605
0.0192625
0.0198
0.0210946
0.0215235
0.0212492
0.0189951
0.0193954
0.0232346
0.024417
0.0249054
0.0236686
0.0220921
0.0194945
0.022339
0.0224976
0.0230832
0.021937
0.0213637
0.0204031
0.0195211
0.0207562
0.0198136
0.0225295
0.0227959
0.0182279
0.0216058
0.0231239
0.0236365
0.023218
0.0258226
0.0230749
0.0216836
0.0198732
0.0196877
0.0200039
0.0212213
0.0232615
0.0239114
0.0235207
0.0215772
0.0203392
0.0222781
0.0199391
0.0207595
0.0202256
0.0240406
0.0224266
0.0235793
0.0190285
0.0190983
0.0232231
0.024038
0.0251062
0.0241677
0.0236252
0.0222172
0.020288
0.0188407
0.0179953
0.0181291
0.017954
0.0183562
0.019451
0.0196666
0.0193599
0.0180245
0.0177161
0.0177617
0.0187609
0.018818
0.0182728
0.0177778
0.0169433
0.0169844
0.020919
0.0219996
0.022662
0.0218598
0.0241074
0.0194431
0.0170678
0.0182494
0.0190199
0.0185559
0.0174596
0.0169893
0.0167615
0.0182825
0.0186486
0.0181446
0.0173402
0.0174193
0.0212582
0.022007
0.0223429
0.0218097
0.0191449
0.0190817
0.016725
0.0206231
0.0181476
0.0180496
0.0172181
0.0170087
0.0168455
0.0179188
0.0184881
0.0194791
0.0191953
0.0192514
0.0188822
0.0189234
0.0198417
0.0207259
0.0206191
0.0207004
0.0234235
0.0232929
0.0244892
0.023453
0.0265371
0.0251034
0.0258891
0.0256059
0.0256994
0.0267263
0.0247594
0.0252491
0.0258469
0.0254204
0.0247802
0.0235753
0.023615
0.0246893
0.0255034
0.0260396
0.0258362
0.0237573
0.0242375
0.0252499
0.0270632
0.0273373
0.0266778
0.026546
0.0245478
0.0223605
0.0249686
0.0249882
0.0256187
0.0254019
0.0233402
0.0255027
0.0250945
0.0260633
0.0263367
0.0249502
0.0249273
0.0233472
0.0219482
0.0204073
0.0223575
0.0225347
0.0225238
0.0199489
0.0198658
0.0200126
0.0209044
0.0209265
0.019618
0.0186424
0.0184038
0.0220355
0.0235426
0.0225621
0.0260284
0.021738
0.0213829
0.0207626
0.0213839
0.0212104
0.0202818
0.0185943
0.0176415
0.016819
0.0193842
0.018947
0.0180171
0.0175356
0.0189637
0.013069
0.0147918
0.0159054
0.016656
0.0136445
0.0141808
0.013223
0.0192244
0.0202468
0.0201527
0.0193134
0.0177646
0.0129319
0.0144799
0.016602
0.0175444
0.0167317
0.0166356
0.0177177
0.0180375
0.0178076
0.0162124
0.0131729
0.0129305
0.0134863
0.0154312
0.0129291
0.0134652
0.0177037
0.0177549
0.0176006
0.0163436
0.0123474
0.0170628
0.0165506
0.0157821
0.0143531
0.0118161
0.0167492
0.0173361
0.0158221
0.0155261
0.0127998
0.0125123
0.0130696
0.0128442
0.0113513
0.0134358
0.0136221
0.0136862
0.0132631
0.0181763
0.0191145
0.0171521
0.0146866
0.014178
0.0137955
0.0132061
0.0126755
0.0145253
0.0143285
0.012914
0.0184626
0.0167744
0.0169623
0.0167669
0.0169752
0.0172097
0.0166029
0.0167274
0.0162772
0.0162141
0.0170296
0.0162938
0.0158946
0.0171051
0.0179164
0.0168619
0.016965
0.0165171
0.0168019
0.0165645
0.0168626
0.0159144
0.0154711
0.0148254
0.0160311
0.0159609
0.0152105
0.014543
0.0150016
0.0144008
0.0132681
0.0134306
0.0740692
0.0121662
0.0161275
0.0161132
0.0149943
0.0161079
0.0161342
0.0158003
0.0158409
0.0119145
0.0118916
0.0104235
0.0101824
0.0114104
0.0115867
0.0160141
0.0151163
0.014135
0.0177746
0.016701
0.0146879
0.0117055
0.0112542
0.0109202
0.0165354
0.0172394
0.028923
0.0123324
0.0128702
0.0134303
0.0135357
0.0127856
0.0128587
0.0185182
0.018996
0.0139948
0.0143179
0.0144257
0.0132153
0.0145325
0.0149133
0.0134715
0.0197558
0.0185635
0.0145422
0.0174659
0.014954
0.0132211
0.0180639
0.0178544
0.0129973
0.0181461
0.0190843
0.0140103
0.0149543
0.0156897
0.01388
0.0172871
0.0175819
0.0124534
0.0140255
0.0132593
0.0118809
0.0170861
0.0169488
0.0117334
0.0174261
0.016381
0.0115946
0.0118659
0.0126207
0.010629
0.0114016
0.010362
0.0114325
0.012607
0.0126724
0.0117343
0.0128575
0.0128343
0.0117528
0.0169205
0.0167705
0.012988
0.0179422
0.0178186
0.0133591
0.0187226
0.0182123
0.0179869
0.0171926
0.0178797
0.0173435
0.0178467
0.0169706
0.0184797
0.0172206
0.0187785
0.01302
0.0137517
0.0132322
0.0140446
0.0147895
0.01398
0.0144965
0.0147148
0.0133605
0.0185101
0.0172471
0.0174689
0.0175476
0.0128585
0.0176025
0.0164224
0.0191576
0.0172142
0.013533
0.0176523
0.0171725
0.0137294
0.0133267
0.0141954
0.0142626
0.0201955
0.0192123
0.0181301
0.0195973
0.0192537
0.0181328
0.0193465
0.0191062
0.013729
0.0163436
0.0167772
0.0116421
0.0168304
0.0167532
0.0131829
0.0128044
0.0176919
0.0175094
0.0138349
0.0165786
0.0167215
0.0118551
0.0125308
0.0112264
0.0124344
0.0172106
0.0176586
0.0139177
0.0136908
0.0132529
0.0176286
0.0172304
0.0125661
0.01723
0.0167195
0.0133349
0.0131086
0.0184919
0.0182749
0.0149849
0.0180459
0.0165769
0.0127353
0.0184924
0.0167128
0.0131593
0.0173543
0.0172923
0.0136364
0.0154308
0.0148013
0.0142162
0.0187865
0.0175992
0.0172083
0.0173799
0.0161622
0.0167411
0.0179979
0.0161712
0.013195
0.0176824
0.0173706
0.0134477
0.0144997
0.0146675
0.0167994
0.0179419
0.0175199
0.0163944
0.0191996
0.0180021
0.0127092
0.0183916
0.0179747
0.0138632
0.0189352
0.0185978
0.0159052
0.014631
0.0170501
0.0133493
0.020374
0.0171662
0.017469
0.0167003
0.0197931
0.0157247
0.0141172
0.0157398
0.0146151
0.0147711
0.0191544
0.0192235
0.0140101
0.0196496
0.0185356
0.0136799
0.0184452
0.0182863
0.0145137
0.0175885
0.017335
0.0147556
0.0190109
0.0184582
0.0138781
0.018109
0.0170425
0.0175992
0.0170878
0.0135512
0.0190744
0.017558
0.0144537
0.0194579
0.0184013
0.0149864
0.0188227
0.0198379
0.0143702
0.0182329
0.0190288
0.0164499
0.0180913
0.0187936
0.0179032
0.0182056
0.0188145
0.0178521
0.0185338
0.0178276
0.0179848
0.0183841
0.0183471
0.0159819
0.0174634
0.0181778
0.0167016
0.0171272
0.0176604
0.0169009
0.0179143
0.0176693
0.0153213
0.0169115
0.0176204
0.0121677
0.0129008
0.01278
0.0130997
0.0178782
0.0170333
0.0136844
0.0175742
0.0167096
0.0115743
0.0160902
0.0155532
0.0119169
0.0168037
0.0162313
0.0127771
0.0133868
0.0150193
0.0148531
0.0146485
0.014
0.0144333
0.0139961
0.0189776
0.0195526
0.014551
0.0149225
0.0148354
0.0149116
0.0147026
0.0151487
0.0155451
0.0126817
0.0136504
0.0114142
0.0113527
0.0151434
0.0140887
0.010395
0.0153532
0.0147512
0.0128145
0.0128783
0.0183365
0.017824
0.0135834
0.0183439
0.0183919
0.0146265
0.0173082
0.0185745
0.0175987
0.0149344
0.0158014
0.0147197
0.0185349
0.0192699
0.0170123
0.0174498
0.0180252
0.0169021
0.0175812
0.0178576
0.0160537
0.0176753
0.0197058
0.0186603
0.0195946
0.0232975
0.0191501
0.0198916
0.0189633
0.0190686
0.0187068
0.0173415
0.0180891
0.0186851
0.0175008
0.0186391
0.0187615
0.0175425
0.0184337
0.0180419
0.0140133
0.0142465
0.015808
0.0137217
0.0133911
0.0136843
0.0158604
0.017129
0.017645
0.0123089
0.0171878
0.0179064
0.0128502
0.0161993
0.0168208
0.0123315
0.0174716
0.0177891
0.0134149
0.0140084
0.0141751
0.0126524
0.0133816
0.0139595
0.0137724
0.0141277
0.014327
0.0132207
0.0139205
0.0143039
0.013474
0.018885
0.0188621
0.017844
0.0184381
0.0194137
0.0168302
0.0190006
0.0197284
0.0175056
0.0183332
0.0188476
0.0140782
0.0186256
0.0192983
0.0183702
0.018802
0.0197686
0.0159246
0.0162897
0.0204319
0.0133097
0.0183335
0.0177634
0.0142636
0.0190652
0.0187899
0.0138358
0.0180565
0.018178
0.01456
0.0145748
0.0146019
0.0131313
0.018458
0.0188025
0.0146122
0.0181556
0.0190337
0.018142
0.0144213
0.0142512
0.0153909
0.0173745
0.0153897
0.0150305
0.0153387
0.0162403
0.0153308
0.0191701
0.0189548
0.0146364
0.0193805
0.0188704
0.0138365
0.0140091
0.0146531
0.0131003
0.0135169
0.0146161
0.0149561
0.0188518
0.0179757
0.0138405
0.0140631
0.0146829
0.0128833
0.0143047
0.0157588
0.014164
0.0188209
0.0194391
0.0140727
0.0171951
0.0159633
0.0138181
0.0138213
0.0148205
0.0134158
0.016865
0.0190227
0.0186129
0.017406
0.0177893
0.0185212
0.0180996
0.0174368
0.0204568
0.0168919
0.0136622
0.0178388
0.0186425
0.013998
0.0136898
0.0149054
0.0142083
0.0170633
0.017723
0.0185596
0.0169445
0.0177512
0.0187337
0.0171758
0.0139862
0.0152239
0.0165573
0.0141083
0.0151466
0.0133988
0.0298045
0.0197112
0.0191587
0.0139028
0.0149722
0.0146474
0.0139333
0.0150212
0.0133098
0.0136769
0.015063
0.0136923
0.0180532
0.0183333
0.015885
0.0141587
0.014278
0.0133167
0.0140169
0.0144179
0.0130609
0.0173421
0.0187509
0.0163305
0.0181802
0.0183311
0.0141431
0.0132009
0.0135782
0.0170478
0.0129043
0.0132906


