0.0170136
0.0180572
0.0159514
0.0320782
0.025743
0.0293661
0.0286267
0.0293812
0.0299067
0.030345
0.0315435
0.0327409
0.0299695
0.0307485
0.0321919
0.0331011
0.031141
0.0319484
0.0338365
0.034493
0.033138
0.0325847
0.0322615
0.0342745
0.0363797
0.0333835
0.0334401
0.0337424
0.0334878
0.0330223
0.0322548
0.0351186
0.0318784
0.0326024
0.0347216
0.033046
0.0330015
0.0374355
0.0364458
0.0345956
0.0327446
0.0362883
0.0371585
0.0349496
0.0309483
0.0359036
0.0339737
0.0346908
0.0332089
0.0372416
0.0227464
0.0204845
0.0233596
0.0240974
0.0221834
0.0235941
0.0233841
0.0234659
0.0152735
0.0289873
0.015751
0.0146297
0.0167552
0.015509
0.0145525
0.017576
0.0286905
0.025369
0.0321538
0.0270233
0.0269256
0.0306961
0.0307552
0.0296494
0.0301938
0.0290839
0.032704
0.0314761
0.0277976
0.0297421
0.0308508
0.0327316
0.031825
0.0310218
0.0292364
0.0296837
0.0317481
0.0315423
0.0326305
0.0319877
0.0308471
0.0319393
0.0321328
0.0322266
0.0308641
0.0332483
0.0352347
0.0339491
0.0338217
0.034462
0.0337452
0.0361042
0.034085
0.0372788
0.0323595
0.0353318
0.0352314
0.0340282
0.0355037
0.0334043
0.0357223
0.0328842
0.034201
0.0363228
0.0227274
0.02313
0.02582
0.0244699
0.0245272
0.0263183
0.0245644
0.0273714
0.0272793
0.0288821
0.0298587
0.0285885
0.0285262
0.0262257
0.0320261
0.0325954
0.0284396
0.029537
0.0303851
0.0275773
0.0296028
0.0293257
0.0279659
0.0292819
0.0297287
0.0285346
0.0292239
0.030601
0.0301741
0.0307613
0.0312255
0.0285832
0.0293117
0.031678
0.0319643
0.0314094
0.0312927
0.028019
0.0305315
0.0317915
0.0301082
0.0304641
0.0320731
0.0294202
0.029793
0.0301948
0.032633
0.0294647
0.0298582
0.0307069
0.0320083
0.0296163
0.0307135
0.029669
0.0307825
0.0312788
0.0332431
0.0352677
0.0325298
0.0301597
0.0347177
0.0336033
0.0328123
0.0357373
0.0316507
0.0338185
0.0366907
0.0321746
0.0339981
0.0303009
0.0316788
0.0324937
0.0309463
0.0318635
0.0341012
0.0333651
0.0316243
0.0327132
0.0338542
0.0297189
0.0322742
0.0347197
0.0311454
0.0312296
0.0323266
0.0320119
0.0328741
0.0316725
0.0316741
0.0319678
0.0295486
0.0345661
0.030046
0.0310784
0.0326806
0.0322907
0.0343989
0.0348046
0.032497
0.0329775
0.0351566
0.0335286
0.0295595
0.0311669
0.033618
0.0332159
0.0312788
0.0322066
0.0315247
0.0313518
0.0305941
0.0308076
0.0320205
0.0314245
0.0310698
0.0331645
0.030209
0.0313263
0.0322438
0.0301122
0.0311834
0.0293866
0.0297772
0.031806
0.0273976
0.031419
0.0307188
0.0288855
0.0325858
0.0309263
0.029586
0.031152
0.0310661
0.0283357
0.0320099
0.0320561
0.0290936
0.0299058
0.0316687
0.0303235
0.0323524
0.0349428
0.0306648
0.031973
0.0308423
0.0327041
0.0302014
0.0319685
0.0316413
0.0328398
0.0299401
0.0335938
0.0327762
0.0314444
0.0316725
0.031898
0.0304737
0.0313689
0.0321244
0.0315758
0.0345348
0.0340906
0.0323075
0.0331889
0.0328947
0.0341957
0.0336226
0.032947
0.0315152
0.0321577
0.0325329
0.033502
0.0328377
0.0341657
0.0316593
0.0324828
0.030325
0.0298717
0.0296997
0.0289388
0.028421
0.0276406
0.0280997
0.0238846
0.0265916
0.0270014
0.0268336
0.0254642
0.0264642
0.023676
0.0283447
0.028843
0.0243073
0.0279239
0.0302507
0.0287594
0.0307229
0.031959
0.0314708
0.0320829
0.0325311
0.0320762
0.0320162
0.032319
0.0311846
0.0318878
0.0307644
0.0261796
0.0320966
0.0315434
0.0306886
0.0299803
0.0318468
0.0285381
0.0311669
0.0307163
0.0342192
0.0339403
0.0301699
0.0305198
0.0305038
0.0314731
0.031609
0.0325173
0.03074
0.0291233
0.0307287
0.0287075
0.031318
0.0305698
0.0313997
0.0299671
0.0301012
0.0300748
0.0301793
0.0277534
0.0315347
0.0299152
0.0282099
0.0294058
0.0296923
0.0339355
0.0349602
0.0341522
0.0340171
0.0339904
0.0332578
0.0341382
0.0308398
0.0292987
0.0298851
0.030801
0.0293897
0.0310875
0.032789
0.0324105
0.0321014
0.0291686
0.0289653
0.0268682
0.0273035
0.0270661
0.0279274
0.0275648
0.0273818
0.0305606
0.0340873
0.0324506
0.0311502
0.0310419
0.0311499
0.0307317
0.0301962
0.0306416
0.0281029
0.0283541
0.0306536
0.0281204
0.028729
0.0283304
0.0295713
0.0287777
0.0298923
0.028205
0.0302124
0.0311831
0.031074
0.0307217
0.0289871
0.0300209
0.029474
0.0320241
0.0310479
0.0306305
0.03259
0.0309576
0.0308532
0.0312529
0.0317207
0.0317462
0.0316443
0.0327641
0.0334423
0.0340204
0.0313956
0.0316811
0.0302685
0.0313824
0.0320614
0.0312992
0.0309332
0.0316306
0.0325592
0.0317618
0.0306822
0.0308995
0.0318665
0.032979
0.029889
0.0292109
0.029438
0.0292968
0.029634
0.0331168
0.0323324
0.0314988
0.0297145
0.0302184
0.0301317
0.0342602
0.0335221
0.0279211
0.0284332
0.0306123
0.0310935
0.0289
0.0308488
0.0291525
0.0292482
0.0281817
0.0274664
0.0271548
0.0268583
0.0259752
0.0273161
0.0252871
0.0253265
0.0307429
0.0301694
0.0292798
0.030048
0.031252
0.0309915
0.0308478
0.0310283
0.0331881
0.0303652
0.0311024
0.0307612
0.0307676
0.0309601
0.0300558
0.0297309
0.03011
0.0301088
0.0296558
0.0307915
0.0294412
0.0296084
0.0297007
0.0303828
0.0300548
0.0307551
0.0308134
0.0318207
0.032652
0.0324236
0.0291683
0.0304233
0.0309494
0.029331
0.0315023
0.0323454
0.0337254
0.0282872
0.0300541
0.0292589
0.0296009
0.0312458
0.0333596
0.0297734
0.0313404
0.0304988
0.0336546
0.0316857
0.0297266
0.0316522
0.0296614
0.0334359
0.0334823
0.0308977
0.0293276
0.0299544
0.0305772
0.0296631
0.0286779
0.0284899
0.029735
0.0297046
0.0265324
0.0288754
0.0286451
0.0290586
0.0263324
0.0275912
0.0270891
0.0259142
0.0274829
0.0271048
0.0279713
0.0261141
0.0280459
0.023914
0.0250001
0.025067
0.0220507
0.023239
0.0248509
0.0207664
0.0209158
0.022731
0.0192264
0.0202498
0.0219781
0.019242
0.020277
0.0199145
0.0187591
0.0217066
0.0225628
0.0204675
0.022961
0.0211703
0.0214046
0.0216674
0.0204598
0.0214438
0.0239721
0.0203874
0.0213583
0.0218294
0.0210113
0.0207316
0.0204723
0.0239611
0.0249984
0.0202682
0.021533
0.0214573
0.0212309
0.022784
0.0227291
0.0217687
0.0241528
0.0245121
0.0222949
0.0230232
0.0227517
0.0238564
0.0209747
0.0236216
0.0223432
0.0222191
0.0247259
0.0237514
0.0216338
0.0247663
0.0240192
0.0216756
0.0229054
0.0237535
0.0239977
0.0223232
0.0236398
0.0257818
0.0244905
0.0218027
0.0242463
0.0249962
0.0228254
0.0233063
0.0229769
0.0244807
0.0245913
0.0228795
0.0239619
0.0219724
0.0215069
0.0246895
0.0243275
0.0204189
0.022027
0.0220141
0.0233844
0.0242677
0.0207213
0.0212337
0.0219504
0.0216925
0.0216251
0.0189093
0.0207622
0.0229506
0.0219855
0.0214691
0.0211109
0.0226707
0.0209783
0.0209497
0.023669
0.0213873
0.0242585
0.0227968
0.0234996
0.0228979
0.0224537
0.0232547
0.0227767
0.025432
0.0240199
0.0241626
0.024232
0.0255761
0.0252297
0.0271016
0.0214728
0.0233907
0.0237332
0.0245192
0.0239985
0.0237365
0.0256178
0.0241381
0.0254113
0.0243577
0.0241429
0.0237275
0.0238674
0.024788
0.0251653
0.0236462
0.0236721
0.0245267
0.0231926
0.0303204
0.0242996
0.0250164
0.0243384
0.0247115
0.0243182
0.0214974
0.0217299
0.0248026
0.0225786
0.0221764
0.0219173
0.0213955
0.0209446
0.020545
0.0195314
0.020473
0.0198085
0.0203259
0.0196846
0.0192889
0.019643
0.0203036
0.0209889
0.0212669
0.0210174
0.0215235
0.024815
0.0230368
0.0225194
0.0213608
0.0233412
0.022742
0.0258118
0.026131
0.0244299
0.0233194
0.0247795
0.0245492
0.0242084
0.0221883
0.0267841
0.0256051
0.0242652
0.0240429
0.0246425
0.025229
0.0251814
0.0262288
0.0255607
0.0267168
0.0291911
0.0279815
0.0283461
0.0259024
0.0273697
0.0274459
0.0254681
0.0291393
0.0280189
0.0256101
0.025083
0.0245473
0.0293209
0.0282635
0.0261491
0.0268129
0.0292959
0.0266749
0.0272355
0.0280183
0.0257945
0.0275385
0.0278664
0.0276433
0.0264003
0.0280299
0.02967
0.0255829
0.028663
0.0267198
0.0251293
0.026435
0.0270744
0.02837
0.0250734
0.0275596
0.0271751
0.0248012
0.0284507
0.0307614
0.0266029
0.0284715
0.0284199
0.0264073
0.0266949
0.026034
0.0249645
0.0289653
0.0282453
0.0239448
0.0297131
0.029799
0.0239966
0.0244771
0.0266791
0.0258988
0.0235776
0.0250438
0.0267929
0.0286672
0.0243854
0.0270692
0.0288418
0.0251338
0.0272125
0.0279713
0.0274023
0.0253397
0.0264615
0.0289682
0.028854
0.0262026
0.0333578
0.0326538
0.0287674
0.0283308
0.027963
0.0288774
0.0359649
0.0273561
0.0286427
0.0308156
0.0306201
0.0307975
0.0322625
0.0278661
0.0301175
0.030292
0.0288312
0.0308537
0.0311549
0.0301753
0.0288712
0.0304877
0.0307288
0.0290442
0.0288509
0.0292822
0.0296723
0.0299887
0.0304827
0.0295393
0.0297692
0.0327639
0.0297691
0.0293905
0.0293541
0.0299921
0.0311307
0.029519
0.0301813
0.0307038
0.0304722
0.0295061
0.0298894
0.0295909
0.0294418
0.0336545
0.0344185
0.033541
0.0308594
0.0307513
0.0306846
0.0305595
0.0298093
0.0295715
0.0288835
0.0306131
0.0287404
0.0294848
0.0293159
0.0270927
0.0287105
0.0286333
0.0266196
0.0280058
0.0257115
0.0259986
0.0247277
0.0247504
0.0247058
0.0236055
0.0248261
0.0254879
0.0232871
0.0259345
0.0247554
0.0221566
0.024349
0.0229485
0.0227093
0.022207
0.0261009
0.024172
0.0239673
0.0277436
0.0279195
0.0261467
0.025991
0.0256228
0.0247873
0.0285284
0.0267275
0.0259075
0.0260132
0.0285816
0.0267938
0.026031
0.0244756
0.025815
0.027344
0.0256556
0.0253228
0.0229382
0.0260164
0.028704
0.0236037
0.0257232
0.027589
0.0241024
0.0268093
0.025955
0.0243473
0.026966
0.0268046
0.0258242
0.0282345
0.0287554
0.0278974
0.0294973
0.029998
0.0285829
0.0302938
0.0302235
0.0280027
0.0304627
0.0314252
0.0301465
0.0281171
0.0284658
0.0281512
0.0273928
0.0276833
0.0283359
0.0283787
0.0272479
0.0288677
0.0290025
0.0257551
0.0287949
0.0311032
0.0275525
0.0306053
0.0283739
0.0259513
0.0262928
0.0275573
0.0273926
0.0267438
0.0296156
0.0295457
0.0283417
0.0301085
0.0309081
0.0287441
0.0317152
0.0292667
0.0287324
0.0272793
0.0302534
0.0303967
0.027978
0.0308475
0.0295772
0.0284939
0.029842
0.0300149
0.0277912
0.0298518
0.0297093
0.0279926
0.0282682
0.0292816
0.0275372
0.0290088
0.0298278
0.0273786
0.0306559
0.0332243
0.0266772
0.0270827
0.0267171
0.0262576
0.0271966
0.0290271
0.026907
0.0272939
0.0275541
0.0260856
0.0256151
0.0258613
0.0238817
0.0248689
0.0249862
0.0259659
0.0231856
0.0262945
0.029408
0.0283516
0.0247196
0.0277396
0.0304163
0.0254547
0.0254365
0.0273211
0.0242695
0.0264162
0.0288113
0.0252199
0.0264745
0.0254086
0.0232941
0.027042
0.0272497
0.0247277
0.0269873
0.0290409
0.0253098
0.0277611
0.0296172
0.0265492
0.0257179
0.0306935
0.0286086
0.0269034
0.0287361
0.0297372
0.0262135
0.0267507
0.0270759
0.0264682
0.0262758
0.0273089
0.0250054
0.0256646
0.0260371
0.0246177
0.0250758
0.0251658
0.0245754
0.0244075
0.0252088
0.0253666
0.0225216
0.0228459
0.0219629
0.0249506
0.0250487
0.0237967
0.0276784
0.0260198
0.0240731
0.0259784
0.0282853
0.0272069
0.0277724
0.0256561
0.0268072
0.0272314
0.0252808
0.0258186
0.0265366
0.0259779
0.026061
0.0302231
0.0310261
0.0271383
0.0278127
0.0284821
0.0264275
0.0268594
0.0271178
0.0271947
0.0281544
0.0305487
0.029469
0.0289471
0.0293176
0.0274446
0.0303888
0.0304995
0.0294021
0.0285591
0.0289909
0.0288349
0.0293686
0.0261157
0.0288055
0.026559
0.0271935
0.0267028
0.0253844
0.023599
0.0256103
0.0268186
0.0278406
0.0269593
0.0295643
0.0292073
0.0272141
0.0326648
0.0309545
0.0290328
0.0307742
0.0299606
0.0301172
0.0285055
0.027916
0.0315323
0.0302289
0.0277562
0.0289137
0.0303382
0.0317712
0.0296237
0.0281726
0.0281846
0.0263501
0.0288836
0.0299919
0.0303896
0.027494
0.0306636
0.029587
0.0283683
0.031317
0.0301696
0.0301265
0.032387
0.0332675
0.03137
0.0300833
0.0334568
0.0340187
0.0305872
0.0291538
0.0307941
0.0288985
0.0313841
0.0313297
0.0317605
0.0286712
0.0301908
0.0335206
0.0333758
0.0291764
0.0291354
0.0291903
0.029921
0.0300721
0.0297747
0.0283309
0.0304083
0.0304369
0.0330515
0.0327236
0.0318009
0.0303192
0.0281432
0.0297538
0.0296558
0.0280676
0.0305347
0.0311345
0.0290288
0.027772
0.0286603
0.0295696
0.0283974
0.0268777
0.0311721
0.0282342
0.027944
0.0297591
0.0290029
0.0290066
0.028581
0.0294601
0.0266839
0.0290298
0.0293695
0.0279663
0.0299351
0.0294839
0.0313189
0.0279754
0.028361
0.0281257
0.0276905
0.0330362
0.030539
0.0303638
0.0307711
0.0302637
0.0283227
0.029737
0.0308499
0.0310754
0.0303099
0.0294535
0.0272971
0.0295739
0.0293234
0.0286758
0.0261089
0.0295896
0.0298326
0.0289628
0.0269721
0.028378
0.0303351
0.0309419
0.0308043
0.0320403
0.0332512
0.030178
0.031373
0.0309538
0.0328774
0.0299365
0.0331782
0.0329309
0.0321307
0.030635
0.032676
0.0331476
0.0327467
0.0307022
0.032296
0.0337207
0.0294835
0.0278904
0.0286981
0.0311598
0.0339662
0.0310534
0.0319007
0.0324717
0.033496
0.033327
0.0296524
0.0333615
0.0344141
0.0315454
0.0309557
0.0313398
0.0310126
0.0336411
0.0346416
0.0337292
0.0309446
0.0311256
0.0329751
0.0316924
0.033411
0.0345806
0.0332173
0.0314531
0.032977
0.0355578
0.0359495
0.0349374
0.0377537
0.036016
0.0347913
0.0352624
0.0347288
0.03551
0.0354869
0.0356536
0.0360562
0.0359421
0.034823
0.0349684
0.0350615
0.0360133
0.0352434
0.0326143
0.0347618
0.0343594
0.0345627
0.0304802
0.0329009
0.0343777
0.0342014
0.0317415
0.0338441
0.0364687
0.0366297
0.0308036
0.0340442
0.033003
0.0324919
0.0293133
0.0304859
0.0311928
0.030147
0.0284527
0.0300399
0.0294111
0.0306294
0.0292013
0.0274551
0.0296945
0.0288159
0.0306761
0.0289643
0.0304081
0.0308186
0.0347737
0.0326568
0.0298069
0.0289887
0.0293952
0.0300332
0.0323622
0.0315332
0.0313513
0.0296021
0.0317735
0.0318951
0.0318228
0.02875
0.029881
0.0288875
0.0310033
0.0288183
0.0308198
0.0280078
0.0323554
0.0279674
0.0291461
0.0297217
0.0278869
0.026151
0.0279295
0.0278498
0.0280126
0.0283312
0.0277015
0.0260318
0.0259688
0.0286834
0.0304518
0.0280241
0.0257864
0.0257197
0.0245879
0.0266857
0.0274487
0.0257969
0.0253606
0.0256028
0.0280754
0.0274958
0.0284843
0.02341
0.024399
0.0241986
0.0256267
0.0273411
0.028088
0.0237339
0.0296536
0.0256968
0.026375
0.0230713
0.0229784
0.0237744
0.0256361
0.0275517
0.0271447
0.0227794
0.023206
0.0218995
0.0235978
0.0268459
0.0254586
0.021068
0.0231012
0.023468
0.0255406
0.023944
0.0223532
0.0218572
0.0231005
0.0252448
0.0218821
0.0244471
0.0268719
0.026996
0.0238052
0.0226475
0.0230292
0.0232962
0.0236661
0.0220163
0.0231039
0.0239513
0.0233682
0.024548
0.0252905
0.0239156
0.024028
0.0260367
0.0241552
0.0230254
0.0233866
0.0245704
0.0256613
0.027063
0.0240457
0.0267141
0.0275455
0.0234183
0.02441
0.0274127
0.026086
0.0250787
0.0250438
0.0253147
0.0263491
0.0241431
0.0241552
0.0244992
0.0265884
0.0235575
0.0269906
0.0291876
0.0241697
0.0256126
0.0259507
0.0263071
0.0251221
0.0251017
0.0250154
0.0246651
0.0282417
0.0287165
0.0231975
0.0249507
0.0242505
0.0256173
0.024712
0.0261567
0.0250641
0.0272978
0.0235394
0.0246006
0.0250555
0.0253094
0.0249983
0.0237036
0.0248861
0.0265648
0.0249891
0.0280391
0.025775
0.0266336
0.0267428
0.0255497
0.0260794
0.0266617
0.0273153
0.0272373
0.0258535
0.0264473
0.0257879
0.0260417
0.0271119
0.0274991
0.0263663
0.0276474
0.0261517
0.0273025
0.0252709
0.0268525
0.0268808
0.0259051
0.0259076
0.0259572
0.0264394
0.0252989
0.0258829
0.0270568
0.0265944
0.0252409
0.0260114
0.0265542
0.0252539
0.0255389
0.0255211
0.0259251
0.026205
0.0260801
0.0257169
0.0252477
0.027001
0.0274387
0.0261647
0.0253662
0.0273367
0.0257455
0.0255443
0.0275536
0.0244622
0.027975
0.0247754
0.0242545
0.0244247
0.0212864
0.0229934
0.022963
0.0229333
0.0220721
0.0245476
0.0242615
0.0221172
0.0229456
0.021509
0.0220167
0.0231093
0.0234008
0.0229986
0.0204387
0.0222865
0.0218228
0.0206318
0.0235825
0.0201999
0.0217489
0.0202073
0.0218255
0.0219865
0.0209605
0.0210135
0.0232406
0.0231337
0.0214574
0.0233179
0.0259283
0.0225413
0.0254746
0.0247184
0.0276523
0.0272322
0.0282299
0.0280123
0.0256879
0.0287411
0.0283148
0.0256438
0.0295326
0.031479
0.0259293
0.0298393
0.0308656
0.0272104
0.0300475
0.029823
0.0282256
0.0276822
0.027796
0.0293913
0.0271658
0.0277343
0.0281537
0.0255585
0.0272705
0.0266027
0.0244655
0.0265139
0.0264699
0.0241558
0.0265668
0.026693
0.024734
0.0280659
0.0273693
0.0260182
0.0275232
0.0286364
0.0264757
0.0272494
0.0295315
0.0258595
0.0279516
0.0292383
0.0253093
0.0274995
0.028333
0.0251832
0.0277709
0.030315
0.0251529
0.0257235
0.0268867
0.0255504
0.0267851
0.0283756
0.0295917
0.0273339
0.0247078
0.0269057
0.02911
0.0252081
0.0268087
0.0266784
0.0290757
0.0258396
0.0266513
0.0270578
0.0248877
0.0276225
0.0266562
0.0259007
0.0260199
0.0259841
0.0271871
0.0250317
0.0262898
0.0270493
0.0262104
0.026402
0.0266965
0.0270555
0.0287398
0.0277759
0.0250037
0.0252111
0.0256957
0.0259887
0.0240049
0.0259844
0.0281255
0.0268317
0.0246695
0.0269504
0.0278391
0.0287456
0.0288095
0.0312091
0.0283528
0.0291025
0.0286241
0.0271654
0.0258784
0.0281823
0.0278304
0.0266381
0.0263868
0.0265553
0.0268591
0.0249681
0.0249601
0.0262775
0.0266052
0.0241673
0.0253437
0.0272939
0.0264312
0.0247719
0.0247551
0.0242951
0.0251951
0.0250528
0.0247012
0.0243928
0.0237176
0.0269021
0.0271875
0.0269766
0.0247509
0.0254682
0.0243103
0.024104
0.0242318
0.0252384
0.0245584
0.0263713
0.0266019
0.0283151
0.0283486
0.0304251
0.0312784
0.0316252
0.03047
0.0311201
0.0324901
0.03124
0.0322321
0.0328648
0.0316677
0.0300406
0.0300203
0.0309587
0.0313889
0.0349664
0.0288717
0.0295052
0.0294877
0.0326193
0.0307366
0.0312764
0.0289165
0.0290356
0.0294518
0.0330309
0.0332779
0.0283521
0.0297111
0.0297814
0.0293937
0.0278212
0.0299093
0.0312137
0.0301551
0.0316388
0.0338973
0.0336265
0.0313169
0.0318834
0.0336048
0.032358
0.0324687
0.0325407
0.0325066
0.036113
0.0338887
0.0332929
0.0318047
0.0314387
0.0325865
0.0318012
0.0289163
0.0306511
0.0302864
0.0297321
0.0280049
0.0284513
0.0280461
0.0306626
0.0291137
0.0269762
0.0282275
0.0276999
0.029222
0.029377
0.0282009
0.0291091
0.0303278
0.0300659
0.0269931
0.0288717
0.0327679
0.0299809
0.0293185
0.032835
0.0277804
0.025973
0.0273956
0.0271223
0.0253426
0.0255418
0.0256316
0.0240861
0.028536
0.0259156
0.025384
0.0254567
0.0223117
0.023616
0.0228952
0.0247635
0.0227186
0.0222141
0.023916
0.022378
0.0197783
0.0211173
0.0219623
0.0231291
0.0205031
0.0225016
0.0231783
0.0215432
0.0202842
0.0213596
0.0223784
0.0253459
0.0260966
0.0250677
0.0230964
0.0242532
0.0245256
0.0244553
0.0237506
0.02403
0.023357
0.0239047
0.0257285
0.0268632
0.0284314
0.0281623
0.0275868
0.0266881
0.0256454
0.0277612
0.0264292
0.0270532
0.0258044
0.0256885
0.0259648
0.0250209
0.0276915
0.0268788
0.0267467
0.0253134
0.0261792
0.0281247
0.0243824
0.0239033
0.0255745
0.0290903
0.0247375
0.0246653
0.024944
0.0242273
0.0263935
0.0249264
0.0237618
0.025943
0.024115
0.0250794
0.0276657
0.0238077
0.025159
0.024966
0.0251674
0.0253122
0.0260886
0.0252968
0.0231306
0.0268765
0.0265196
0.0240178
0.0251559
0.0263015
0.0272828
0.0278154
0.0255695
0.0273959
0.0293289
0.0264204
0.028385
0.0280245
0.0266778
0.0261845
0.0262399
0.0262267
0.0278482
0.0260435
0.0280804
0.0266078
0.026419
0.0265696
0.0263671
0.0278442
0.0270641
0.0270471
0.0239635
0.0238874
0.0237039
0.0242766
0.0290426
0.0328547
0.0255583
0.0269755
0.0232965
0.0246841
0.0259348
0.0260985
0.0256136
0.0252998
0.0261201
0.0242097
0.0256434
0.0257008
0.0293655
0.0249302
0.0271724
0.0264803
0.0249981
0.0248374
0.0247767
0.0267473
0.0273711
0.0265957
0.0270186
0.0297934
0.0267775
0.0279848
0.0288243
0.0250715
0.0261484
0.0307539
0.0276287
0.0254911
0.0273448
0.0278707
0.0280975
0.0264724
0.025259
0.0248994
0.0277875
0.0264248
0.0264908
0.0276754
0.0278839
0.0250118
0.0251793
0.0253099
0.0260656
0.0233678
0.0264857
0.0273391
0.0254114
0.0264198
0.0263036
0.0237942
0.0250831
0.0249993
0.0226158
0.0242732
0.0302695
0.024384
0.0246411
0.0254121
0.0265712
0.0249659
0.0254826
0.0248288
0.0225056
0.0252342
0.0270522
0.0232537
0.0247297
0.024422
0.0239585
0.0225836
0.0241835
0.0230441
0.0204905
0.0226893
0.0228617
0.0210132
0.0212046
0.0235805
0.0217109
0.0217387
0.0205404
0.024235
0.0249711
0.0222353
0.0229368
0.0262898
0.0248347
0.0254673
0.024239
0.0255646
0.0233387
0.0280767
0.0243545
0.0246596
0.0277206
0.0274494
0.0245709
0.0268996
0.0271564
0.0245333
0.026285
0.026024
0.0238122
0.0252127
0.025041
0.0256675
0.0264943
0.0240439
0.0229438
0.0259115
0.025369
0.0229774
0.0253847
0.0235221
0.0216711
0.0226057
0.0244528
0.0246356
0.0208928
0.0235646
0.0229741
0.030483
0.0272007
0.0314407
0.0254777
0.0243828
0.0224871
0.0243617
0.0245197
0.0245914
0.0268837
0.0270753
0.0264859
0.0265428
0.0284342
0.0252424
0.0272167
0.0291058
0.0268826
0.0284416
0.0299241
0.0264196
0.0278099
0.0289803
0.0286586
0.0300741
0.0302051
0.0291906
0.031326
0.0294765
0.0285087
0.0275906
0.0287423
0.027065
0.0279023
0.0285589
0.028606
0.0265005
0.0295325
0.0293372
0.0273158
0.0317697
0.0309558
0.0312304
0.0326446
0.0333874
0.0272185
0.0262717
0.0280668
0.0285997
0.0273246
0.0259177
0.0256706
0.0263829
0.0272714
0.0250759
0.0244885
0.0289958
0.0278083
0.0286793
0.0263975
0.0290416
0.0287263
0.0283826
0.0314818
0.0304803
0.0306076
0.0290123
0.0323864
0.0324824
0.0303955
0.031207
0.0310019
0.0305288
0.0323775
0.0339073
0.0291383
0.0300352
0.030039
0.0290358
0.0297281
0.0294849
0.0285124
0.0299603
0.0298509
0.0302317
0.0291057
0.0316828
0.0304627
0.0290054
0.0327241
0.0331976
0.0295384
0.0309485
0.0306253
0.0285373
0.0278491
0.0299152
0.0303593
0.0297178
0.0268942
0.0294544
0.0290467
0.0316345
0.0268469
0.0295835
0.0303446
0.0281422
0.0278181
0.03031
0.0329031
0.0299449
0.0308002
0.0341861
0.0332294
0.0336344
0.0336126
0.0329845
0.0359182
0.0323351
0.0309569
0.0307481
0.0320424
0.0318205
0.0316036
0.0305575
0.0287925
0.0315084
0.0327951
0.0329327
0.0305478
0.03267
0.0335462
0.0320842
0.0304507
0.0315445
0.0319466
0.0330455
0.0363013
0.0326765
0.0324679
0.0328817
0.0317335
0.0290896
0.0293024
0.0291471
0.0280463
0.0262472
0.0264584
0.0293158
0.0270057
0.0268734
0.0264099
0.0249432
0.0237366
0.0271531
0.0250934
0.0238236
0.024436
0.0262957
0.0261291
0.0256642
0.0244001
0.0285997
0.0324009
0.0290432
0.0257624
0.0289056
0.0322837
0.0301829
0.0253093
0.0276552
0.0307017
0.030393
0.0294321
0.0269072
0.0261594
0.0270585
0.028246
0.0300625
0.0310878
0.0259753
0.0277952
0.0290689
0.030856
0.0281504
0.0266323
0.0268525
0.0267686
0.0246411
0.0267948
0.0267803
0.0266327
0.0258899
0.0247822
0.0264501
0.0287029
0.0296764
0.0236337
0.0243729
0.025679
0.0246149
0.0267889
0.0260717
0.0245149
0.027598
0.0260679
0.0274665
0.0259595
0.0235203
0.0241066
0.0243465
0.0253812
0.0275927
0.0244946
0.0236309
0.0230575
0.0254603
0.0248556
0.0229996
0.0232308
0.0262728
0.0262315
0.0264993
0.0284019
0.0284991
0.029359
0.0271032
0.0259504
0.0255998
0.0260342
0.0270312
0.030411
0.0264977
0.0251402
0.0280353
0.0295682
0.0263737
0.0282347
0.0310588
0.0304913
0.0292628
0.0313495
0.0308653
0.0286672
0.0282919
0.0286262
0.0291843
0.0304443
0.029735
0.0278272
0.0289195
0.0296672
0.0324641
0.0277306
0.0289308
0.0297328
0.0270299
0.0292502
0.0324887
0.0287144
0.0279653
0.0295756
0.0280685
0.0240844
0.0296488
0.0319238
0.0261953
0.025988
0.0255154
0.0272136
0.0236415
0.0293716
0.0254461
0.0238082
0.0252815
0.0270643
0.0286906
0.0294548
0.0270951
0.0247132
0.0253204
0.0255614
0.025258
0.0242867
0.0257508
0.0272307
0.0248422
0.0262913
0.0264248
0.0272756
0.0276373
0.0276034
0.0319264
0.0273792
0.0305833
0.0301804
0.0280147
0.0303273
0.0293924
0.0262029
0.0287694
0.0284175
0.0256348
0.0270903
0.028468
0.027198
0.0243094
0.0274775
0.0277144
0.0264738
0.0291634
0.0291356
0.0267047
0.0296985
0.0303112
0.0274355
0.0265792
0.0288206
0.0294226
0.0273636
0.0263351
0.0303824
0.0305645
0.0269443
0.0279219
0.0309896
0.0280754
0.0292069
0.0254969
0.0279259
0.0299773
0.0330162
0.0266636
0.0298993
0.029675
0.0316843
0.0264242
0.0277443
0.0301335
0.0278086
0.0263712
0.0271794
0.0283427
0.0259925
0.0275466
0.0271335
0.0276639
0.0271738
0.0260349
0.0275425
0.0283731
0.0278791
0.0295862
0.0302369
0.0285035
0.0297593
0.0280664
0.0284181
0.0286063
0.0282167
0.0293581
0.0279312
0.0293466
0.0299237
0.0294711
0.0258617
0.0287604
0.0322068
0.0299018
0.0276991
0.0296067
0.02978
0.0309372
0.0263121
0.0286363
0.0290186
0.0272455
0.0259459
0.0289168
0.0286362
0.0310685
0.0278049
0.0289805
0.0302001
0.0279961
0.0267031
0.0286682
0.0284645
0.0285658
0.0283012
0.030982
0.0319244
0.0315585
0.0296703
0.0314162
0.0330598
0.0310865
0.0296924
0.0310453
0.0324742
0.0326051
0.0295377
0.0292191
0.0301181
0.0305524
0.0299703
0.0280943
0.0307047
0.0312168
0.0314928
0.0322841
0.0321316
0.0330457
0.0319024
0.0293304
0.0320545
0.0327176
0.0301861
0.0302818
0.0305114
0.0340183
0.0333986
0.0317724
0.0328049
0.0334736
0.0342879
0.0298897
0.0347173
0.0367148
0.0345607
0.0334013
0.0309979
0.0330955
0.0334607
0.0339985
0.0304455
0.0325372
0.0340166
0.0323089
0.0319038
0.0327509
0.0344806
0.0340674
0.0304427
0.0295943
0.0308627
0.0302458
0.0292215
0.0299006
0.0291855
0.0293666
0.0304008
0.0329954
0.0354847
0.0310296
0.0329156
0.028458
0.0299704
0.030803
0.031846
0.0314762
0.0293734
0.0301908
0.0292985
0.0283662
0.0272418
0.0280245
0.0276164
0.0291171
0.0286002
0.0295868
0.0280132
0.0294053
0.0290607
0.0291296
0.0260994
0.0251292
0.0266097
0.0272376
0.0278415
0.0305844
0.0240383
0.0243574
0.025922
0.0263314
0.0271562
0.0255418
0.0241035
0.02505
0.0253421
0.0249898
0.0256409
0.0251728
0.0249434
0.0270047
0.0274107
0.0278392
0.0259511
0.0272774
0.0260902
0.0295663
0.0273957
0.0294077
0.0262188
0.0270297
0.0278792
0.0266741
0.0276744
0.0311042
0.0261381
0.0266395
0.0281192
0.0277736
0.0276367
0.0276086
0.0273104
0.0265693
0.0270696
0.0278936
0.0277542
0.0283176
0.0271509
0.0248751
0.0260854
0.0274573
0.0275757
0.0248038
0.0276091
0.0275297
0.0273957
0.0260175
0.0242161
0.0251619
0.0259245
0.0269602
0.0268485
0.0258462
0.0244983
0.02558
0.0259577
0.0258602
0.0262081
0.0282503
0.0273012
0.0252637
0.0289198
0.0284613
0.0288914
0.0278787
0.0282355
0.0277373
0.0279461
0.0255466
0.0276931
0.0297497
0.0287235
0.0259636
0.027776
0.02775
0.0291978
0.0251503
0.0285829
0.0333431
0.0294065
0.0242962
0.0243637
0.0269381
0.0262264
0.0243827
0.0230518
0.0250752
0.0253122
0.0244316
0.0254482
0.024161
0.0264428
0.0261604
0.0242254
0.0254318
0.024929
0.0258971
0.0273569
0.0250105
0.0267854
0.0265967
0.0271069
0.0278323
0.0248557
0.025701
0.0252262
0.0278422
0.0243738
0.0254416
0.0243993
0.0242874
0.0245909
0.0225127
0.0247543
0.0241016
0.0248684
0.0214081
0.0233727
0.0252234
0.0251477
0.0229392
0.0280053
0.0289345
0.0244529
0.0296014
0.0269062
0.0254989
0.0250891
0.0255384
0.0275149
0.0274726
0.0247238
0.0257576
0.0275031
0.024588
0.0267806
0.0258472
0.0239014
0.0264345
0.026001
0.0236071
0.0258883
0.0271316
0.0246163
0.0242614
0.0265929
0.0273278
0.033053
0.028122
0.0285237
0.0269219
0.0272968
0.0270107
0.027724
0.0265967
0.0270088
0.0282517
0.0262355
0.0278786
0.0287107
0.0281694
0.0286189
0.0306377
0.0298331
0.0273669
0.0290259
0.0288435
0.0268744
0.0288605
0.0289844
0.0273824
0.0306827
0.0283616
0.0263872
0.0298085
0.032024
0.0262366
0.0279514
0.0285663
0.0259671
0.0272998
0.0284433
0.0271782
0.0269246
0.0286282
0.0260282
0.0260233
0.0265524
0.0242431
0.0263363
0.025422
0.0256838
0.0268794
0.0245334
0.0271307
0.0284502
0.0270573
0.0275102
0.0283971
0.0271672
0.0271283
0.0303043
0.0264694
0.0248531
0.0270846
0.0290905
0.0298223
0.0251628
0.0275349
0.0293292
0.026367
0.0281353
0.0265591
0.0254106
0.0277631
0.0286083
0.0252047
0.028264
0.0290777
0.0271221
0.0289632
0.0288782
0.02842
0.0260584
0.0279098
0.0285518
0.028159
0.0295989
0.0295844
0.028423
0.0264619
0.0290341
0.0279113
0.0259233
0.0265315
0.0274901
0.0286522
0.0292418
0.0319972
0.0283477
0.0270808
0.0295499
0.0311446
0.0271422
0.029962
0.0298267
0.0313073
0.0281352
0.0293414
0.0305875
0.0308797
0.0320435
0.036824
0.028111
0.0284146
0.0284958
0.0290974
0.0302536
0.0288312
0.0275614
0.0287864
0.0299669
0.0302721
0.0318417
0.0333884
0.0324911
0.0316201
0.0283517
0.0294561
0.028247
0.0282383
0.0304381
0.0280665
0.0308839
0.0311247
0.0310839
0.0283258
0.0307865
0.0329085
0.0290858
0.0302228
0.0310373
0.0334031
0.0294554
0.0287151
0.0303328
0.0293837
0.0304662
0.0275444
0.032214
0.029683
0.0273446
0.0271981
0.0286439
0.0325449
0.0271095
0.0310106
0.027814
0.0298117
0.027518
0.0253606
0.0271178
0.0254544
0.0269731
0.0255369
0.0231504
0.0264506
0.0258921
0.0253084
0.0243477
0.0249292
0.0251656
0.0298656
0.0269486
0.0285161
0.028053
0.027332
0.0252721
0.0276812
0.0284573
0.0268566
0.0255941
0.0269544
0.0273208
0.0278666
0.0252555
0.0279327
0.0275988
0.0299423
0.0266603
0.0288548
0.0292551
0.0282641
0.0291046
0.0293589
0.0292337
0.0290595
0.0289761
0.0293716
0.0302125
0.0303987
0.0277277
0.0301989
0.0319056
0.0299582
0.0315888
0.0303543
0.0311757
0.0329493
0.0279204
0.0272635
0.0319066
0.0300237
0.0292079
0.0283364
0.0303646
0.0306955
0.0295022
0.0285754
0.029978
0.0294584
0.0315731
0.0296945
0.0303384
0.0298633
0.0296182
0.0338649
0.0320007
0.0330036
0.029937
0.0280477
0.0305691
0.0308309
0.0299809
0.0295052
0.0298979
0.0311331
0.0301947
0.0286577
0.0295735
0.0322936
0.0335236
0.0306912
0.0291396
0.03432
0.0301444
0.0337374
0.0321268
0.0323743
0.0294941
0.0307781
0.0321809
0.0326659
0.0310697
0.0337463
0.0312715
0.031273
0.0309073
0.0338259
0.0308306
0.0339813
0.0374152
0.033314
0.0296493
0.028523
0.0298444
0.0298474
0.0326074
0.0304871
0.0279424
0.0289277
0.0299087
0.0290555
0.0267982
0.026208
0.0283057
0.0290993
0.0286138
0.0263409
0.0275365
0.0279368
0.0279806
0.0256828
0.0271506
0.0296198
0.0281466
0.0266981
0.0272719
0.0276578
0.0312522
0.0312441
0.0256434
0.0283619
0.0276959
0.0270867
0.0252714
0.026996
0.0280063
0.0262291
0.0249895
0.0259608
0.0259669
0.0246829
0.0248726
0.0238504
0.0244442
0.0252749
0.0255122
0.0288453
0.0256335
0.0246735
0.0286729
0.0285783
0.030862
0.0260496
0.0244872
0.0249842
0.0287427
0.0274394
0.0269057
0.0253284
0.024401
0.0269333
0.0292327
0.0301077
0.0253162
0.0267008
0.0309896
0.0290906
0.0298897
0.0314515
0.0301777
0.0276071
0.0279933
0.028844
0.028632
0.0292572
0.0289442
0.0260195
0.0287104
0.0291256
0.028566
0.0260637
0.0259706
0.0258076
0.0266156
0.0269869
0.0261125
0.027732
0.0245351
0.0274816
0.0274708
0.0282316
0.0261021
0.0253506
0.0266181
0.0256754
0.0259034
0.0253105
0.0277995
0.0259989
0.0265849
0.0262823
0.0258284
0.0267995
0.0290161
0.0293344
0.0287266
0.0295702
0.0309946
0.0281863
0.0299686
0.0292522
0.0298955
0.030442
0.0297712
0.0306773
0.0305117
0.0308154
0.0320162
0.0293038
0.0285815
0.0301393
0.0292421
0.028983
0.0297674
0.0312588
0.0304109
0.0314195
0.0312077
0.0299481
0.0299216
0.0297465
0.0295092
0.0294865
0.0282241
0.0300012
0.029023
0.0298719
0.0304136
0.0294185
0.0287818
0.0285965
0.0301733
0.0329788
0.0295922
0.0276347
0.0299913
0.0293452
0.0290653
0.0282281
0.0287795
0.0294657
0.0326141
0.0302992
0.030511
0.028816
0.0284702
0.0275397
0.0285087
0.028545
0.0286195
0.0297782
0.0280658
0.0283998
0.0293156
0.0281718
0.0270608
0.0283595
0.0269192
0.0281596
0.0275203
0.0285941
0.0288269
0.0294457
0.0327351
0.0280657
0.029019
0.0273134
0.0286312
0.0286718
0.0291917
0.0285444
0.0293731
0.0302395
0.0289482
0.0289038
0.0292408
0.0291762
0.0296172
0.0300965
0.0294541
0.0303974
0.0284754
0.0290943
0.0342175
0.0305057
0.027629
0.0289824
0.0282283
0.0288456
0.0297349
0.0274599
0.0278372
0.0314648
0.025781
0.0272637
0.0286094
0.0294069
0.0277845
0.0270029
0.0275631
0.0273663
0.0272075
0.0299234
0.0290499
0.0274284
0.0266291
0.0273543
0.0288237
0.0288792
0.026573
0.0254779
0.0295796
0.0317861
0.0298749
0.0294699
0.0299773
0.0295493
0.029345
0.026525
0.0299491
0.0314417
0.0338191
0.0296315
0.0296682
0.0300404
0.0296428
0.0278144
0.032821
0.0308594
0.0277369
0.0283527
0.0296719
0.0284675
0.0280002
0.0258791
0.0283023
0.0272596
0.0258053
0.0290163
0.0303879
0.0254458
0.0233455
0.0250784
0.0250923
0.0267314
0.0226181
0.027453
0.0242304
0.0252702
0.0224135
0.0236492
0.0229523
0.022284
0.0210354
0.0231835
0.0230317
0.021737
0.0234388
0.0226815
0.0231626
0.0232692
0.0208043
0.0220601
0.021879
0.0245551
0.0237896
0.0233653
0.025081
0.0248522
0.0236198
0.0238182
0.0235652
0.024834
0.0242956
0.0240121
0.0249773
0.0262033
0.0260183
0.0342465
0.0249062
0.0259273
0.0279514
0.0248996
0.0246562
0.0255153
0.028404
0.0278519
0.0268444
0.0281331
0.0281466
0.0269377
0.0278169
0.030334
0.0315654
0.0279003
0.0309509
0.029531
0.0273393
0.0303128
0.0316412
0.0286974
0.0281314
0.0300805
0.0277267
0.0265514
0.0266819
0.0288883
0.0274976
0.0293929
0.0319852
0.0280291
0.0300476
0.0299104
0.028253
0.0284837
0.028774
0.027697
0.0283954
0.0273248
0.0277621
0.0260309
0.0265449
0.025866
0.0262129
0.0266533
0.0245964
0.0242675
0.0245975
0.0234755
0.0254098
0.0258634
0.0261929
0.0247242
0.0260625
0.0277549
0.0294837
0.0244822
0.0262449
0.030008
0.0262706
0.0279699
0.0279056
0.0273637
0.0285068
0.0290181
0.0276493
0.0287657
0.0277579
0.0309882
0.0297678
0.0281537
0.027833
0.0291724
0.0290904
0.0290381
0.0292748
0.029482
0.0294596
0.0379865
0.0284556
0.0309134
0.0345646
0.030663
0.0310225
0.0323131
0.033505
0.031388
0.0300884
0.0307974
0.0308683
0.032735
0.0320765
0.029423
0.0319267
0.0314554
0.0317717
0.0296883
0.029692
0.0314955
0.0299843
0.0353475
0.0295357
0.0288197
0.0277613
0.029226
0.0295869
0.0324823
0.0291495
0.0296134
0.0332066
0.0309466
0.025942
0.0261204
0.0281287
0.0290437
0.0282588
0.026341
0.0276528
0.0281474
0.0269092
0.0269896
0.0272909
0.0274696
0.0280219
0.0262365
0.0280036
0.028693
0.027596
0.0292908
0.0293202
0.0302767
0.0335478
0.0352374
0.0300879
0.031499
0.0304567
0.0311934
0.0315303
0.0300064
0.0285403
0.029319
0.0325642
0.0321843
0.0321625
0.0336624
0.0292715
0.0297355
0.0302345
0.0326691
0.0323714
0.0307649
0.0305396
0.0311426
0.0313753
0.0343334
0.0297086
0.0302604
0.0302528
0.0309258
0.0278847
0.0285005
0.0311474
0.0312046
0.0308318
0.0281799
0.0293469
0.0293607
0.032305
0.0328649
0.0326018
0.0289622
0.0305484
0.0303302
0.0308491
0.0285706
0.0280904
0.0310738
0.0303789
0.0332493
0.0295974
0.028382
0.0302337
0.0325462
0.0305175
0.0300661
0.028787
0.0283322
0.0299879
0.0298513
0.03006
0.0301066
0.0295237
0.0314628
0.0304432
0.0314964
0.0302117
0.0313487
0.0296227
0.0298536
0.0302183
0.0299958
0.0306712
0.0294275
0.0360196
0.0347629
0.0313513
0.0286216
0.0279052
0.0286838
0.0273806
0.0296322
0.0303703
0.0303257
0.0291936
0.0282958
0.0284311
0.0288637
0.0289218
0.0309956
0.0255768
0.0249619
0.0279715
0.0265342
0.0275114
0.0259673
0.0258758
0.0290413
0.0273815
0.0311423
0.0254332
0.0248625
0.0252758
0.0271875
0.0267792
0.027116
0.0245833
0.0258068
0.0248134
0.0265271
0.0272228
0.0273519
0.0272893
0.029846
0.0293334
0.0285955
0.0261552
0.0271165
0.0284384
0.0281562
0.028664
0.0270551
0.0286208
0.028398
0.0271259
0.0271425
0.0266532
0.0297946
0.0269765
0.026074
0.0241424
0.0286254
0.0291479
0.0256449
0.0232274
0.0241514
0.0230728
0.0269778
0.0254261
0.0248647
0.0263351
0.0242228
0.0256163
0.0309171
0.0238002
0.0261459
0.0270911
0.0292558
0.0245477
0.0248533
0.0264725
0.0251091
0.0244081
0.026503
0.0263872
0.0265974
0.0239086
0.0285294
0.026654
0.0247078
0.0241035
0.0284318
0.0288716
0.0241916
0.0235589
0.0261398
0.0278639
0.0261053
0.0228358
0.0260916
0.026815
0.0262419
0.0256206
0.025291
0.0271026
0.0262401
0.0240079
0.0273747
0.0295631
0.0243642
0.0250743
0.0281752
0.0268677
0.0243535
0.0222833
0.0237133
0.0255447
0.0230971
0.0235057
0.0230659
0.0224023
0.0230657
0.0236338
0.021679
0.0221493
0.0225417
0.0245044
0.0232837
0.020812
0.0215198
0.0210605
0.0215795
0.0218245
0.0214399
0.0224463
0.0202505
0.0218654
0.0257124
0.0209364
0.021807
0.0213456
0.0217916
0.0231351
0.0236579
0.0221545
0.0223047
0.0218416
0.0229956
0.0234532
0.0215405
0.0250741
0.0253555
0.0242493
0.0254745
0.0250472
0.0247988
0.0263937
0.0260884
0.0252071
0.0264341
0.0259043
0.0238829
0.0257239
0.0289573
0.024939
0.0270845
0.0265059
0.023847
0.0249043
0.0254075
0.0261471
0.0241177
0.0261728
0.0266703
0.0248765
0.0256227
0.0257101
0.0237212
0.0247743
0.0246924
0.0255522
0.0261287
0.0249592
0.0273596
0.0274092
0.0273466
0.0275496
0.0286955
0.0258085
0.0281947
0.0278663
0.0266218
0.027062
0.0312031
0.0288173
0.0256355
0.0271919
0.0266852
0.0282775
0.026039
0.0288077
0.0279696
0.0292434
0.0242828
0.0263003
0.0291079
0.0295756
0.0255992
0.0281989
0.0273554
0.0270362
0.0286938
0.0279792
0.0272529
0.0253705
0.0279468
0.0269538
0.0284607
0.0245001
0.0257536
0.0283182
0.0282006
0.0261409
0.0281012
0.024805
0.0230067
0.0247435
0.0250951
0.0238286
0.0256265
0.0273431
0.0254652
0.0252559
0.024054
0.0243411
0.0282931
0.0246359
0.0257485
0.0266619
0.0253435
0.0261754
0.0271013
0.0253677
0.0269463
0.0304819
0.0279955
0.0274726
0.0272072
0.0274373
0.0272673
0.0281089
0.0260974
0.0274061
0.0270909
0.0250576
0.0234689
0.0244879
0.0259682
0.0229475
0.0244488
0.0237724
0.0239667
0.0267026
0.024539
0.0252793
0.0218186
0.0232476
0.0273085
0.0245288
0.0233083
0.0238627
0.0240883
0.0251742
0.023413
0.0218577
0.0233419
0.0232744
0.0215717
0.0222786
0.0232274
0.0254366
0.0236253
0.0217545
0.0207531
0.0243341
0.0212153
0.020104
0.0238037
0.0219012
0.020341
0.0218367
0.0218353
0.0201659
0.0204058
0.0214245
0.0214322
0.0193702
0.0201266
0.0204314
0.0218068
0.0214014
0.0203097
0.0212813
0.0246741
0.0230563
0.0245182
0.0229805
0.0218351
0.0221199
0.0237021
0.024677
0.0232764
0.0217823
0.0243034
0.0253892
0.0217789
0.0203477
0.0213295
0.0240663
0.0235151
0.0238037
0.0238487
0.0261453
0.0228144
0.0261156
0.0254305
0.0242366
0.0246045
0.0240319
0.0252114
0.0256254
0.0238723
0.0248365
0.0254777
0.0246418
0.0275984
0.0256987
0.0239976
0.0246416
0.0278435
0.0278093
0.0256488
0.025773
0.0256041
0.0236738
0.0229891
0.0225163
0.023495
0.0241571
0.0236975
0.0226603
0.0213982
0.0219501
0.0223458
0.0209615
0.0214233
0.0214931
0.0217877
0.0219701
0.0247488
0.0218241
0.0209052
0.0228242
0.0218683
0.0218065
0.0211316
0.0218585
0.0219688
0.0237819
0.0205755
0.0226127
0.0245175
0.024272
0.0217951
0.0221056
0.0228629
0.0245432
0.0215526
0.0233057
0.0237114
0.0221043
0.023053
0.0245337
0.0256921
0.0238544
0.0253111
0.0244142
0.0242007
0.0283075
0.0282218
0.0254726
0.027264
0.0320474
0.0296472
0.0256544
0.0261657
0.025993
0.0265553
0.0302103
0.0250563
0.0247196
0.0248715
0.0249367
0.0254031
0.0260523
0.0245357
0.0251956
0.0245492
0.0248205
0.0240098
0.0261635
0.025699
0.0237792
0.0263044
0.0265375
0.0239458
0.0262398
0.0270403
0.0265564
0.0272329
0.0256317
0.0255602
0.0241931
0.0251558
0.0259583
0.0238294
0.0240943
0.0232919
0.0251458
0.024026
0.0274588
0.0230507
0.0256555
0.0268712
0.024166
0.0265953
0.0265466
0.0273787
0.025117
0.023752
0.0253248
0.0248894
0.0227374
0.0235422
0.0242046
0.0253786
0.0249885
0.0235527
0.0233668
0.0244964
0.0254254
0.0255713
0.0283913
0.025426
0.0270075
0.0261342
0.0252017
0.0244428
0.0259547
0.0245145
0.0254568
0.0254269
0.0283464
0.0265983
0.0262559
0.0269202
0.0264955
0.0258862
0.0271991
0.0291041
0.0280748
0.0261512
0.0299528
0.0291982
0.0296441
0.0263007
0.0275353
0.0274782
0.026886
0.0279557
0.0286476
0.027161
0.0270074
0.0283366
0.0284322
0.0283845
0.0256438
0.0261629
0.0274071
0.0261595
0.0264151
0.0265856
0.0274665
0.0262986
0.0266996
0.0276706
0.0278153
0.0288416
0.0261839
0.0265978
0.0273321
0.0304893
0.0303395
0.028117
0.0277464
0.0268197
0.0276738
0.0275859
0.0266348
0.0278392
0.0281827
0.0271376
0.0246721
0.026201
0.0270064
0.0259634
0.0284166
0.0297371
0.0256452
0.027616
0.0264772
0.0271408
0.0318827
0.0262599
0.0252723
0.0232236
0.0242006
0.0247571
0.0233739
0.0251772
0.0252634
0.0239333
0.0258491
0.0239465
0.0274752
0.0245124
0.0233323
0.0217072
0.0240936
0.0271633
0.025409
0.021972
0.0239349
0.0234867
0.021593
0.0212873
0.0237139
0.0240314
0.0224268
0.021792
0.0202454
0.0213153
0.0219521
0.0225978
0.021736
0.0217206
0.022175
0.0225958
0.0215502
0.0245176
0.024635
0.0239422
0.0251775
0.0252469
0.0264829
0.0223838
0.0245878
0.0247727
0.0243213
0.0228136
0.0254231
0.0272891
0.0250779
0.0246338
0.0230305
0.024052
0.0252159
0.0252363
0.0253659
0.0233244
0.0271499
0.0254924
0.0243932
0.02263
0.025328
0.0251485
0.0237627
0.0248287
0.0284604
0.025921
0.0281719
0.0263527
0.0236791
0.0237659
0.0246291
0.024963
0.0256972
0.0232619
0.0231341
0.0243744
0.0242908
0.0229775
0.022251
0.0247585
0.0251078
0.0238301
0.0231254
0.0238202
0.023859
0.0249742
0.0255502
0.0231484
0.0246219
0.0234104
0.0233462
0.0255475
0.0260591
0.0261701
0.0247449
0.024825
0.0265981
0.0257021
0.0246992
0.0231298
0.0264322
0.0267198
0.0274674
0.0228643
0.0247383
0.0245602
0.022212
0.0222321
0.0230973
0.023702
0.0223245
0.0222824
0.0231015
0.0234683
0.0245068
0.0216443
0.0222403
0.0224935
0.0222485
0.0203084
0.0212315
0.0226097
0.0235338
0.0211668
0.0224903
0.0228788
0.0231277
0.0216028
0.022242
0.023199
0.0244518
0.0213585
0.0232836
0.0230773
0.0243414
0.027346
0.023165
0.0265537
0.0273398
0.0235277
0.0246022
0.025371
0.0257473
0.0245253
0.0250587
0.024683
0.0244271
0.0247214
0.0253047
0.0245518
0.0244998
0.0244407
0.0241871
0.0249198
0.0220489
0.0256375
0.024928
0.0242757
0.0236687
0.0239999
0.0239382
0.0221211
0.0248021
0.0252533
0.0233916
0.0233039
0.0231344
0.026399
0.0240949
0.0218085
0.0253722
0.0252305
0.0235967
0.0230237
0.0302062
0.0273538
0.0228885
0.0238583
0.0231
0.0247115
0.0225927
0.0246341
0.0266041
0.024943
0.0226191
0.0241029
0.0239935
0.0242676
0.0247383
0.0229112
0.0238915
0.0257001
0.0259639
0.0234567
0.0269585
0.0257247
0.0251108
0.0248691
0.0262703
0.0305887
0.0265391
0.0309035
0.0284976
0.0258893
0.0238615
0.0256849
0.0245501
0.0225093
0.0242227
0.0242155
0.0255523
0.0241972
0.0216735
0.0246208
0.0247659
0.0207409
0.0261582
0.023667
0.0215292
0.0222846
0.0240855
0.0256842
0.0320369
0.0325053
0.0302049
0.0292341
0.0226374
0.0280398
0.0335778
0.0297357
0.0234632
0.0261834
0.0260365
0.0266615
0.0309365
0.028527
0.0274884
0.0278609
0.0277626
0.0274011
0.0254539
0.0279898
0.0274412
0.0266704
0.0255307
0.0272986
0.0268895
0.0270943
0.0282241
0.0282251
0.0267645
0.0280194
0.0277551
0.027338
0.0279489
0.0273863
0.0275196
0.0269653
0.0276829
0.0281468
0.0264288
0.0277172
0.0299839
0.0291408
0.0284313
0.0276357
0.0260407
0.0254596
0.0265957
0.0261791
0.0278066
0.0272669
0.0270217
0.0250153
0.0255028
0.0250623
0.0258268
0.0274102
0.0230672
0.0237176
0.0241901
0.024417
0.0231643
0.0240728
0.0267922
0.0249491
0.0224004
0.0307754
0.0257389
0.0240377
0.0262883
0.0266415
0.0254669
0.0255612
0.0253483
0.023994
0.0260599
0.0252665
0.0235693
0.0251807
0.0251959
0.0306694
0.0271105
0.027156
0.0261747
0.0247505
0.0256711
0.0264983
0.0246672
0.0256861
0.0256352
0.0252666
0.0265328
0.0264524
0.0250027
0.0240094
0.0257189
0.0258575
0.0260546
0.0226952
0.0238355
0.025972
0.0243791
0.0240309
0.024038
0.0238644
0.0205651
0.0231272
0.0231156
0.0208965
0.0233625
0.0224546
0.0220777
0.0216185
0.0192019
0.0168307
0.017759
0.0179755
0.0164633
0.0166118
0.0184205
0.0171934
0.0207907
0.0228453
0.0212722
0.0222786
0.0216831
0.0210489
0.0211628
0.0210265
0.0244826
0.0236184
0.023507
0.0236451
0.0236797
0.0244365
0.0271402
0.0270185
0.026618
0.030417
0.0305719
0.0291087
0.0283743
0.0278161
0.0274893
0.0270894
0.0270246
0.027182
0.0281893
0.0286851
0.0266779
0.0283943
0.0283204
0.0308084
0.0291694
0.0317207
0.0275453
0.027004
0.0282193
0.0284802
0.0284791
0.0284334
0.0300689
0.0280713
0.029084
0.0282222
0.0272205
0.0274906
0.0273543
0.025699
0.0272287
0.0268855
0.0253203
0.0259515
0.0251876
0.0230202
0.0242146
0.0230169
0.0216794
0.0230221
0.0237908
0.0210709
0.0218453
0.0226564
0.0249407
0.0231731
0.0221937
0.0243884
0.021817
0.0208131
0.0219035
0.0268338
0.0244644
0.0238239
0.0222302
0.0225554
0.0215624
0.0241855
0.0237703
0.0231041
0.0217045
0.0242553
0.0241548
0.024008
0.0217466
0.0245173
0.024479
0.0239907
0.022504
0.0230902
0.0262445
0.0249223
0.0274228
0.0234667
0.0257655
0.0254551
0.0315211
0.0250427
0.0248617
0.0260744
0.0289724
0.0298063
0.027427
0.0286242
0.0289036
0.0307892
0.0290496
0.0274644
0.0289981
0.0327203
0.0293488
0.0268201
0.0300076
0.0273162
0.028038
0.0244852
0.0266776
0.0268213
0.0256286
0.022722
0.0246448
0.024232
0.0235476
0.0221947
0.0255322
0.0251726
0.0269038
0.0286982
0.02879
0.0271206
0.0269152
0.0257238
0.026092
0.0229065
0.0229813
0.022471
0.0203941
0.0243931
0.0243434
0.0264652
0.0232025
0.0257579
0.025435
0.024487
0.0271398
0.0281785
0.0284785
0.0271931
0.0248265
0.0280335
0.0259753
0.0282252
0.0285392
0.0277219
0.0271297
0.0296794
0.0313441
0.0292435
0.0282239
0.029635
0.030216
0.0299258
0.030431
0.0295024
0.0281164
0.0308132
0.027478
0.0292926
0.0260362
0.0267566
0.0271565
0.0286381
0.0278813
0.0267426
0.0275353
0.02701
0.0244571
0.0255818
0.0264415
0.0249514
0.0252001
0.0280986
0.0242609
0.02272
0.0246625
0.0240605
0.0240518
0.0220653
0.023155
0.023445
0.0200182
0.0193583
0.022209
0.0219245
0.0216465
0.0207591
0.0232271
0.0220862
0.022173
0.0201914
0.0206459
0.0206344
0.0199637
0.021507
0.0204259
0.019402
0.0204332
0.0206812
0.0230458
0.0235607
0.0240222
0.022193
0.0243756
0.0238842
0.0245813
0.0251964
0.0277087
0.0280692
0.0263541
0.0257785
0.0297946
0.0308403
0.0282717
0.0267547
0.0294163
0.0290015
0.0279957
0.0266927
0.0296601
0.0294022
0.030651
0.0316797
0.0303913
0.0280423
0.0263733
0.0262759
0.0274168
0.0308291
0.0280999
0.0252074
0.0237953
0.0251294
0.0281603
0.025267
0.0236205
0.0242158
0.0237375
0.0248177
0.0280827
0.025134
0.0233336
0.0265531
0.0281214
0.0270975
0.0239168
0.0265893
0.0284148
0.0259688
0.0254914
0.0279398
0.0289773
0.0281478
0.027764
0.0306506
0.031012
0.0259876
0.0250693
0.0272073
0.0282222
0.029546
0.0257436
0.0254711
0.0251341
0.0242627
0.0233396
0.0255886
0.0276252
0.0270999
0.0236659
0.0242577
0.0232961
0.0249789
0.0250275
0.0251989
0.023048
0.0245026
0.0266303
0.0283963
0.0274204
0.0235594
0.0237401
0.0247835
0.0252341
0.0262782
0.0267362
0.0228196
0.0256329
0.0264688
0.0257832
0.0235081
0.0253754
0.0270139
0.0243991
0.0237329
0.0247068
0.0243509
0.021965
0.0241569
0.0245614
0.0223971
0.0210961
0.0223981
0.0227642
0.0232373
0.0218375
0.0227843
0.0223666
0.0222371
0.0245028
0.0248919
0.0228927
0.022403
0.0235827
0.0230257
0.0251025
0.0260002
0.0258009
0.0232645
0.0235999
0.0235906
0.0254172
0.025454
0.0233941
0.0263554
0.0264475
0.0250547
0.0256847
0.025629
0.0264431
0.0264885
0.025029
0.0252514
0.0249995
0.0281894
0.0236608
0.0229492
0.0261702
0.0258548
0.0247283
0.0229285
0.0248552
0.0248173
0.0265615
0.0249561
0.0235818
0.0256749
0.023344
0.0234709
0.0217208
0.0226768
0.0237779
0.0236811
0.0219808
0.0233693
0.0228043
0.0247052
0.0218423
0.022112
0.0225019
0.0209539
0.0222147
0.0234887
0.0240367
0.0219683
0.0224321
0.0233457
0.022225
0.0231964
0.0231062
0.0222515
0.0252465
0.0235663
0.0225243
0.0212086
0.0227841
0.0248362
0.0215895
0.0232386
0.023778
0.0224082
0.0240383
0.0226915
0.0229001
0.0231449
0.0236448
0.0251399
0.0224662
0.0234089
0.0236738
0.024433
0.026021
0.0248434
0.0234954
0.0244298
0.0253543
0.0261628
0.0239085
0.0250814
0.0265468
0.0270105
0.0239902
0.0271421
0.0261878
0.0285181
0.0273619
0.0275744
0.0256088
0.0289502
0.0281758
0.0255829
0.0260454
0.0278057
0.0275334
0.026624
0.0270868
0.0271562
0.0249973
0.025105
0.0250974
0.02551
0.023955
0.0248461
0.0254921
0.024773
0.0255544
0.0250656
0.0272531
0.023778
0.0265155
0.0263849
0.0279792
0.0273628
0.0278759
0.0258832
0.0244643
0.0291919
0.0268711
0.0249999
0.0289248
0.0272501
0.0248881
0.0260483
0.026784
0.0265708
0.025323
0.0243808
0.0242019
0.0249996
0.0252128
0.0262483
0.0222306
0.0244262
0.0255925
0.0230319
0.0236028
0.0239657
0.0273629
0.0227117
0.0245208
0.0251737
0.0245837
0.0245945
0.0252349
0.0247088
0.0232631
0.0238714
0.0238728
0.0250756
0.024411
0.0248055
0.0249389
0.023425
0.0247843
0.0250032
0.0231137
0.0247748
0.0240752
0.0247592
0.0251858
0.0259619
0.0245216
0.0265012
0.0261895
0.0270656
0.0277523
0.0272896
0.0255624
0.0262157
0.0267694
0.0252646
0.0250707
0.0251522
0.0260095
0.0232066
0.0226672
0.0233982
0.0249214
0.0264546
0.0217032
0.0229005
0.023764
0.0217544
0.021908
0.0218225
0.0232236
0.0218971
0.0228086
0.0210268
0.0225203
0.024403
0.0228812
0.0221432
0.0219221
0.0208827
0.0201217
0.0204369
0.0223076
0.0203073
0.0204578
0.0212359
0.020981
0.0231488
0.0211454
0.0190077
0.0210304
0.021118
0.0218266
0.0194934
0.0205759
0.0201611
0.0199868
0.0209798
0.0199162
0.0207175
0.0212801
0.0200131
0.020872
0.0224132
0.0224703
0.0214683
0.0242127
0.0240178
0.0252368
0.023039
0.0225523
0.0230218
0.0236756
0.022306
0.0226669
0.023472
0.0242109
0.0213788
0.0226676
0.0255233
0.0238143
0.0249787
0.0229695
0.0228182
0.0236181
0.0236465
0.0256704
0.0264585
0.0234222
0.0248228
0.0256676
0.0250192
0.0234312
0.0260975
0.0263343
0.02462
0.0298815
0.0301286
0.0266491
0.0240708
0.0265246
0.0263377
0.0254408
0.0242712
0.0273032
0.02854
0.0255059
0.0233149
0.0271115
0.025944
0.0246206
0.0231264
0.0269552
0.0265482
0.025656
0.0227874
0.023788
0.0245861
0.0250263
0.0231866
0.0242663
0.0250744
0.0241499
0.022927
0.021275
0.023616
0.0263358
0.0221162
0.0214609
0.0251544
0.0223499
0.0225469
0.0206386
0.0255654
0.0227506
0.0214673
0.021728
0.0221404
0.0227683
0.0224862
0.0234222
0.0250925
0.0243993
0.0242359
0.0224422
0.0234563
0.0232455
0.0235567
0.0253482
0.0254278
0.0235019
0.024154
0.0236577
0.0280307
0.0253235
0.0240935
0.0214518
0.0230874
0.022535
0.0220348
0.0227046
0.0240634
0.0249229
0.0231031
0.0219999
0.023643
0.0234251
0.0227148
0.0228375
0.0231597
0.0241523
0.0235475
0.0253976
0.0235885
0.0221119
0.0232271
0.0232827
0.0236466
0.0228677
0.0229594
0.0225506
0.0229052
0.0245118
0.0240392
0.0227101
0.0229735
0.0225895
0.0261278
0.0268364
0.0227054
0.022277
0.0261684
0.0294223
0.0229131
0.0264531
0.0242641
0.0248058
0.0213297
0.0235639
0.0216943
0.0249167
0.0228608
0.0225001
0.0221824
0.0223057
0.023095
0.021582
0.0245618
0.022623
0.0230679
0.0229724
0.0225942
0.0220131
0.0218975
0.0220817
0.0220823
0.0240016
0.0207737
0.0206394
0.0207138
0.0208718
0.0227046
0.0211326
0.0221211
0.0210264
0.0208299
0.0211613
0.020355
0.0214381
0.0213359
0.0208104
0.0214687
0.0195872
0.0198246
0.0214903
0.0207095
0.0241721
0.0223497
0.0200236
0.0208429
0.0206121
0.0198227
0.0195677
0.0201149
0.0211859
0.0217311
0.019878
0.021074
0.0207961
0.0204785
0.0209649
0.0204145
0.0205771
0.0203829
0.0211119
0.0192154
0.020997
0.0205533
0.0200493
0.0221309
0.0204332
0.0204651
0.0223017
0.0234628
0.0209343
0.0220542
0.0237259
0.0236016
0.023621
0.0224737
0.0242575
0.0243478
0.0231633
0.0225117
0.0242735
0.024253
0.0227902
0.0235001
0.022591
0.0229567
0.0249658
0.0247629
0.0236918
0.0246964
0.0238818
0.0248288
0.0267144
0.0248464
0.024387
0.0239656
0.026721
0.0257826
0.0269867
0.024439
0.025702
0.0263733
0.0261488
0.0250118
0.026604
0.0271027
0.0247669
0.0256475
0.0273987
0.0262747
0.0249487
0.0240685
0.0244866
0.0240384
0.026253
0.0251271
0.0236313
0.0270549
0.0300851
0.0235551
0.0243289
0.023292
0.0239899
0.0234962
0.0218099
0.0254468
0.0246968
0.0218093
0.0222129
0.0234805
0.0221873
0.0220681
0.0212203
0.0260016
0.0245413
0.022206
0.0219206
0.02143
0.0215545
0.0228231
0.0207017
0.0217389
0.0224841
0.0261886
0.024265
0.0222298
0.0227039
0.0235313
0.0246048
0.0260779
0.0246849
0.0232804
0.0247067
0.0251361
0.0249776
0.0226862
0.0246359
0.025299
0.0247712
0.0250122
0.0243021
0.0262231
0.0279874
0.0280113
0.0263321
0.0278088
0.0228561
0.0253342
0.0250154
0.0233151
0.0245874
0.0243636
0.0222576
0.023287
0.0245946
0.0229684
0.0208772
0.0237187
0.0228071
0.0220656
0.0217585
0.0216982
0.0212041
0.0221357
0.0222147
0.0206993
0.0213793
0.0228439
0.0222918
0.0207759
0.0211612
0.0219746
0.0215263
0.0225976
0.0241188
0.0224125
0.0248679
0.0254089
0.0244922
0.0241647
0.0242731
0.0241767
0.0307091
0.0239589
0.0262641
0.0285325
0.0241762
0.0250701
0.0251103
0.0253316
0.0239239
0.0259506
0.0259809
0.02418
0.0245803
0.0248602
0.0274675
0.028587
0.0237158
0.0253263
0.0237017
0.0251911
0.0240967
0.0247627
0.0251911
0.0227896
0.0236199
0.0243812
0.0261984
0.0243915
0.027623
0.0266485
0.0266023
0.0290725
0.0298646
0.0272434
0.0287944
0.0295614
0.0282072
0.0316161
0.0285606
0.0279164
0.0292674
0.0299907
0.0269275
0.0256614
0.0286749
0.0287161
0.026914
0.0309514
0.0281356
0.0286212
0.0260319
0.0280757
0.0284269
0.0276169
0.0294013
0.0381188
0.0357086
0.0362715
0.0363421
0.0335897
0.0337162
0.0330139
0.0346118
0.033322
0.0332739
0.0334813
0.033944
0.0348222
0.0344039
0.0654031
0.0353222
0.0342916
0.0364529
0.0358456
0.0347658
0.0337511
0.034928
0.0346569
0.0366471
0.0345941
0.0348449
0.0345912
0.0320967
0.0313422
0.0318767
0.0320183
0.035083
0.0330669
0.0312119
0.0294964
0.031895
0.0305574
0.0336283
0.034585
0.0317439
0.0322028
0.0333941
0.0324914
0.0321221
0.0313493
0.0333392
0.0325842
0.0338306
0.0347007
0.0331742
0.0325935
0.0338133
0.0336495
0.0354377
0.0353109
0.0376752
0.0381864
0.0416686
0.0423495
0.0388025
0.0389505
0.0369064
0.0369494
0.0364601
0.0369363
0.0369655
0.0334732
0.036204
0.0355095
0.0366765
0.0377441
0.0342411
0.0346927
0.033079
0.034417
0.0330916
0.0326045
0.0329202
0.0345301
0.0340486
0.0351509
0.0375072
0.0332139
0.0327316
0.0334988
0.0342333
0.0360529
0.0359331
0.0324888
0.0311714
0.03319
0.0322275
0.0335764
0.0374342
0.0346698
0.0306419
0.0319685
0.0325107
0.0382406
0.0313528
0.0313316
0.0334749
0.033921
0.0333388
0.0400648
0.032182
0.0328161
0.0333874
0.0339335
0.0338472
0.0352901
0.0329871
0.035268
0.0357109
0.0346658
0.0306045
0.0346801
0.0325881
0.0346209
0.0368165
0.0314099
0.0328166
0.0332406
0.0342969
0.0334169
0.0329759
0.0327865
0.0352333
0.034751
0.0359272
0.0384161
0.0325913
0.03183
0.0361919
0.0346303
0.0383347
0.0369348
0.0373905
0.0357695
0.039262
0.0375686
0.0386001
0.0409089
0.0402147
0.036762
0.0385959
0.0370607
0.0408294
0.0400969
0.0507271
0.0356105
0.0389416
0.0352495
0.0387561
0.0369784
0.0374497
0.0355353
0.0391557
0.0385256
0.0402068
0.0397289
0.0434277
0.0375674
0.0360661
0.0375179
0.0383644
0.0389237
0.0385258
0.0369199
0.0357894
0.0343978
0.0329344
0.034486
0.0333346
0.034336
0.0348402
0.0355327
0.0327274
0.0318265
0.0349763
0.0364756
0.0374624
0.0363859
0.0347699
0.0343371
0.035763
0.0334428
0.0341283
0.0329338
0.0316273
0.0303156
0.0297514
0.0316424
0.0309822
0.0330777
0.0315135
0.0294471
0.0289811
0.0307579
0.0289399
0.0296491
0.0290698
0.0301161
0.0265274
0.0286807
0.0282538
0.0291615
0.029431
0.0262229
0.036621
0.0328351
0.0335795
0.0328011
0.0326323
0.0322166
0.033425
0.035284
0.0322995
0.0328083
0.0342161
0.0311218
0.0325638
0.0298762
0.0298559
0.0299823
0.0286398
0.0291427
0.0291904
0.0288442
0.0556697
0.0317865
0.0314983
0.0349369
0.0311771
0.0352089
0.0293187
0.0290251
0.0320406
0.0311971
0.0322607
0.0313684
0.031787
0.0287745
0.0276262
0.0325954
0.0319029
0.0305414
0.0296459
0.0336889
0.0275003
0.0326237
0.0297925
0.029363
0.0311697
0.0272283
0.0269664
0.0283517
0.0322183
0.0327023
0.0309006
0.0292249
0.0296284
0.0274986
0.0302805
0.0289195
0.0292968
0.0284606
0.0312685
0.0303986
0.0315198
0.0297463
0.0281367
0.0272849
0.0269157
0.0301162
0.0294285
0.0291631
0.0297898
0.0267891
0.026727
0.0287032
0.0298858
0.0301287
0.0293118
0.0287305
0.0273046
0.0270587
0.0299608
0.0282853
0.0295853
0.0306494
0.028011
0.0254637
0.0269742
0.0296138
0.0273747
0.0252341
0.0286142
0.0268335
0.0271665
0.0259893
0.0255644
0.0269525
0.0265034
0.0283795
0.0264412
0.0247833
0.0271157
0.0263688
0.0271273
0.0232867
0.0241353
0.0291421
0.0258065
0.0256405
0.0241053
0.0277417
0.0276406
0.026225
0.024769
0.0273541
0.0279611
0.0268324
0.026836
0.0336096
0.0292329
0.0285096
0.0302379
0.0300527
0.0284433
0.029984
0.028081
0.0290223
0.0285649
0.028211
0.0304164
0.0321619
0.0341414
0.0327575
0.0320493
0.0315411
0.032616
0.0311729
0.0285358
0.0315287
0.029832
0.0288468
0.0274962
0.029254
0.0315635
0.0284867
0.0259656
0.0279574
0.0276745
0.027175
0.0284934
0.0279895
0.0270503
0.0266903
0.0239722
0.0252475
0.02615
0.0261376
0.0254688
0.0240507
0.0251535
0.0276828
0.0249556
0.0262468
0.0234199
0.0237965
0.02382
0.024135
0.0246566
0.0268174
0.0218476
0.0241705
0.0287672
0.0289942
0.0277434
0.0252183
0.0277144
0.0305112
0.0263046
0.0258871
0.0278508
0.0283979
0.0279706
0.0267572
0.0285199
0.02798
0.0292692
0.0276757
0.0265784
0.0269602
0.0273777
0.0268169
0.0262932
0.0276421
0.0273102
0.0261869
0.0269777
0.0277613
0.0272849
0.0270736
0.0288422
0.0272301
0.0267028
0.0275657
0.0285265
0.0276229
0.0285352
0.0277331
0.0295556
0.0268017
0.0265652
0.0279194
0.0280522
0.0284542
0.0280211
0.0309224
0.0305311
0.0314547
0.0326834
0.0328275
0.033219
0.0312187
0.0310253
0.0298908
0.0294959
0.0292858
0.0278876
0.0282422
0.0252426
0.0255105
0.025684
0.0249282
0.0261708
0.0267877
0.0275563
0.0286904
0.0269753
0.0260883
0.0261227
0.0286527
0.0263296
0.0313363
0.0242827
0.0252289
0.0269246
0.0277109
0.0286831
0.027707
0.0287386
0.0283265
0.0263736
0.0267306
0.0286511
0.0255406
0.026299
0.028194
0.0267465
0.0275817
0.027896
0.0286154
0.0248946
0.0250508
0.0246948
0.024929
0.0253683
0.0253905
0.0241674
0.0253734
0.0257407
0.0282869
0.0288859
0.0300187
0.0278815
0.0295657
0.0269802
0.0267084
0.0256529
0.0258646
0.0272653
0.0279468
0.0278604
0.0273119
0.0288814
0.0300936
0.0288791
0.0303224
0.0285826
0.0282872
0.0295823
0.0293729
0.0285555
0.0281011
0.0267715
0.0278187
0.0285056
0.0291687
0.0294214
0.0293517
0.028773
0.0288542
0.0290137
0.0291687
0.027582
0.0284245
0.0282909
0.0298907
0.0318307
0.0299947
0.0297961
0.0299872
0.0306432
0.0304706
0.0297126
0.0278668
0.0290107
0.0293261
0.0285418
0.0291384
0.0293284
0.0295725
0.0301481
0.0293574
0.0323143
0.0343638
0.0280032
0.0290663
0.028913
0.0296825
0.0303869
0.029026
0.0291145
0.0280837
0.0302591
0.0299679
0.028133
0.0297992
0.0300869
0.0296182
0.030485
0.0295728
0.0302065
0.0284333
0.0300592
0.0337919
0.0284507
0.0300702
0.0286735
0.0289155
0.0289857
0.0304378
0.0309906
0.0309107
0.0291186
0.0308417
0.0289039
0.0276934
0.0277404
0.0277526
0.0290553
0.0379957
0.0325929
0.0303223
0.0282946
0.0290084
0.0279898
0.0291716
0.026539
0.0313886
0.030167
0.0271378
0.0275747
0.0284284
0.0289894
0.0291515
0.028605
0.0272484
0.0261716
0.0262605
0.0249377
0.0251444
0.0239271
0.0258218
0.0267814
0.0315147
0.0304862
0.0298366
0.0320716
0.0320337
0.0325401
0.0302971
0.0307857
0.0318705
0.0321318
0.0325864
0.0312264
0.0320412
0.0348777
0.0324922
0.0300226
0.0305997
0.0292628
0.0274665
0.0267844
0.0244825
0.0238154
0.0241106
0.0251799
0.0232018
0.0279148
0.0280312
0.0304462
0.0273471
0.0306639
0.0296009
0.0295885
0.0274891
0.0262797
0.0268228
0.0281459
0.0276668
0.0283688
0.0290869
0.0293891
0.0276715
0.028669
0.0283983
0.0257901
0.0258057
0.0271911
0.0270698
0.0273354
0.0263358
0.0294736
0.0306861
0.0319417
0.0319808
0.0311628
0.0310399
0.0324798
0.0308974
0.0311517
0.0283365
0.0305104
0.0297486
0.0290319
0.0284611
0.0270489
0.0274573
0.0275512
0.027732
0.0279925
0.0273505
0.0268921
0.02667
0.0280964
0.0265851
0.0247631
0.0279298
0.0283536
0.0279632
0.0252098
0.0260634
0.026507
0.0256539
0.0255909
0.0274693
0.0274405
0.0282921
0.030116
0.0286815
0.0270619
0.0289373
0.0291916
0.0310778
0.0287948
0.0329584
0.0295812
0.0292133
0.0279292
0.0288863
0.0292005
0.0294065
0.0273787
0.0289985
0.0301435
0.02902
0.0278121
0.0298585
0.0301895
0.028332
0.0310417
0.0290627
0.0280906
0.0288432
0.030669
0.0294162
0.0288093
0.0290974
0.0281833
0.0282336
0.0296119
0.0284768
0.0285663
0.0294819
0.0305915
0.0288195
0.0295439
0.0336544
0.0277892
0.0280379
0.0285628
0.0282638
0.0313272
0.0284489
0.0283109
0.0319497
0.0298406
0.028256
0.0296698
0.0291977
0.029146
0.029588
0.0302887
0.0304604
0.0333785
0.0310563
0.0322959
0.0301277
0.0309648
0.0324253
0.0288069
0.0289228
0.0298761
0.0284966
0.0296832
0.0288256
0.0324282
0.0299046
0.0289515
0.0288047
0.0290294
0.0296506
0.0283712
0.0282771
0.029635
0.0307738
0.030329
0.028911
0.0315169
0.0294688
0.0296601
0.0287444
0.0322058
0.0291632
0.0320893
0.030122
0.0303499
0.0314618
0.028757
0.030267
0.029549
0.0306251
0.0294822
0.029296
0.0304185
0.0297407
0.0339833
0.029156
0.030327
0.0289824
0.0312279
0.0296142
0.0292703
0.0302481
0.0296557
0.0305764
0.0319127
0.0319216
0.0329714
0.0286935
0.0301656
0.0298784
0.031278
0.0298418
0.0293944
0.0299758
0.0312957
0.0326958
0.0302981
0.0288192
0.0296918
0.0300084
0.0330132
0.0300329
0.0301076
0.0296346
0.0300014
0.0290478
0.0299424
0.0323062
0.0289758
0.0300195
0.0326553
0.0292356
0.0298192
0.0294191
0.0301403
0.0290795
0.029467
0.0311403
0.03257
0.0299492
0.0299581
0.0296689
0.0310282
0.0311615
0.029802
0.0297728
0.0300109
0.0302301
0.0306421


