0.0105293
0.0170446
0.0170727
0.0171242
0.0169615
0.0209489
0.0174361
0.0171405
0.0172575
0.0168733
0.0169302
0.0169772
0.0171774
0.017195
0.0170903
0.019855
0.0210928
0.0212567
0.0205354
0.0208513
0.0208172
0.0124852
0.0127919
0.0211605
0.0192174
0.0190294
0.0174084
0.0180573
0.0166498
0.0166429
0.0165645
0.0169645
0.0167221
0.0170309
0.0171133
0.0178609
0.0167514
0.0168771
0.0171676
0.0195399
0.020831
0.0211111
0.0202231
0.0123085
0.012622
0.0214293
0.02149
0.0215957
0.021093
0.020728
0.0213626
0.0210614
0.0212175
0.021362
0.0217347
0.0208004
0.0208473
0.0215351
0.0186524
0.0172406
0.0172212
0.017276
0.0174162
0.0171294
0.0168225
0.00834455
0.00851512
0.0177296
0.0180088
0.0177683
0.0185495
0.0184144
0.0179268
0.0182105
0.0256665
0.0215867
0.0212328
0.0207784
0.0185479
0.0185539
0.0198872
0.0187696
0.0203409
0.0195944
0.0173875
0.0177278
0.0182725
0.00857403
0.00912263
0.0182911
0.0179368
0.0185991
0.0186785
0.018407
0.0180897
0.0185628
0.0182974
0.0226821
0.0222365
0.0225192
0.022068
0.0223855
0.0191132
0.0185563
0.0188018
0.0184288
0.0183164
0.0219298
0.0227827
0.0126236
0.0127222
0.0224091
0.0231968
0.0207231
0.0209288
0.038854
0.0169649
0.0142021
0.011738
0.0106902
0.0105072
0.0128317
0.015576
0.0135624
0.0138676
0.013102
0.0166137
0.0154441
0.0151012
0.014992
0.0152297
0.0151156
0.016265
0.0177443
0.0167474
0.0159514
0.0160071
0.0163843
0.0169271
0.0178421
0.0170304
0.0181008
0.017348
0.0163697
0.0191871
0.0174767
0.0163757
0.01669
0.0186791
0.0174013
0.0185686
0.0191419
0.0178716
0.0181762
0.0190456
0.0199993
0.0176519
0.0187891
0.0183581
0.0170864
0.0189564
0.0197145
0.0189807
0.0189484
0.0171251
0.0181545
0.0182952
0.0174682
0.0171118
0.017631
0.0209205
0.0106392
0.0210357
0.0355438
0.0143951
0.00946362
0.00957867
0.00904938
0.0244582
0.0308745
0.054652
0.0204043
0.0168332
0.0180549
0.0165148
0.0161004
0.0172648
0.0161467
0.0165837
0.0172669
0.0154077
0.0165077
0.0146208
0.0165931
0.0158223
0.0165082
0.0164971
0.0158711
0.0160976
0.0159794
0.0163517
0.0162625
0.0155334
0.0169351
0.0147739
0.0166212
0.0164291
0.0164641
0.017132
0.0158568
0.0164409
0.0169899
0.0160807
0.0172625
0.0166554
0.0176758
0.0173988
0.0175699
0.0171528
0.0175878
0.0180147
0.0163856
0.0181757
0.0169355
0.0216471
0.0186805
0.0143137
0.0158881
0.0209501
0.021543
0.0186804
0.0216108
0.0160531
0.0205106
0.0193816
0.0207201
0.015736
0.0209867
0.0163934
0.0173325
0.015763
0.0207574
0.0181154
0.0210406
0.0187675
0.0201828
0.0159342
0.0188553
0.0159025
0.0227216
0.0216528
0.0160896
0.0214305
0.0197885
0.0211247
0.017247
0.0179463
0.0221571
0.0181625
0.017621
0.0220893
0.019096
0.0183406
0.0185401
0.0179679
0.0171575
0.0185572
0.0162627
0.0171657
0.0160882
0.0166567
0.01647
0.0148839
0.016171
0.016244
0.017299
0.0206678
0.0198127
0.019006
0.0204486
0.0185679
0.0191061
0.0236603
0.0209831
0.0197568
0.0244751
0.0226687
0.0201376
0.022319
0.0241788
0.0191388
0.0199338
0.0175872
0.0178853
0.0182128
0.0172232
0.0211052
0.0219097
0.0169843
0.0182
0.0180517
0.0163205
0.0171523
0.0179752
0.0168274
0.0181759
0.0183964
0.0177156
0.0219617
0.0203502
0.0178555
0.0188305
0.0199229
0.0218837
0.0188407
0.0230924
0.0239753
0.0171017
0.0174447
0.0194576
0.0148595
0.0156366
0.0160845
0.0137371
0.014487
0.0156086
0.0144674
0.0160757
0.0167738
0.0160626
0.0166596
0.0187755
0.0187212
0.0181429
0.0179772
0.0184571
0.0168205
0.0172151
0.0180656
0.0165611
0.0155621
0.0151235
0.0160996
0.0169991
0.0161404
0.0159229
0.0173406
0.0156055
0.0160954
0.0177007
0.0159056
0.0161307
0.0171607
0.0162287
0.0164225
0.0191365
0.0177944
0.0195752
0.0209383
0.0183926
0.0189754
0.0201053
0.017428
0.0176253
0.0190445
0.0169818
0.0173234
0.0229847
0.0180557
0.0182465
0.0190379
0.0169134
0.0175814
0.0180766
0.0167483
0.0221416
0.0220251
0.0167399
0.0183664
0.0189556
0.0209884
0.02344
0.0235934
0.0192522
0.0188255
0.019924
0.019436
0.0184674
0.0190212
0.0176073
0.0223031
0.0233648
0.0175226
0.0228712
0.0232737
0.0177635
0.023006
0.0249914
0.0220439
0.0186331
0.0186114
0.0197365
0.0182256
0.0192444
0.0210354
0.0194208
0.0191215
0.0193525
0.0201861
0.0186628
0.0189593
0.0209171
0.0186792
0.0192241
0.0207349
0.0233347
0.0190844
0.0194913
0.0183516
0.0208221
0.0208283
0.0181234
0.0195199
0.0187498
0.0197327
0.0179695
0.0236917
0.0235789
0.0182682
0.0268271
0.022835
0.016909
0.0170295
0.0178054
0.0153647
0.0160682
0.0169347
0.0172017
0.0174422
0.0188357
0.0164663
0.0168114
0.0180268
0.0166538
0.0214529
0.0202874
0.0204262
0.0167627
0.021132
0.0221013
0.0207821
0.0212137
0.0217811
0.0171613
0.0210583
0.0202604
0.0168061
0.0192552
0.0189272
0.0163874
0.0215459
0.0224502
0.0228477
0.0174913
0.0230726
0.0209087
0.0179744
0.0186513
0.022333
0.0187138
0.01786
0.0226813
0.0240459
0.0230673
0.022916
0.0241368
0.0229037
0.0196368
0.0199696
0.018602
0.0208452
0.0212001
0.0208047
0.0181574
0.0191503
0.0189036
0.0185365
0.0195296
0.0199921
0.0146911
0.0159025
0.0159655
0.0152606
0.0206395
0.0195966
0.0149497
0.0190631
0.0202807
0.0188325
0.0197942
0.0200479
0.0155607
0.0200224
0.0201169
0.0145003
0.0200248
0.0186745
0.0150789
0.0151915
0.0195319
0.0196925
0.0145129
0.0200514
0.016715
0.0140416
0.0153639
0.0153097
0.0140588
0.0186592
0.0194683
0.0158819
0.0206576
0.0180933
0.013812
0.0142048
0.0142758
0.0129097
0.0138004
0.0137556
0.0119786
0.0175568
0.0168634
0.0116701
0.0171919
0.0161426
0.0112236
0.0164609
0.0161775
0.0104345
0.0155029
0.0142355
0.00905962
0.00983057
0.0089427
0.00885663
0.0129228
0.0118491
0.00808579
0.0133436
0.0123667
0.00890336
0.0155239
0.0141227
0.00943686
0.0150717
0.0136673
0.0105431
0.0148799
0.014982
0.0103166
0.0109946
0.0100559
0.011021
0.0104335
0.00995139
0.0148104
0.0120716
0.0149453
0.0116683
0.0150594
0.0108681
0.0118031
0.0120326
0.0113656
0.0119466
0.0109763
0.015999
0.0119081
0.0164977
0.0159913
0.0106152
0.015741
0.0114401
0.0120112
0.0121148
0.012184
0.0114041
0.0126505
0.0123064
0.0115498
0.0131269
0.011431
0.0131148
0.0124196
0.0133202
0.0129608
0.0173022
0.0167577
0.0177976
0.0166149
0.0181223
0.0151461
0.0162698
0.0160368
0.0166832
0.0154403
0.0165678
0.0121824
0.01403
0.0118399
0.0125173
0.0120453
0.0121347
0.0114782
0.0123849
0.0108777
0.0163909
0.0144129
0.0135272
0.0114374
0.00994103
0.0152116
0.0131451
0.0145127
0.0117433
0.0101732
0.0124912
0.0102427
0.00942225
0.0108119
0.0100564
0.011396
0.0103807
0.012238
0.0112549
0.0114184
0.0158914
0.0153756
0.0164994
0.0158734
0.0124848
0.0167443
0.0156024
0.014619
0.0166091
0.0162972
0.0116322
0.0173098
0.013853
0.0113818
0.0127026
0.0125236
0.0114554
0.0166026
0.015849
0.0168306
0.0167934
0.0134108
0.0130041
0.0153426
0.0121799
0.017016
0.0168824
0.0124764
0.0169289
0.0160652
0.0121009
0.0171021
0.0162772
0.0123988
0.0175186
0.0162765
0.0126936
0.0175014
0.0158909
0.0134886
0.0166579
0.0165769
0.0114838
0.0167827
0.0155996
0.0113865
0.0163175
0.0149366
0.0121017
0.012373
0.0114337
0.0106834
0.0123001
0.0112676
0.0105743
0.0126118
0.0121106
0.0134671
0.0124241
0.0122805
0.0131212
0.0122903
0.0138166
0.0129289
0.0116947
0.0133226
0.0151209
0.0165104
0.0165597
0.018219
0.0167407
0.0181034
0.0173534
0.017489
0.0132502
0.0150209
0.0133946
0.0136556
0.0128924
0.0128975
0.0137488
0.0126046
0.0124376
0.0140962
0.0154892
0.0131513
0.0133267
0.0140342
0.0126106
0.0173819
0.0176043
0.012775
0.0190623
0.0162487
0.0176946
0.0160761
0.0123753
0.0139456
0.0128073
0.0132927
0.0127784
0.0134914
0.0136057
0.0125331
0.0139227
0.0128323
0.0132258
0.018155
0.017143
0.0187025
0.0188298
0.0139334
0.0130986
0.0136259
0.0125809
0.018197
0.0172759
0.0130377
0.0150819
0.0182378
0.0172873
0.0187884
0.01965
0.0177056
0.0177364
0.0194639
0.0176114
0.0182101
0.0186052
0.0192889
0.0170268
0.0165908
0.0169758
0.0125178
0.0180119
0.0169106
0.0133404
0.0177862
0.0141676
0.0124507
0.0141921
0.0137658
0.0123704
0.01424
0.0146392
0.0132666
0.0152719
0.0171231
0.0135737
0.017341
0.0156463
0.0143455
0.018761
0.0193077
0.0189704
0.0212099
0.0198789
0.0191122
0.0165341
0.0191958
0.0199877
0.0148192
0.0154331
0.0156237
0.0143717
0.0153374
0.0157701
0.0147302
0.0166754
0.0160112
0.0147667
0.019589
0.0206623
0.018442
0.0195936
0.0203535
0.0161305
0.01526
0.0161255
0.0153505
0.0158521
0.0151968
0.0167246
0.0154192
0.015462
0.0205747
0.0208762
0.0195455
0.0197953
0.0223135
0.021134
0.0163009
0.0206058
0.0210864
0.02066
0.0175459
0.0173248
0.0188351
0.0184483
0.0186795
0.017992
0.0220249
0.0235657
0.0245952
0.0202209
0.0222581
0.0246944
0.0240151
0.0212571
0.0216776
0.022657
0.0215965
0.0174123
0.0211535
0.0222167
0.0158351
0.013927
0.0172295
0.0176733
0.0148565
0.016458
0.0162699
0.0132133
0.0144296
0.0131249
0.013828
0.0112083
0.0127935
0.0122246
0.0110841
0.0114181
0.0119898
0.0107498
0.0121243
0.0125679
0.0107934
0.0178015
0.017489
0.014252
0.0125028
0.0128162
0.0146096
0.0146757
0.0134107
0.0135922
0.0177634
0.0179274
0.0168229
0.0162079
0.0144743
0.0146921
0.0122374
0.0148144
0.0172338
0.0172536
0.0155703
0.0168794
0.0169811
0.0126666
0.0148105
0.0127524
0.0124423
0.0115982
0.0166022
0.0165526
0.0116084
0.0129391
0.0131852
0.0117966
0.0174003
0.0173405
0.0125425
0.0182951
0.0180304
0.0129934
0.0177761
0.0176043
0.0137358
0.0144397
0.0145897
0.0133208
0.014411
0.0188196
0.0133854
0.0139125
0.015785
0.0127629
0.0140126
0.0144816
0.0127134
0.0135667
0.0141119
0.0129565
0.0143831
0.0151869
0.0136143
0.0144993
0.0146634
0.0128771
0.0182839
0.0174992
0.013577
0.0181661
0.0179684
0.0137961
0.0181654
0.0182536
0.0137496
0.0182451
0.0175096
0.0142299
0.0194208
0.0179141
0.0144659
0.0193903
0.0185272
0.0173756
0.0181485
0.0179198
0.0163148
0.0202718
0.0178221
0.0144495
0.0144191
0.0137863
0.0132909
0.0153332
0.0183662
0.0126294
0.0154977
0.0147066
0.0130888
0.013455
0.0141592
0.0131752
0.0185085
0.018638
0.0164231
0.0182584
0.0183118
0.0134325
0.0170808
0.0173002
0.0113987
0.0162933
0.0166506
0.0124497
0.016878
0.0175104
0.0112538
0.0161911
0.0167062
0.0116251
0.0123188
0.0115387
0.0116437
0.015823
0.0119977
0.0119951
0.0162431
0.0151754
0.0160762
0.0172812
0.0176939
0.0154198
0.0177339
0.0169336
0.0160953
0.0165142
0.0178445
0.0158366
0.0176359
0.0175212
0.0166432
0.0178795
0.0178057
0.0134273
0.0173545
0.0169353
0.0129432
0.0142228
0.0141078
0.0126415
0.0128866
0.0107806
0.0155937
0.0149069
0.011613
0.0121314
0.0117419
0.0108152
0.0142572
0.0130667
0.0146976
0.0127545
0.0132489
0.0152712
0.0130956
0.014445
0.0162078
0.0115637
0.0102419
0.0148262
0.0107116
0.0128498
0.0110377
0.013687
0.0130829
0.0133203
0.0137316
0.0126493
0.0151483
0.0158525
0.0132942
0.0163841
0.014338
0.0144496
0.0195685
0.0202817
0.0185421
0.0189862
0.0180482
0.0147454
0.0199576
0.0142626
0.0152991
0.014765
0.0155857
0.0141143
0.0150216
0.0166364
0.0146251
0.0151905
0.0156907
0.0140551
0.0158281
0.0154432
0.014325
0.0192654
0.0199536
0.0134438
0.0146317
0.0142478
0.0132415
0.0152716
0.014588
0.0129001
0.0142242
0.0135378
0.0138688
0.0152821
0.0148536
0.0146983
0.016234
0.0145466
0.0146968
0.0147209
0.0191394
0.0187055
0.0167689
0.0199687
0.020107
0.0138243
0.016981
0.0184317
0.0197482
0.0211591
0.0266551
0.0237445
0.0194919
0.0194647
0.0205935
0.017818
0.0192895
0.0208276
0.018298
0.0190825
0.0195775
0.0296552
0.0172496
0.0166141
0.0187334
0.0187123
0.0216684
0.0163087
0.0170105
0.0206502
0.0215425
0.0157297
0.0166472
0.0151679
0.0195076
0.020396
0.0204317
0.020373
0.0174824
0.0226179
0.0237122
0.0226303
0.0185123
0.0181359
0.0214237
0.0200463
0.0201554
0.0194631
0.0212838
0.0189563
0.0196114
0.0159022
0.0160603
0.0188455
0.0141669
0.0192598
0.0193342
0.0138657
0.0148395
0.0152445
0.0142515
0.0190433
0.018088
0.0133579
0.0142405
0.0142098
0.0122832
0.0179997
0.016832
0.016766
0.0178711
0.0183318
0.0163535
0.0193089
0.0180754
0.0155063
0.0142735
0.0149246
0.0131169
0.0186751
0.018397
0.0130977
0.0149603
0.0150878
0.0131675
0.0149519
0.0150429
0.0171885
0.0191559
0.0189615
0.017474
0.0152816
0.0158269
0.0138825
0.0190704
0.0188827
0.0149779
0.0189543
0.019397
0.0153684
0.0233306
0.0195562
0.0210649
0.0234664
0.0201591
0.0193159
0.0213441
0.0207999
0.0245317
0.0154114
0.0169644
0.0177077
0.0153238
0.0153896
0.0170113
0.0149061
0.0156001
0.015422
0.0172051
0.0148712
0.0151302
0.0206387
0.0196815
0.0162377
0.0156259
0.0161285
0.0145288
0.0143815
0.0188412
0.0197533
0.0186225
0.0173893
0.0194278
0.0187355
0.0225758
0.0166516
0.0202285
0.0217258
0.0223026
0.0174408
0.0237955
0.0203862
0.0189801
0.0178172
0.0177611
0.0225018
0.0244832
0.0201541
0.0184276
0.0194747
0.0191149
0.0199936
0.0177142
0.0228571
0.0233723
0.0222046
0.0205608
0.0220864
0.0213803
0.0216181
0.0179841
0.0198772
0.0197814
0.024527
0.0201649
0.0193864
0.0197684
0.0210789
0.0238457
0.0209501
0.0186053
0.0250885
0.0218831
0.0176799
0.0194798
0.0236087
0.0225435
0.0237094
0.0176823
0.0180187
0.0210239
0.0221924
0.0185316
0.0184057
0.0206546
0.0200886
0.019006
0.0179039
0.0194938
0.0180758
0.0173028
0.0172391
0.018341
0.0169642
0.0162361
0.017237
0.0186414
0.0171761
0.0161375
0.0164699
0.018107
0.017481
0.0162795
0.0177297
0.020021
0.0203877
0.0176238
0.0180718
0.0191348
0.0198114
0.0173351
0.0177744
0.0198745
0.0195145
0.0238762
0.0223417
0.0214976
0.0221921
0.0198285
0.0213931
0.0219409
0.0210626
0.0180732
0.0177765
0.0182501
0.0194679
0.0171473
0.0148094
0.01959
0.0213447
0.0193566
0.0170578
0.0183406
0.0206212
0.0197823
0.0152168
0.0146251
0.0155119
0.0145505
0.0138541
0.0194629
0.0201907
0.0180121
0.0143638
0.0185213
0.0184383
0.0173554
0.014223
0.0161312
0.0148342
0.0139564
0.0129213
0.01395
0.0141104
0.0135991
0.0129104
0.0172834
0.0180756
0.0172677
0.0131295
0.0172033
0.0178422
0.0162211
0.0126749
0.0138548
0.0141281
0.0124319
0.0139168
0.0132877
0.0120686
0.0179208
0.0171185
0.0156385
0.0113984
0.0157206
0.0168983
0.0118771
0.0128823
0.0122488
0.010433
0.0161501
0.0151048
0.0102326
0.015431
0.0154408
0.0117418
0.0171314
0.0160644
0.011731
0.0166451
0.0155074
0.0120708
0.014105
0.0164325
0.0169573
0.0178125
0.0177892
0.0166229
0.0184143
0.0186166
0.0172619
0.0180583
0.0181888
0.0169084
0.0180496
0.0178445
0.0159492
0.0182874
0.0177453
0.0172414
0.0168811
0.017573
0.0171609
0.0193111
0.0192191
0.0185486
0.0206467
0.018056
0.0167719
0.0172656
0.0141309
0.0149217
0.0158178
0.0163542
0.0135407
0.0138806
0.0131914
0.0134584
0.0186797
0.0171645
0.0133694
0.0187881
0.0181929
0.0132985
0.0150349
0.0131811
0.0128966
0.0141776
0.012306
0.0137189
0.0128788
0.0130335
0.0139791
0.0139193
0.0134315
0.0177777
0.0160953
0.0168353
0.021483
0.021473
0.0204178
0.0217545
0.021059
0.0187326
0.0220549
0.0199651
0.0203132
0.0177297
0.0221943
0.0216005
0.0185937
0.0191354
0.019271
0.0159841
0.0200514
0.0253623
0.0155183
0.0182921
0.0219634
0.0217749
0.0199243
0.020584
0.0209173
0.0180417
0.0190252
0.0162228
0.0145733
0.0148985
0.0192783
0.0143183
0.0156356
0.0136983
0.0130722
0.0141201
0.0151176
0.0136763
0.0155231
0.0148362
0.0143064
0.0163946
0.0168196
0.0159984
0.0211026
0.0215403
0.0177492
0.0171845
0.0172105
0.0147018
0.0149871
0.0192245
0.0197201
0.0179012
0.0142775
0.0200655
0.0175594
0.0126189
0.0137252
0.0162968
0.0134958
0.011879
0.0204662
0.017439
0.0226099
0.0181239
0.0177396
0.0166619
0.0166395
0.0185598
0.0178716
0.0143066
0.0210213
0.0194287
0.0141221
0.014281
0.0134461
0.0126905
0.0173828
0.0173559
0.0121942
0.0148638
0.0137369
0.0122702
0.0177979
0.0168584
0.0120132
0.0175334
0.0182565
0.0125892
0.0145057
0.0129899
0.0128483
0.0140297
0.0134576
0.0132323
0.0178701
0.0181526
0.0133908
0.0180864
0.0149481
0.013218
0.014846
0.0140661
0.0127483
0.0186163
0.0165862
0.0185888
0.0183743
0.0130862
0.0179655
0.017381
0.0127781
0.018456
0.0146973
0.0127244
0.0173192
0.0167431
0.0119198
0.021305
0.0166482
0.0107474
0.012923
0.0133989
0.0122868
0.0189584
0.0168721
0.013779
0.0170928
0.0179138
0.0186833
0.0153843
0.0179013
0.0170867
0.0123319
0.0169492
0.0157778
0.0162519
0.0129916
0.0120662
0.016772
0.015553
0.0115509
0.012902
0.0115454
0.012878
0.0117354
0.013773
0.013175
0.012951
0.0126197
0.0131297
0.0121353
0.0134672
0.0122445
0.0121196
0.0126559
0.0122129
0.0118388
0.0174039
0.0156933
0.0174052
0.0158385
0.0182646
0.0164088
0.0183615
0.0167801
0.01803
0.0179035
0.0147493
0.018381
0.0171988
0.0185316
0.0185773
0.0131842
0.0190362
0.0174983
0.0137674
0.0184323
0.0171231
0.0129656
0.0176914
0.0164275
0.012259
0.0164358
0.0153908
0.011477
0.0167236
0.0149389
0.0112408
0.0132087
0.0149295
0.0117481
0.0173326
0.0158456
0.0117668
0.0137311
0.0121637
0.0138458
0.0163257
0.0178104
0.0175158
0.0170158
0.018547
0.0174088
0.0132151
0.0137505
0.012433
0.012173
0.0132902
0.0124846
0.012335
0.0171826
0.0164274
0.0176611
0.0167966
0.0129561
0.01427
0.0129874
0.0126364
0.0175808
0.0172414
0.01533
0.0169557
0.0159676
0.0123797
0.018818
0.0172642
0.0134508
0.0132588
0.0132174
0.0136224
0.0142576
0.0137669
0.0138232
0.015038
0.0157452
0.0146496
0.0149818
0.0146827
0.0188007
0.0191798
0.0143213
0.0187647
0.0153745
0.0142189
0.0205606
0.0193144
0.0149695
0.0148146
0.016586
0.0148071
0.0202854
0.0199547
0.0147173
0.0180183
0.0188488
0.015947
0.0147119
0.0152245
0.0142088
0.0182051
0.019045
0.0144843
0.0158668
0.0194991
0.0157026
0.0160813
0.0162909
0.0162301
0.0165919
0.0166205
0.0176649
0.0182911
0.0167938
0.0176768
0.0186897
0.0172525
0.0169861
0.020559
0.020844
0.0192185
0.0162175
0.0192332
0.0204698
0.0187884
0.0155025
0.0189715
0.0200245
0.018594
0.0187519
0.0200549
0.0182233
0.0187606
0.0199634
0.0183092
0.015523
0.0191668
0.0152111
0.0145509
0.0147292
0.0153002
0.0138979
0.0139614
0.0181577
0.0184783
0.0169812
0.0178387
0.0182667
0.0162359
0.0171561
0.017633
0.015123
0.0174653
0.017591
0.0235482
0.0127976
0.0131776
0.0121035
0.0132492
0.0128416
0.0116407
0.0165942
0.0160501
0.0109763
0.0112438
0.0109182
0.00901399
0.0139907
0.009777
0.0106651
0.0106025
0.00889102
0.0158677
0.0142064
0.00878746
0.0143718
0.0157011
0.0105624
0.0113116
0.0108112
0.0112879
0.0113845
0.0119067
0.011665
0.0112619
0.0110675
0.0162857
0.0172438
0.0153497
0.0163596
0.0168742
0.0174647
0.0168941
0.0169479
0.013512
0.0134981
0.0141956
0.0137443
0.0134869
0.0174466
0.0185487
0.0176878
0.0134945
0.0169452
0.0150439
0.0131007
0.012657
0.0172622
0.0186702
0.0163751
0.0169775
0.0186562
0.0166157
0.0160006
0.0127304
0.0133427
0.0139783
0.0128657
0.0131395
0.0174008
0.0183264
0.0166342
0.0129826
0.0177168
0.0185848
0.0166543
0.013445
0.0169333
0.014094
0.0158098
0.0180376
0.0180341
0.0161822
0.0166744
0.0170171
0.0123246
0.0132538
0.0147209
0.0131471
0.0140015
0.0143297
0.0125981
0.0183578
0.0186207
0.013587
0.018016
0.0197535
0.0145153
0.0184865
0.0193764
0.0151987
0.0177628
0.0187228
0.016751
0.0191936
0.0185953
0.0140183
0.0137903
0.013808
0.0122048
0.0139972
0.0153319
0.0131425
0.0131717
0.0130318
0.0120608
0.01876
0.0181527
0.0167416
0.0170671
0.0183987
0.0160233
0.012099
0.0167605
0.0168438
0.0159632
0.0178469
0.0174425
0.015652
0.018033
0.0165037
0.0146167
0.0173772
0.0164755
0.0120229
0.0172771
0.0155888
0.0119773
0.0182273
0.0142412
0.0178225
0.0150624
0.0124018
0.0179443
0.0149164
0.0184493
0.0174942
0.0204453
0.0177208
0.0183893
0.0175593
0.013459
0.0181714
0.0176955
0.0132168
0.0182941
0.0173974
0.0168636
0.017136
0.013253
0.0174982
0.0163522
0.017661
0.0173433
0.0162293
0.0163192
0.0169262
0.0153052
0.01674
0.0159447
0.0114958
0.0123924
0.0120013
0.0123616
0.0174743
0.0167562
0.0121126
0.0165252
0.0160051
0.0114723
0.0159253
0.0140887
0.0100332
0.0111133
0.0129535
0.0138384
0.0093006
0.0100419
0.0110541
0.01376
0.0122689
0.0130977
0.0112286
0.0117154
0.01296
0.0122214
0.013737
0.00866804
0.0147024
0.0138052
0.0162519
0.0143621
0.0161372
0.0152066
0.0163701
0.0154748
0.0168803
0.015854
0.017384
0.0170292
0.016297
0.0172361
0.0170174
0.0159823
0.019539
0.0171066
0.0155022
0.0179686
0.01667
0.012467
0.0132261
0.0116739
0.0118974
0.0166841
0.0154812
0.0120273
0.0171251
0.0136042
0.0124716
0.0140039
0.00979523
0.00996442
0.0144852
0.0135995
0.011528
0.0106812
0.0163981
0.0150465
0.0171756
0.0165476
0.017997
0.0170117
0.0127879
0.0169386
0.0156059
0.0114856
0.012476
0.0115706
0.0119048
0.0171604
0.0158903
0.0157105
0.0191419
0.0165629
0.0178757
0.0193347
0.016773
0.0134885
0.0185898
0.0180671
0.0135137
0.0188396
0.0178983
0.0142481
0.0161979
0.0144869
0.0172816
0.0198107
0.0188656
0.0148934
0.0198892
0.0193201
0.0152618
0.0192659
0.0199733
0.014394
0.0196948
0.0188707
0.0140555
0.0196523
0.0186554
0.0166427
0.0202463
0.0190606
0.015332
0.0180241
0.0154563
0.0144309
0.0142428
0.0176255
0.0182689
0.0119295
0.0169947
0.0160292
0.0122627
0.0174065
0.0182681
0.0179748
0.0193653
0.0200166
0.0188577
0.0198038
0.020544
0.0192474
0.0200169
0.0205323
0.0195847
0.0202528
0.0214338
0.020114
0.020439
0.0211892
0.0189166
0.0204944
0.021969
0.0196246
0.0202969
0.0211407
0.0198276
0.0162784
0.0205788
0.0215858
0.0163618
0.020337
0.0209076
0.0236827
0.0197026
0.0200392
0.0192456
0.0153317
0.0201047
0.0198586
0.0185711
0.0198377
0.0207253
0.0194548
0.0155053
0.0156368
0.0174325
0.0152423
0.0155231
0.0209933
0.0216584
0.0197072
0.0162972
0.0208832
0.0213941
0.0199103
0.0160863
0.0200899
0.0205526
0.0174877
0.0166269
0.0162804
0.0171724
0.0160521
0.0163345
0.0162052
0.0170246
0.0173331
0.016365
0.0207039
0.0214678
0.0213886
0.0172832
0.0166533
0.0163769
0.0165045
0.0187609
0.0185917
0.0167837
0.0174469
0.0180065
0.0175447
0.0181035
0.0165014
0.0180615
0.0178385
0.0157106
0.0157846
0.0174106
0.0166426
0.0149495
0.0160729
0.0192397
0.014344
0.0135663
0.0185177
0.017961
0.0170948
0.0128271
0.0150983
0.0165262
0.013161
0.0126798
0.0172088
0.0175967
0.0159558
0.0125577
0.0170108
0.0171659
0.0164925
0.0169542
0.017902
0.0186025
0.017129
0.0137724
0.0135462
0.0134208
0.0132799
0.017509
0.0179372
0.0125587
0.0125765
0.0142155
0.0149999
0.0127252
0.0130144
0.0177566
0.0187904
0.0172707
0.0137729
0.0181493
0.0203662
0.0168415
0.0133962
0.018005
0.0188447
0.0170753
0.0133108
0.0179884
0.0186246
0.020033
0.0170763
0.0199055
0.019171
0.0185638
0.0187001
0.0183541
0.0193781
0.016793
0.0162722
0.0187882
0.019288
0.0185253
0.0174165
0.0176815
0.0182816
0.0165481
0.0172694
0.0179022
0.0182475
0.0171624
0.0175938
0.0153919
0.0143305
0.0123123
0.0179927
0.0177082
0.0115786
0.0172519
0.0164037
0.0132934
0.0177729
0.0170479
0.0122684
0.0143656
0.0145122
0.0125624
0.0141072
0.0142812
0.0136054
0.018088
0.0173975
0.0173863
0.019138
0.0173154
0.0137029
0.0187288
0.0169919
0.0133349
0.0180663
0.0172285
0.0129626
0.0145442
0.0160983
0.0131343
0.0179069
0.0168389
0.0127967
0.0140431
0.0130822
0.012502
0.015607
0.0170597
0.0132337
0.0178775
0.0166867
0.0134047
0.018619
0.0165413
0.0129424
0.0130007
0.0173324
0.0123532
0.0150337
0.0134444
0.0118226
0.0173093
0.0155457
0.0130414
0.0163464
0.0155102
0.0152093
0.0166254
0.0159678
0.0162023
0.0144514
0.0171731
0.0161439
0.0174644
0.0130666
0.0158948
0.0135546
0.0144734
0.0137206
0.0145554
0.0139515
0.01494
0.0139462
0.0150079
0.0139463
0.0173116
0.020402
0.0178164
0.0170181
0.0182301
0.0171533
0.0143874
0.0177634
0.0165984
0.0120375
0.0173423
0.0163071
0.0126928
0.0186979
0.018179
0.017875
0.0192142
0.0181343
0.014096
0.0151536
0.0148363
0.0142348
0.0192171
0.0178183
0.013826
0.0154129
0.017041
0.0138847
0.0184571
0.017575
0.0137023
0.0178178
0.0147067
0.0139831
0.0184734
0.0173036
0.0133051
0.0180708
0.0167886
0.0132782
0.0182117
0.0173888
0.0133008
0.0181659
0.0172528
0.0153791
0.0173978
0.016645
0.0119999
0.0127845
0.0129711
0.0118828
0.0169785
0.0168593
0.0123197
0.01127
0.0149155
0.0145076
0.0173034
0.0137002
0.013586
0.0129975
0.0143543
0.0139867
0.0130301
0.0155909
0.0158506
0.0142289
0.0200743
0.0198769
0.0161439
0.0192593
0.019755
0.0155838
0.0155003
0.0157175
0.0140941
0.0147792
0.0152038
0.0139689
0.014712
0.0153185
0.0137477
0.0146006
0.015411
0.0135175
0.015892
0.0156283
0.0144055
0.0149005
0.0152158
0.0144985
0.0153423
0.0159303
0.0140824
0.0156523
0.0165078
0.0142795
0.0204071
0.0205937
0.0191055
0.0211175
0.0207487
0.0191659
0.0198198
0.0188563
0.0164591
0.0206642
0.0208562
0.0171547
0.0190594
0.0203763
0.0199753
0.0217724
0.0201784
0.0172944
0.0195356
0.0205363
0.0185967
0.0217728
0.0206514
0.0189935
0.0155054
0.0157054
0.0167989
0.014699
0.0155363
0.0206884
0.0219777
0.0195894
0.0217039
0.0218211
0.0195281
0.0159636
0.0178
0.0188628
0.0172696
0.0173076
0.0165015
0.0182576
0.0172823
0.0168798
0.017882
0.0189485
0.0169337
0.0178815
0.0217871
0.0231205
0.0227811
0.0214861
0.0218888
0.0227461
0.0224012
0.0237407
0.0234784
0.0218169
0.0172924
0.021144
0.0222387
0.0223373
0.0189482
0.0169909
0.0210956
0.0193714
0.0187082
0.0180429
0.0191658
0.0190037
0.0189576
0.0174243
0.017215
0.0183071
0.0169134
0.0153205
0.0165867
0.0157413
0.0155942
0.0133493
0.0138594
0.0151271
0.0142302
0.0137589
0.0176022
0.0183361
0.0182391
0.0157892
0.0166781
0.0184278
0.017158
0.0147904
0.0165717
0.01863
0.016536
0.0125699
0.0123622
0.012125
0.0168223
0.0182587
0.0177212
0.0157598
0.0178712
0.0171243
0.0181065
0.0131685
0.016328
0.0149692
0.0145993
0.013425
0.0151111
0.0175689
0.0156603
0.0140878
0.0152403
0.017381
0.0200472
0.018058
0.0205883
0.0215243
0.0213864
0.0184386
0.0205138
0.0232016
0.0213533
0.0198154
0.0202787
0.020984
0.021472
0.0197885
0.0186368
0.0199872
0.0182173
0.0176067
0.017519
0.0185037
0.018175
0.0164205
0.0166616
0.0210624
0.0183758
0.0176999
0.016779
0.0181773
0.0188876
0.0181577
0.0149949
0.0167852
0.0153309
0.0142006
0.0136596
0.0143207
0.0152446
0.0131602
0.0133147
0.0143363
0.0138883
0.0155549
0.0132228
0.0177451
0.0187223
0.017193
0.0130606
0.0185997
0.0174168
0.0154787
0.0146314
0.0137386
0.0139137
0.0136741
0.0142231
0.0146679
0.0167955
0.0141336
0.0140516
0.0137615
0.0184692
0.0194618
0.0131659
0.0188651
0.0170478
0.012644
0.0141417
0.0156241
0.013249
0.0142583
0.0145217
0.0129139
0.0143775
0.0136167
0.0134902
0.0188178
0.0193553
0.0137429
0.0200839
0.0173662
0.0175417
0.0183321
0.017121
0.0139948
0.0185925
0.0180745
0.0169257
0.0193406
0.0166876
0.0125351
0.0167826
0.0155354
0.0168382
0.015891
0.0159779
0.0174568
0.0169033
0.0118167
0.0147346
0.0153136
0.0134525
0.0159254
0.0175827
0.0165498
0.0180368
0.0172663
0.0181542
0.0168548
0.0180095
0.0182394
0.017198
0.0174199
0.0163865
0.012612
0.0135675
0.012589
0.0125794
0.0171501
0.0175004
0.0173992
0.017481
0.0126011
0.0183064
0.0169794
0.0132627
0.017864
0.0150237
0.0167902
0.0140613
0.0149438
0.0148584
0.0135592
0.0149725
0.0144453
0.0137822
0.0186487
0.0176588
0.0137091
0.0184874
0.017178
0.0183343
0.0171765
0.0132011
0.0190784
0.0168767
0.0184762
0.0181554
0.0127475
0.0179195
0.0173635
0.0131015
0.0137499
0.0134428
0.0122101
0.0178159
0.0176757
0.0132903
0.0135479
0.0136022
0.0120966
0.017642
0.0170446
0.0115627
0.0171628
0.0167705
0.0115652
0.0173049
0.0169217
0.0121415
0.0180175
0.0167644
0.0125998
0.013312
0.0135025
0.0118621
0.0135044
0.0125796
0.0122917
0.0174253
0.0164341
0.0191211
0.0175876
0.0126261
0.0177542
0.0164179
0.0125188
0.0182191
0.0168178
0.0134107
0.0140815
0.0152568
0.0158875
0.0175563
0.01676
0.0123168
0.0139346
0.0162464
0.0181879
0.0195814
0.017269
0.0132639
0.0182277
0.0181368
0.015034
0.0179737
0.0167358
0.012818
0.018103
0.0165803
0.0128317
0.0190335
0.017291
0.0123133
0.0138583
0.0148134
0.0122269
0.0183827
0.0180455
0.0137889
0.0188012
0.017798
0.0139619
0.0194702
0.0199716
0.0146661
0.0196113
0.0196712
0.0162941
0.0153338
0.01565
0.014107
0.0198234
0.0208353
0.0148632
0.0197329
0.0198799
0.0145083
0.0199434
0.0208243
0.0152838
0.0201572
0.0195712
0.0156648
0.0157703
0.0160215
0.0142899
0.0198995
0.0197637
0.0187181
0.0199607
0.0197697
0.0184884
0.0188646
0.0244881
0.0185979
0.0200911
0.0191598
0.0201216
0.0199888
0.0191364
0.0187355
0.0183722
0.0182757
0.0174614
0.017917
0.0183985
0.0174669
0.0184586
0.0188104
0.0255506
0.0182133
0.0179881
0.0168006
0.0185596
0.0181252
0.0168255
0.0177223
0.0178052
0.014048
0.0141347
0.0169265
0.0125833
0.0164217
0.0169492
0.0128456
0.0178974
0.0217991
0.0133701
0.0165389
0.0169117
0.0128441
0.0186215
0.0200303
0.0132975
0.0179685
0.0171533
0.0163271
0.0175548
0.0176226
0.0148853
0.014177
0.014455
0.0125235
0.0184843
0.0184334
0.0136085
0.018973
0.0176975
0.0167355
0.0156368
0.0163368
0.0169177
0.01508
0.0166381
0.0146574
0.0152207
0.015732
0.0166413
0.0148673
0.0154226
0.0191389
0.020402
0.0196072
0.0152777
0.0155699
0.016525
0.0149447
0.0171616
0.0164266
0.016138
0.0150365
0.0149163
0.0198165
0.0198679
0.017244
0.0153783
0.0167935
0.0146085
0.0142431
0.018902
0.020007
0.0183519
0.0194186
0.0195462
0.0181482
0.0149091
0.0152192
0.0155499
0.014357
0.0156592
0.016365
0.0149416
0.0145446
0.0155378
0.0170433
0.0164767
0.0170271
0.020199
0.0218169
0.020091
0.0163686
0.0189389
0.0182029
0.0177349
0.0164126
0.0167486
0.0177736
0.0196742
0.0162197
0.0163953
0.0169238
0.0166633
0.015551
0.0196383
0.0209768
0.0204092
0.0174251
0.0168704
0.017188
0.0160518
0.0163415
0.0214329
0.0203759
0.0203418
0.0156227
0.0148834
0.0159575
0.0150657
0.0179496
0.0185526
0.0197479
0.0178609
0.0179732
0.0202015
0.0188449
0.0176058
0.0134912
0.0147016
0.0165642
0.0129523
0.0159899
0.0186694
0.0192826
0.0177384
0.0145156
0.0195182
0.0187987
0.0151391
0.0160028
0.017753
0.0142271
0.0124271
0.0125889
0.019075
0.014623
0.014672
0.0124713
0.0177206
0.0171293
0.0174615
0.0164289
0.0123503
0.0119003
0.0120546
0.011684
0.0123993
0.0142766
0.0143722
0.0124951
0.0125801
0.0172379
0.0176413
0.0165691
0.0139165
0.0152468
0.0165939
0.0134586
0.0147115
0.0144062
0.0163853
0.0142761
0.0142327
0.0148862
0.0165368
0.0156102
0.0161945
0.0161537
0.0177348
0.0171399
0.0156218
0.0156712
0.0157466
0.0154807
0.014751
0.0154478
0.0164221
0.0138458
0.0148773
0.0178289
0.0186908
0.0174461
0.012828
0.01729
0.018156
0.0163892
0.0140589
0.0180656
0.0189005
0.0162255
0.0130902
0.0186507
0.0201257
0.0178165
0.0133221
0.0141644
0.0191997
0.0195268
0.0183856
0.0194442
0.0209328
0.0186757
0.0154769
0.020831
0.0216801
0.0197925
0.0213144
0.0218589
0.0205431
0.0172489
0.0162416
0.0174639
0.016061
0.0171389
0.0187779
0.0163984
0.0166919
0.0194385
0.0160848
0.0167459
0.0216408
0.0214687
0.0204476
0.0172036
0.02025
0.0224071
0.0202994
0.0197427
0.0187406
0.02031
0.0171781
0.0205749
0.0216913
0.0199975
0.0176151
0.0220526
0.0205938
0.0190362
0.0187601
0.0189902
0.0191041
0.0171241
0.0175199
0.0191235
0.0188637
0.014535
0.0234908
0.0200328
0.0185824
0.0205231
0.0197334
0.0186603
0.0191904
0.0207964
0.0185924
0.0188534
0.0191487
0.0179139
0.0186562
0.020049
0.017858
0.0190307
0.0194089
0.0186421
0.0207844
0.0195687
0.0209525
0.0195339
0.0177578
0.0149232
0.0154604
0.0160264
0.0143018
0.0169596
0.016149
0.0148033
0.0165776
0.0166815
0.0158845
0.0150034
0.0205801
0.0196713
0.0191269
0.0200454
0.0213253
0.0165936
0.0205455
0.0206292
0.0178337
0.0203493
0.0220752
0.0213964
0.0201762
0.0185093
0.0201107
0.0153204
0.0154489
0.0156368
0.0136111
0.0201466
0.0190513
0.0153856
0.0151273
0.0153941
0.0138006
0.0146448
0.0207713
0.0193058
0.0148071
0.0187542
0.0205726
0.0181905
0.0206067
0.0190022
0.0175456
0.0134136
0.0191771
0.0174068
0.0144785
0.0185704
0.0190652
0.0231808
0.0189911
0.0197796
0.0188186
0.0198591
0.0191768
0.0188353
0.0200163
0.0210439
0.0193718
0.0160789
0.0213362
0.0205703
0.0173381
0.0218759
0.0218098
0.0186933
0.0202643
0.0206042
0.0199987
0.0204662
0.0187359
0.015769
0.0179589
0.0188271
0.0130711
0.0177485
0.017525
0.0121613
0.0136161
0.0121389
0.0109201
0.0161332
0.0148903
0.0106906
0.0155398
0.0145392
0.0100196
0.0147204
0.0143884
0.0151449
0.0141985
0.0155216
0.0124529
0.0138683
0.0118033
0.0121751
0.0167878
0.0139042
0.0180632
0.0134625
0.015127
0.0141056
0.0141058
0.0143917
0.0130075
0.0179836
0.0174994
0.0196884
0.0179023
0.0191094
0.0184238
0.0141267
0.0189956
0.018085
0.018811
0.0188429
0.0143344
0.0192504
0.0190081
0.0195985
0.0198977
0.0149646
0.0162123
0.0166341
0.0151252
0.0182033
0.0192652
0.0153895
0.0203747
0.021246
0.0151964
0.0167269
0.0164544
0.0190712
0.0201931
0.0198449
0.019179
0.0207719
0.0191504
0.0144135
0.0151594
0.0148346
0.0159452
0.0201763
0.0189472
0.0181541
0.0201662
0.0222092
0.0177424
0.0209382
0.0187796
0.0144819
0.0155936
0.0144711
0.013291
0.0175413
0.0162536
0.0155242
0.0167297
0.0158668
0.0140545
0.0171462
0.0159378
0.0144205
0.0164969
0.0171408
0.0144319
0.0163514
0.0160992
0.0150194
0.0170135
0.0171149
0.0152489
0.0177211
0.0169761
0.0134308
0.0175984
0.0182449
0.0127722
0.0177836
0.0175227
0.0126998
0.0183576
0.0191338
0.0131631
0.0179954
0.0186009
0.0134816
0.0194279
0.0191845
0.0146942
0.01965
0.0203446
0.0164589
0.0158214
0.0199023
0.0167448
0.0166923
0.0176568
0.016363
0.0170042
0.0188223
0.0172019
0.0212161
0.0199776
0.0171648
0.0205632
0.019202
0.0181739
0.0182986
0.0197917
0.0192248
0.0183646
0.0228702
0.0241367
0.0221836
0.0179813
0.0206918
0.0208409
0.0174012
0.0144498
0.0183425
0.0197147
0.015765
0.0143445
0.013666
0.013751
0.0132188
0.0183987
0.0169054
0.0155996
0.012077
0.0176487
0.017177
0.0119313
0.0171967
0.0173237
0.0155634
0.0138066
0.0145041
0.0190877
0.0177439
0.0172184
0.0170988
0.0172071
0.0171945
0.017527
0.0176302
0.0177351
0.0176955
0.0187941
0.0179005
0.0175713
0.0212005
0.0231249
0.0206588
0.0217375
0.0217986
0.0204247
0.016299
0.021206
0.0219618
0.0203507
0.0183992
0.0207993
0.0215807
0.020423
0.020402
0.0210687
0.0220499
0.0203819
0.0164625
0.0188202
0.0198704
0.0186774
0.0170009
0.0159158
0.0163375
0.0161471
0.0152157
0.0159392
0.0170653
0.0159177
0.0154352
0.0154633
0.0187633
0.0201578
0.0190247
0.0183663
0.0186484
0.0196472
0.0207351
0.0191776
0.0195714
0.0216163
0.0189901
0.0175971
0.0167016
0.0209775
0.0178623
0.0165049
0.0165572
0.0201831
0.0229783
0.0233594
0.0219531
0.0180989
0.0174382
0.0168996
0.0167982
0.0175016
0.0205539
0.0185653
0.018639
0.0215482
0.023909
0.0239743
0.0211337
0.0186344
0.0232498
0.0267132
0.0241916
0.0198638
0.017017
0.0203719
0.0231663
0.0230395
0.020162
0.017713
0.0186599
0.0173035
0.0169962
0.0151397
0.0160401
0.0191876
0.0199263
0.0199704
0.0178392
0.0159543
0.0176963
0.0176588
0.0157507
0.0147921
0.0147053
0.0194042
0.0199921
0.0222437
0.018688
0.0134656
0.0148738
0.0166059
0.0160879
0.0135843
0.0145004
0.0194429
0.0215368
0.0204745
0.0179895
0.0206708
0.0216652
0.0197545
0.017845
0.0146768
0.0183264
0.018223
0.0163512
0.0140958
0.0148808
0.0164787
0.014411
0.014629
0.0190934
0.0190357
0.0170253
0.014401
0.0208595
0.0194113
0.0167526
0.0127418
0.0177281
0.0178215
0.016039
0.0122265
0.0167044
0.0181897
0.0142388
0.013188
0.0140986
0.0114861
0.0143345
0.0143969
0.0126949
0.0139831
0.0165453
0.0126113
0.0142385
0.0147756
0.0132604
0.0151167
0.0149702
0.0144963
0.0187785
0.0183845
0.0172447
0.0185403
0.0196573
0.0151043
0.013372
0.0141814
0.0142927
0.0126164
0.0135843
0.0144039
0.0168345
0.0182761
0.0178853
0.0142422
0.0136294
0.0137639
0.0125752
0.0146211
0.0144984
0.0198904
0.0196842
0.0187884
0.0167184
0.0185375
0.0182904
0.0137025
0.0140591
0.0160658
0.0122407
0.0135861
0.0133653
0.0123227
0.0138237
0.013623
0.0124205
0.0177845
0.017166
0.013214
0.0144818
0.0130563
0.0157161
0.0177084
0.0174846
0.0125692
0.0183028
0.0170566
0.0178286
0.0171738
0.0125017
0.017442
0.0161328
0.0170945
0.0182873
0.0125515
0.0176288
0.0160729
0.012311
0.0169663
0.0158952
0.0134915
0.0167133
0.0155523
0.0168242
0.0160655
0.017573
0.016398
0.0139334
0.0123865
0.0123332
0.0174564
0.0160144
0.0180997
0.0168614
0.012684
0.0175177
0.0162471
0.0182549
0.0174745
0.0127579
0.0178154
0.0179554
0.0176549
0.0178081
0.0152055
0.0171767
0.0166221
0.0129445
0.0159092
0.0168846
0.0141265
0.0140417
0.0151712
0.0186631
0.0184505
0.0201001
0.0195046
0.0149501
0.0153383
0.0178637
0.013413
0.0192922
0.0181981
0.0156935
0.0182134
0.0185328
0.0134643
0.0185198
0.0184556
0.0147699
0.0179655
0.0162731
0.0131861
0.0141389
0.0144631
0.0125995
0.0146601
0.0141912
0.0128279
0.0146748
0.0138153
0.0129179
0.0142975
0.0143899
0.0139173
0.0137089
0.0127401
0.0185013
0.0178679
0.0159839
0.0149641
0.017554
0.013428
0.018828
0.0186514
0.0157002
0.0184514
0.0166969
0.0127657
0.0179067
0.0178231
0.0120856
0.0173627
0.015765
0.0117658
0.0161302
0.0131951
0.0117349
0.0133829
0.0132926
0.0121914
0.0129166
0.0168102
0.0123687
0.0132929
0.0136723
0.013869
0.0188356
0.0182369
0.01368
0.0183955
0.0179486
0.0134957
0.0136833
0.0142991
0.0126623
0.0125425
0.0169119
0.0184882
0.0162154
0.0170508
0.0169129
0.0116485
0.0173573
0.0171733
0.0114229
0.01305
0.0127118
0.0116235
0.0114644
0.0130925
0.0130693
0.0117119
0.0177856
0.0166626
0.0124578
0.0173442
0.0159377
0.0126928
0.0148519
0.0115785
0.010968
0.0162139
0.0149397
0.0113057
0.015823
0.013635
0.00915179
0.0139443
0.012211
0.00991408
0.00873746
0.0107347
0.00909885
0.00893244
0.0131689
0.00957761
0.0100616
0.0147548
0.0155383
0.0105086
0.0109113
0.0159729
0.0142011
0.0157933
0.0148197
0.016569
0.0152885
0.0121781
0.0176006
0.0165083
0.0124217
0.0174812
0.0173278
0.0136174
0.0133192
0.0135661
0.0116813
0.0167816
0.0159522
0.0117419
0.0126509
0.0123138
0.0121237
0.0161917
0.0164251
0.0107184
0.0168264
0.0182796
0.0122293
0.0173081
0.0163081
0.0140983
0.0181598
0.017441
0.0197131
0.0174743
0.0186836
0.0176949
0.0182176
0.0185235
0.0137161
0.0192916
0.0176301
0.0185124
0.0184136
0.0131261
0.017825
0.0187603
0.0128605
0.0141466
0.0139035
0.0126095
0.0136373
0.016839
0.0125941
0.0130261
0.0127704
0.0125698
0.0134422
0.0131698
0.0126919
0.0181492
0.0155981
0.0125928
0.0131244
0.0135028
0.0124358
0.0146839
0.0134741
0.0125615
0.0172553
0.0172018
0.0164081
0.0172894
0.0166158
0.0120826
0.0179006
0.0173862
0.0122255
0.017396
0.0168087
0.0131222
0.0191193
0.0172821
0.0159275
0.0184259
0.017023
0.0138604
0.0171853
0.013692
0.0137865
0.0187018
0.0176565
0.0139883
0.0189464
0.0177239
0.0138907
0.0186924
0.0185361
0.0140116
0.0143382
0.0143411
0.0157325
0.0188338
0.0187846
0.0167069
0.0191
0.0188352
0.0166013
0.0188051
0.0179721
0.0141545
0.0192127
0.0189877
0.0136942
0.0189353
0.0181573
0.0141337
0.0190858
0.0186451
0.0142234
0.0181843
0.0184956
0.0138458
0.014775
0.014916
0.0139453
0.0182013
0.0156129
0.0143346
0.0224467
0.0197416
0.0162414
0.0176935
0.0168342
0.0152668
0.0200579
0.0192294
0.0180463
0.0201536
0.0184012
0.0172018
0.0187436
0.0188567
0.0177658
0.0188866
0.0189953
0.0179135
0.019467
0.0183647
0.0183549
0.0211274
0.0192002
0.0184722
0.0215236
0.0220284
0.0192415
0.0202897
0.0214437
0.0190573
0.0201935
0.023093
0.0196464
0.0197355
0.0202903
0.0188656
0.0157565
0.0192686
0.0210947
0.019169
0.0152555
0.0203469
0.0203946
0.0191126
0.0201618
0.0209595
0.0196438
0.0168405
0.0199517
0.0210942
0.0195467
0.0194556
0.0206737
0.0196907
0.0160433
0.0198681
0.0205527
0.0190457
0.015694
0.0151255
0.0151649
0.0146448
0.0204662
0.0213915
0.0177562
0.0201167
0.0206568
0.0180036
0.019364
0.0203678
0.0154207
0.0149469
0.0158839
0.0142483
0.0157118
0.0166185
0.0154071
0.0159412
0.0167163
0.0155353
0.019951
0.0197168
0.0182335
0.0143139
0.0186366
0.0178763
0.0138607
0.0178
0.0178089
0.013751
0.0142886
0.014024
0.0119328
0.0133666
0.0131209
0.0118223
0.0130437
0.0139475
0.0121063
0.0129096
0.0177639
0.0173691
0.0146845
0.0135875
0.0143114
0.0123896
0.0140906
0.013954
0.0120561
0.0131478
0.0129927
0.0111629
0.0173932
0.0130531
0.0126671
0.0148995
0.0138683
0.0122971
0.0134038
0.0165419
0.0183285
0.0175946
0.0140953
0.0131329
0.0131197
0.0132034
0.0129545
0.0144539
0.0130882
0.0189873
0.0192179
0.0182232
0.0142771
0.0142553
0.0148444
0.0157323
0.0132497
0.0139052
0.0190857
0.0194574
0.0172037
0.0184782
0.0196292
0.0180529
0.0192863
0.0184106
0.0172155
0.0175647
0.0184572
0.017047
0.0139936
0.0153201
0.0171956
0.0230747
0.0176214
0.018698
0.0166253
0.0177597
0.0175355
0.017086
0.0170505
0.0173032
0.0156212
0.0138323
0.0183838
0.0168684
0.0112893
0.0160893
0.0169008
0.0151121
0.0179913
0.0192214
0.0173688
0.0140524
0.0180315
0.0175757
0.0151982
0.0149658
0.0194425
0.0195888
0.0194991
0.0143491
0.0196005
0.0202588
0.0187043
0.0225468
0.0216077
0.0190038
0.0151165
0.0204154
0.0229197
0.019485
0.0164831
0.0246565
0.0227543
0.0223085
0.0180287
0.0216289
0.022862
0.022031
0.0197429
0.0209041
0.0217709
0.019117
0.0164664
0.0182673
0.0155884
0.0153325
0.014939
0.0194907
0.0208922
0.0192951
0.0153399
0.0188835
0.0183614
0.0167581
0.0186662
0.0186112
0.0211672
0.0204488
0.0148593
0.0189814
0.0206331
0.0184737
0.0151824
0.0192014
0.0210071
0.0192817
0.0158265
0.0161561
0.0195657
0.0176293
0.0162566
0.0165399
0.0226935
0.0222423
0.0211378
0.0210079
0.0211349
0.0232376
0.0243815
0.0217506
0.0214886
0.0228668
0.0232389
0.0174782
0.0203081
0.0227696
0.0214397
0.0164087
0.0200036
0.02045
0.0191565
0.0176353
0.0183664
0.0190685
0.0169408
0.0134696
0.0185057
0.0195297
0.0137379
0.0130602
0.0187096
0.0182511
0.0158847
0.0166523
0.0172479
0.0170362
0.0156929
0.0117259
0.0171854
0.0175504
0.0120324
0.0127783
0.0125512
0.0111918
0.0136544
0.0128983
0.0119644
0.0171024
0.017433
0.0160551
0.0173762
0.0178363
0.0162703
0.0178929
0.0180716
0.0159148
0.0166502
0.0171986
0.0128983
0.0182946
0.0177453
0.0164514
0.0180829
0.0180464
0.0174081
0.018336
0.0184934
0.0171977
0.0173071
0.0169843
0.012216
0.01234
0.0121666
0.0104664
0.015797
0.0160523
0.0104292
0.0120739
0.0105838
0.0107665
0.0160727
0.0139921
0.0108661
0.0154654
0.0141146
0.0108465
0.0190285
0.0169084
0.0111543
0.0168461
0.0160568
0.0119375
0.0167862
0.016631
0.0126285
0.0140259
0.013527
0.0131667
0.0177082
0.0176046
0.0131158
0.0178415
0.0161964
0.0175391
0.0172494
0.0126096
0.0174276
0.0165522
0.0133041
0.0143928
0.0155063
0.0121839
0.0172602
0.0161112
0.0124672
0.0182196
0.0166759
0.0159944
0.018917
0.0188972
0.018094
0.0188815
0.0184703
0.0239006
0.0235036
0.0230416
0.0222112
0.0230266
0.0242433
0.0260231
0.022649
0.0223482
0.0201444
0.0218845
0.0224412
0.0193071
0.0201241
0.0211932
0.0215425
0.0195197
0.0190196
0.0207696
0.0186898
0.0184525
0.0223638
0.0231378
0.0209108
0.0175778
0.0209835
0.0234342
0.0213827
0.0168796
0.0174564
0.0196838
0.0172975
0.0166168
0.0220107
0.0218779
0.0214118
0.016566
0.0198016
0.0204406
0.0195764
0.0198311
0.0195662
0.0209542
0.0199756
0.0180022
0.0152879
0.0169003
0.0163494
0.0145037
0.0170371
0.0203499
0.0196829
0.0197247
0.0193146
0.0213834
0.020689
0.0188164
0.0190132
0.0188998
0.0200884
0.0188632
0.0166732
0.0182301
0.0194105
0.0198442
0.0186075
0.0181975
0.0193313
0.0165651
0.0128311
0.015213
0.0152765
0.0129646
0.00932194
0.0103174
0.00812108
0.0110773
0.0059985
0.0112693
0.00676106
0.0109263
0.00785035
0.00948473
0.00820087
0.012818
0.0099748
0.0149542
0.00976358
0.0154535
0.0129708
0.0129798
0.0151469
0.0154751
0.0160769
0.0180936
0.01724
0.0180488
0.0217481
0.0239247
0.0208722
0.018173
0.0191579
0.0222864
0.0215075
0.0197922
0.0231145
0.0243329
0.0233848
0.0217388
0.0241478
0.0236403
0.0251911
0.0212744
0.0216738
0.0239337
0.0193618
0.0205222
0.0204783
0.0201119
0.0249145
0.0201688
0.0234122
0.0258652
0.0279693
0.020972
0.0240155
0.0257903
0.0254969
0.0227283
0.0225657
0.0265588
0.0228599
0.0209446
0.0178451
0.0214652
0.0210055
0.0246349
0.0153903
0.0203655
0.0209613
0.0177078
0.0119937
0.0162392
0.015836
0.0132278
0.0120036
0.0178138
0.0167529
0.014081
0.0134573
0.0159721
0.0160386
0.0124188
0.0180301
0.0171206
0.0123532
0.0117718
0.0134307
0.0129673
0.011428
0.0119515
0.0168705
0.0179099
0.0162033
0.0134559
0.0169878
0.016825
0.0149496
0.0147711
0.0121925
0.0104858
0.0123193
0.0129125
0.0102123
0.0117429
0.0160196
0.016701
0.0162434
0.0117262
0.0168018
0.0178596
0.0163287
0.0170359
0.0169456
0.0216954
0.0232946
0.0224758
0.0213536
0.0226487
0.0248755
0.0238764
0.0211009
0.0168523
0.0165852
0.0168469
0.0163495
0.0145685
0.015705
0.0185955
0.0238728
0.0206784
0.0160541
0.0145493
0.0161145
0.016911
0.0146751
0.0153796
0.0153115
0.0144342
0.0150113
0.0156704
0.0144971
0.0142526
0.0149155
0.0151079
0.0109942
0.0162037
0.0171454
0.0169196
0.0160724
0.01837
0.0182
0.0178315
0.0175959
0.0171681
0.0196669
0.0190429
0.0169504
0.0143654
0.0154405
0.0162135
0.0197156
0.0196988
0.0198806
0.0207556
0.0175353
0.0209711
0.023511
0.0222893
0.0230866
0.0239812
0.0227263
0.0232241
0.0218211
0.0209521
0.0237696
0.0231871
0.02115
0.0191328
0.020588
0.0201019
0.0190047
0.0143973
0.0175109
0.0194916
0.0186358
0.0156586
0.0132529
0.0164155
0.0173694
0.0205455
0.0154439
0.0156972
0.0174439
0.0122501
0.0154254
0.0153373
0.00976908
0.0145446
0.00995716
0.0158319
0.00963425
0.015191
0.010779
0.010806
0.00937296
0.013782
0.00905836
0.0142155
0.00904775
0.0139419
0.00833994
0.0114464
0.00670839
0.0113451
0.00774077
0.0120943
0.00929267
0.0117309
0.0140492
0.0167647
0.0163553
0.0125089
0.0171456
0.0165759
0.0133101
0.0123801
0.0196269
0.0185978
0.0166262
0.0172897
0.0166832
0.0210479
0.0217806
0.0237924
0.0207542
0.0192322
0.0218311
0.0211449
0.0196813
0.0194915
0.0213762
0.0215013
0.0163186
0.0168425
0.0203716
0.0147132
0.0140082
0.019042
0.0193266
0.0131398
0.0193313
0.0170883
0.014139
0.0189528
0.017046
0.0159798
0.0141935
0.0133333
0.0119719
0.0144833
0.0133071
0.0131604
0.017243
0.0170828
0.0126914
0.0172524
0.0175895
0.0126806
0.0176261
0.0167036
0.0129085
0.0168897
0.0165986
0.0131594
0.0180384
0.0162716
0.0128883
0.0177415
0.0175479
0.0141532
0.0140542
0.0138228
0.0157666
0.016857
0.0165742
0.0124808
0.0188857
0.0185897
0.0142126
0.0187788
0.0181901
0.013193
0.0184389
0.0173552
0.013304
0.018866
0.0171078
0.013974
0.0148983
0.0142487
0.0127225
0.0142193
0.0141271
0.0127468
0.0149568
0.0151304
0.0129112
0.0146129
0.0152772
0.0135711
0.0142874
0.0149047
0.0132611
0.0143315
0.0173507
0.0181817
0.0158825
0.0170482
0.015376
0.0117697
0.0164022
0.0152837
0.0110647
0.0129767
0.0119932
0.0116613
0.0173573
0.0166708
0.0119398
0.0172455
0.0165498
0.0176615
0.0178785
0.017902
0.0137999
0.0140526
0.0142005
0.0130264
0.0158866
0.0179271
0.0179963
0.0193637
0.019974
0.0157146
0.020266
0.0184336
0.0178394
0.0182738
0.0189968
0.0163891
0.01387
0.0160752
0.0168275
0.0163879
0.0186955
0.0201921
0.0159009
0.0198477
0.0200812
0.017712
0.0193344
0.0211238
0.0175264
0.0196519
0.0194585
0.0172643
0.013108
0.017595
0.0186119
0.0153566
0.0201059
0.0191599
0.0151605
0.0185922
0.0191395
0.0160849
0.0179955
0.0161187
0.0135007
0.0138726
0.01237
0.0133092
0.0180962
0.0168541
0.0167557
0.0184836
0.0160043
0.0157717
0.0183668
0.0138592
0.0154669
0.0163633
0.0157457
0.0164546
0.0186973
0.0237568
0.020171
0.0217227
0.0187023
0.0204991
0.021743
0.0169312
0.0219675
0.0217664
0.0200682
0.0198156
0.0235449
0.0207836
0.0212496
0.0205735
0.0221668
0.0199011
0.0216436
0.0231937
0.0215023
0.0230347
0.0230054
0.0242263
0.0220157
0.0213564
0.0233123
0.0258244
0.0236916
0.0199452
0.0202476
0.0225032
0.0215296
0.0210733
0.0272646
0.0259842
0.0238151
0.0189692
0.0228286
0.0248196
0.0219696
0.0183365
0.021062
0.0226017
0.0214624
0.0169192
0.0166761
0.0174321
0.0145072
0.0151145
0.0209806
0.0218367
0.0206413
0.0161131
0.0182342
0.0187797
0.0161154
0.0225987
0.021569
0.0163821
0.0216673
0.0208489
0.0194627
0.0199637
0.0214347
0.0193626
0.019214
0.0196164
0.0176486
0.0126502
0.014193
0.0140632
0.0121749
0.0123755
0.0176451
0.017156
0.0164542
0.0197915
0.0187226
0.0165948
0.0171721
0.0173474
0.0141775
0.0174513
0.0166335
0.015153
0.0134288
0.0132567
0.0129135
0.0115766
0.0173506
0.017605
0.0105448
0.0154271
0.0162743
0.0132216
0.0138763
0.0147112
0.0123604
0.0142385
0.0142807
0.0134144
0.0149874
0.0145393
0.0135474
0.014651
0.015684
0.0140072
0.015288
0.014873
0.0137495
0.0194932
0.0199199
0.0143784
0.019066
0.0195435
0.0148356
0.0207842
0.0186249
0.0171435
0.0188318
0.0179948
0.0170682
0.0180556
0.0179987
0.0165291
0.0185109
0.0181575
0.0160839
0.0179692
0.0181286
0.0172625
0.0176665
0.0172123
0.0125573
0.0144618
0.0140535
0.0125264
0.0143819
0.0118772
0.0118273
0.0162379
0.0141407
0.0112073
0.0116043
0.010095
0.00998339
0.0149659
0.00967243
0.0131744
0.00976074
0.0137127
0.0102261
0.0150658
0.0139208
0.0105488
0.0158294
0.0142384
0.0105712
0.0157821
0.0151005
0.0163814
0.0151353
0.0119313
0.014355
0.0115609
0.0147395
0.0117202
0.0121265
0.0120839
0.0172957
0.0169668
0.0135296
0.0134425
0.012386
0.0125933
0.0176195
0.0162209
0.0121125
0.0171567
0.0167267
0.0165443
0.0172929
0.0162893
0.0126886
0.0133948
0.0132322
0.0162931
0.0167898
0.0154662
0.0164773
0.0174181
0.0183053
0.0129294
0.0128342
0.012931
0.0127701
0.017252
0.0161337
0.017206
0.0166442
0.012415
0.0167642
0.0136482
0.0172322
0.0160745
0.0160846
0.0164171
0.0121515
0.012284
0.011533
0.0120181
0.0171209
0.0163466
0.0131262
0.0138204
0.0116238
0.0122292
0.0156858
0.0121766
0.0163507
0.0143562
0.0158606
0.011248
0.015169
0.0161886
0.0154453
0.0168635
0.0157561
0.018747
0.0161287
0.0159655
0.0160141
0.0158959
0.0160492
0.0114037
0.0172273
0.0158061
0.0117262
0.0139821
0.0158019
0.0124867
0.0138567
0.0130537
0.0129916
0.014166
0.0155422
0.0133535
0.0187169
0.0180135
0.0135412
0.0179456
0.0179472
0.0127626
0.0123734
0.0103571
0.0110274
0.0114402
0.0102412
0.0154902
0.0110842
0.0154176
0.0143313
0.0158651
0.0107545
0.0115021
0.0105419
0.0175087
0.014411
0.0166278
0.0111039
0.0152434
0.0123968
0.0112477
0.0110589
0.00947393
0.0162422
0.0141128
0.0166947
0.0119309
0.0152062
0.0142584
0.0164325
0.0152455
0.0150859
0.0172069
0.0156232
0.0110618
0.0160584
0.0144146
0.0107095
0.0154414
0.0144126
0.0158186
0.0158265
0.0167126
0.0147597
0.0110152
0.0152364
0.0139513
0.0157606
0.0144916
0.0161104
0.0150523
0.0161545
0.0152107
0.0166982
0.0157401
0.0119565
0.0165112
0.0157952
0.0131306
0.0164539
0.015295
0.0162595
0.015312
0.0151
0.0176226
0.0144691
0.0152413
0.0116806
0.0154666
0.0100184
0.0144004
0.0137042
0.00984607
0.0107921
0.00923442
0.0103039
0.00959819
0.0106968
0.0103536
0.0154871
0.0144438
0.0146335
0.0130603
0.0141957
0.0136244
0.0147137
0.0158972
0.0149905
0.0143966
0.0153729
0.0144427
0.0154222
0.0122978
0.0172267
0.014907
0.0159214
0.0151304
0.0159208
0.0148842
0.0160875
0.0143853
0.0170769
0.0156466
0.0166752
0.0162364
0.0167947
0.0165
0.0168895
0.0172342
0.0143716
0.0171443
0.0161091
0.0121253
0.017016
0.016663
0.0114856
0.0169732
0.0138636
0.0174222
0.016042
0.0159674
0.0146974
0.0158641
0.0131749
0.012408
0.0124038
0.0169456
0.0162761
0.0169708
0.0171872
0.0122057
0.0174659
0.0169033
0.0129107
0.0175369
0.0163045
0.0127137
0.0178985
0.0164801
0.0129914
0.0180155
0.0167073
0.0126273
0.0169621
0.0164755
0.0125553
0.0177639
0.0165672
0.0182685
0.0173279
0.0133
0.0173947
0.0169743
0.0127052
0.0174787
0.0163484
0.0124772
0.0178712
0.0170072
0.0119328
0.0167176
0.0159731
0.0118802
0.016403
0.0149154
0.0150793
0.0159931
0.01507
0.0108399
0.0142484
0.0134384
0.0107247
0.0152383
0.0140268
0.0110412
0.0159201
0.0145185
0.0105999
0.0157674
0.0141148
0.0105074
0.0152304
0.0147796
0.0245369
0.0287555
0.0232966
0.0236402
0.0229587
0.0237592
0.0241014
0.0217137
0.025113
0.0198476
0.0252803
0.020782
0.0217395
0.0212083
0.0210432
0.0201109
0.0226213
0.0206531
0.0199905
0.0206861
0.0200463
0.103928
0.0196465
0.0192313
0.020804
0.0189376
0.0184631
0.0219727
0.0238139
0.0231927
0.0183734
0.0191844
0.0249392
0.0233921
0.018529
0.0210666
0.0227738
0.0236037
0.0212021
0.0189844
0.0234883
0.0222423
0.0213498
0.0222611
0.0250498
0.0236209
0.0217369
0.0223219
0.0251847
0.0253046
0.0238739
0.023382
0.0232143
0.0282933
0.0297736
0.030908
0.0275647
0.0286082
0.0300697
0.0314725
0.0320358
0.0306293
0.0260323
0.0317125
0.0323453
0.0339491
0.0312677
0.026614
0.0304244
0.0328415
0.0330196
0.0327681
0.0291733
0.0278075
0.0278336
0.0298387
0.0300745
0.0252819
0.0271314
0.0314645
0.0314355
0.0337395
0.0309866
0.0290775
0.0254909
0.0251562
0.0262349
0.0288028
0.0282684
0.0284399
0.0251614
0.0267502
0.0268594
0.0289485
0.0281216
0.0249789
0.0253721
0.026677
0.0276729
0.0282505
0.0256117
0.0260652
0.0265381
0.028581
0.0257859
0.0214086
0.0232792
0.0275382
0.0261939
0.0240123
0.0345128
0.024667
0.024649
0.0227272
0.0223893
0.0214121
0.0202145
0.0196384
0.0192565
0.0243822
0.0245647
0.0246426
0.0264389
0.0226736
0.0224823
0.0227925
0.0228964
0.0219427
0.0225672
0.0232878
0.0231559
0.0212402
0.0205227
0.0196331
0.0187398
0.0193816
0.0187014
0.0196259
0.0217008
0.0211941
0.021527
0.0193791
0.0196078
0.0237645
0.0244169
0.0250503
0.0243952
0.023044
0.0192117
0.0223532
0.0229618
0.0232313
0.0228752
0.0207118
0.0177063
0.0165606
0.0207381
0.0211175
0.0217523
0.0200767
0.0202425
0.023104
0.0252044
0.0274874
0.0269331
0.0263426
0.0254649
0.0259966
0.0284169
0.0272072
0.0283807
0.0263253
0.0228837
0.026769
0.0293733
0.0304452
0.0294835
0.0293015
0.0264047
0.0264981
0.02708
0.0262273
0.0228336
0.0245534
0.0238143
0.0226143
0.020689
0.0222826
0.0224419
0.0215
0.0215133
0.0203312
0.019257
0.019158
0.0188613
0.0189311
0.0238792
0.0250313
0.0247217
0.0247831
0.0226992
0.0186512
0.0192637
0.0216962
0.0204595
0.0199832
0.0177307
0.0184406
0.0230247
0.0248935
0.0232375
0.0226076
0.0203444
0.0224617
0.0240573
0.0245067
0.0235411
0.0196799
0.018571
0.0230116
0.0212932
0.0224134
0.0225189
0.0217194
0.020498
0.0225612
0.023714
0.0234939
0.0229109
0.0208768
0.0175283
0.0172264
0.0195813
0.0191241
0.0244653
0.017229
0.0178186
0.019248
0.0189114
0.024351
0.0177033
0.0183049
0.0222968
0.0242809
0.0239857
0.0242795
0.0217917
0.0186508
0.019229
0.0199437
0.0213985
0.0209906
0.0207225
0.0199813
0.0200297
0.024743
0.0249107
0.0266166
0.0268717
0.0242066
0.0204468
0.0239351
0.0244365
0.0257399
0.022929
0.0237472
0.0224954
0.0204106
0.0224897
0.0212527
0.0214458
0.0230503
0.0198192
0.0230115
0.0257035
0.0269035
0.0264683
0.026915
0.0279044
0.0264092
0.0252686
0.0213359
0.0204736
0.022129
0.0213481
0.0236372
0.0254739
0.0220136
0.0209534
0.0208281
0.0230651
0.0218998
0.022568
0.0230422
0.0216062
0.0214516
0.028601
0.0246274
0.0235627
0.026011
0.0263641
0.0263377
0.0252237
0.026404
0.0280868
0.0260506
0.0259999
0.0263728
0.0275499
0.0300839
0.0277439
0.0263675
0.0270636
0.0268878
0.0281113
0.0279245
0.0244996
0.0218913
0.0246002
0.027063
0.025427
0.025903
0.0264557
0.0244766
0.0242177
0.0256341
0.0266072
0.0258727
0.025367
0.023202
0.0197739
0.0256942
0.0278161
0.0277942
0.0274438
0.0227476
0.0217176
0.0233974
0.0200342
0.0200334
0.0224607
0.0223482
0.0237024
0.0241728
0.0222114
0.021807
0.0206639
0.0216525
0.0220452
0.0236475
0.0218457
0.023299
0.0239751
0.0249964
0.0214692
0.0217888
0.0227783
0.0225912
0.0219523
0.0204005
0.0172031
0.02281
0.0234109
0.0219846
0.0208924
0.0172499
0.0191644
0.0167371
0.016514
0.0216742
0.025168
0.0230161
0.0210183
0.0215884
0.0218002
0.0233908
0.0226592
0.0230433
0.0205882
0.0216483
0.0227876
0.0232294
0.0212588
0.0214801
0.0214201
0.0224678
0.0226251
0.028464
0.0207265
0.0209187
0.0225727
0.0223349
0.0200126
0.0197068
0.0255898
0.021777
0.0220258
0.0194249
0.0161288
0.0171347
0.0228169
0.0228703
0.0202718
0.0208459
0.0220892
0.0227176
0.0217638
0.0202069
0.0158301
0.0197393
0.0208001
0.0211138
0.0187333
0.0148865
0.0143392
0.0152767
0.0176387
0.0137947
0.0132995
0.0178188
0.0175011
0.0172133
0.0160971
0.0122513
0.0164455
0.0174341
0.0153754
0.0117608
0.016907
0.0173658
0.0166444
0.0125627
0.011463
0.0115552
0.0111172
0.012093
0.0118436
0.0121029
0.0109237
0.0124626
0.0133315
0.0120387
0.014749
0.0167427
0.0175547
0.0163007
0.0188188
0.0192635
0.0167517
0.0128733
0.0186519
0.0187492
0.0186476
0.0182166
0.018002
0.0173654
0.0181368
0.0192523
0.0175529
0.0168545
0.0144622
0.0147076
0.0132981
0.0143775
0.0153694
0.0136217
0.0145806
0.0144834
0.013104
0.0144268
0.0148569
0.0134492
0.0191185
0.0187737
0.0149857
0.0130511
0.014089
0.0128066
0.0178329
0.0172792
0.0147292
0.0164882
0.017001
0.0155864
0.0174078
0.0156863
0.0135077
0.0159597
0.0167912
0.0129764
0.0164091
0.0153121
0.0114477
0.0123704
0.0127241
0.0115161
0.0165551
0.0158706
0.0120069
0.0170231
0.0165284
0.0129595
0.017713
0.0171293
0.0132153
0.0188591
0.017722
0.0147079
0.0152038
0.0145545
0.0130853
0.0179618
0.017021
0.0133954
0.0138134
0.0138952
0.0133221
0.0180015
0.0173009
0.0180548
0.0183788
0.0136007
0.0171236
0.0142462
0.0127898
0.0139577
0.0151372
0.0130505
0.0132301
0.0131616
0.0126909
0.0171393
0.0173006
0.0163297
0.0176992
0.0176079
0.0167121
0.0190437
0.0181497
0.0174272
0.0151588
0.0180891
0.0180868
0.0208694
0.0197562
0.0167626
0.0155258
0.0185228
0.0141256
0.0115519
0.012325
0.0113681
0.011987
0.0157739
0.0120703
0.0163245
0.014166
0.0131632
0.0136858
0.0142573
0.0123692
0.0127222
0.0128993
0.0115164
0.0113062
0.0141842
0.0125705
0.017253
0.0139132
0.0145381
0.0135043
0.0179517
0.0186546
0.0127173
0.0174063
0.0164573
0.0133127
0.013533
0.0186867
0.0142318
0.0190215
0.0156244
0.0129401
0.0130871
0.0135629
0.0127643
0.0173088
0.016296
0.0134751
0.0139749
0.014056
0.0137395
0.0184905
0.017503
0.0176153
0.017938
0.0123365
0.0169703
0.016207
0.0129026
0.0170651
0.0164317
0.0178646
0.0181926
0.0143582
0.0136335
0.0183281
0.0177783
0.0181992
0.0164005
0.0139406
0.0181098
0.0182523
0.0129908
0.015138
0.017035
0.0171635
0.0139898
0.0179427
0.0179555
0.0167764
0.0183444
0.0170868
0.0138242
0.0180582
0.0174163
0.0141279
0.0171944
0.0149446
0.0143965
0.0189596
0.0183693
0.0143237
0.0186419
0.0199854
0.0140618
0.0189475
0.0193157
0.0132396
0.0187177
0.0176478
0.017084
0.0139989
0.0155453
0.0140737
0.0145226
0.0166124
0.0143891
0.0140178
0.0143049
0.0131771
0.0174347
0.0188931
0.0135809
0.0139518
0.01491
0.0168142
0.0186461
0.0195963
0.0142774
0.0182906
0.0190314
0.013856
0.0199398
0.019046
0.0141166
0.0180324
0.0191751
0.0141265
0.0143544
0.0147932
0.013954
0.0183324
0.0190653
0.0163812
0.0182506
0.0187222
0.0172004
0.0181655
0.0175983
0.0140021
0.0145465
0.0145025
0.0129753
0.0137259
0.0169818
0.0176066
0.0131538
0.0131408
0.0128174
0.0134692
0.0182505
0.0180791
0.0135004
0.0177852
0.0181459
0.0118266
0.0144656
0.0138485
0.0112728
0.0161808
0.0168289
0.0117652
0.017451
0.0176305
0.0146313
0.0185997
0.0196787
0.0141442
0.0142108
0.019212
0.0200205
0.0146956
0.0146722
0.0156382
0.0167707
0.015083
0.0152554
0.0149364
0.0141542
0.0133499
0.0137207
0.0242312
0.0158266
0.0162379
0.0112481
0.0117566
0.0111685
0.0113043
0.0179262
0.0171007
0.0136906
0.0189063
0.0170237
0.0143207
0.0187574
0.0200228
0.0173237
0.0198593
0.0193996
0.0154005
0.019343
0.0199971
0.0183349
0.0188903
0.0189804
0.0157823
0.0176197
0.0182974
0.0146394
0.0137234
0.0149067
0.0153654
0.0193101
0.0198571
0.0146421
0.0143808
0.0189513
0.0198843
0.0151353
0.0157197
0.0147903
0.0132449
0.014103
0.0146591
0.0135262
0.0140601
0.0152399
0.0138543
0.019712
0.017138
0.0127389
0.0137551
0.0130947
0.0128361
0.0169391
0.0173653
0.0122736
0.0166854
0.0172092
0.0157878
0.0183572
0.0169475
0.0135095
0.0178938
0.0161409
0.0128326
0.018828
0.0166723
0.0131519
0.0181099
0.0175501
0.0128997
0.0173026
0.0175436
0.0134098
0.0184426
0.0186434
0.0137576
0.0142898
0.0143054
0.013679
0.0142187
0.018354
0.0183309
0.0141844
0.0203735
0.0189146
0.017991
0.0192766
0.0186994
0.0179575
0.0188232
0.0191564
0.0181347
0.0189615
0.0197558
0.0186554
0.015209
0.0168425
0.0179531
0.017076
0.0173317
0.0182763
0.0133942
0.017585
0.0188765
0.018002
0.0164956
0.0184261
0.0135091
0.0148005
0.0152951
0.0134202
0.0135326
0.0148283
0.0139153
0.0142895
0.0153416
0.0139871
0.0140487
0.0141336
0.0137658
0.0151902
0.0164215
0.0147566
0.015147
0.0161041
0.0158446
0.0176075
0.0193229
0.0188873
0.0178719
0.0200373
0.0186493
0.0158897
0.0175784
0.0181828
0.0168627
0.0185251
0.0184408
0.0171666
0.015222
0.0171444
0.0186069
0.0174979
0.0169911
0.0173314
0.019221
0.0161584
0.0144616
0.0142869
0.0174706
0.0177504
0.0178975
0.017761
0.0175175
0.0179629
0.0187198
0.0160731
0.0177901
0.0175394
0.0182758
0.0209518
0.0175958
0.0183717
0.0187288
0.0187441
0.0185936
0.0183237
0.0172693
0.0192918
0.0187041
0.0130796
0.0142381
0.0150856
0.0158817
0.0194475
0.0205159
0.0173374
0.0179225
0.0186863
0.0135819
0.0177059
0.0185067
0.0141214
0.0135509
0.0133903
0.0174372
0.0184728
0.0130029
0.0139215
0.0150376
0.014666
0.0138931
0.0139548
0.0149597
0.0136773
0.0182213
0.0183567
0.0171645
0.0178913
0.0187409
0.0170697
0.0174176
0.0183927
0.0174245
0.0176976
0.0186264
0.0140083
0.0169784
0.0183483
0.013842
0.0173605
0.0186454
0.0131401
0.0139652
0.0151922
0.0130625
0.0154208
0.0143854
0.0129827


