0.0157378
0.014911
0.0153746
0.0328696
0.0260077
0.028665
0.0288658
0.028686
0.032749
0.0301302
0.0321374
0.0339316
0.0303641
0.0337971
0.0320417
0.033519
0.0333981
0.0313094
0.0322281
0.034601
0.0302695
0.0293587
0.0326584
0.0346859
0.0332103
0.0332617
0.0330744
0.0321786
0.0323176
0.0333757
0.0315156
0.0371736
0.0347841
0.0332762
0.0321974
0.0357212
0.0323496
0.0348783
0.0327378
0.0366057
0.035148
0.0355457
0.0347708
0.0355172
0.0329612
0.0355543
0.0361762
0.0339329
0.0364404
0.0303196
0.0226094
0.0203619
0.0228605
0.0236051
0.0240574
0.0266941
0.0251094
0.0149902
0.0257311
0.0147506
0.0149158
0.01622
0.0173545
0.014527
0.0165399
0.0148585
0.0291105
0.0245589
0.0268079
0.0275208
0.0275237
0.0289649
0.0294439
0.029802
0.0302148
0.0291446
0.0290082
0.0317741
0.0303476
0.0317486
0.029173
0.0320986
0.031533
0.0285336
0.034671
0.0297312
0.0304353
0.0318435
0.0343659
0.0312447
0.0348256
0.0308954
0.0340615
0.0344229
0.0368124
0.0370352
0.0331071
0.0346806
0.0330023
0.0358454
0.0355738
0.0355305
0.0357608
0.0388278
0.0357871
0.0394711
0.037197
0.0334756
0.0353208
0.0309008
0.03404
0.0332128
0.035909
0.0336919
0.0229639
0.0241419
0.0238089
0.0258586
0.0271008
0.0280252
0.0275944
0.0271127
0.0272633
0.029228
0.0294696
0.0302612
0.0292991
0.0281789
0.0295868
0.0329647
0.0310542
0.0311709
0.0346186
0.0313079
0.0354628
0.0345345
0.034584
0.032324
0.0330236
0.0343837
0.0305031
0.03156
0.0395853
0.0353504
0.0314107
0.0382896
0.0348805
0.0356718
0.0314232
0.0325769
0.0323214
0.029195
0.0327635
0.0364152
0.0352461
0.0301601
0.0307293
0.0313176
0.031856
0.0304601
0.0313446
0.0290985
0.0298669
0.031187
0.0291854
0.0291804
0.0301027
0.033514
0.0338476
0.0309088
0.029972
0.0333639
0.0305441
0.0290797
0.0298952
0.0361513
0.0302507
0.0351047
0.0336616
0.031004
0.0317677
0.0312727
0.0351217
0.0314205
0.0290147
0.0319047
0.0351654
0.0316837
0.0316366
0.0380941
0.0334583
0.0338486
0.0350714
0.0298893
0.0312131
0.0309138
0.0303686
0.0303108
0.0306199
0.0332655
0.0328465
0.0289062
0.0322815
0.0321632
0.0302402
0.0313897
0.0306104
0.0338448
0.0304788
0.0322657
0.0311044
0.0346407
0.0349912
0.034144
0.0337981
0.0360132
0.0314562
0.0310953
0.0341229
0.0325942
0.0336157
0.0324623
0.0327265
0.0321674
0.0331198
0.0304736
0.0327635
0.0297849
0.0314417
0.032217
0.0292318
0.0307846
0.031042
0.0307355
0.0315616
0.0288602
0.0295987
0.0307401
0.0278544
0.0292321
0.0292911
0.0302037
0.0334153
0.0317584
0.0295307
0.0316678
0.0322414
0.0304664
0.0329173
0.0347913
0.0286935
0.0328666
0.0316429
0.0302599
0.0312361
0.0372511
0.031549
0.0312577
0.0352688
0.0317707
0.0336702
0.0336873
0.0304649
0.0312383
0.0310856
0.0336372
0.0331723
0.0308552
0.0313798
0.0331458
0.031679
0.0302099
0.0318787
0.0346786
0.0318793
0.0355391
0.0345739
0.0325281
0.0339251
0.0328052
0.0331755
0.0304129
0.0314163
0.0315381
0.0315896
0.0319714
0.0329286
0.0332884
0.0320474
0.0316117
0.0296774
0.0290125
0.0325692
0.031554
0.028561
0.0319717
0.0295292
0.0246158
0.0277404
0.0269223
0.0243692
0.0273346
0.0282086
0.0236137
0.0258797
0.0269715
0.0243321
0.0275117
0.0289909
0.0285851
0.0308524
0.0323016
0.0309473
0.0323091
0.0320657
0.029565
0.0324018
0.0337049
0.030182
0.0324864
0.0302679
0.0263108
0.0315093
0.0280513
0.027372
0.0292541
0.030404
0.0292035
0.0304478
0.0306616
0.0297469
0.0309278
0.0324184
0.0296165
0.0308723
0.0312333
0.0312663
0.0321893
0.0328586
0.0301647
0.0286727
0.0295922
0.0304047
0.0286933
0.0315357
0.0319559
0.0309978
0.0302946
0.0295289
0.0319925
0.0291716
0.0291948
0.0283241
0.0301897
0.0332846
0.0362955
0.0326159
0.0341087
0.0340797
0.0329685
0.032197
0.0327505
0.0326271
0.0307796
0.0278987
0.0298399
0.0310379
0.030911
0.0313502
0.032889
0.0326082
0.0316755
0.029699
0.0314047
0.0278573
0.0274651
0.0276134
0.0278243
0.0299986
0.0314414
0.0341833
0.0328524
0.0307405
0.0311282
0.03078
0.0308948
0.0304769
0.0302421
0.0277234
0.0296604
0.027951
0.0321196
0.0276978
0.028146
0.0293035
0.0298609
0.0289897
0.0287915
0.0298826
0.0298238
0.03026
0.0296447
0.0319372
0.0311713
0.0302725
0.0299254
0.0300965
0.0302158
0.0310699
0.0326715
0.0313861
0.0310584
0.0329567
0.0312788
0.0323887
0.0314303
0.0318448
0.0314238
0.0315507
0.0332755
0.0312066
0.0312943
0.0318218
0.0327724
0.0304288
0.0312575
0.03138
0.032014
0.0307699
0.0303018
0.0320105
0.0314843
0.0314753
0.0312954
0.0287079
0.0295575
0.0307972
0.0312994
0.0316708
0.0324889
0.0303374
0.0292377
0.0330231
0.0299275
0.0299978
0.0276682
0.0282195
0.0292223
0.0340169
0.0298979
0.029877
0.0295111
0.0296693
0.027956
0.0281429
0.0285598
0.0266761
0.0260703
0.0268008
0.0253754
0.0266351
0.0301414
0.0297681
0.0313881
0.029113
0.0302574
0.0308249
0.0309767
0.031651
0.0327304
0.029612
0.031317
0.0296425
0.030764
0.0301926
0.0303805
0.0303716
0.031545
0.0310539
0.0303022
0.0302961
0.0304752
0.0311049
0.0292973
0.0292085
0.0294571
0.031564
0.0319529
0.0321467
0.0314337
0.031481
0.0310837
0.0300302
0.030398
0.0289563
0.0288538
0.0326675
0.0347678
0.0307784
0.0340546
0.0327015
0.0307527
0.0306833
0.0307393
0.0302081
0.0305855
0.032065
0.0317911
0.0305262
0.033781
0.0349668
0.0293447
0.0315521
0.0326188
0.0313536
0.0311703
0.0320245
0.0304334
0.0286667
0.0299939
0.0298125
0.0279002
0.0310373
0.0309838
0.0279712
0.0250602
0.0274919
0.0289967
0.0282561
0.0275397
0.0275556
0.0251895
0.0263097
0.0267401
0.0234876
0.0247584
0.0245103
0.027723
0.0219753
0.0244551
0.0234853
0.0199286
0.0209598
0.0213653
0.0187946
0.0202036
0.0206097
0.0186798
0.0203653
0.020417
0.0207999
0.0216596
0.0199688
0.0205862
0.0217544
0.0209771
0.0219756
0.0248547
0.0229022
0.0215064
0.0213807
0.0220169
0.0212604
0.0205924
0.0222639
0.0204296
0.0214295
0.0218332
0.0203627
0.0219294
0.0214115
0.0216361
0.0214904
0.0209389
0.0216367
0.0217542
0.020289
0.0242333
0.0240432
0.0215513
0.0222835
0.023202
0.0216431
0.0261947
0.0232676
0.0213507
0.0221957
0.0219527
0.0213767
0.0259742
0.0234296
0.0211902
0.0226067
0.0216801
0.0223144
0.0249853
0.0232598
0.0226335
0.0224501
0.0225063
0.0216416
0.0240253
0.0226377
0.0225113
0.022221
0.0238456
0.0246294
0.0216801
0.0225361
0.0212251
0.0229966
0.0229069
0.0211143
0.0245483
0.0235139
0.0219563
0.0223687
0.0217778
0.0242396
0.0224996
0.0206782
0.0211306
0.0241542
0.0236192
0.0194268
0.021217
0.020547
0.0208874
0.0250795
0.0214354
0.0208561
0.0203165
0.0200449
0.0239324
0.0222123
0.0207445
0.0225055
0.022817
0.0224024
0.0231246
0.0238724
0.0244867
0.0251307
0.025256
0.0240345
0.0250249
0.0250452
0.0242756
0.0246515
0.0237471
0.0237793
0.0243827
0.0227826
0.0246243
0.0238386
0.024136
0.0253621
0.0248284
0.0243191
0.0249894
0.0242626
0.0249985
0.0241393
0.023545
0.0238406
0.026437
0.0248827
0.0242821
0.0231924
0.0240291
0.0235524
0.0233258
0.0251881
0.0250519
0.0224996
0.0219539
0.0221879
0.0221472
0.0247948
0.0214599
0.0223672
0.0215563
0.0204827
0.0218515
0.0207962
0.0207124
0.0206047
0.0207379
0.0195354
0.0216558
0.0196586
0.020632
0.0210481
0.024121
0.0218704
0.0224766
0.0218345
0.022279
0.0244901
0.022847
0.0243312
0.0232171
0.0239363
0.0245609
0.0234497
0.0230882
0.0247183
0.0276062
0.026697
0.0282211
0.0250283
0.0232535
0.0232176
0.0249108
0.0271236
0.024807
0.0298545
0.0252559
0.0282649
0.027823
0.0286731
0.0276688
0.0254404
0.0279728
0.0286481
0.027322
0.0282937
0.026107
0.026298
0.0246427
0.0262067
0.0270567
0.0247135
0.0259865
0.0279538
0.0284506
0.0255613
0.028328
0.0306913
0.0278628
0.02798
0.0273722
0.0267485
0.0277555
0.0284343
0.0278297
0.0279164
0.0259422
0.0281122
0.0278645
0.0256164
0.0280307
0.0282953
0.0255733
0.0278716
0.0282311
0.0254877
0.0308619
0.0295423
0.0268591
0.0273881
0.0271834
0.0294225
0.0255119
0.0303336
0.0288792
0.0275021
0.025517
0.0262577
0.0253582
0.0238407
0.0226651
0.0251374
0.0257827
0.0233379
0.0242883
0.0244822
0.024646
0.0279361
0.0238211
0.0250122
0.0244062
0.024557
0.0258549
0.0243654
0.0271357
0.0277012
0.0271059
0.0288051
0.0289987
0.0271075
0.0277488
0.0282747
0.0292966
0.0279079
0.0289797
0.0316723
0.0317879
0.0316836
0.0316886
0.0279245
0.0307598
0.0299344
0.0281328
0.0288655
0.032109
0.0307319
0.0288269
0.0295638
0.0334258
0.0299958
0.0315239
0.0315874
0.0298425
0.0287555
0.029394
0.0298945
0.0278837
0.0287048
0.02896
0.0295621
0.0304851
0.029718
0.0303208
0.0292659
0.029362
0.0295981
0.0324568
0.0309111
0.0327342
0.0310128
0.0325512
0.0305471
0.0305631
0.0311948
0.0314821
0.0307978
0.0304894
0.0302906
0.0312875
0.0308691
0.0327017
0.0328248
0.0292856
0.0298377
0.0293494
0.0334727
0.0316822
0.0318552
0.0297568
0.0292718
0.0287314
0.0283886
0.0251818
0.0258354
0.0265409
0.0278616
0.0271694
0.0291873
0.0238768
0.0245338
0.0254114
0.0241592
0.0261432
0.0247467
0.0246411
0.0273094
0.0259353
0.0219066
0.024636
0.0246674
0.0231747
0.0239478
0.0248338
0.0264767
0.026987
0.0250084
0.025005
0.0251897
0.0245409
0.0286521
0.025853
0.0284838
0.0232077
0.0265488
0.0272913
0.0264383
0.0236756
0.0245679
0.025677
0.0267206
0.0248865
0.0242943
0.0240141
0.0278497
0.0231565
0.0287728
0.0255247
0.0244918
0.0263073
0.0263621
0.0235449
0.0269946
0.0267993
0.0256753
0.0281085
0.0287429
0.0273226
0.0297246
0.0330902
0.0283371
0.03212
0.0329228
0.031189
0.0297651
0.030029
0.0276803
0.0280199
0.0282069
0.0281844
0.0280561
0.0283088
0.0289049
0.027914
0.0290157
0.0289994
0.0279644
0.0295337
0.0286877
0.0271143
0.0291114
0.0294024
0.0269447
0.0301336
0.0291706
0.0296707
0.0260311
0.028093
0.0290002
0.0302063
0.0303573
0.0291205
0.0273085
0.0298212
0.0300783
0.0284528
0.0303335
0.0321192
0.0283358
0.0316804
0.0308306
0.0298347
0.0286235
0.0288848
0.027838
0.0280491
0.0306881
0.0292514
0.0273407
0.0302872
0.0283872
0.0281482
0.0289785
0.0319113
0.0263865
0.0271685
0.0299821
0.0304307
0.0278833
0.0254017
0.0260716
0.0287436
0.0285938
0.0276864
0.0253957
0.0272447
0.028009
0.0251705
0.0270827
0.0284395
0.023784
0.0239257
0.0254384
0.0262178
0.0251973
0.0286733
0.026699
0.0257891
0.024495
0.0252062
0.0260079
0.024591
0.0247171
0.0271825
0.0288659
0.0240695
0.0264439
0.0260349
0.0242134
0.0250778
0.0255184
0.0265232
0.0259291
0.0273481
0.0276787
0.0260744
0.0274122
0.0285722
0.0256493
0.0304462
0.028493
0.0280436
0.0263351
0.0288778
0.028332
0.0288967
0.0267327
0.0261868
0.0288227
0.0263477
0.0264304
0.0264112
0.0264493
0.0251571
0.0254197
0.0256981
0.0225556
0.0234432
0.0241191
0.0220979
0.0262745
0.0227641
0.021253
0.0224762
0.0241235
0.0221085
0.0241211
0.0246091
0.0227122
0.0248222
0.0267504
0.0238747
0.025675
0.0257707
0.0282757
0.0305676
0.0308426
0.0266319
0.0291269
0.0294966
0.0285058
0.0291626
0.0290786
0.0299982
0.0310453
0.0300465
0.029609
0.0315196
0.0310332
0.0275241
0.0299763
0.0307885
0.0308634
0.0268317
0.0276208
0.0293016
0.0308506
0.0312464
0.0310071
0.0295196
0.029927
0.0288423
0.030287
0.0313181
0.0290235
0.0286764
0.0284274
0.0304287
0.0296064
0.0283212
0.0261732
0.0279505
0.0293584
0.0289672
0.0286989
0.0301349
0.0304107
0.0293527
0.030343
0.0304689
0.0282908
0.0325689
0.0321171
0.0323972
0.0293048
0.0311095
0.0338437
0.0283776
0.0304766
0.0314956
0.0287418
0.0277362
0.0291571
0.0314666
0.0326803
0.030035
0.026425
0.0285212
0.0302373
0.0304593
0.0291266
0.027876
0.029013
0.0317114
0.0327545
0.0320357
0.030645
0.033052
0.033872
0.033778
0.030894
0.0309842
0.0317643
0.0314868
0.0290486
0.0308428
0.0312326
0.0347088
0.0317909
0.0294579
0.0293948
0.0313511
0.0309208
0.0305786
0.02803
0.0301927
0.0312933
0.0325271
0.0285648
0.0308761
0.0308832
0.0297874
0.0275375
0.0310981
0.0330307
0.0302094
0.0283542
0.0318828
0.0298816
0.0294475
0.0299758
0.0309451
0.0291113
0.0297322
0.029426
0.0271106
0.0286649
0.0290461
0.0269299
0.0293272
0.0289283
0.0274727
0.0279507
0.0300692
0.0269009
0.0281097
0.0284459
0.0271386
0.0285529
0.0314191
0.0281486
0.0293266
0.02902
0.0285157
0.0260507
0.0283513
0.0309739
0.0268187
0.0294389
0.0303323
0.0282148
0.0316689
0.0308609
0.0293617
0.0298835
0.0326415
0.0288355
0.0293392
0.0299228
0.0277033
0.0294941
0.0296963
0.0295296
0.0270692
0.0290651
0.0296151
0.0286873
0.0301114
0.0299274
0.029872
0.0279518
0.0302423
0.0316153
0.0314098
0.0300529
0.0316737
0.031556
0.0313717
0.0299167
0.0329308
0.0334415
0.0329398
0.0297363
0.032106
0.0319428
0.0322744
0.0307345
0.031163
0.0320914
0.0311442
0.0290523
0.0278501
0.0305583
0.0325053
0.0296748
0.0288116
0.0324763
0.0351654
0.0331942
0.0292528
0.0323007
0.033551
0.0314586
0.0328959
0.0320453
0.0320848
0.0338498
0.0347952
0.0352172
0.0318248
0.0322112
0.0318145
0.032025
0.0314065
0.0325144
0.03441
0.0360872
0.0317064
0.0343473
0.0360149
0.0352562
0.0355006
0.0346847
0.0376861
0.0363371
0.0332898
0.0360699
0.0364365
0.0356359
0.035146
0.0375225
0.0363035
0.0357357
0.0327233
0.0350331
0.0369272
0.036828
0.0330226
0.0338963
0.0345832
0.0340273
0.0311404
0.0343898
0.0344591
0.0342254
0.0312853
0.0334061
0.0345065
0.0341937
0.0323322
0.0316442
0.0324509
0.0321795
0.0293463
0.0289644
0.0322224
0.030125
0.0335636
0.0293193
0.0279846
0.0298532
0.0303487
0.0295804
0.02945
0.0271975
0.0297544
0.0323048
0.0309551
0.0294338
0.0300465
0.0316541
0.0321543
0.0322203
0.0298885
0.0288223
0.029676
0.0296173
0.0309848
0.0341087
0.0324183
0.028057
0.029378
0.0287008
0.0311196
0.0298202
0.0271106
0.0278701
0.0306637
0.0283687
0.0299734
0.0285651
0.0276394
0.026152
0.0281349
0.0281033
0.0290308
0.0253633
0.0268482
0.0248332
0.0247505
0.0272909
0.0283444
0.0291308
0.0248837
0.0253034
0.029372
0.0270987
0.0275854
0.0245508
0.0270788
0.0270929
0.0261045
0.0250956
0.0255765
0.0275707
0.0285676
0.0268686
0.0238368
0.024151
0.0265266
0.0262569
0.0266637
0.023298
0.0235703
0.0269724
0.0252233
0.0244289
0.0220437
0.023368
0.0225574
0.0303943
0.0258859
0.0226681
0.0224977
0.0224973
0.0258536
0.0235491
0.0213475
0.0221679
0.0224311
0.0222947
0.0242506
0.0248123
0.0210595
0.0238103
0.0241599
0.0218943
0.0233699
0.0245102
0.025037
0.0228159
0.0235225
0.0229122
0.0235942
0.026107
0.0246361
0.0228385
0.0234539
0.0239397
0.027133
0.0240639
0.0257788
0.0254468
0.0239744
0.0239964
0.0233966
0.0230515
0.0228583
0.0245133
0.0252077
0.0249044
0.023023
0.025391
0.0272996
0.0256705
0.0251294
0.0263695
0.025899
0.0267803
0.0244616
0.0252978
0.0245865
0.0244516
0.0240395
0.0266644
0.0296308
0.0241722
0.0254529
0.0264322
0.0258286
0.0240223
0.026541
0.0272822
0.0243487
0.02548
0.0251664
0.0261136
0.0287781
0.0246774
0.0249914
0.0253677
0.0252267
0.0245003
0.0251169
0.0251525
0.0258578
0.026921
0.0250899
0.0262764
0.0250121
0.0257728
0.0259118
0.0260543
0.0264836
0.027177
0.026347
0.0272303
0.0251049
0.0266339
0.0264368
0.0260137
0.0257817
0.0256696
0.0251612
0.0253984
0.0289422
0.0279961
0.0241685
0.0261134
0.0264868
0.0261539
0.0262143
0.0265922
0.0266323
0.027192
0.0286894
0.0280099
0.0247062
0.026221
0.0260239
0.0259806
0.0263549
0.0275234
0.0266457
0.0243709
0.0265582
0.0261859
0.0261093
0.0264802
0.026542
0.0260505
0.0270444
0.0267395
0.0271664
0.0267005
0.0267023
0.026464
0.0270063
0.0265809
0.028182
0.0253791
0.0264837
0.0273986
0.0263888
0.0252761
0.0241842
0.0247566
0.0250395
0.0228368
0.0268883
0.023458
0.0210384
0.0234852
0.0231335
0.0207056
0.0242245
0.0247807
0.0225695
0.0224113
0.0224515
0.0215707
0.0213519
0.0216574
0.021331
0.022247
0.0220644
0.0205185
0.0216488
0.021223
0.021049
0.0206646
0.0210924
0.0242075
0.0225319
0.0216579
0.0247906
0.02421
0.0214595
0.0236764
0.0239062
0.0242792
0.0257059
0.0273292
0.0305051
0.0320719
0.0280797
0.0279087
0.0260626
0.0284544
0.028654
0.0279006
0.0285523
0.028327
0.0261423
0.0292325
0.0311311
0.0274419
0.029784
0.0298348
0.0301094
0.028662
0.0283472
0.0266718
0.0284592
0.0280183
0.0257597
0.0287065
0.0271283
0.0250145
0.0269341
0.0289972
0.0245528
0.0264026
0.026406
0.0246831
0.0269215
0.027268
0.0265097
0.0286853
0.0274594
0.0268121
0.0283047
0.0282497
0.0279242
0.0280077
0.02799
0.0269498
0.02487
0.0292149
0.0267549
0.0241881
0.0273509
0.0269754
0.024845
0.0250865
0.0260895
0.0258899
0.0243205
0.0266437
0.0288194
0.0250577
0.0255846
0.0261156
0.0244536
0.0264637
0.0267256
0.025847
0.0277848
0.0267246
0.0246047
0.0290661
0.0284821
0.0248572
0.025767
0.0262544
0.0252524
0.0264621
0.0266803
0.0267076
0.0264207
0.0286645
0.0298109
0.0261447
0.0296867
0.0313086
0.028277
0.0259793
0.0269174
0.0281032
0.0245142
0.0247716
0.0238556
0.0248363
0.0279049
0.0246175
0.0262012
0.0260777
0.0245186
0.0263639
0.0286906
0.0243571
0.0254712
0.028979
0.026957
0.0269751
0.0260041
0.029752
0.0269105
0.0256543
0.0252081
0.0282916
0.0265334
0.0245053
0.0259799
0.0263166
0.0259718
0.0235316
0.0253714
0.0242495
0.0270046
0.0228522
0.0231496
0.0230934
0.0229811
0.024123
0.0278842
0.0244352
0.0236306
0.0243301
0.0233171
0.023454
0.0248572
0.0242314
0.0224891
0.0240416
0.0242288
0.0258883
0.0273646
0.0257218
0.0273164
0.0269966
0.0283238
0.030064
0.0295872
0.0300656
0.0307289
0.0299214
0.0306976
0.0314375
0.0301294
0.0310925
0.0316428
0.0304058
0.0292931
0.0292489
0.0307648
0.0315995
0.0332864
0.0288925
0.0296745
0.0309656
0.0305864
0.0297783
0.0300685
0.0297786
0.0297597
0.0307945
0.0289345
0.0300015
0.032487
0.0283288
0.0287387
0.0288884
0.0273524
0.0307497
0.0303737
0.0326239
0.0357128
0.0349031
0.0336137
0.033562
0.0320197
0.0337876
0.0360938
0.0331439
0.0317852
0.0329809
0.0342748
0.0325413
0.0345041
0.0334128
0.0303024
0.028431
0.0297269
0.0307302
0.0292773
0.028481
0.0288931
0.0310985
0.029273
0.0293828
0.0272264
0.0276824
0.0290274
0.0288842
0.0290451
0.0281097
0.0284332
0.0311295
0.0277107
0.0288893
0.031018
0.0291704
0.0268435
0.0283661
0.0289728
0.0267292
0.0275448
0.0282693
0.0254429
0.025621
0.0252421
0.0261103
0.0246612
0.0248155
0.0239026
0.0251141
0.0248941
0.023451
0.0235613
0.0230035
0.0227949
0.0221602
0.0229249
0.0248933
0.0252374
0.0222867
0.0229434
0.0239116
0.024016
0.0242434
0.0230695
0.0229619
0.0240653
0.0223533
0.024551
0.0253621
0.024521
0.0240138
0.0238299
0.0247323
0.0249833
0.0235684
0.0277085
0.0261033
0.0267782
0.0243694
0.0257435
0.0257672
0.0249057
0.0253791
0.0263009
0.0267955
0.0277614
0.0271398
0.0268807
0.026871
0.0266221
0.0264811
0.026532
0.0263248
0.0284744
0.0273052
0.0292797
0.0255436
0.0251973
0.0280261
0.0268407
0.0247447
0.0272449
0.0277763
0.0267261
0.0257605
0.0282915
0.026122
0.0269125
0.0275809
0.0279132
0.0246543
0.026565
0.026382
0.0258482
0.0252445
0.0252145
0.026635
0.0282283
0.0256636
0.0261763
0.0253844
0.0288037
0.0276265
0.0265581
0.0273797
0.0275452
0.0271347
0.0246266
0.0250612
0.0267381
0.0276891
0.0264567
0.0276532
0.03081
0.032781
0.0294085
0.0302646
0.0272327
0.0251687
0.0256138
0.0266157
0.0290272
0.0264741
0.0279469
0.0302289
0.0245884
0.0282962
0.0271956
0.0250735
0.0269942
0.0274177
0.0245665
0.0241441
0.024103
0.0249468
0.0266737
0.0243098
0.0254934
0.026232
0.0244246
0.0269451
0.0269974
0.024353
0.0246145
0.0242345
0.0252327
0.0248366
0.0225487
0.0253533
0.0265827
0.025835
0.02339
0.0267928
0.0286346
0.025565
0.0222248
0.0250415
0.026044
0.026485
0.0243979
0.0275509
0.0271516
0.0247941
0.0267879
0.028062
0.0270774
0.027579
0.027856
0.0304564
0.0257377
0.0264094
0.0266271
0.0270012
0.0258944
0.0262272
0.0248255
0.0250621
0.026609
0.0275254
0.023951
0.0257288
0.0261933
0.0257996
0.0239232
0.0258634
0.0261333
0.0236046
0.0262085
0.0267865
0.0235084
0.0251226
0.0270161
0.0239314
0.0241218
0.0241738
0.0230877
0.0243662
0.0249122
0.0238748
0.0277673
0.0253013
0.0233
0.0249506
0.0252294
0.0228386
0.023165
0.0232551
0.0232381
0.0214311
0.0257437
0.0232671
0.0257459
0.0204269
0.0226019
0.022383
0.020325
0.0218088
0.024463
0.0208534
0.0217562
0.0213969
0.0217876
0.0229935
0.02136
0.0237305
0.0240678
0.0226166
0.0231092
0.0236979
0.024419
0.022129
0.0249034
0.0247492
0.0222848
0.0247231
0.024873
0.0239737
0.0278989
0.0266928
0.0252386
0.0261828
0.0270748
0.0231404
0.0271212
0.0270012
0.0246475
0.0236021
0.0260341
0.0280606
0.0243127
0.0248261
0.024774
0.0268895
0.0264294
0.0218911
0.0238802
0.0233546
0.0214811
0.0235769
0.0244513
0.0254189
0.0226152
0.0251318
0.0262471
0.0230456
0.0230921
0.0254735
0.025087
0.0271366
0.0237882
0.0225378
0.0280642
0.0260179
0.0263164
0.0284267
0.0311399
0.0271092
0.0313962
0.0292101
0.0267578
0.0289237
0.0312422
0.0280053
0.0312805
0.0286215
0.0274504
0.0291032
0.0298072
0.0277975
0.0301319
0.0304862
0.0283173
0.0283134
0.0287749
0.0274302
0.0299657
0.0332792
0.0314719
0.0297666
0.0315055
0.030963
0.0280343
0.0301636
0.0285001
0.0271492
0.0256492
0.0273536
0.0309932
0.0279566
0.0251291
0.0276726
0.0308895
0.0268414
0.0275691
0.0277006
0.0272707
0.0249038
0.0289233
0.0273834
0.0268809
0.0269018
0.0280058
0.0297182
0.0292175
0.0280555
0.0294572
0.0301124
0.0288979
0.0307014
0.0304904
0.0306102
0.033171
0.0331462
0.0310153
0.0287926
0.0308913
0.0303241
0.0311755
0.0303588
0.0309261
0.0300308
0.0291009
0.0289672
0.0285502
0.030915
0.0305533
0.0302856
0.0325365
0.0288027
0.0278654
0.0314969
0.0328917
0.0289459
0.0297764
0.0296377
0.0295785
0.0277657
0.0297603
0.0296377
0.027877
0.030345
0.0296658
0.0286705
0.0317896
0.0297395
0.0285662
0.0309565
0.0311005
0.0310178
0.0295085
0.0319455
0.0319727
0.035031
0.0295258
0.0300948
0.0320465
0.0339644
0.0318407
0.0303701
0.0327088
0.0357255
0.0317199
0.0302963
0.0310162
0.031294
0.0329715
0.030793
0.0314162
0.0302401
0.0313478
0.0328231
0.0288777
0.028474
0.031908
0.0309404
0.0343864
0.0347749
0.0329264
0.0311372
0.0329418
0.0358243
0.0345
0.028977
0.0313727
0.0313287
0.0300385
0.0280409
0.0291532
0.0283243
0.0267015
0.0282263
0.0269361
0.0269442
0.0262717
0.0243821
0.0280389
0.0292984
0.0253214
0.0242955
0.0255916
0.029137
0.0270652
0.0258202
0.0251469
0.0269645
0.0280542
0.0295859
0.0254537
0.0279724
0.0299175
0.0274207
0.0249038
0.0263659
0.0273385
0.0262238
0.0276436
0.026111
0.0250919
0.0275168
0.0249731
0.0262013
0.0259646
0.0313799
0.0295541
0.0260239
0.0271916
0.0278427
0.0278835
0.0248224
0.0271456
0.0283551
0.0264184
0.0251176
0.0269863
0.0274371
0.026873
0.0250577
0.0287663
0.0299549
0.0281626
0.0245583
0.0266028
0.0290623
0.0300282
0.0276568
0.0255676
0.0259785
0.0275243
0.0257176
0.0242552
0.0240351
0.0245652
0.0247913
0.0254821
0.0263874
0.0245762
0.0242481
0.024129
0.0250132
0.0256682
0.0237514
0.0242173
0.0252436
0.0252283
0.0291774
0.0284787
0.0311981
0.0305635
0.0273499
0.0262765
0.0260365
0.0261428
0.025391
0.0264126
0.0273652
0.0253794
0.0276913
0.0300596
0.0271311
0.027775
0.0277124
0.0282322
0.028818
0.0280301
0.0274072
0.0264727
0.0278859
0.0288424
0.0271707
0.0287465
0.029528
0.0270047
0.028752
0.0289436
0.0265888
0.0275249
0.028454
0.0301203
0.0276937
0.0289315
0.0299021
0.0275175
0.0282321
0.028188
0.025208
0.0279156
0.0302613
0.0326358
0.024986
0.0269654
0.0293383
0.0248866
0.0265031
0.0296756
0.0242863
0.0240872
0.0237954
0.0251288
0.0261432
0.0224777
0.024935
0.0248124
0.0230517
0.0256063
0.0264626
0.0254089
0.0281569
0.0260571
0.0255296
0.0244976
0.0275458
0.0288877
0.0257688
0.0275221
0.0274959
0.0258171
0.0307798
0.0294414
0.027318
0.0285215
0.0307636
0.026827
0.0309552
0.0275774
0.0256852
0.0277306
0.0310465
0.0271421
0.0267246
0.0271106
0.0281921
0.0261161
0.0287372
0.0301867
0.0270931
0.0309456
0.0318207
0.027151
0.0296977
0.0278943
0.0316859
0.0303946
0.0327304
0.0331029
0.0304047
0.0285465
0.0318768
0.0297494
0.0284762
0.0315256
0.0296836
0.0286813
0.0259295
0.0281339
0.0303115
0.0269164
0.0273733
0.0286339
0.0279346
0.0295209
0.0256268
0.0272222
0.0299957
0.0279492
0.0251506
0.0268896
0.0279302
0.0264566
0.0269719
0.0279514
0.0268478
0.0300901
0.0322988
0.0279784
0.0279932
0.0279345
0.0290627
0.0327656
0.0306464
0.0255945
0.0264684
0.0280605
0.0296694
0.0287385
0.0258473
0.0278683
0.028352
0.0308411
0.0309091
0.0304921
0.0295693
0.0297194
0.0313495
0.0302281
0.0286301
0.0267837
0.02867
0.0290885
0.0275736
0.0256529
0.0300392
0.0290021
0.0286637
0.0257435
0.0284037
0.0323741
0.0304661
0.0262419
0.0268188
0.027829
0.0328986
0.0309293
0.0280436
0.0318059
0.0308012
0.0282449
0.0282843
0.0309322
0.0317479
0.0306382
0.0292517
0.0302516
0.0303749
0.029804
0.0323985
0.030625
0.0275397
0.0308168
0.0308712
0.0308621
0.0279084
0.0320551
0.0316653
0.0312585
0.0298122
0.0360519
0.0340685
0.0305859
0.0306442
0.0311462
0.0322236
0.0334645
0.0305775
0.0341127
0.0372865
0.0386918
0.0319904
0.0334442
0.0332582
0.0357738
0.0352043
0.0353006
0.0339586
0.0322339
0.0313591
0.0339424
0.0356526
0.0378412
0.0333472
0.0330383
0.0332442
0.0337921
0.0317263
0.0322779
0.03256
0.0322919
0.0291145
0.0300474
0.0295935
0.0291216
0.0299393
0.0288868
0.0285227
0.0296971
0.0324675
0.0299164
0.028301
0.0300923
0.0324236
0.0307266
0.0289874
0.0292342
0.0293997
0.0287213
0.0294702
0.0290942
0.029894
0.029273
0.0286051
0.0286644
0.0290546
0.0312106
0.0292266
0.0265006
0.0293018
0.0277668
0.0286859
0.0290932
0.0254295
0.0253596
0.028308
0.0268113
0.030045
0.0241348
0.0260646
0.0270148
0.0259827
0.0258782
0.0281293
0.0269513
0.025454
0.0254672
0.0254553
0.025895
0.0245809
0.0242812
0.0248943
0.0292349
0.0293799
0.0271388
0.0254348
0.0250572
0.0271626
0.0280637
0.0331312
0.0258044
0.0263879
0.0259546
0.0274361
0.0282499
0.0301806
0.0261586
0.0247091
0.0255981
0.0310757
0.0302685
0.028364
0.0254237
0.0267956
0.0264514
0.0290526
0.0303905
0.0271943
0.0236221
0.0264018
0.0271634
0.0256904
0.0244731
0.0230961
0.025021
0.024957
0.0272608
0.0231272
0.0249005
0.0283982
0.0286529
0.0249208
0.0235493
0.0257114
0.0269905
0.0274741
0.0262255
0.024812
0.0267538
0.0287364
0.0273634
0.0262345
0.0246004
0.0259902
0.0279575
0.0274382
0.0290617
0.0239144
0.0261785
0.0270388
0.026811
0.0244647
0.025975
0.0266261
0.0268264
0.025888
0.0241322
0.0274768
0.0272636
0.0279442
0.0252013
0.0248728
0.0243561
0.0274692
0.0287841
0.0302539
0.0235318
0.0243542
0.0261561
0.0254108
0.0263408
0.0245651
0.0264498
0.0268249
0.0274452
0.0249649
0.0251849
0.0258344
0.0271635
0.0254588
0.0257899
0.0265404
0.0264934
0.0293268
0.0253908
0.025264
0.0247199
0.0261328
0.0259236
0.024384
0.0250953
0.0254
0.0235791
0.0235581
0.0241176
0.0214986
0.0240001
0.0268103
0.0242386
0.0239503
0.0254225
0.025556
0.0239285
0.0265139
0.0266888
0.0243677
0.0273411
0.0298095
0.0257369
0.0315623
0.0284605
0.0301796
0.0285207
0.0287878
0.0362401
0.0287767
0.030707
0.0336755
0.0340504
0.0362624
0.0315243
0.0264386
0.0254059
0.0290133
0.0296104
0.0284443
0.0299973
0.0257454
0.0289778
0.037622
0.0310894
0.0285662
0.0313988
0.0338762
0.0295786
0.0280697
0.0299348
0.0343831
0.0303027
0.0269626
0.0293884
0.0305915
0.0293992
0.0271618
0.0291296
0.033247
0.0276826
0.0293462
0.0291387
0.0291458
0.02769
0.0293878
0.0377859
0.0340013
0.039531
0.0339731
0.029915
0.02982
0.0283502
0.0302205
0.0333995
0.0354029
0.0310822
0.0308968
0.0309369
0.0292558
0.0312495
0.0279042
0.0229698
0.0297647
0.0256532
0.0254847
0.0271731
0.0316765
0.0323044
0.0260778
0.0293849
0.0277886
0.0290308
0.03177
0.0247141
0.0257955
0.0280889
0.0288187
0.0252264
0.0264826
0.0270235
0.0294432
0.0280763
0.0273556
0.0287619
0.0353587
0.0334549
0.0337341
0.0340637
0.0394027
0.0315526
0.0353972
0.0359787
0.0389278
0.0279585
0.0233449
0.0292158
0.0309381
0.0289851
0.0273746
0.0293535
0.0304493
0.0356405
0.0290959
0.0311517
0.0302272
0.0277368
0.0266846
0.0283833
0.0306711
0.040773
0.0290326
0.0383143
0.0363557
0.0322421
0.0267005
0.0322088
0.0402066
0.0322088
0.027289
0.0315387
0.0316244
0.0301222
0.0320368
0.0326526
0.0302764
0.0269168
0.0296159
0.0303919
0.0292399
0.0282016
0.0279242
0.0269138
0.0297568
0.0292334
0.0270954
0.0297062
0.031075
0.0296564
0.0301871
0.0296641
0.0294263
0.0286451
0.0290636
0.0294813
0.030058
0.0304853
0.0304869
0.0289667
0.0303978
0.0309659
0.0295823
0.0280515
0.0289885
0.0302967
0.027279
0.0287881
0.0309864
0.0277705
0.0290277
0.0307892
0.0283288
0.0272195
0.0309388
0.0284676
0.0272635
0.0270639
0.0284079
0.0290488
0.0266107
0.0266504
0.0262997
0.0274133
0.0263283
0.025067
0.0237206
0.0243106
0.0277828
0.025819
0.0245768
0.0246771
0.0250088
0.0261217
0.0277442
0.0237875
0.0273994
0.0268736
0.0259149
0.0278754
0.0289415
0.0275061
0.0287869
0.0280716
0.0278483
0.0268056
0.0252634
0.0270888
0.0290481
0.0261438
0.0254988
0.0299015
0.0276299
0.0268239
0.026331
0.0287057
0.0308903
0.0278533
0.0262427
0.0280592
0.0286315
0.0275958
0.0264624
0.0290251
0.0317968
0.0290819
0.0280104
0.0299405
0.0304684
0.0311044
0.0278886
0.0300864
0.0305951
0.0299314
0.0287189
0.0325946
0.0321239
0.0305768
0.0313336
0.0314721
0.0312735
0.0294157
0.0281877
0.0311426
0.0317939
0.0306428
0.0293358
0.0297023
0.0302611
0.0293534
0.0284383
0.0301307
0.032178
0.0292715
0.0284279
0.030564
0.0301573
0.0288519
0.0276078
0.0300146
0.0306222
0.0295745
0.0283215
0.0306849
0.030953
0.0309787
0.0300893
0.029588
0.0295563
0.0310438
0.032555
0.0312538
0.0307112
0.0308267
0.0330227
0.0347265
0.0345322
0.0306964
0.029703
0.0301696
0.0316981
0.0305036
0.0289016
0.0327012
0.0318935
0.0318265
0.0307749
0.0302445
0.0320827
0.0309305
0.033103
0.0323119
0.0279322
0.0300335
0.0293701
0.0290952
0.0271187
0.0280428
0.0285094
0.03074
0.0289655
0.0276872
0.0280841
0.0293269
0.0253972
0.0271516
0.0285266
0.0280887
0.0260376
0.0271213
0.0284703
0.0278325
0.0266645
0.0287128
0.0271635
0.0300955
0.025854
0.0279848
0.027106
0.0307206
0.0282611
0.0308077
0.0279672
0.0287596
0.0264832
0.0272667
0.0294492
0.025659
0.0240555
0.0262549
0.0265386
0.0280624
0.0278264
0.0281896
0.0286983
0.0287418
0.0260227
0.0285297
0.028939
0.0274613
0.0275544
0.0267764
0.0249068
0.0289693
0.0273875
0.0271989
0.0253107
0.024855
0.0273865
0.027412
0.0275049
0.0265513
0.0270599
0.0285249
0.0298292
0.0298277
0.0286893
0.0285004
0.0287381
0.0273037
0.0264527
0.0280575
0.0290221
0.0291926
0.0267743
0.0254391
0.0280326
0.0281626
0.0269345
0.0318179
0.0248384
0.0258348
0.0292237
0.026971
0.0257589
0.0247785
0.0259161
0.0269654
0.0274222
0.0266859
0.0258796
0.0266334
0.025882
0.0265624
0.0251429
0.0265291
0.0264648
0.024791
0.0307857
0.0280136
0.0259596
0.0268043
0.027418
0.0297602
0.0325561
0.0302739
0.0290998
0.0294002
0.0298905
0.0288044
0.0278119
0.0287022
0.0285935
0.0293145
0.0318091
0.0305817
0.0281186
0.0291466
0.0305974
0.0288909
0.029317
0.0287969
0.0286609
0.0300541
0.0310314
0.029701
0.029621
0.0286748
0.0301035
0.0307438
0.0297584
0.0286592
0.0297303
0.0300176
0.0286446
0.0293859
0.0283756
0.0305117
0.0268007
0.0287229
0.0310449
0.0287186
0.029054
0.028425
0.028545
0.0281782
0.0287891
0.0286331
0.0281476
0.0287405
0.0331949
0.0292791
0.0281038
0.0281262
0.0268185
0.0280125
0.0267941
0.0283029
0.026997
0.0272101
0.0276931
0.0280874
0.0270115
0.027662
0.027827
0.0289787
0.0279229
0.027868
0.0292278
0.0311487
0.0307568
0.0283303
0.0277252
0.0297315
0.0305636
0.0278962
0.0288751
0.0305288
0.0285738
0.028565
0.0323841
0.0320358
0.0276959
0.0291482
0.0289039
0.0278921
0.0279754
0.0277494
0.028746
0.0264851
0.0275227
0.031404
0.0282905
0.0270167
0.0291799
0.0323887
0.0285032
0.0264567
0.0284401
0.0284448
0.0267034
0.0253862
0.0270107
0.0281824
0.0261326
0.0262839
0.0282725
0.0289808
0.0267305
0.0258555
0.0259621
0.0313344
0.0307638
0.0290489
0.02722
0.0284091
0.0294153
0.0267958
0.0288897
0.0263729
0.0283669
0.0302355
0.0293136
0.0301144
0.0330636
0.0304364
0.0284565
0.029873
0.0308936
0.0317722
0.0353535
0.0313761
0.0281084
0.0270417
0.0292675
0.0282674
0.0266557
0.0282175
0.0297913
0.0294258
0.0266758
0.0277769
0.0307766
0.0282145
0.0271547
0.0250582
0.0298305
0.0245951
0.0252886
0.0229355
0.0251308
0.0251001
0.0229253
0.023272
0.0242776
0.0242289
0.02241
0.0218235
0.0229946
0.0230698
0.0228284
0.0221957
0.0232265
0.022964
0.0212371
0.0219147
0.023598
0.0250623
0.0230437
0.0259859
0.0260455
0.0253934
0.024264
0.0234397
0.0244066
0.0239009
0.023601
0.0221727
0.0223113
0.0225319
0.0241949
0.0261332
0.0261516
0.0258085
0.0280082
0.0289905
0.0241331
0.0269138
0.0268955
0.0253688
0.0258794
0.026096
0.0275986
0.0268432
0.0309862
0.0264055
0.0283222
0.0323905
0.0276271
0.0294157
0.0298941
0.0277328
0.0278715
0.0285669
0.0289879
0.0277536
0.029218
0.0292217
0.027333
0.0261155
0.0267853
0.0313775
0.0255901
0.0276598
0.0287878
0.0282543
0.0289907
0.0304365
0.027192
0.0302419
0.0308994
0.0298712
0.0289138
0.0290246
0.0301976
0.029829
0.0290124
0.028172
0.0252907
0.0266701
0.0270014
0.0276921
0.0251784
0.0256746
0.0238011
0.025608
0.0260902
0.0232159
0.0247173
0.0253111
0.0263469
0.0249263
0.0249045
0.0257968
0.0292472
0.0304377
0.0252128
0.0300775
0.0287901
0.0271929
0.0300676
0.0300761
0.0279259
0.029355
0.029195
0.0282749
0.0265182
0.0285268
0.0294514
0.0300224
0.0281001
0.0282959
0.0295214
0.0297378
0.029419
0.0278233
0.0302939
0.0307159
0.0323344
0.0291018
0.0294499
0.0304001
0.0318283
0.0300076
0.0311951
0.0309484
0.0302644
0.0310477
0.0309093
0.0308691
0.030863
0.0314227
0.0346228
0.0362532
0.0347501
0.0318127
0.0307488
0.0297008
0.0306446
0.0292815
0.0276669
0.0292679
0.0299891
0.0289057
0.0268145
0.0283605
0.0283513
0.0307403
0.0286433
0.0248925
0.0289049
0.0283784
0.0278835
0.0263292
0.0264062
0.0260628
0.0303916
0.0284934
0.0301026
0.0266135
0.0298928
0.0287331
0.0283733
0.0283416
0.0290885
0.0297055
0.0284367
0.0298266
0.0297993
0.0319201
0.0333224
0.03592
0.0342794
0.0295207
0.0314633
0.0320558
0.0308951
0.0304801
0.030498
0.0310331
0.0314329
0.0305359
0.0305974
0.0290664
0.0310866
0.0302041
0.0297257
0.030018
0.0317425
0.0323291
0.030717
0.0365223
0.0302256
0.0293739
0.0299248
0.0319863
0.0308989
0.0286093
0.0302216
0.0316477
0.0318996
0.0317939
0.0311463
0.0277968
0.0303054
0.0326995
0.0317545
0.0277014
0.0293521
0.0307168
0.030369
0.028192
0.0292848
0.0290994
0.0293386
0.0302668
0.0301978
0.0308931
0.0275561
0.0275011
0.0275702
0.0291161
0.0317367
0.0319991
0.0300473
0.0286788
0.0293549
0.0283032
0.0288066
0.0291956
0.0289448
0.0301809
0.0303453
0.0320676
0.0314762
0.0300457
0.028448
0.0290822
0.0287697
0.0301956
0.0314908
0.0304079
0.030342
0.0337831
0.0343498
0.0367076
0.028246
0.0266843
0.0292586
0.0316813
0.0295748
0.0295924
0.0264684
0.0295649
0.0290285
0.0295202
0.0263241
0.0306354
0.031416
0.0298003
0.0259139
0.0262721
0.0279684
0.0298761
0.0301469
0.0257139
0.0277118
0.0288409
0.0281186
0.0273328
0.0269981
0.0268038
0.0260319
0.0254517
0.0290506
0.0289956
0.0277333
0.0258531
0.0271755
0.0260959
0.0302545
0.0290481
0.0292118
0.0269068
0.0310212
0.0315064
0.0298695
0.0278166
0.0290345
0.0309196
0.0290761
0.026207
0.028498
0.0298413
0.0269524
0.0250591
0.0258205
0.0265398
0.0288095
0.0253289
0.0228682
0.0264608
0.0265421
0.0249974
0.0237464
0.0245403
0.0236262
0.0244538
0.0249161
0.0239177
0.0238634
0.0253588
0.0269467
0.0256122
0.0244955
0.0270884
0.0258476
0.0280201
0.0275905
0.0270399
0.0249349
0.0281468
0.0284784
0.0296861
0.0258415
0.0301752
0.0272116
0.0283273
0.0261118
0.0256965
0.0269046
0.025292
0.0233332
0.0276107
0.0267384
0.0262097
0.0232154
0.0243543
0.0248437
0.0260912
0.0260337
0.0273941
0.0273429
0.0288894
0.0251728
0.0252584
0.0252036
0.0264917
0.0239425
0.024256
0.0243768
0.0256766
0.0239176
0.022107
0.0231976
0.0224985
0.0251033
0.0247333
0.022384
0.0229896
0.0220907
0.0220967
0.02137
0.0254691
0.0243357
0.0203076
0.0213887
0.0198686
0.0206724
0.0210568
0.0222027
0.0239616
0.0205994
0.0221618
0.0213504
0.0263162
0.023435
0.0212762
0.0221352
0.0237633
0.023729
0.0222041
0.0232681
0.0228664
0.0253646
0.0254656
0.0222725
0.0258933
0.0275667
0.024209
0.0257287
0.0254173
0.0241139
0.0259186
0.0262568
0.0258207
0.0246786
0.0251406
0.0252456
0.0239709
0.0253225
0.0272063
0.0239924
0.0256062
0.0259526
0.0232606
0.0272385
0.026325
0.024833
0.0260611
0.0287469
0.0248565
0.0259837
0.0256622
0.0251775
0.0251847
0.024865
0.0238476
0.0263858
0.0269978
0.0278599
0.0256754
0.0254841
0.026118
0.0265281
0.0245827
0.026737
0.0270057
0.0268853
0.0258688
0.0268624
0.0310411
0.0280816
0.0262999
0.027969
0.0289654
0.0251942
0.027714
0.0277355
0.0257326
0.0271206
0.0271403
0.0255023
0.0271962
0.0307966
0.0297736
0.0248342
0.0290586
0.0285411
0.0260917
0.0288014
0.0321258
0.0269257
0.0275058
0.0254762
0.0264158
0.0266581
0.0249501
0.0249899
0.026914
0.026827
0.0313251
0.0262958
0.0267888
0.0302841
0.0265866
0.0284539
0.0252227
0.0292098
0.0265798
0.0236824
0.0244423
0.0244021
0.0269297
0.0280261
0.0259088
0.0272191
0.0279315
0.0274948
0.0274302
0.0276788
0.0282751
0.030812
0.0296495
0.0283249
0.0286692
0.0263786
0.0280787
0.0283373
0.0289551
0.0243472
0.0260639
0.0285465
0.0262258
0.0257152
0.0300294
0.0254885
0.0250642
0.0241601
0.0234733
0.0245175
0.0237082
0.0240788
0.0265009
0.0270775
0.0224966
0.0232836
0.0246027
0.0245851
0.0233134
0.0258902
0.0224113
0.0239138
0.0230401
0.0280771
0.0242621
0.025007
0.0243624
0.0251286
0.0215615
0.0225695
0.0237042
0.0216244
0.0225044
0.0236458
0.0223964
0.0214126
0.0222642
0.0209468
0.0252995
0.0196956
0.023611
0.0207916
0.0193909
0.0201561
0.0207542
0.0212254
0.0231724
0.0238148
0.0249743
0.0251484
0.023384
0.0242742
0.0254694
0.0253889
0.0266956
0.0274003
0.0234383
0.0241914
0.0236717
0.0235023
0.0226935
0.0262636
0.0233823
0.0228089
0.0247486
0.0240766
0.025479
0.0291562
0.022708
0.0233367
0.0244178
0.0248718
0.0266846
0.0252268
0.0252551
0.0291595
0.0278574
0.0292086
0.0243269
0.0250944
0.0252909
0.02845
0.0270715
0.0285568
0.0244399
0.0276493
0.028093
0.0275581
0.0254712
0.0236688
0.0251834
0.0251156
0.0243971
0.0232982
0.0232908
0.0250233
0.0244839
0.024469
0.0214263
0.0243936
0.0233774
0.0238664
0.0224776
0.0222231
0.0219237
0.023137
0.02294
0.0218982
0.0216832
0.0219978
0.0224324
0.0216016
0.0214851
0.0235118
0.0223376
0.0243137
0.021546
0.0269495
0.0260892
0.0221907
0.0226118
0.0223422
0.0276711
0.0280418
0.0291115
0.0245056
0.0241032
0.0250963
0.0258989
0.0281797
0.0285775
0.0245597
0.0230095
0.0257701
0.0265404
0.0248007
0.025265
0.0263418
0.0303742
0.0292923
0.0263432
0.0254121
0.0269527
0.0274808
0.0258614
0.0265662
0.0290115
0.0260202
0.025412
0.0278494
0.0267261
0.0254854
0.025704
0.0250693
0.0259152
0.023928
0.0251505
0.0258374
0.0249386
0.0275013
0.0272097
0.0271729
0.0258754
0.026567
0.0270184
0.025245
0.0328385
0.031449
0.0280811
0.0264611
0.0287158
0.0280242
0.025714
0.0308439
0.0312792
0.0295535
0.0296505
0.0288527
0.0288622
0.0332199
0.0326091
0.0306535
0.0321202
0.0289053
0.031696
0.0279738
0.0264688
0.0280804
0.0270557
0.0274292
0.0282642
0.0258265
0.0300156
0.0292502
0.0313325
0.0271909
0.0290049
0.0284719
0.0293318
0.0286161
0.0308089
0.0288578
0.0309206
0.0349951
0.0323423
0.030939
0.0299537
0.0287087
0.0302695
0.031277
0.0358427
0.0372911
0.0329625
0.0335062
0.0313534
0.0318733
0.0319993
0.0310476
0.0293395
0.0320626
0.0354405
0.033576
0.0336677
0.0295715
0.0317518
0.0308523
0.0301213
0.0303346
0.0318771
0.0298005
0.0305154
0.0283052
0.0278598
0.0293493
0.0289432
0.0283293
0.0282021
0.0266486
0.0271811
0.0281365
0.0287426
0.0315482
0.0277482
0.0300847
0.0313011
0.0308173
0.0272482
0.0280448
0.0286165
0.0272548
0.0274257
0.0278469
0.0270721
0.0299187
0.0314316
0.0296964
0.0271614
0.0274091
0.0279086
0.0260296
0.0243372
0.0282319
0.0290893
0.0268848
0.0248383
0.0263088
0.0258066
0.025854
0.0232681
0.0266668
0.0285484
0.0279609
0.0254747
0.0242175
0.023729
0.0257653
0.0258941
0.0260741
0.025886
0.0245243
0.0264519
0.0240753
0.0262407
0.0258509
0.0250477
0.0260866
0.0248788
0.0277572
0.0267819
0.0254859
0.0271707
0.0272768
0.0280876
0.0287533
0.0261218
0.0264169
0.0252949
0.0268265
0.0302032
0.0320227
0.0313668
0.0320635
0.030366
0.0291523
0.0290943
0.0330295
0.0305141
0.0285179
0.0273739
0.0271581
0.0271726
0.0276554
0.025407
0.0270605
0.0279526
0.029579
0.0298309
0.0315119
0.0291439
0.0276197
0.0386865
0.0314676
0.0336223
0.035894
0.0307018
0.0332014
0.0297207
0.030048
0.0311838
0.0284726
0.0375012
0.0331631
0.0364265
0.0337264
0.0309705
0.0316277
0.0290949
0.031907
0.0330977
0.0338849
0.0325052
0.0309463
0.0313966
0.0285648
0.0301798
0.0293761
0.0307393
0.0340797
0.0320522
0.0308703
0.0288321
0.0283487
0.030403
0.0327785
0.0326916
0.0316693
0.0337334
0.0316971
0.031742
0.0465966
0.029288
0.0301822
0.0320185
0.0320074
0.032484
0.0300767
0.0296261
0.0323796
0.0317453
0.0320827
0.0303415
0.0328225
0.0353212
0.0324303
0.0382867
0.0328176
0.0281015
0.028164
0.0317164
0.0324682
0.0314075
0.0346908
0.0278562
0.0284301
0.0290717
0.0281624
0.0298402
0.0321618
0.0271862
0.0278531
0.0269022
0.0299417
0.0296972
0.0257874
0.0266736
0.0262269
0.0275482
0.027646
0.0275092
0.0283577
0.0272252
0.0266615
0.0292015
0.0298798
0.0273895
0.0287934
0.032176
0.0330218
0.0319348
0.0308127
0.0317432
0.0329728
0.0322046
0.0319759
0.0280183
0.0306929
0.0297498
0.0321435
0.0282143
0.0281299
0.030163
0.0293909
0.0303924
0.0275401
0.028138
0.0276944
0.027983
0.026783
0.0256121
0.0252299
0.0263968
0.0258373
0.027342
0.026002
0.0242149
0.0295156
0.0275812
0.0302875
0.0250718
0.0279879
0.0293746
0.0278427
0.025551
0.0296419
0.0282874
0.0263774
0.0246991
0.0263574
0.0311728
0.0270096
0.0251678
0.029738
0.0311207
0.0288996
0.0252636
0.0289417
0.0282036
0.0273703
0.0255318
0.0276663
0.0279682
0.0303431
0.028297
0.0273496
0.0284644
0.0304699
0.0293245
0.0311289
0.0281733
0.0303364
0.0303595
0.0319484
0.0292541
0.0296731
0.0280929
0.0306521
0.0302756
0.0247884
0.0288076
0.0292441
0.0269051
0.0267121
0.0260014
0.0279347
0.0287032
0.0264279
0.0254668
0.0265299
0.0269677
0.0275559
0.0289264
0.0268361
0.0275599
0.0276599
0.0286074
0.0291346
0.0316867
0.0277224
0.028406
0.0304842
0.0298006
0.0297227
0.0285126
0.0323213
0.0350982
0.03305
0.0343437
0.0305536
0.0338328
0.0341144
0.0330472
0.0330131
0.0335379
0.0324821
0.033947
0.031746
0.0336818
0.030796
0.0308025
0.0347936
0.0329884
0.0326334
0.0337155
0.0327448
0.0337094
0.0345009
0.0340739
0.0325581
0.0324437
0.0323544
0.0328939
0.0347329
0.0352539
0.035196
0.0328553
0.0322794
0.0337881
0.0352383
0.0377711
0.0340591
0.0332032
0.0331252
0.0321759
0.032812
0.0324133
0.032455
0.0317127
0.0317545
0.0329644
0.033637
0.0305402
0.0306681
0.0298933
0.0310046
0.0322763
0.0309788
0.0289966
0.0345942
0.0348233
0.0304937
0.0300067
0.0338104
0.0333615
0.0317314
0.028813
0.0309796
0.0318246
0.0307391
0.028389
0.0299038
0.0304003
0.0323089
0.0290882
0.0310728
0.0326148
0.0332372
0.0282496
0.0316595
0.0300159
0.0301872
0.0287187
0.0304348
0.0305565
0.0317953
0.0336138
0.0298529
0.0289557
0.0295862
0.027128
0.0283086
0.0295507
0.0301399
0.0254943
0.0281991
0.0272215
0.0273355
0.0231542
0.0244503
0.02429
0.0236962
0.0223247
0.0269403
0.0237254
0.024271
0.0188725
0.0197575
0.0202493
0.0190978
0.0182801
0.0208886
0.0230166
0.02277
0.0212897
0.0245524
0.0268372
0.0260232
0.0249272
0.0264341
0.0261318
0.0276728
0.0297826
0.030689
0.030779
0.0311399
0.0333594
0.0353971
0.0347484
0.0352854
0.034421
0.0372323
0.0347895
0.0329217
0.0357001
0.0358399
0.0374967
0.0321633
0.0342069
0.0357704
0.0346272
0.0321663
0.0337438
0.0365041
0.0362263
0.0316069
0.034285
0.0328719
0.0347877
0.0350512
0.035545
0.0341314
0.0360433
0.0393001
0.036461
0.0347259
0.0347083
0.0350529
0.0353749
0.0357225
0.033039
0.0323782
0.0376249
0.0373859
0.0375457
0.0311902
0.031248
0.0318676
0.0295038
0.0299203
0.0262599
0.0275362
0.0269903
0.0262482
0.0242051
0.0280443
0.0284142
0.0272923
0.0262293
0.024703
0.0234745
0.0237029
0.0233516
0.0264395
0.026124
0.0253459
0.0237942
0.0230835
0.0232658
0.0258903
0.0261652
0.0262906
0.0250925
0.0271766
0.0270828
0.0268706
0.0312311
0.0239691
0.026723
0.0270743
0.0273989
0.0326026
0.0257872
0.0277853
0.0293008
0.0298938
0.0281189
0.026807
0.0285191
0.029395
0.0299408
0.029368
0.031976
0.0327803
0.0328444
0.0341082
0.0325342
0.0321907
0.0351926
0.0328715
0.0324771
0.0337679
0.0314365
0.0315935
0.0343615
0.0304489
0.0286977
0.028385
0.0267504
0.0294669
0.0280834
0.0272927
0.0282169
0.0290825
0.0292952
0.0290333
0.0268807
0.029786
0.0290666
0.0287616
0.027646
0.0289781
0.02824
0.029938
0.024901
0.0239307
0.0227057
0.0254584
0.0228374
0.0233103
0.0270043
0.0283407
0.0249986
0.02347
0.0254431
0.0265078
0.0275869
0.0260155
0.0254428
0.0277832
0.0294247
0.0300475
0.029805
0.0303079
0.0318549
0.0322216
0.0337382
0.0312474
0.0312935
0.0343155
0.0333686
0.0367787
0.0344957
0.034742
0.0341946
0.0342862
0.0362005
0.032804
0.0309662
0.0317624
0.0325813
0.0350705
0.0307468
0.0320875
0.0329788
0.0317327
0.0332908
0.0346843
0.0311332
0.028271
0.028993
0.0276281
0.028719
0.0318135
0.0272229
0.0282102
0.0279043
0.0301015
0.02637
0.0249679
0.0255248
0.0264993
0.0237248
0.0228909
0.0220431
0.0279804
0.0245938
0.0251386
0.0226713
0.0240814
0.0251652
0.0241401
0.0255362
0.0231465
0.0237564
0.0249709
0.0226438
0.0226421
0.0221766
0.0252977
0.0264358
0.0283317
0.0264758
0.0250789
0.0247627
0.0274341
0.0278948
0.03162
0.0299736
0.0319619
0.0318422
0.0324079
0.0330387
0.0313202
0.0334694
0.0339925
0.0344755
0.0278046
0.029323
0.0313055
0.0332637
0.0281674
0.0270675
0.0281784
0.0285458
0.0312068
0.0293806
0.0259658
0.0287672
0.0318404
0.0342344
0.0261159
0.0284313
0.0259372
0.0278968
0.0276842
0.0279465
0.024242
0.0244042
0.0239821
0.0252546
0.0255683
0.0253666
0.0246659
0.0291088
0.0263174
0.0278884
0.0236412
0.0286455
0.0297757
0.0302241
0.0301806
0.0300506
0.0298356
0.0305282
0.024838
0.0282234
0.0298127
0.0320986
0.0282834
0.0283365
0.0301739
0.0287714
0.0270459
0.0289207
0.0288929
0.02834
0.025337
0.0289894
0.0288255
0.0318875
0.0273765
0.0265
0.0270481
0.0285401
0.0283961
0.0286928
0.026367
0.0272324
0.0274456
0.0289387
0.0277029
0.0281674
0.0268895
0.0312398
0.0300024
0.0297756
0.0284924
0.0258849
0.0286057
0.0300655
0.0296766
0.0267861
0.0268462
0.0282034
0.028748
0.0293385
0.0265302
0.0272729
0.0271114
0.0266044
0.0245024
0.0245201
0.0242031
0.0259503
0.0277418
0.0272615
0.0244086
0.0253147
0.0262409
0.0266403
0.0248023
0.0269107
0.0260312
0.0258169
0.0293222
0.0280489
0.029508
0.0252804
0.0252717
0.0258275
0.0259317
0.026952
0.0271624
0.0258813
0.0254836
0.0244821
0.0252669
0.0266511
0.0286488
0.026878
0.0256359
0.0264933
0.0276866
0.026048
0.0244228
0.0263473
0.0269597
0.0258015
0.0239794
0.02386
0.0254018
0.025497
0.0239315
0.0230885
0.0307824
0.0272068
0.0242311
0.0219534
0.0239443
0.0240381
0.0257552
0.0236285
0.0242644
0.0257987
0.0274013
0.0255482
0.0250019
0.0288717
0.028458
0.0270547
0.0244513
0.0267177
0.0278767
0.0275352
0.0268642
0.0284838
0.0283848
0.0310155
0.0260939
0.0273165
0.0322043
0.0308983
0.0307671
0.027793
0.0278611
0.0264664
0.0266608
0.0287258
0.0322984
0.0300697
0.0275814
0.0274388
0.0275311
0.0279512
0.0332433
0.0311128
0.0313321
0.0294352
0.0292122
0.0290525
0.0337305
0.0355886
0.0332869
0.0296498
0.0331594
0.0331119
0.0338998
0.0303442
0.0339164
0.0334612
0.0342091
0.0323415
0.0349503
0.0342337
0.0365988
0.0344343
0.0328121
0.0335533
0.0344589
0.0336898
0.0353286
0.0328319
0.031466
0.0339176
0.0346941
0.0323068
0.0295403
0.030588
0.0305579
0.0307309
0.0301492
0.029327
0.0274644
0.0329721
0.0306467
0.0301275
0.029899
0.0285685
0.0284066
0.0301721
0.0302582
0.0326117
0.0280871
0.0331874
0.0291605
0.0292714
0.0284297
0.0262189
0.0281907
0.0314504
0.0314093
0.0295689
0.0257914
0.0279056
0.0279538
0.029102
0.0252927
0.0250338
0.0292872
0.0280097
0.0278572
0.0282406
0.0282509
0.0306048
0.028496
0.0266346
0.0293337
0.0277632
0.0249085
0.0243466
0.0263549
0.0269557
0.0250576
0.0233533
0.0241259
0.0256384
0.0253246
0.0245891
0.0235465
0.0238104
0.0269176
0.0269734
0.0247636
0.023738
0.0239259
0.0267431
0.0257625
0.0248998
0.0237762
0.026097
0.0270721
0.0261031
0.0242446
0.0273181
0.0269165
0.0262351
0.0242606
0.0242613
0.0243946
0.0248973
0.0253034
0.0266544
0.0225925
0.0270996
0.02489
0.0233711
0.0224592
0.0231194
0.0227247
0.0239694
0.0241054
0.0247057
0.0243171
0.0225991
0.0266873
0.0239517
0.0220396
0.0208248
0.0240433
0.0237251
0.0225182
0.0210312
0.0216272
0.0228161
0.0244872
0.0232669
0.0212055
0.0211186
0.0212771
0.0225884
0.0219337
0.0213716
0.022183
0.0206261
0.0206074
0.0211458
0.019571
0.021178
0.0204669
0.0200245
0.0209654
0.0220999
0.0214564
0.0199975
0.0209172
0.0206162
0.0224575
0.0227617
0.0211873
0.0218363
0.022055
0.0233346
0.0236498
0.0282018
0.0225102
0.0216692
0.0218818
0.027052
0.0235267
0.0244627
0.021921
0.0230286
0.0247202
0.0218795
0.02271
0.0219886
0.0231833
0.0242361
0.0223904
0.0225855
0.0233756
0.0275231
0.0221803
0.0226258
0.0234265
0.0231431
0.0286372
0.0230497
0.0240916
0.0260479
0.0253875
0.0248352
0.0248188
0.026495
0.0255979
0.0250133
0.026359
0.0270078
0.0271775
0.0246961
0.0265903
0.03027
0.0251224
0.0235904
0.0254464
0.028491
0.0261689
0.0251895
0.0243728
0.0255756
0.0244256
0.0228389
0.0224256
0.0240363
0.0250047
0.0221654
0.0250758
0.0250544
0.0232654
0.0248135
0.0247027
0.0235465
0.0225478
0.0224433
0.0217478
0.0233711
0.0245116
0.0214902
0.0220986
0.0226301
0.0206835
0.0218245
0.0221745
0.0221025
0.0226363
0.0212481
0.0227093
0.025033
0.026021
0.0233718
0.0235227
0.0232789
0.0244006
0.0234818
0.0244559
0.0279841
0.0255164
0.0250566
0.0222554
0.0224424
0.0229745
0.0261736
0.0264819
0.0224107
0.0232397
0.0227062
0.0234434
0.0219832
0.0221113
0.0240671
0.0242618
0.0244475
0.0235271
0.0243715
0.0240574
0.0240134
0.0235659
0.0234101
0.0231643
0.0233724
0.0245376
0.0255698
0.0228664
0.0240505
0.023973
0.0233834
0.0239282
0.0259337
0.0247712
0.0232079
0.0263745
0.0248487
0.0234482
0.0228697
0.0236196
0.0234498
0.0219399
0.0218415
0.0239109
0.0247614
0.0239323
0.0231763
0.0241473
0.0256768
0.0236251
0.0221484
0.0212324
0.0216915
0.025101
0.0263916
0.0242327
0.0224739
0.0233786
0.0236494
0.0240139
0.02262
0.022593
0.0222352
0.0248633
0.0232043
0.0216346
0.021735
0.0224345
0.0222848
0.0203027
0.0214881
0.0224553
0.0217905
0.0213784
0.0212338
0.0210761
0.0215902
0.0222112
0.0211911
0.0191717
0.0218858
0.0228096
0.0229618
0.0227554
0.022581
0.0224173
0.0200573
0.020194
0.0217847
0.0218859
0.0204041
0.0208794
0.0202259
0.0200737
0.0225097
0.0220006
0.0202711
0.0214039
0.0206744
0.0203873
0.0205274
0.0202664
0.0202349
0.0207251
0.0205195
0.0191026
0.0201204
0.0203457
0.0206361
0.0225253
0.0229878
0.0211756
0.0224988
0.0232562
0.0231669
0.025184
0.0239795
0.0224045
0.0230266
0.0239769
0.024222
0.0221889
0.0228896
0.0271976
0.0242366
0.0232526
0.0230758
0.0228896
0.0267173
0.0244483
0.0228006
0.0235583
0.0256984
0.0256743
0.0248642
0.0244482
0.0242883
0.0234136
0.0288597
0.0275626
0.024557
0.0264523
0.0268946
0.0265697
0.0256084
0.0240367
0.0249425
0.0255259
0.0248997
0.0275076
0.0267556
0.0252274
0.0253727
0.0235685
0.0238994
0.0245228
0.025205
0.0236073
0.0237402
0.0236974
0.0258605
0.0250568
0.0261821
0.0250804
0.0248484
0.0230648
0.0247361
0.0242612
0.0235419
0.0236957
0.0233991
0.0216196
0.0242768
0.0235876
0.0214232
0.022009
0.0229272
0.0232154
0.0211101
0.0225348
0.0227716
0.0227451
0.0211119
0.0236022
0.0240177
0.0226782
0.0231847
0.0243517
0.0246461
0.0221293
0.023643
0.0231281
0.0238375
0.0260442
0.0253906
0.0224967
0.02399
0.0244204
0.027671
0.0230314
0.0261663
0.0240221
0.0235362
0.0243959
0.0249133
0.0239228
0.0262026
0.0270098
0.024289
0.0251808
0.0234916
0.0239841
0.0256297
0.0246104
0.0231151
0.0232862
0.0268064
0.0214948
0.023334
0.0230643
0.0209849
0.0217367
0.0210197
0.0211758
0.0246689
0.0222618
0.0198139
0.0233464
0.0230695
0.0212778
0.0225448
0.025144
0.0229934
0.0209472
0.0212783
0.0227037
0.0231674
0.0236161
0.023325
0.0234904
0.0267741
0.0282407
0.0225621
0.0238771
0.0234408
0.0246469
0.0245025
0.0259518
0.0241935
0.0240825
0.0273355
0.0253244
0.0233105
0.0243624
0.0248453
0.0250367
0.0235909
0.023963
0.0239529
0.0254511
0.0247144
0.0231176
0.0238388
0.0234903
0.0285902
0.0229748
0.0235519
0.0235372
0.0240275
0.0256611
0.0219357
0.0223179
0.0245185
0.0249218
0.0231402
0.0285743
0.0306125
0.0284366
0.0290278
0.0279076
0.0261909
0.0286658
0.0289059
0.02657
0.0347126
0.0281281
0.0266722
0.0290474
0.0319903
0.0276676
0.0279826
0.0287016
0.0271516
0.0302994
0.0300412
0.0287779
0.0296194
0.0322871
0.0296681
0.0312868
0.0288462
0.0283797
0.029702
0.0337719
0.0306019
0.0307528
0.0305457
0.0299165
0.0317013
0.0328641
0.0308081
0.027913
0.0325705
0.0302632
0.027838
0.0367696
0.0339616
0.0328762
0.0339545
0.0339244
0.0347428
0.0343618
0.0354296
0.0354697
0.034839
0.0333505
0.0335039
0.0336029
0.0628257
0.0364824
0.0336365
0.0341493
0.0348183
0.0321532
0.0315297
0.0335131
0.0319007
0.0336263
0.0329099
0.0317581
0.0326788
0.0360335
0.0346785
0.0355729
0.0315874
0.0350928
0.0349754
0.0372009
0.0371626
0.0371426
0.0355505
0.0357161
0.0372399
0.0358048
0.0354935
0.038436
0.038844
0.0403388
0.0408748
0.0381888
0.0408969
0.0404815
0.0384095
0.0383159
0.039265
0.0411421
0.0388512
0.0387637
0.0382178
0.0395506
0.0361637
0.0382598
0.0419193
0.0429837
0.0347372
0.0355693
0.0357536
0.0384182
0.0362843
0.0339047
0.0365986
0.0355011
0.0398751
0.0398464
0.0367622
0.0331282
0.034703
0.0357719
0.0394884
0.0339715
0.0323325
0.0319065
0.0358761
0.035872
0.0383583
0.0342829
0.0346347
0.0362678
0.0387787
0.0378114
0.0362258
0.0331958
0.0310208
0.0333618
0.0360628
0.0369229
0.0368716
0.0319873
0.0328901
0.0378506
0.038399
0.0336338
0.0312448
0.0349963
0.0350351
0.0364557
0.0363993
0.0317432
0.0322772
0.0337315
0.0332909
0.0342737
0.0328948
0.0326783
0.0317427
0.0344427
0.0344084
0.0373501
0.0448904
0.0334892
0.03604
0.0346512
0.0411011
0.0377684
0.0366006
0.035537
0.0339475
0.0393754
0.0410022
0.0404549
0.040152
0.0408473
0.0398148
0.0405637
0.0402828
0.039783
0.0401651
0.0389883
0.035969
0.0411206
0.0376738
0.0362053
0.0375593
0.0385728
0.0355026
0.0354363
0.0350465
0.0380816
0.0384746
0.0386119
0.0394626
0.0354509
0.0369932
0.0355056
0.0422819
0.0383391
0.0377764
0.0367407
0.0366514
0.0349084
0.0360715
0.0431158
0.0344751
0.0338203
0.0317945
0.0354445
0.0350801
0.0375028
0.0395639
0.0338058
0.0354267
0.0331439
0.0364396
0.0358828
0.037863
0.0376411
0.0403859
0.0377848
0.0425542
0.0385587
0.0391037
0.040466
0.0371436
0.0360512
0.0408221
0.0404208
0.0391463
0.0372026
0.0348143
0.0341615
0.0336111
0.0322747
0.0370178
0.0381213
0.0355854
0.0346668
0.0407565
0.0325784
0.0339156
0.030792
0.0310843
0.0310415
0.0311695
0.0326276
0.0348966
0.0358704
0.0354425
0.0371496
0.0349167
0.0317486
0.0323944
0.03516
0.0353098
0.0367819
0.0369153
0.0330824
0.0329907
0.0311006
0.032111
0.0318088
0.0331295
0.0337956
0.0389258
0.0289349
0.029292
0.029502
0.0318607
0.0377498
0.0343013
0.0316414
0.0309382
0.0286028
0.0309509
0.0309074
0.0309185
0.0374825
0.0296366
0.0304225
0.0297493
0.0303059
0.028284
0.0312855
0.0323261
0.0315169
0.0306523
0.0323384
0.0276763
0.0277249
0.0304367
0.0308394
0.0419752
0.0351
0.0318857
0.0294472
0.0312545
0.0311058
0.0336155
0.0317939
0.0321626
0.0324184
0.0306849
0.0306216
0.0306903
0.0330849
0.0291723
0.0279312
0.0312666
0.031073
0.0353226
0.0299848
0.0288856
0.0269608
0.0304342
0.0319925
0.031506
0.0308179
0.0285094
0.0294137
0.0280386
0.0297635
0.0358194
0.0278553
0.0269495
0.0281341
0.027514
0.0284407
0.0278741
0.0285539
0.0312163
0.0300608
0.0269506
0.025039
0.0285593
0.028552
0.0299483
0.0272406
0.0263172
0.0292544
0.0279413
0.0275003
0.0272358
0.029451
0.0276162
0.0287198
0.0274457
0.0310292
0.0311764
0.034948
0.028852
0.0288398
0.0304325
0.0292562
0.0293809
0.0274983
0.0283329
0.0291351
0.0305427
0.032765
0.0303812
0.0297845
0.0320367
0.0299486
0.0282869
0.0279477
0.0290885
0.0292635
0.032559
0.0324185
0.0306953
0.0333685
0.0330592
0.0315863
0.030003
0.0326087
0.0323917
0.0302801
0.0280066
0.0308761
0.0307704
0.029912
0.0282433
0.0276165
0.0288407
0.0322679
0.0314725
0.0297738
0.0274044
0.0288002
0.0321546
0.0297878
0.0264948
0.0265712
0.0261307
0.0246635
0.0256978
0.0278394
0.0264332
0.0252544
0.0235282
0.0251313
0.0254963
0.030422
0.0230769
0.02353
0.0232477
0.0246574
0.0230292
0.0236106
0.0253238
0.0257709
0.0258926
0.0253019
0.0256845
0.0266645
0.0264411
0.0283005
0.0291862
0.0298496
0.0289535
0.0273786
0.0280229
0.0311213
0.032125
0.0255214
0.0258921
0.0252089
0.0261051
0.0282713
0.0275808
0.0276009
0.0260506
0.0265982
0.0268549
0.0267952
0.0259836
0.0270099
0.0264975
0.0265818
0.0271379
0.0281351
0.0271313
0.0260548
0.0264239
0.0259741
0.0260033
0.0264289
0.024881
0.0292049
0.0279706
0.0268623
0.0285738
0.028992
0.0309411
0.0288528
0.030453
0.0282879
0.0309109
0.0306348
0.0310362
0.0315821
0.0319238
0.0337847
0.032082
0.0285303
0.0257639
0.0261147
0.0262992
0.0249632
0.0269356
0.0267707
0.0273079
0.0270914
0.0268681
0.0275119
0.026464
0.0258059
0.02673
0.0250493
0.0238976
0.0246095
0.027581
0.0292846
0.0287014
0.0294558
0.0300488
0.0287216
0.0273486
0.0252426
0.0257897
0.0268854
0.0257122
0.0253806
0.0267836
0.027554
0.0286062
0.0289549
0.0264805
0.0261581
0.0263118
0.0281889
0.0285712
0.0303731
0.0270075
0.0276121
0.0279305
0.0284805
0.0285475
0.0294066
0.0285484
0.0284122
0.0299997
0.0271512
0.0254989
0.0271984
0.0276219
0.0281861
0.0284058
0.0275217
0.0280578
0.028713
0.0296976
0.0287969
0.0295185
0.0288321
0.0299719
0.0310966
0.0308564
0.031746
0.030701
0.0299336
0.030378
0.030088
0.0301123
0.0299716
0.0295351
0.0288444
0.0298995
0.0287831
0.0280381
0.0283168
0.0289849
0.0303662
0.0296758
0.029149
0.0298999
0.0305763
0.0299799
0.0302612
0.030375
0.0279936
0.0287276
0.0282124
0.0285861
0.0288768
0.0289485
0.0294467
0.0292018
0.0296502
0.0299541
0.0286025
0.0288223
0.0294539
0.0291369
0.0314628
0.0288803
0.0286842
0.0283557
0.0285592
0.0289757
0.0297992
0.0284456
0.0304173
0.0295295
0.030073
0.0295307
0.0301155
0.0310325
0.0293391
0.0304695
0.0304887
0.0317663
0.0291386
0.0294892
0.0280921
0.0294901
0.0302542
0.0293815
0.0305431
0.0301175
0.0295887
0.0301287
0.0284642
0.0283692
0.026969
0.0275123
0.0288483
0.0278324
0.027792
0.029011
0.0289148
0.0267651
0.0267415
0.0274028
0.0300151
0.0262206
0.0276963
0.0276773
0.0284616
0.0285712
0.031325
0.029051
0.0267445
0.0273725
0.0266023
0.0260212
0.0274685
0.0264042
0.0271514
0.0276365
0.0334053
0.0334504
0.0335841
0.0324022
0.0326413
0.0341266
0.0362321
0.0356903
0.0335923
0.0346901
0.0354169
0.0317986
0.0339564
0.0329541
0.032878
0.0306096
0.0291917
0.0281652
0.0281335
0.0270543
0.0245965
0.0242675
0.0250312
0.0257013
0.0245979
0.0284615
0.0281788
0.0282815
0.0266583
0.0282019
0.0283975
0.0270826
0.0273887
0.0268296
0.0270321
0.0281218
0.0282152
0.0290743
0.0294321
0.0301558
0.0297232
0.0328612
0.0298139
0.0291497
0.027766
0.0284397
0.029344
0.0298926
0.0283686
0.0310663
0.0307887
0.0305799
0.0303963
0.0306363
0.0332695
0.0320063
0.0313722
0.0295134
0.0309354
0.0330306
0.0300618
0.028621
0.0284556
0.0288863
0.0285193
0.0286718
0.0286298
0.0287034
0.0298251
0.0270303
0.0272633
0.027139
0.0305483
0.0294157
0.0276993
0.025661
0.0290295
0.0267092
0.0266219
0.0264452
0.0260495
0.0265947
0.0279286
0.0285931
0.029636
0.0302616
0.0279074
0.0331526
0.028949
0.0309365
0.0287222
0.0282991
0.0319765
0.0326265
0.0326659
0.0278873
0.0308504
0.0299214
0.0316873
0.0309304
0.0308048
0.0301428
0.028555
0.0303482
0.0310071
0.0312093
0.0286723
0.027404
0.0289249
0.0282008
0.0298876
0.0306775
0.0315137
0.0289644
0.0301203
0.0286262
0.0302129
0.0290706
0.0287636
0.0290373
0.0296481
0.0297322
0.0300034
0.0304023
0.0294545
0.0276881
0.0290646
0.0297275
0.0302452
0.0286005
0.0275753
0.0295838
0.0305859
0.0305574
0.0291458
0.0304327
0.0302651
0.0301607
0.0301737
0.030952
0.031082
0.0320593
0.0318682
0.0321103
0.0346353
0.030882
0.03133
0.0314745
0.0294712
0.0302081
0.0295147
0.0289581
0.0295408
0.0295766
0.0336719
0.028374
0.0282049
0.029036
0.0293345
0.0292781
0.0288737
0.0321042
0.0303841
0.0299617
0.0307837
0.0292355
0.0309166
0.0318896
0.0311555
0.0308255
0.0316019
0.0332103
0.0307108
0.0290803
0.0302709
0.029892
0.0303692
0.0294293
0.0313406
0.030548
0.0298914
0.0308182
0.0307202
0.0290675
0.0300204
0.0297506
0.0296684
0.0301269
0.0298277
0.0311335
0.0301951
0.0300563
0.0303529
0.0309368
0.0290636
0.0300001
0.0302024
0.0296825
0.0294832
0.0297745
0.0295873
0.029767
0.0301024
0.0308888
0.0311477
0.0291654
0.0299383
0.0299842
0.0298317
0.0303428
0.0295574
0.0302297
0.0303843
0.0318199
0.0337896
0.0327292
0.0294711
0.029851
0.0291024
0.0301134
0.0304159
0.0296544
0.029805
0.0304557
0.0310589
0.029668
0.0286687
0.0297521
0.0295091
0.0295355
0.0284894
0.0294555
0.0300212
0.0306974
0.0329515
0.0291171
0.0291479
0.0296601


