0.0153957
0.0162097
0.0147516
0.0323857
0.0283576
0.0291638
0.0289217
0.0288587
0.0322129
0.0313468
0.0319577
0.0355923
0.0303881
0.0325027
0.0324789
0.0392121
0.0364153
0.0335246
0.0344416
0.031574
0.0332309
0.0321292
0.0317088
0.0349081
0.0337574
0.0355002
0.0349205
0.0332021
0.0328816
0.0328348
0.0336533
0.0345865
0.0342833
0.0310562
0.037702
0.036667
0.035221
0.038491
0.0347943
0.0401301
0.0360158
0.035352
0.037801
0.0343282
0.0361307
0.0365694
0.0373674
0.0345644
0.0349311
0.0354981
0.0229259
0.0244172
0.0231771
0.0241333
0.0253873
0.0241995
0.0235958
0.0144707
0.0307638
0.0152129
0.0145596
0.0147958
0.0149782
0.0146492
0.0147532
0.014796
0.0288646
0.0233286
0.0265552
0.0280295
0.0272639
0.0284825
0.0303462
0.0315828
0.0307502
0.0282794
0.0318274
0.0331121
0.0294157
0.0317063
0.0297097
0.0308993
0.0298876
0.0312598
0.0303941
0.0302931
0.0308082
0.0309867
0.0342129
0.0328466
0.0328583
0.0338159
0.0326006
0.0340836
0.0328448
0.0336366
0.031599
0.0357919
0.0366556
0.0345446
0.0341897
0.0337897
0.0339973
0.0372189
0.0386534
0.0366704
0.0351301
0.0384007
0.039012
0.0356702
0.0340421
0.0376286
0.0346573
0.0356987
0.0231788
0.0252552
0.0271041
0.0255946
0.025294
0.0252521
0.0245211
0.0280986
0.0269799
0.0313437
0.0308729
0.0298188
0.0295543
0.0297903
0.0282359
0.0310802
0.032161
0.0276542
0.0296498
0.030425
0.0278231
0.0345068
0.0308053
0.0285511
0.0306959
0.0323131
0.0295583
0.0295488
0.030348
0.0314744
0.0291222
0.0296391
0.0308916
0.0292237
0.0300322
0.0299107
0.0319513
0.0304943
0.030175
0.0294483
0.0340055
0.0300591
0.0297273
0.0309786
0.0302124
0.0307451
0.0279358
0.0299441
0.0297639
0.0284411
0.0301078
0.0295985
0.0284297
0.0299988
0.03138
0.028353
0.0323993
0.0312016
0.0316019
0.02964
0.028947
0.0296573
0.0318307
0.034096
0.0321019
0.0335692
0.0348665
0.0369621
0.031215
0.0301256
0.033854
0.0351658
0.0309203
0.0307027
0.034162
0.0332763
0.0313111
0.0332727
0.0322834
0.0292719
0.0318121
0.0328272
0.0326241
0.0319223
0.031359
0.0316022
0.0321732
0.0331935
0.0315001
0.0325936
0.030904
0.0325792
0.0330928
0.0308583
0.0373829
0.0341457
0.0312557
0.0327158
0.03202
0.0330359
0.0327591
0.0332051
0.0323499
0.0318354
0.036432
0.0331321
0.0317098
0.0308809
0.033576
0.0331397
0.0329387
0.0324794
0.0308017
0.0306299
0.0329391
0.0317664
0.031662
0.0332926
0.032711
0.0342251
0.0303286
0.0297558
0.0306231
0.0286136
0.0291508
0.0305039
0.0272692
0.0320647
0.0349458
0.0300785
0.0340703
0.0317951
0.0291752
0.0333014
0.0409832
0.0325394
0.0321734
0.0314376
0.0303644
0.0310911
0.0314194
0.0336431
0.0319754
0.0320664
0.0350366
0.0314629
0.0320712
0.0316011
0.0327145
0.0343171
0.0329956
0.0325257
0.0317497
0.0332256
0.0331932
0.0304158
0.0320235
0.0356048
0.0347313
0.0347625
0.0328295
0.0344922
0.0343674
0.0314742
0.0344965
0.0323563
0.0321211
0.0312545
0.0311708
0.0326182
0.0316692
0.0337525
0.0341238
0.0364754
0.0341236
0.0311987
0.0302988
0.0293253
0.0301989
0.0313789
0.0288112
0.0282255
0.0306503
0.0246235
0.0270079
0.0271637
0.0250044
0.0267732
0.0288581
0.0278506
0.0287853
0.0269656
0.0268062
0.0285658
0.0329069
0.0309933
0.0283154
0.0310607
0.034824
0.0336347
0.033102
0.0323464
0.031727
0.0323897
0.0318103
0.0290082
0.0280135
0.0280584
0.0275336
0.0243449
0.0309028
0.0327145
0.0271038
0.0299018
0.0310019
0.0283392
0.029779
0.0309523
0.0329721
0.0306261
0.031422
0.030127
0.0301253
0.0304318
0.0316156
0.0304584
0.0274451
0.0296886
0.0311563
0.0303235
0.0308504
0.0309804
0.0314083
0.030651
0.0300869
0.0295825
0.0283248
0.029881
0.0290927
0.0305334
0.0288199
0.034044
0.0343026
0.0339545
0.0342709
0.0340721
0.0363187
0.0347758
0.035148
0.0299023
0.0297588
0.0323526
0.0324904
0.0309763
0.0314336
0.0318313
0.0308971
0.0321271
0.0307543
0.0269871
0.0277873
0.0284906
0.026566
0.0286643
0.0286881
0.0289868
0.0322036
0.0318554
0.0324602
0.0325893
0.0314075
0.0309781
0.0306279
0.0317342
0.0281953
0.0311442
0.0328893
0.0291763
0.030313
0.0283462
0.0284746
0.0302273
0.030234
0.0294552
0.0306812
0.0304465
0.0304372
0.0333567
0.0325654
0.0299982
0.0306134
0.0300215
0.0313561
0.0324896
0.0314176
0.0331072
0.0327584
0.0336589
0.0363271
0.0317598
0.0318096
0.0327957
0.0323226
0.0314258
0.0312261
0.0319386
0.031721
0.0334648
0.0327426
0.0328193
0.032147
0.0317569
0.033238
0.0321111
0.0307206
0.0305295
0.0319647
0.0309785
0.0327356
0.0299382
0.029229
0.0289471
0.0357979
0.0339709
0.0353129
0.0307158
0.0323668
0.0290846
0.0303606
0.029913
0.0329464
0.0289773
0.0286327
0.0296712
0.0299261
0.0313216
0.0313984
0.0302399
0.0318962
0.0299247
0.0279304
0.0290785
0.0272198
0.0252549
0.0254965
0.025784
0.0255063
0.0328642
0.0313518
0.0294825
0.0329767
0.0300206
0.0306651
0.031055
0.0315593
0.0328083
0.0289112
0.0298922
0.0359027
0.0342469
0.0334134
0.030875
0.0319657
0.0297301
0.0296517
0.0322271
0.0285449
0.0301537
0.0297065
0.0294781
0.0308694
0.0282637
0.0321614
0.0323732
0.0301556
0.0294399
0.0309064
0.030114
0.0329931
0.03608
0.0329423
0.0303074
0.030511
0.0308825
0.0296203
0.0297521
0.0297033
0.0302081
0.0291862
0.033279
0.0312469
0.030687
0.0288988
0.0300189
0.0302157
0.0306021
0.0322074
0.0293499
0.029758
0.0295691
0.0305831
0.0302304
0.0283493
0.0306367
0.0314475
0.029925
0.0289483
0.0283998
0.0290639
0.0295871
0.0290702
0.0260199
0.0277667
0.0309899
0.0271018
0.0277963
0.0279181
0.0258355
0.0246917
0.0269662
0.0265524
0.0238367
0.0250913
0.024522
0.0234553
0.0210056
0.0225815
0.0225085
0.0202013
0.021328
0.0205959
0.0198208
0.0194419
0.0204509
0.0211107
0.0190026
0.0201634
0.0208417
0.020533
0.0206639
0.0210437
0.0221094
0.0197478
0.0211723
0.0207036
0.0201357
0.0203359
0.020053
0.021426
0.0239934
0.0208106
0.0225159
0.0217957
0.0210717
0.0219494
0.0264721
0.0211939
0.0216938
0.0212419
0.0214648
0.022528
0.0227607
0.0220935
0.0251404
0.0239198
0.0232829
0.0237859
0.0268074
0.0218044
0.0235545
0.0228054
0.0236997
0.0236048
0.0214457
0.022798
0.0227232
0.0233758
0.0238736
0.0207877
0.0227049
0.0242942
0.0248503
0.0218688
0.0235167
0.0235163
0.0245629
0.0235756
0.0215403
0.0241672
0.0248937
0.0227294
0.0241292
0.0244527
0.024204
0.0231419
0.0243403
0.0259256
0.026896
0.0210504
0.0220661
0.0230858
0.0225686
0.0250974
0.0215771
0.0211936
0.0223819
0.0214965
0.0212052
0.0215527
0.0198361
0.0212797
0.0223693
0.0210979
0.0208947
0.0205579
0.021322
0.0224189
0.0211943
0.021217
0.0220474
0.022483
0.0282372
0.0233345
0.0229652
0.022595
0.0228824
0.0245666
0.0245207
0.0227254
0.023314
0.0227552
0.0256209
0.0256935
0.0225377
0.021506
0.0230298
0.0223539
0.0234827
0.0242413
0.0236241
0.0244259
0.0229994
0.0232633
0.023241
0.0245315
0.0243676
0.0225014
0.0240288
0.0236279
0.0232706
0.0264554
0.0240928
0.0232979
0.0249158
0.0236287
0.0232652
0.0229846
0.0249128
0.0237032
0.02471
0.0227638
0.024142
0.0242247
0.0221508
0.0228756
0.02206
0.0218274
0.0220813
0.0203697
0.0216941
0.0203047
0.02308
0.0209712
0.0201601
0.0200172
0.0199714
0.0213438
0.0204388
0.0215646
0.0245571
0.0221229
0.0227821
0.0223564
0.022202
0.0235143
0.0224813
0.0253994
0.0231281
0.0237904
0.0236374
0.0262251
0.0230764
0.0238345
0.0275752
0.0242909
0.0249856
0.024729
0.0246091
0.0230459
0.0251909
0.0239746
0.0254887
0.0275841
0.0255456
0.0267148
0.0249219
0.0300018
0.0272772
0.0273962
0.0278948
0.0254226
0.0262761
0.0260815
0.0259258
0.0278287
0.0237729
0.0271746
0.0265949
0.0261118
0.0259252
0.0271309
0.0270245
0.02601
0.0274436
0.0294279
0.0273239
0.0274889
0.0291416
0.030438
0.028122
0.0279342
0.0278844
0.0284943
0.0257368
0.0272828
0.0281068
0.0256162
0.0274143
0.0306475
0.0314516
0.0316607
0.0257771
0.027848
0.0277693
0.0261467
0.0283901
0.0310512
0.0259297
0.0288224
0.0313793
0.0252985
0.0274942
0.0273163
0.0246718
0.027302
0.0272787
0.0248891
0.0254004
0.0241882
0.0254961
0.0250333
0.0231159
0.0271657
0.0289116
0.0249491
0.0259148
0.0248606
0.0255041
0.025845
0.0256625
0.0247658
0.0268074
0.0271922
0.025787
0.0278662
0.0303196
0.0285646
0.0279097
0.0285442
0.0290851
0.0274784
0.0277429
0.0270632
0.0302963
0.0270762
0.0294816
0.0334849
0.0283036
0.0317226
0.029898
0.0323446
0.0294614
0.0302444
0.0327885
0.0281885
0.0293249
0.030639
0.0299003
0.0292813
0.0288377
0.0291765
0.0299893
0.0320541
0.0294648
0.0294365
0.0292633
0.031732
0.0333266
0.0294982
0.0296752
0.0292695
0.0308983
0.0304648
0.0311129
0.0322521
0.0300315
0.0288533
0.030679
0.0306364
0.0302196
0.0312177
0.0307555
0.0311868
0.034083
0.0325699
0.0332853
0.0313112
0.0312358
0.0306498
0.0304151
0.0298885
0.029533
0.0313215
0.0287114
0.0289583
0.0291649
0.0271771
0.02866
0.0277731
0.0282878
0.0234978
0.0244922
0.0254519
0.0219827
0.0249252
0.0250156
0.0218711
0.0227093
0.0234674
0.024139
0.0212188
0.0241189
0.0275092
0.0214261
0.0217017
0.0226514
0.0276931
0.0223796
0.025022
0.0261191
0.0234512
0.024943
0.0253275
0.0293475
0.0267335
0.0254466
0.0250135
0.0254672
0.0307832
0.0259766
0.0265858
0.0256933
0.0247999
0.0274047
0.0261556
0.0236413
0.0247697
0.0249814
0.0243951
0.0250847
0.0230753
0.0266039
0.0254511
0.0228626
0.0238305
0.0262256
0.024943
0.0247924
0.0274665
0.0262242
0.0270727
0.0302053
0.0286961
0.0267636
0.0299605
0.029759
0.0289099
0.0304787
0.0294163
0.0292122
0.032918
0.0306137
0.0285037
0.0296329
0.0289963
0.0284211
0.0271145
0.0284911
0.0288565
0.0298441
0.0285443
0.0287055
0.0273376
0.0292795
0.0290635
0.0270413
0.0286989
0.0325852
0.0266509
0.0306351
0.0285819
0.027402
0.0272492
0.0278625
0.0284651
0.0260384
0.0296345
0.0288854
0.0295172
0.0275555
0.0299941
0.0283929
0.0286708
0.0300277
0.0299615
0.0284643
0.0283923
0.0312816
0.0301559
0.027096
0.0291565
0.0315446
0.0293042
0.0317015
0.029436
0.0287372
0.028842
0.0294724
0.0272922
0.0270738
0.0273926
0.0259225
0.0272905
0.0316481
0.0235687
0.0267377
0.0276103
0.0257956
0.0267761
0.0274086
0.0249377
0.0259119
0.0260744
0.0264097
0.0264437
0.0236372
0.024496
0.0242965
0.0283813
0.0252925
0.0246993
0.0253182
0.0251334
0.0224639
0.0264688
0.0248911
0.0261844
0.0240253
0.0240479
0.0256257
0.0258819
0.0239606
0.0252229
0.0294854
0.0244239
0.024851
0.0252196
0.0242065
0.0270096
0.0288165
0.0262298
0.0273014
0.0276238
0.0270367
0.0286269
0.0311983
0.0254064
0.0278103
0.0286081
0.0269254
0.0281018
0.0291027
0.0280181
0.0251723
0.026505
0.0272389
0.0246347
0.0259181
0.0277624
0.0244263
0.0248553
0.0253353
0.0235937
0.02295
0.0232247
0.0213281
0.0231593
0.0235735
0.0214757
0.0223713
0.0236297
0.0224158
0.0262217
0.024716
0.0228148
0.0241028
0.0255946
0.0229169
0.0271931
0.02653
0.0268685
0.0254857
0.0262559
0.0259523
0.0312738
0.0319565
0.0306221
0.0275681
0.0276783
0.0291031
0.0323138
0.0284613
0.0297628
0.0301245
0.0276556
0.0281081
0.0278217
0.0288102
0.0330479
0.0306708
0.0292691
0.0295772
0.0301657
0.02862
0.0289812
0.0290218
0.0306122
0.0328211
0.0307698
0.0293889
0.0284023
0.0269404
0.0298188
0.0298904
0.0272012
0.0264853
0.0298147
0.0284307
0.0271964
0.0286525
0.0300969
0.0309245
0.0275817
0.0312004
0.0331994
0.0280877
0.0304392
0.033145
0.0346774
0.0290687
0.0304959
0.0295647
0.0317786
0.0297623
0.0308718
0.0318961
0.0305976
0.0280508
0.0307393
0.0309854
0.0322707
0.0294358
0.0291802
0.0319076
0.0319384
0.0286955
0.0287601
0.028365
0.0281321
0.0283805
0.0293905
0.0308401
0.0334642
0.033989
0.0296081
0.0335638
0.0306019
0.0318135
0.0326489
0.0301701
0.0296834
0.0298944
0.0314532
0.0316805
0.0308322
0.0297971
0.0295992
0.0294659
0.0319378
0.0303037
0.0306631
0.0284619
0.0292047
0.0285087
0.0308015
0.0304511
0.0285534
0.0319051
0.030458
0.0286988
0.0289155
0.0296799
0.0296783
0.0286823
0.0312091
0.0300077
0.0281994
0.0303674
0.0303085
0.0298651
0.0263477
0.0281458
0.0284601
0.0261353
0.0275795
0.0279782
0.0257084
0.0271984
0.0275208
0.0278895
0.0259399
0.0284807
0.0294917
0.0276028
0.0293357
0.0304354
0.0277855
0.0293099
0.0298105
0.0272469
0.027503
0.0293495
0.0286604
0.0274197
0.0296978
0.030711
0.0277852
0.030639
0.0297246
0.0281992
0.0313626
0.0307436
0.0282604
0.0292994
0.0301718
0.0272237
0.0288118
0.0291892
0.0283046
0.0277909
0.0299339
0.029273
0.0260536
0.0296705
0.0295929
0.029043
0.0316248
0.0314575
0.0302174
0.0304632
0.0317407
0.0320908
0.0279589
0.0318128
0.0311348
0.0298996
0.0302088
0.0313481
0.0319615
0.0332278
0.0352411
0.0341767
0.0315396
0.0293763
0.0325534
0.0314919
0.0331722
0.0274324
0.0300865
0.0307877
0.0290139
0.0279704
0.0306465
0.0325002
0.0292605
0.0316219
0.0309642
0.0316544
0.0326481
0.0343948
0.0341342
0.033706
0.0318293
0.0320797
0.0304019
0.0311335
0.0335856
0.0308783
0.0316825
0.0330932
0.0305432
0.0313545
0.0349718
0.0339212
0.0347494
0.0306814
0.0323125
0.0344701
0.03474
0.0334302
0.0361429
0.036153
0.0369732
0.0330528
0.0381289
0.0357642
0.0356128
0.0332208
0.0344223
0.0349423
0.0330541
0.0313188
0.035356
0.0357915
0.0335741
0.0311597
0.0327097
0.032812
0.033942
0.0316689
0.0359799
0.0371879
0.0320926
0.0306268
0.0321006
0.0334833
0.0318592
0.0287805
0.0320935
0.033788
0.0290659
0.0283101
0.0298283
0.0303684
0.0296717
0.0300704
0.030632
0.0302998
0.0309898
0.0286649
0.0274608
0.0290872
0.0315531
0.03029
0.0283813
0.0320708
0.031891
0.0336129
0.0303541
0.0301958
0.0308087
0.0305056
0.031582
0.0316404
0.0311627
0.0298037
0.0287281
0.0295191
0.0294109
0.0285112
0.0274899
0.0263532
0.0269058
0.0273283
0.0268692
0.0279601
0.0278242
0.0316936
0.0295442
0.0258098
0.0258817
0.0270055
0.0265825
0.0279756
0.0257346
0.0246003
0.0253506
0.0313498
0.0281916
0.0288585
0.0257278
0.0260753
0.0244333
0.0261917
0.0270604
0.0246039
0.0255582
0.0306599
0.0318477
0.0298127
0.0252291
0.0245161
0.0263892
0.0268033
0.025806
0.0270556
0.0283293
0.0269133
0.0254423
0.0241219
0.0256361
0.025364
0.0234814
0.0237951
0.0236241
0.0221088
0.0280818
0.0255837
0.0247674
0.0225995
0.022717
0.0265852
0.0245013
0.0224493
0.0237719
0.0227223
0.0220668
0.0232281
0.0232399
0.020755
0.021907
0.021653
0.0241375
0.0237035
0.0213417
0.0244536
0.0272793
0.0256139
0.0252389
0.0221161
0.0225566
0.0237188
0.0254419
0.0230767
0.0241208
0.0245793
0.0253977
0.0261787
0.0263743
0.0244752
0.0235673
0.0243297
0.0236435
0.0227836
0.0246771
0.0278051
0.0241359
0.026879
0.0267815
0.0240383
0.0249245
0.027397
0.0274251
0.0253623
0.0274457
0.0253685
0.0261871
0.0248688
0.0267989
0.0269677
0.0254755
0.0290692
0.0287837
0.0258331
0.0256128
0.0260345
0.0284384
0.0265778
0.0248944
0.0269022
0.0296897
0.027147
0.0268403
0.0241727
0.0269079
0.0250308
0.0264299
0.0249263
0.0262448
0.0267015
0.0268764
0.0247507
0.027391
0.0258642
0.0263769
0.0258396
0.0252219
0.0278904
0.0265168
0.0298895
0.0305576
0.0263711
0.0265632
0.0276199
0.0275484
0.0265384
0.026916
0.0264679
0.0285259
0.0284556
0.0274971
0.0256329
0.0273797
0.0269959
0.0261474
0.0278273
0.0278001
0.0282107
0.027634
0.0292654
0.0279429
0.0266521
0.0274653
0.0272483
0.0276216
0.027038
0.0264921
0.0270131
0.0261378
0.025525
0.0260882
0.0254785
0.0289298
0.0255146
0.0266803
0.0278198
0.0280957
0.0269321
0.0257605
0.0282658
0.0278285
0.0271123
0.0284033
0.0259791
0.0303261
0.0266773
0.0276912
0.0258572
0.0285113
0.0269249
0.0252592
0.02528
0.0288456
0.0257545
0.0235205
0.0254545
0.0235552
0.0214355
0.0256238
0.0254995
0.0221853
0.0259315
0.0270794
0.0231325
0.0237259
0.022551
0.0216991
0.0217722
0.021797
0.0200687
0.0210393
0.0221552
0.0227935
0.0219059
0.0209113
0.023651
0.020875
0.020926
0.0246554
0.0248521
0.0201271
0.0229834
0.0236736
0.0224817
0.0241373
0.0268201
0.0231083
0.0260674
0.0250835
0.0248818
0.0272056
0.0287424
0.0254972
0.0296536
0.0291113
0.0255286
0.0282618
0.0280604
0.0263377
0.0284881
0.0286085
0.0263646
0.0305545
0.0319064
0.0281603
0.0316235
0.0283798
0.026264
0.0290378
0.0295153
0.0251974
0.0277246
0.0276584
0.0256874
0.0286595
0.0268857
0.0242873
0.0287551
0.0266918
0.0241747
0.0266051
0.0275672
0.0251562
0.0286198
0.0288394
0.0261325
0.0279301
0.0313436
0.0295551
0.0302963
0.0287348
0.0264049
0.0270119
0.0273713
0.02508
0.0274022
0.029267
0.0300046
0.0283343
0.0277929
0.0274273
0.0289908
0.0266634
0.0242401
0.0270295
0.0274641
0.0258915
0.0260729
0.0272221
0.0251604
0.0270764
0.0280582
0.025404
0.026948
0.02737
0.0286651
0.0256695
0.0259602
0.0259854
0.0243557
0.0261798
0.0262508
0.0250257
0.0271777
0.0268905
0.0243817
0.027443
0.0263108
0.0242635
0.0279393
0.030061
0.028032
0.025562
0.0265712
0.0261102
0.0246782
0.0233264
0.0238901
0.0242405
0.0271709
0.0265891
0.0259391
0.0274008
0.0264148
0.028115
0.0312563
0.0260444
0.0252572
0.028274
0.032115
0.0276259
0.0260999
0.0314415
0.0274767
0.0255723
0.0257633
0.0279447
0.0299922
0.023933
0.0256699
0.0259236
0.0259806
0.0234769
0.0239785
0.0266858
0.0240218
0.0221024
0.0226863
0.0225605
0.0226045
0.0231385
0.0244593
0.0228682
0.023953
0.0239563
0.0233477
0.0242173
0.0252768
0.0240721
0.0228914
0.0235662
0.0244509
0.0254797
0.027223
0.0252932
0.026295
0.0274056
0.0301663
0.0303078
0.0289876
0.0301503
0.0297801
0.0320746
0.0338125
0.0303307
0.0311826
0.0327028
0.0319469
0.0322461
0.0292971
0.0293035
0.0308438
0.0301766
0.0323962
0.0301435
0.0276172
0.0312829
0.0287595
0.0286902
0.0290643
0.0282845
0.030196
0.0311511
0.0295706
0.0298571
0.0309853
0.0289516
0.0285077
0.0285271
0.0311218
0.029253
0.0308485
0.031023
0.0289009
0.0324419
0.0329541
0.0329281
0.0308748
0.0338934
0.034563
0.0322131
0.0309174
0.0328582
0.0344778
0.0351498
0.0314185
0.0364741
0.032289
0.0298864
0.0286321
0.0290072
0.0305709
0.029485
0.0273806
0.0285355
0.0273499
0.0302999
0.0299283
0.0274942
0.0307609
0.0296945
0.02826
0.0280699
0.0321458
0.0290736
0.0301053
0.0283474
0.0261412
0.0284173
0.0328184
0.0274886
0.0261386
0.0279694
0.028174
0.0260413
0.0298889
0.0259343
0.0254915
0.0251167
0.028369
0.029601
0.0261447
0.023979
0.0239313
0.0242119
0.0239295
0.0215729
0.0241241
0.0251309
0.0223007
0.0228852
0.0233788
0.023207
0.0244887
0.0229197
0.0223442
0.0232723
0.0216835
0.0219626
0.0226247
0.0221238
0.0223543
0.0239994
0.0228499
0.0229236
0.0235965
0.0250511
0.0255121
0.0253818
0.0238534
0.0242357
0.0246896
0.0236682
0.0253588
0.0240942
0.0257846
0.0270153
0.0255612
0.0274269
0.0268097
0.0263433
0.0270537
0.0261734
0.026463
0.025746
0.0264734
0.0262606
0.0263098
0.0279406
0.0268336
0.0261697
0.0265294
0.0304814
0.0268862
0.0251251
0.0252173
0.0260814
0.0283526
0.0260481
0.027517
0.0267199
0.0278174
0.0267989
0.0247498
0.0248476
0.0264265
0.0273904
0.0276208
0.0244451
0.0262464
0.0265926
0.0272411
0.0243396
0.0269659
0.0264267
0.0259372
0.0285942
0.026174
0.0288862
0.0261523
0.0256598
0.0299275
0.0268703
0.0249568
0.0270766
0.0275954
0.0259767
0.0268189
0.0290247
0.0283668
0.0278651
0.0287319
0.0285328
0.0287116
0.0278167
0.0268387
0.0288031
0.0284561
0.0258862
0.0273558
0.0281257
0.0260498
0.025729
0.0292729
0.0288641
0.0244125
0.0241682
0.0245362
0.0273474
0.0289071
0.0244572
0.0260617
0.0266552
0.0250631
0.0273134
0.028285
0.0247963
0.0250771
0.0261443
0.0264609
0.0243069
0.0251745
0.0273915
0.0255401
0.0269642
0.0235265
0.0249959
0.0260026
0.0266165
0.0237959
0.0254138
0.0265347
0.027274
0.0248326
0.0295348
0.0278475
0.0259755
0.0286528
0.0296725
0.0278316
0.0262236
0.0293787
0.0282339
0.026703
0.0270293
0.0263344
0.0267585
0.0242985
0.0251483
0.0258403
0.0247779
0.0280798
0.0280381
0.0253999
0.0273074
0.0252766
0.0250017
0.0261623
0.0245041
0.0259568
0.0262632
0.0242521
0.0260123
0.025551
0.0234821
0.0250886
0.0251672
0.0234089
0.024561
0.024637
0.0232878
0.0248834
0.0285323
0.0263807
0.0277802
0.0252831
0.0229768
0.0269268
0.0279578
0.0259944
0.0241121
0.024835
0.0235726
0.0220367
0.0238476
0.0266134
0.0212915
0.0221249
0.0222331
0.0223477
0.0216578
0.0224445
0.0229803
0.0212262
0.0214555
0.0217719
0.0234835
0.0261823
0.0217224
0.0223267
0.0227574
0.0235534
0.0251373
0.0294337
0.0236768
0.024912
0.0241169
0.0222746
0.0246012
0.026454
0.023451
0.030745
0.0264304
0.0243503
0.0261703
0.0257782
0.023247
0.0269276
0.0281362
0.0235398
0.0262205
0.0244555
0.0224943
0.0238205
0.026763
0.0244188
0.0230347
0.0244563
0.0251025
0.0223162
0.022615
0.0255797
0.0244507
0.0227795
0.023249
0.0227149
0.0260539
0.0248688
0.0231143
0.0273663
0.0277735
0.0225456
0.0256744
0.0265251
0.0256896
0.0271034
0.0289346
0.0296017
0.0278578
0.0288705
0.028455
0.0264806
0.0297615
0.0307461
0.0272432
0.0287769
0.0284048
0.027929
0.028591
0.0308106
0.027156
0.0292287
0.0305309
0.0276953
0.0306327
0.029219
0.0273143
0.0292606
0.0327899
0.0275711
0.0303701
0.0297705
0.0293645
0.0310481
0.0303749
0.0293454
0.0308963
0.0304549
0.0272991
0.0261116
0.0312241
0.0276814
0.0285636
0.028708
0.0291892
0.0276894
0.0252951
0.0280437
0.0269091
0.024964
0.025637
0.0310374
0.030231
0.0285911
0.0272059
0.028459
0.03075
0.0282908
0.0319903
0.0307107
0.0298493
0.0292096
0.0299391
0.0304451
0.0308973
0.0309773
0.0329188
0.0319417
0.0290505
0.0318768
0.0305192
0.0313433
0.0301404
0.0295945
0.0295149
0.0307202
0.0300275
0.027745
0.0301154
0.0302183
0.0313927
0.0289383
0.0284448
0.0294545
0.0298696
0.030128
0.0286755
0.0280147
0.0324955
0.0295334
0.0274902
0.027046
0.0297741
0.0333123
0.0289564
0.0296677
0.0302774
0.0276558
0.0269106
0.0281386
0.0313883
0.0301051
0.0277981
0.0287559
0.0300644
0.0344963
0.0331587
0.030085
0.0334863
0.0329965
0.033023
0.0302962
0.0327373
0.0334426
0.0330113
0.0319501
0.0323532
0.0343765
0.0347845
0.031269
0.0316551
0.0354661
0.0379911
0.032143
0.0326695
0.0332968
0.0307349
0.0323452
0.0308388
0.0330029
0.0323479
0.0302625
0.0291702
0.0321859
0.0312271
0.0309242
0.0305754
0.0340285
0.0284442
0.027151
0.0278915
0.0281789
0.0275097
0.0285739
0.030001
0.0282279
0.0270412
0.0258498
0.0238435
0.0249214
0.0250992
0.0257047
0.0231809
0.0246395
0.0264696
0.0278832
0.0260971
0.0244358
0.0272248
0.0273814
0.0255792
0.0242088
0.0274868
0.02763
0.0265664
0.0256818
0.0254384
0.0275305
0.0273566
0.0284228
0.0251086
0.0284429
0.0281282
0.0274246
0.029216
0.0284747
0.0269447
0.0258227
0.0300602
0.0295764
0.0273862
0.0267866
0.0268146
0.0268437
0.0255449
0.0245298
0.0285409
0.0270037
0.0263958
0.0264027
0.0302516
0.0280021
0.0267042
0.0251436
0.0246576
0.0244085
0.0270858
0.0274936
0.0274681
0.0257134
0.026391
0.0251481
0.0283124
0.0265189
0.0244223
0.0242212
0.0258044
0.0268894
0.0273066
0.0253605
0.0244223
0.0256256
0.0253121
0.0248654
0.0236621
0.0242576
0.0248356
0.0263017
0.0262212
0.0262016
0.0274574
0.0285025
0.0289617
0.0269257
0.0263292
0.026424
0.0263865
0.026145
0.0296496
0.0278226
0.0248699
0.0287101
0.0295265
0.028319
0.0298437
0.0280535
0.0286675
0.0256719
0.0279062
0.0283122
0.0266848
0.0286367
0.0312806
0.0281787
0.0296158
0.0299558
0.0288913
0.0304974
0.0294693
0.0275624
0.0291847
0.0318352
0.0273217
0.0293249
0.032472
0.0270922
0.0290007
0.0320429
0.0275365
0.0267456
0.026932
0.0281006
0.0254848
0.027337
0.0281692
0.0257246
0.0266932
0.0265357
0.0247542
0.0241067
0.0256649
0.0287428
0.0234972
0.024304
0.024448
0.0266352
0.0229637
0.0254644
0.0260106
0.0250284
0.0262247
0.0263911
0.025251
0.0264078
0.026673
0.0259149
0.026315
0.0286668
0.0277607
0.0258994
0.028145
0.0300883
0.0276216
0.0287238
0.0286425
0.0296213
0.0323878
0.030008
0.0282805
0.023333
0.0254064
0.0263866
0.0253826
0.025719
0.0301827
0.0292765
0.0252326
0.0279412
0.0290913
0.0264369
0.0295828
0.0303121
0.0271089
0.0278292
0.0301647
0.0311389
0.0290402
0.0267076
0.0291351
0.0306096
0.028699
0.0264736
0.0289786
0.0316758
0.0280632
0.0245527
0.0267045
0.028224
0.0277358
0.0288485
0.0280565
0.0271837
0.0251331
0.0277447
0.0306423
0.0264739
0.0256833
0.0262672
0.0265733
0.0274362
0.0300927
0.024796
0.0254016
0.029842
0.0260349
0.024754
0.0293006
0.0292171
0.0288043
0.027239
0.0295058
0.0302304
0.0308234
0.0278806
0.0292239
0.0299269
0.0325903
0.0265601
0.0288279
0.029161
0.0282735
0.0271158
0.0299769
0.0321765
0.0282726
0.0290118
0.0294416
0.0291607
0.0279521
0.026022
0.0286602
0.0286655
0.0298848
0.0269214
0.0285909
0.0300158
0.0276038
0.0265466
0.0288905
0.0303047
0.0285605
0.0291955
0.0281087
0.0287426
0.0281055
0.0287142
0.0305626
0.0325823
0.031666
0.0303101
0.031803
0.0321381
0.0333833
0.0295903
0.0304154
0.0319823
0.030341
0.0287382
0.0297508
0.0303848
0.032528
0.0288513
0.0323161
0.0308957
0.0308869
0.0293557
0.0330431
0.0326008
0.0316288
0.0291717
0.0305552
0.0313231
0.0314267
0.0295612
0.0299473
0.0367357
0.0333103
0.0311307
0.0325947
0.0341831
0.0331898
0.0313706
0.0325592
0.0344434
0.0350071
0.0318813
0.0360913
0.0333603
0.0331433
0.032087
0.0327339
0.0338718
0.0334279
0.032088
0.0321944
0.0317299
0.0317087
0.0314525
0.0322847
0.0313243
0.0307718
0.029954
0.0291731
0.0290521
0.0315618
0.0298687
0.0306052
0.0283823
0.0291674
0.0284108
0.0300079
0.0309844
0.0299572
0.0280639
0.0296299
0.0312888
0.0320687
0.0305859
0.0283201
0.0283185
0.0272115
0.0276286
0.0277645
0.0287071
0.0310095
0.0296001
0.0268878
0.0294585
0.0283415
0.0280758
0.0281173
0.0247879
0.0256455
0.0258141
0.0253915
0.0254825
0.0265188
0.0240883
0.0244989
0.0257896
0.0272004
0.0265273
0.0235257
0.0263574
0.0245203
0.0269946
0.025525
0.0247203
0.0240498
0.024735
0.0260909
0.0277223
0.0270003
0.0279011
0.0268223
0.0253277
0.0280757
0.0266769
0.0272825
0.0267296
0.0262108
0.0263476
0.0296805
0.0288085
0.0282437
0.0268374
0.0279239
0.0273142
0.0309871
0.0289686
0.0284058
0.0259972
0.0279936
0.0272461
0.0277877
0.0276753
0.0269454
0.0249842
0.0276112
0.026098
0.025202
0.0240993
0.0241095
0.0245918
0.0259186
0.0259919
0.0281628
0.0248265
0.0236484
0.0246087
0.0266708
0.0270585
0.0261363
0.0251277
0.0262755
0.0249239
0.0243426
0.0247724
0.0255615
0.0263394
0.0248162
0.0274189
0.0257355
0.0281058
0.0279942
0.0285566
0.0255514
0.028068
0.0286205
0.027163
0.0259563
0.0270109
0.0316056
0.028381
0.0275501
0.0243484
0.0284707
0.0288954
0.0272432
0.025407
0.0250134
0.0252375
0.0252333
0.0264553
0.0264008
0.0246528
0.0243333
0.024304
0.0245351
0.0262297
0.0244194
0.0253097
0.0272118
0.0261089
0.0246417
0.0251621
0.0248079
0.0254922
0.0267376
0.0276437
0.0254841
0.0266208
0.0251577
0.0262452
0.0270288
0.0251023
0.0254817
0.0266413
0.027141
0.0243299
0.0250748
0.0236184
0.0302248
0.0246145
0.0218565
0.0244974
0.0252397
0.0252604
0.0233133
0.0239784
0.0262847
0.0262285
0.0242694
0.0266374
0.0276961
0.0250758
0.0258788
0.0273305
0.0267027
0.0252795
0.0280302
0.0271233
0.0238541
0.0292264
0.0262978
0.0248995
0.0265107
0.0257893
0.0264579
0.0231835
0.0250958
0.0247352
0.0248815
0.0222145
0.0259027
0.026315
0.0247272
0.0276335
0.0281105
0.0258964
0.0275736
0.0281395
0.0274615
0.0273913
0.0288557
0.0293154
0.0274881
0.0274696
0.0281117
0.0287409
0.0263108
0.0270886
0.0279568
0.0284672
0.0259471
0.0297965
0.0290015
0.0277236
0.0288247
0.0290452
0.0269237
0.0305725
0.0301496
0.0275873
0.0303027
0.0285614
0.026771
0.0275937
0.0277736
0.0262697
0.0272396
0.0294177
0.027254
0.0270682
0.0302016
0.0257457
0.0259
0.0273809
0.0273285
0.0252874
0.0253282
0.0239251
0.0263347
0.025281
0.0235878
0.0261583
0.0262944
0.027217
0.0266522
0.0250883
0.0274121
0.0264692
0.0252277
0.0241406
0.025359
0.0280473
0.0264376
0.0247744
0.0256522
0.0270156
0.0281771
0.0252751
0.028681
0.0267646
0.0245941
0.0289687
0.0272952
0.0256476
0.0310099
0.0308342
0.0274731
0.0283207
0.0307352
0.0272047
0.0302125
0.0289296
0.0275603
0.0292982
0.0307594
0.0277437
0.0283758
0.029169
0.0293792
0.0288764
0.0311652
0.0273395
0.0287101
0.0297094
0.0285712
0.0297157
0.030766
0.0278239
0.0265576
0.0295409
0.0299785
0.0268693
0.0290752
0.0295092
0.0277775
0.029698
0.0311121
0.0279156
0.0285893
0.0321246
0.0291029
0.0272791
0.0273652
0.0271543
0.0339072
0.0294159
0.0284493
0.0271683
0.0283873
0.0291348
0.0279718
0.031909
0.030773
0.0301144
0.0279119
0.0280985
0.0293193
0.0302651
0.0281273
0.0310745
0.0301675
0.0293426
0.030162
0.03189
0.0297379
0.027682
0.0280299
0.0303875
0.0279942
0.0295905
0.031815
0.0278985
0.0294973
0.0296597
0.0289458
0.026092
0.0275277
0.0277748
0.0264898
0.0276724
0.0282508
0.0276388
0.0269958
0.0291824
0.0269238
0.0260523
0.0248685
0.0246626
0.0236726
0.026782
0.0300015
0.0249056
0.0269002
0.0264892
0.0269912
0.0253307
0.0265553
0.0277332
0.0249014
0.0247624
0.0266723
0.029758
0.0265998
0.0290562
0.0315824
0.0272206
0.0259201
0.026923
0.0275162
0.0266927
0.0253844
0.0269017
0.0277413
0.0269358
0.0280314
0.0298285
0.0285934
0.026632
0.0309028
0.0292557
0.0308446
0.0280255
0.0303637
0.03108
0.0301715
0.0286084
0.0310056
0.0298783
0.0300301
0.026629
0.0300765
0.0309784
0.0288413
0.0290174
0.0294378
0.0293752
0.0294835
0.0280511
0.029225
0.0298413
0.0301721
0.0284455
0.0269674
0.0299366
0.0319948
0.0284982
0.0290771
0.0298506
0.0297752
0.0319412
0.0281383
0.029391
0.0303377
0.0297579
0.0277679
0.0312379
0.0293567
0.0299762
0.030182
0.0290101
0.0288394
0.0301308
0.0305735
0.0296758
0.0302851
0.0292516
0.0301816
0.0307355
0.0306191
0.029015
0.029766
0.0294588
0.0312164
0.0318971
0.032233
0.0293428
0.0303801
0.0307414
0.0355323
0.0314324
0.0299354
0.0297799
0.0308248
0.0303147
0.0303495
0.0304892
0.0328915
0.0342649
0.0324917
0.0309502
0.0285521
0.0301126
0.0308511
0.0299931
0.0274191
0.0289953
0.0295691
0.0282502
0.0263186
0.0283271
0.0299286
0.0295659
0.0275566
0.0287286
0.0283978
0.0280027
0.0280545
0.027052
0.0280414
0.0261303
0.025678
0.0270503
0.0279576
0.0282911
0.0298126
0.03047
0.0272226
0.027775
0.0247043
0.0258279
0.0275281
0.028409
0.0252887
0.0257037
0.0264408
0.0265221
0.023001
0.0257664
0.0266739
0.0248989
0.0244515
0.0260533
0.0261203
0.0276784
0.0288317
0.027352
0.0257384
0.0280609
0.0288361
0.027087
0.0246935
0.0260952
0.0260215
0.0274014
0.0278104
0.0277138
0.0255934
0.0251685
0.0272411
0.0268123
0.0271312
0.0261914
0.0268926
0.0299193
0.0296588
0.0294835
0.0293581
0.0288535
0.0279739
0.0266494
0.02738
0.0315716
0.0296854
0.0266151
0.0258135
0.0292877
0.0285234
0.0279239
0.0260309
0.0263102
0.026291
0.0276148
0.0272867
0.0263551
0.0232733
0.0245604
0.0275202
0.0275674
0.0298572
0.0248221
0.0267701
0.0257941
0.0262959
0.0266828
0.0236414
0.0284583
0.0275491
0.0278846
0.0302177
0.0268321
0.0268508
0.0273041
0.028372
0.0325947
0.0310528
0.0312835
0.0307238
0.0293697
0.0302846
0.0279299
0.0285179
0.0288056
0.0287464
0.0298765
0.0311494
0.0321763
0.0297354
0.0281037
0.0284477
0.0284423
0.0280874
0.028115
0.0288042
0.0301365
0.0288952
0.0290476
0.0298209
0.0295782
0.0307175
0.0299237
0.0291909
0.0291923
0.0320061
0.0281323
0.0286575
0.0314507
0.0281755
0.0270648
0.027347
0.0284328
0.030927
0.0301758
0.0276841
0.0289732
0.0285635
0.0281703
0.028512
0.0284357
0.0276561
0.0331717
0.0316588
0.0291494
0.0283426
0.0283354
0.029022
0.0288097
0.0277944
0.0266657
0.0272148
0.0279982
0.0279965
0.0279106
0.0293083
0.0281115
0.0279238
0.0261319
0.0266341
0.0270046
0.0279386
0.0281276
0.0278084
0.0280185
0.0353586
0.0288994
0.0313237
0.0275306
0.0288597
0.0296112
0.0291816
0.0287097
0.0290989
0.0294772
0.0290589
0.0289535
0.0283169
0.0271658
0.0270724
0.0278867
0.0324374
0.0301773
0.0323415
0.0284479
0.0286428
0.0287891
0.0295504
0.0285374
0.0266552
0.0293113
0.0280686
0.0265458
0.0265001
0.0299226
0.0280054
0.0271456
0.0246866
0.028673
0.0282385
0.028638
0.0256855
0.0270031
0.0257109
0.0283256
0.0281283
0.0286251
0.0260156
0.0291964
0.0314067
0.0316588
0.0265034
0.0293943
0.0291508
0.027982
0.0288695
0.0285386
0.0306365
0.0291645
0.028009
0.0306542
0.032052
0.0340057
0.0293952
0.0299073
0.0326311
0.0283349
0.0267832
0.0277931
0.035046
0.0275859
0.0285016
0.0287215
0.0276203
0.0273521
0.0246992
0.0285211
0.0282053
0.0243268
0.0242151
0.0240118
0.0253891
0.0243565
0.0236975
0.0233363
0.0245977
0.0258913
0.0237589
0.0241803
0.0268418
0.0243994
0.0215539
0.022375
0.0235315
0.0227311
0.0230777
0.0220213
0.0225207
0.0259424
0.0239995
0.0227565
0.0245923
0.02377
0.02329
0.0225189
0.0224618
0.0224538
0.025068
0.0250372
0.0221154
0.0227193
0.0228571
0.0223473
0.0245527
0.0239126
0.0230681
0.023621
0.027052
0.0268217
0.0236984
0.0259834
0.0271046
0.0251635
0.0268517
0.0261255
0.0249788
0.0253699
0.0276148
0.0278836
0.0287048
0.0268812
0.0277392
0.0283255
0.0270905
0.0291688
0.0298834
0.0267633
0.0311663
0.0300143
0.0284588
0.0285492
0.0289853
0.0269818
0.0303619
0.0297883
0.0258172
0.0270217
0.0270113
0.0311933
0.0289375
0.0273723
0.0304279
0.0289651
0.0271223
0.029766
0.0340214
0.0280433
0.028192
0.0284702
0.0259511
0.0262668
0.0263934
0.0255755
0.0254538
0.0261548
0.0261059
0.0296942
0.0236537
0.0255311
0.0284581
0.0262104
0.0244795
0.0265582
0.0268634
0.0282222
0.0248943
0.0252275
0.0255071
0.0258209
0.024649
0.0280027
0.0276787
0.0254193
0.0278294
0.0288919
0.0272753
0.0297183
0.0290972
0.0275367
0.0286377
0.0307329
0.0280558
0.0298981
0.0323146
0.028875
0.028288
0.0289326
0.0302776
0.0311365
0.0280961
0.0297118
0.0311525
0.0302072
0.0296489
0.0302081
0.0329633
0.0340747
0.0305946
0.0297984
0.0314163
0.0311116
0.0317921
0.0293518
0.03075
0.0320436
0.0311654
0.0331407
0.0288754
0.0302403
0.0315256
0.0294663
0.0274114
0.0269549
0.0295775
0.0309439
0.0284844
0.0280308
0.0284875
0.0285516
0.0319646
0.0270437
0.0266666
0.026355
0.0289096
0.0291448
0.0275599
0.0256381
0.026362
0.027017
0.0271601
0.0260412
0.0265472
0.0266322
0.0271074
0.0269374
0.0284041
0.0279289
0.0296097
0.0320919
0.0277551
0.0287287
0.0293014
0.0296897
0.0306579
0.0327897
0.0308172
0.0293397
0.0334692
0.0319842
0.0323001
0.0278479
0.0301575
0.0303367
0.0302749
0.0309985
0.0279239
0.0288083
0.028738
0.028998
0.0286744
0.0288434
0.0280835
0.0297947
0.0310741
0.0279437
0.027359
0.0269362
0.0277778
0.0282378
0.0317904
0.0287048
0.0289113
0.0286964
0.0288668
0.0348111
0.0308573
0.0312323
0.0282986
0.0295892
0.0288254
0.0297987
0.0299515
0.0302171
0.0270325
0.0283285
0.0308748
0.0309824
0.029857
0.0283157
0.0299039
0.0311591
0.0294201
0.0292182
0.0300099
0.0324837
0.0327541
0.028503
0.0285326
0.0298159
0.02932
0.0295368
0.0305209
0.0294342
0.0327115
0.0341697
0.033509
0.0304626
0.0304747
0.0288581
0.0292809
0.0288306
0.0282393
0.0279243
0.0291203
0.0301294
0.0336904
0.0331865
0.0278823
0.0275373
0.0271769
0.0269659
0.0296554
0.0293592
0.0287339
0.0268809
0.027368
0.0280248
0.0328167
0.0280594
0.0284992
0.0268831
0.025439
0.0270605
0.0283619
0.0273528
0.0254785
0.0263709
0.0281338
0.0284362
0.0268318
0.0250639
0.0258806
0.028259
0.0279849
0.0272795
0.0253788
0.0281601
0.029253
0.0274963
0.0267434
0.0262631
0.0278801
0.0276739
0.028494
0.0272664
0.0259816
0.0288974
0.0307864
0.0299907
0.0261704
0.0292032
0.029426
0.0316065
0.0263412
0.0292172
0.0300565
0.0304641
0.0262409
0.0257142
0.0266147
0.0265639
0.0258771
0.0240996
0.0274093
0.0261585
0.0246119
0.024344
0.0258293
0.0256896
0.0238433
0.0226797
0.0234028
0.0235627
0.0251101
0.0275933
0.0265965
0.0241562
0.0244325
0.0258901
0.0261579
0.0247626
0.0277558
0.0308208
0.0298001
0.025304
0.0260936
0.0271532
0.0282423
0.0275053
0.028595
0.0289004
0.0277739
0.0268044
0.0265101
0.0257933
0.0243272
0.0259222
0.0261412
0.0257912
0.0252307
0.0265555
0.0274604
0.0270296
0.028657
0.0291545
0.0256165
0.0244488
0.0266225
0.0271819
0.023735
0.0248109
0.0265037
0.030059
0.0265869
0.0240659
0.0236776
0.0269752
0.0235218
0.0224322
0.0229918
0.0228144
0.0235776
0.0230549
0.0214339
0.0222039
0.0236668
0.0233808
0.0235147
0.0211105
0.0222894
0.0218569
0.0214846
0.0215493
0.0250967
0.0254983
0.0217834
0.0225484
0.0226635
0.0233061
0.0233611
0.0214066
0.0223349
0.0248131
0.0245636
0.0228939
0.0230299
0.0229176
0.0245086
0.0255106
0.0225244
0.0263006
0.0274317
0.0242274
0.0258712
0.0256419
0.0252095
0.0292921
0.0263291
0.0271467
0.0275822
0.0266642
0.0243427
0.0271985
0.0256251
0.0240079
0.0277946
0.0268811
0.0250886
0.0249483
0.0261564
0.0272006
0.0245325
0.0279081
0.0276226
0.0253866
0.0260372
0.0257329
0.0260477
0.0255866
0.0246491
0.0252701
0.0271023
0.0299046
0.0270876
0.027055
0.0309781
0.0278245
0.0250588
0.0274001
0.0267723
0.0248
0.0285018
0.0298944
0.0263508
0.0298421
0.0289896
0.0276305
0.02709
0.0286379
0.0275225
0.0266258
0.0296757
0.0280722
0.0273899
0.0258781
0.0264914
0.0298622
0.0278461
0.0279931
0.0307409
0.027128
0.0261719
0.0303576
0.0299516
0.0292662
0.0251721
0.0267901
0.0265641
0.025633
0.0276585
0.0277661
0.0264131
0.0270078
0.0281388
0.0257874
0.0239267
0.0246267
0.0262923
0.0240484
0.0252882
0.0259181
0.028378
0.0240918
0.0238562
0.0247523
0.0250875
0.0240755
0.0260583
0.0296436
0.0272447
0.0278952
0.0291508
0.0258266
0.0271532
0.0269359
0.0260661
0.0270066
0.0282792
0.0281735
0.0275295
0.02701
0.031391
0.0277174
0.0243436
0.0257088
0.0259221
0.0244664
0.0242276
0.0283842
0.0266238
0.028993
0.0229659
0.0248639
0.0239218
0.0230553
0.0261425
0.0247677
0.0227796
0.0253565
0.0257835
0.0253691
0.023376
0.0242778
0.0232505
0.023097
0.0230841
0.0212307
0.0221339
0.0218088
0.0248789
0.0231351
0.0207533
0.0216555
0.0208946
0.021368
0.0226341
0.022907
0.0221626
0.0235867
0.0234041
0.0207011
0.0212135
0.0257485
0.0220925
0.0208466
0.0241392
0.0223651
0.0214984
0.0222451
0.0255496
0.0248317
0.0228375
0.0214203
0.0227749
0.0229578
0.0238019
0.022921
0.0245369
0.0273795
0.0280112
0.0228543
0.0239008
0.0226829
0.0224547
0.0240784
0.0227611
0.0223303
0.0223865
0.0252175
0.0246686
0.0242587
0.0227434
0.0220433
0.0233512
0.0248578
0.0260005
0.0240462
0.0240207
0.0238348
0.0243497
0.0278505
0.0276466
0.0247296
0.0251776
0.0250539
0.024306
0.0243628
0.0258561
0.0257143
0.0239672
0.024889
0.0270334
0.0265788
0.0242181
0.0226026
0.0237462
0.0241031
0.0246084
0.0251232
0.0248219
0.0245103
0.0221111
0.0219876
0.0228978
0.0233574
0.0207642
0.0215096
0.0223315
0.0215962
0.0224414
0.0227001
0.0240768
0.0218718
0.0226821
0.0217291
0.0230857
0.0216422
0.0215456
0.0214921
0.0219946
0.0207092
0.0220535
0.0215395
0.0212689
0.0218192
0.0246392
0.0234149
0.0223403
0.023074
0.0229401
0.0227306
0.0247257
0.0258246
0.0255931
0.0245419
0.0241724
0.0238138
0.0243601
0.0264864
0.0259736
0.0238219
0.0259548
0.0276716
0.0254996
0.0276989
0.0281999
0.0290002
0.0300522
0.0260115
0.0251539
0.02513
0.0243161
0.0265517
0.0270447
0.02624
0.0242652
0.0253093
0.0249013
0.0243246
0.0239008
0.0246825
0.0246372
0.0263512
0.0240984
0.0255432
0.02659
0.0252689
0.0241167
0.0259725
0.0291149
0.0281894
0.0271317
0.0280286
0.0269445
0.026711
0.0312793
0.0320636
0.0305531
0.0268183
0.0281643
0.0298015
0.029761
0.0297375
0.0290643
0.028833
0.029332
0.025938
0.0293018
0.0270973
0.0275513
0.0272275
0.02485
0.027441
0.0275634
0.0279468
0.0254863
0.0288576
0.0293081
0.0289238
0.0266591
0.0290647
0.028545
0.0282004
0.0291433
0.02965
0.0307473
0.0299527
0.0291146
0.0286594
0.0273347
0.0301994
0.0312844
0.0303872
0.029152
0.0293305
0.0304364
0.0297717
0.0305548
0.0318152
0.0303679
0.0308421
0.0295472
0.0310949
0.0298408
0.0303388
0.0304479
0.0296327
0.0287674
0.0294219
0.0304255
0.0279
0.0285467
0.0302077
0.028946
0.0289337
0.0285193
0.0272218
0.0267714
0.0269037
0.0284377
0.0275316
0.028538
0.0267531
0.0263379
0.0284048
0.0284637
0.0286976
0.0284572
0.0266253
0.0282016
0.031413
0.0282658
0.0282151
0.0279494
0.0269748
0.0273499
0.0304973
0.0274894
0.0246873
0.0285918
0.0304307
0.0255749
0.0290162
0.0282543
0.026314
0.0247965
0.0280474
0.0274415
0.0249939
0.0279272
0.0268595
0.0249823
0.0242297
0.0256626
0.0263917
0.024963
0.0239121
0.0280035
0.0261142
0.0248095
0.0265749
0.0251464
0.0252796
0.0258446
0.0271568
0.0295313
0.0294957
0.0262926
0.0251621
0.0268991
0.0281045
0.0270068
0.024975
0.0258948
0.0263962
0.025594
0.0257259
0.0262788
0.0283839
0.0280266
0.0247742
0.0257903
0.0280194
0.02694
0.0305077
0.0308223
0.0268077
0.0272826
0.0274068
0.0283305
0.0288446
0.0280194
0.0261065
0.0274356
0.0262762
0.0270837
0.0271559
0.0273502
0.0226474
0.0259705
0.0282133
0.0294579
0.0267299
0.0269089
0.0246566
0.0277064
0.0256914
0.0261524
0.0254442
0.0263594
0.0259894
0.0256077
0.0244841
0.0253328
0.0260339
0.0261166
0.0273541
0.0297629
0.0289278
0.0337769
0.0281681
0.0292524
0.0283995
0.0288549
0.0255312
0.0256369
0.0280842
0.0303279
0.0296392
0.028972
0.0270993
0.0269497
0.0263588
0.0283887
0.024841
0.0253915
0.0286259
0.0266572
0.0269437
0.0273472
0.0308053
0.0327752
0.0313231
0.0336557
0.0287221
0.0315279
0.0306422
0.0345159
0.0301601
0.0307309
0.0303678
0.0318911
0.0311219
0.0304865
0.0297768
0.0317731
0.0350819
0.0313186
0.0293512
0.0274079
0.0292592
0.0297605
0.0291592
0.0278593
0.0278772
0.0278712
0.0287429
0.0281197
0.0276472
0.0262374
0.026558
0.0286683
0.0286222
0.0278961
0.0256251
0.0275077
0.0276663
0.025917
0.0293106
0.027589
0.0295415
0.0265407
0.0266873
0.0269711
0.0288469
0.0288171
0.0269537
0.0294532
0.0295323
0.0296711
0.0280983
0.029591
0.0298749
0.0297353
0.0278357
0.0302403
0.0325893
0.0297038
0.0279286
0.0292043
0.0291512
0.0315088
0.0334521
0.0340024
0.0286238
0.0288061
0.0293656
0.0312528
0.02744
0.030021
0.0297057
0.0287373
0.0274752
0.028413
0.0298893
0.0289445
0.0275464
0.0298401
0.0299104
0.0279837
0.0261262
0.0290262
0.0311464
0.0307371
0.0252561
0.0274243
0.0293799
0.0271115
0.0256305
0.0290268
0.030244
0.0268383
0.0248519
0.0263658
0.0287095
0.0272221
0.0270379
0.0275349
0.0281871
0.0288624
0.0309097
0.0301794
0.0290143
0.0315114
0.0285184
0.0266358
0.0274073
0.0312997
0.0284667
0.030235
0.0270454
0.0270158
0.0292019
0.0294253
0.0285576
0.0273571
0.0280399
0.028993
0.0286666
0.0302083
0.0266047
0.0258486
0.0298855
0.0316802
0.0270011
0.0258998
0.0258216
0.0263311
0.0284218
0.0287065
0.0271858
0.0255609
0.0261036
0.0292618
0.0298495
0.0277004
0.0263195
0.0272373
0.0267385
0.0273701
0.0286895
0.026908
0.0267552
0.0285517
0.0292453
0.0302859
0.0300605
0.0292747
0.0315096
0.0333967
0.0332801
0.031257
0.034272
0.0318703
0.0323572
0.0306528
0.0318623
0.0325215
0.0340489
0.031782
0.0331461
0.0300339
0.0339585
0.0335075
0.0326125
0.0342494
0.0303391
0.031078
0.0332315
0.0330653
0.0320178
0.0319561
0.0336377
0.0338362
0.0330171
0.0313292
0.0339252
0.034546
0.0348536
0.0347344
0.0316277
0.0317056
0.0339395
0.0335513
0.0341141
0.0336789
0.0308208
0.0316377
0.032248
0.0310623
0.0319261
0.0345524
0.0315608
0.0315302
0.0288232
0.0319016
0.0303067
0.0338742
0.0329111
0.0283399
0.0302314
0.0317593
0.0318159
0.0358507
0.0308664
0.031217
0.0323139
0.0281531
0.0296278
0.0348375
0.0297436
0.0275977
0.0288238
0.0292688
0.029028
0.0285588
0.031462
0.0299172
0.0308987
0.0286432
0.0303804
0.0294393
0.0305821
0.0281126
0.0317355
0.03365
0.0294612
0.0276713
0.030244
0.0289208
0.0289293
0.0272448
0.031378
0.0287589
0.0271032
0.0245244
0.0326321
0.0268649
0.0267061
0.0242081
0.0250203
0.0261353
0.0258429
0.0229676
0.0233082
0.0241683
0.0226417
0.0206477
0.0205336
0.020108
0.0198282
0.0173649
0.0191951
0.0236455
0.0228622
0.0219205
0.0230469
0.0254226
0.0250467
0.0246993
0.0254167
0.0249872
0.0248863
0.0264333
0.0299179
0.0315556
0.0301624
0.0302653
0.0311697
0.0315465
0.030799
0.0330489
0.0333163
0.0348998
0.0335548
0.0342712
0.0357734
0.0348162
0.0311274
0.0339814
0.0363928
0.036612
0.0322764
0.0327621
0.0328763
0.0345306
0.0363368
0.0322345
0.034581
0.0332677
0.0343186
0.0322214
0.0343502
0.0353832
0.0352475
0.0321921
0.0333602
0.0358586
0.0358825
0.0345193
0.0354964
0.0346533
0.0369327
0.0347293
0.0316642
0.0330404
0.0344645
0.0367343
0.0332701
0.0296837
0.030579
0.0307141
0.0251748
0.0256418
0.0262019
0.0246282
0.0246619
0.0261046
0.0239672
0.0244331
0.0258815
0.0266813
0.0235187
0.0238557
0.0242615
0.0253734
0.0260065
0.0247671
0.0244174
0.0243615
0.024413
0.0250814
0.0257129
0.0270521
0.0247869
0.0282065
0.0263538
0.025702
0.0240918
0.0239919
0.0278338
0.0272645
0.0278616
0.0283138
0.0254115
0.0265798
0.0284511
0.028912
0.028436
0.0272989
0.0265773
0.0280072
0.029828
0.0288778
0.0305732
0.0330716
0.032911
0.0329419
0.0342351
0.0302427
0.0320689
0.0319111
0.0319503
0.0319369
0.0299385
0.0306545
0.0305736
0.0319306
0.0301378
0.0315334
0.0324527
0.0285695
0.0252159
0.0287216
0.0319687
0.0289311
0.0301512
0.0313811
0.0284201
0.0285427
0.0301494
0.0268271
0.0286316
0.0284199
0.027655
0.0256329
0.0266649
0.0226718
0.0226845
0.022971
0.0233403
0.0233211
0.0238151
0.0228536
0.0263767
0.0259189
0.0259224
0.0244803
0.0276131
0.0268132
0.0274113
0.0257101
0.025978
0.0282802
0.0307241
0.0329425
0.0314281
0.0295268
0.0296505
0.0317907
0.0333101
0.0343915
0.0326224
0.0319917
0.0325362
0.0339206
0.0344473
0.03571
0.0352484
0.0336818
0.0309524
0.0302955
0.0316624
0.0306997
0.0302671
0.0299691
0.0331401
0.0313012
0.0317125
0.0321221
0.0279769
0.0294461
0.0306637
0.0325387
0.0267939
0.0292524
0.0289492
0.0282929
0.0258975
0.0265831
0.0260032
0.0261105
0.0251548
0.024104
0.0237115
0.0229067
0.0233132
0.0221783
0.0251614
0.0251941
0.0246669
0.0223692
0.0235584
0.0241467
0.0235652
0.0229441
0.0227602
0.023667
0.0227917
0.0232087
0.0220182
0.0248323
0.0276955
0.026905
0.0245683
0.0262855
0.0254916
0.0265873
0.026516
0.0267597
0.0316709
0.0311677
0.0293694
0.0273787
0.0269529
0.0303582
0.0307493
0.0321546
0.030381
0.0273318
0.0290607
0.029215
0.029981
0.0288233
0.028166
0.0288237
0.0282754
0.0284872
0.0274628
0.0275104
0.0309458
0.0315504
0.0290311
0.026216
0.0272072
0.0267245
0.0305814
0.027434
0.0269856
0.0254539
0.026107
0.0266058
0.0262333
0.0285273
0.0279772
0.0249712
0.0285836
0.0313276
0.0285699
0.0263897
0.0289406
0.0304383
0.0311109
0.0311349
0.0312112
0.0302878
0.0300249
0.0267481
0.0258726
0.0296413
0.0289653
0.0286445
0.0261249
0.0292235
0.0274039
0.0285862
0.0255742
0.0231688
0.0258208
0.0284689
0.0322472
0.0251343
0.0250206
0.0259825
0.0260093
0.025352
0.0243089
0.0270858
0.0266113
0.0262946
0.0253921
0.0300043
0.0323462
0.0276754
0.0288468
0.0284376
0.0294321
0.0295366
0.0265301
0.029689
0.0287904
0.02972
0.0281804
0.0267982
0.028215
0.0280685
0.027991
0.0265913
0.0278847
0.0268219
0.0270383
0.0252011
0.0242212
0.0252365
0.0247852
0.0254153
0.0238248
0.0252315
0.0259589
0.0275241
0.0254839
0.0276603
0.0253064
0.0248263
0.0256622
0.0262939
0.0311396
0.0255548
0.0253693
0.0252732
0.0259545
0.0262423
0.026549
0.0261407
0.0230694
0.0238773
0.0259252
0.0236176
0.0267745
0.0258788
0.0276877
0.0259256
0.0226602
0.024733
0.0268589
0.0273721
0.0258966
0.0257745
0.0271554
0.0285448
0.0254873
0.0245791
0.0243507
0.0259435
0.0257917
0.0247928
0.0228503
0.0262512
0.0242325
0.0236653
0.0209855
0.0222637
0.0234634
0.0247747
0.0286323
0.0260383
0.0258399
0.027104
0.0264997
0.0287268
0.0248622
0.0232594
0.0251823
0.0209105
0.0239967
0.0249381
0.0248169
0.0230529
0.0228806
0.0243172
0.0267901
0.029616
0.0290571
0.0274414
0.0302988
0.0324264
0.0314996
0.0267655
0.0280977
0.0290439
0.0311586
0.0313323
0.0278522
0.0295054
0.0292601
0.0295202
0.0287949
0.0304398
0.0291013
0.0317876
0.0331917
0.0334584
0.028861
0.0306303
0.0332517
0.0328819
0.0337922
0.0301848
0.0317651
0.0322992
0.0325013
0.0338838
0.032622
0.0347248
0.0358338
0.0347949
0.0386156
0.0321438
0.0342389
0.0360094
0.0357135
0.0358737
0.0331232
0.0344587
0.0336393
0.0375502
0.032603
0.031497
0.0322551
0.0317427
0.0319153
0.0294476
0.0305324
0.0305957
0.0299029
0.0283865
0.0287423
0.0291869
0.034063
0.0298318
0.0302758
0.029213
0.033881
0.0310085
0.0305749
0.0280038
0.0314346
0.0313013
0.0300572
0.0281462
0.0286879
0.0283512
0.0306616
0.0281497
0.0261692
0.0293684
0.0278615
0.0276594
0.026022
0.0256191
0.0271198
0.0298277
0.0259049
0.0245803
0.0264187
0.0264679
0.0261546
0.0232723
0.0252232
0.0248127
0.0230101
0.0219734
0.0256425
0.0259891
0.0247065
0.0227067
0.0235402
0.0236616
0.0227404
0.020749
0.0223099
0.0219085
0.0238971
0.0240224
0.0237866
0.0223293
0.0221585
0.0258995
0.0263064
0.0265206
0.0238932
0.0236492
0.026418
0.0253027
0.0260876
0.0234174
0.0275726
0.0252415
0.0244915
0.0231116
0.0240411
0.0241875
0.0278623
0.0280089
0.0233537
0.0216967
0.0255884
0.0241879
0.0221569
0.0213292
0.0221383
0.0219025
0.022874
0.0222577
0.0231544
0.020206
0.0214642
0.0200876
0.0220205
0.021553
0.0201626
0.0219363
0.0255492
0.0263802
0.0231061
0.0223032
0.0226382
0.0208984
0.0230438
0.0209085
0.0221364
0.0220405
0.0220285
0.0228137
0.0221455
0.0189379
0.0200929
0.0224498
0.0215664
0.0194096
0.020216
0.0200998
0.0219516
0.0213754
0.0204792
0.0219259
0.0206082
0.0207742
0.0208145
0.0233549
0.0222891
0.0209323
0.0216223
0.023904
0.0229828
0.0214215
0.0225272
0.0222739
0.0233569
0.0238154
0.0232548
0.0224525
0.0219078
0.0232193
0.023041
0.0208697
0.0215783
0.0227695
0.0238419
0.0247567
0.0227888
0.022738
0.0248062
0.024521
0.0214157
0.0225576
0.0254238
0.0245478
0.0227937
0.0245639
0.0239428
0.0262333
0.0256543
0.0231388
0.0248045
0.0231453
0.025519
0.0258619
0.026555
0.0264344
0.0271336
0.0255303
0.0234193
0.0269675
0.0262307
0.0249988
0.0226853
0.024524
0.0288154
0.0273483
0.0243219
0.0238923
0.0269895
0.0257353
0.02407
0.0220954
0.0230782
0.0238527
0.0253366
0.0243808
0.0219044
0.0240942
0.0244057
0.0260782
0.0215678
0.0208603
0.020319
0.0219337
0.0218599
0.0229917
0.0200118
0.0224161
0.0223103
0.0213645
0.0217773
0.0216
0.0214681
0.0212194
0.0251549
0.0229114
0.0233464
0.0225927
0.0219774
0.0227728
0.0240611
0.0252073
0.0237534
0.0226238
0.0236255
0.0242557
0.0228982
0.0254147
0.0234665
0.022225
0.0210504
0.0224964
0.0230411
0.0245231
0.0240605
0.0233772
0.0234568
0.0232737
0.0229012
0.0262552
0.0253712
0.0259278
0.0245292
0.0250071
0.0263673
0.024246
0.0244202
0.0242923
0.0240915
0.023994
0.0281455
0.0254408
0.025199
0.0240373
0.0236655
0.0241339
0.0245051
0.0250556
0.0230696
0.0241147
0.0242859
0.0260658
0.0226114
0.0235579
0.0243668
0.024454
0.0238024
0.0255389
0.0252142
0.0228539
0.0232553
0.0225783
0.0231706
0.0225341
0.0210606
0.0214399
0.0233642
0.0231534
0.0230541
0.023117
0.0219695
0.0227509
0.0215156
0.0220818
0.0231186
0.0211431
0.0235694
0.0227627
0.0211396
0.0214905
0.0211624
0.0207821
0.0225134
0.0207765
0.0197398
0.0209339
0.0209945
0.0209882
0.022413
0.0218826
0.0207616
0.0211659
0.0220625
0.0216459
0.0228678
0.0206216
0.0205651
0.0215551
0.0229337
0.0206168
0.0208911
0.0201961
0.0222106
0.0199037
0.0200279
0.0215856
0.0213413
0.0195559
0.0205969
0.021867
0.0206207
0.0199901
0.019913
0.0208544
0.0242753
0.0204057
0.0216395
0.0201329
0.0199859
0.0204935
0.0202415
0.0239307
0.0247971
0.0224352
0.0212324
0.021625
0.0211144
0.0214138
0.0242909
0.0239115
0.0223059
0.0280243
0.0259333
0.0237053
0.0241567
0.0242692
0.0257159
0.0243485
0.0245034
0.02599
0.0260694
0.0268756
0.0244241
0.0266892
0.0252501
0.0240996
0.0243633
0.026489
0.0279121
0.025639
0.0268897
0.0241355
0.0275341
0.0272179
0.02653
0.0282672
0.0281211
0.0263017
0.0262377
0.0273595
0.028026
0.0275382
0.0251413
0.0281301
0.0284538
0.0267953
0.0265675
0.0289523
0.0277398
0.0252977
0.0236341
0.0258726
0.0258013
0.0240801
0.0254006
0.0263697
0.025284
0.0253855
0.0242492
0.0255345
0.0275872
0.0228057
0.0226093
0.0236941
0.0236536
0.0252703
0.0225368
0.0227834
0.0231202
0.0229074
0.0220197
0.0245022
0.0252205
0.0231553
0.0232417
0.0237192
0.0242383
0.0220067
0.0241537
0.0245208
0.025175
0.024993
0.0252676
0.0235699
0.0250355
0.025267
0.0259013
0.0238511
0.0236432
0.0232646
0.0271951
0.0248012
0.0230254
0.0236358
0.0282245
0.0262485
0.024723
0.0248602
0.0252289
0.0255556
0.0257467
0.024052
0.0272159
0.0267411
0.0240893
0.0230745
0.0248449
0.0276041
0.0256579
0.0273682
0.025848
0.0231604
0.0254578
0.0226264
0.0227902
0.0236693
0.0216134
0.0214817
0.0233949
0.0227686
0.0208779
0.0232966
0.0251653
0.0219258
0.0223579
0.0245772
0.0228322
0.0201139
0.0213822
0.0227317
0.0235691
0.0230445
0.0225491
0.0229615
0.0243002
0.0253609
0.024227
0.0238055
0.0257869
0.023535
0.0246878
0.0249537
0.0228
0.0243451
0.0250003
0.0248991
0.0230505
0.0240389
0.0250361
0.028648
0.0245863
0.023898
0.023
0.0231032
0.0247261
0.025256
0.0228594
0.0232765
0.0230134
0.0240481
0.0241407
0.0226312
0.0242386
0.0281566
0.0272176
0.0224682
0.0239632
0.027368
0.0264123
0.025228
0.027042
0.0288216
0.0257487
0.0287101
0.028758
0.0265932
0.0286664
0.0296552
0.0300834
0.0299201
0.0290106
0.0272668
0.026415
0.0279485
0.0284415
0.0267889
0.0308442
0.0288079
0.027623
0.0269384
0.027549
0.0279055
0.0285961
0.0335265
0.0368852
0.035889
0.0325285
0.0321165
0.0342018
0.0318709
0.0322812
0.0327196
0.0323814
0.0318337
0.0319115
0.0317933
0.0619156
0.0372723
0.0361797
0.0373339
0.0404901
0.0324713
0.0370859
0.0345765
0.0358236
0.0339158
0.0322602
0.0334361
0.035931
0.0333805
0.0341518
0.0316274
0.0334783
0.0331993
0.0367677
0.032381
0.0312312
0.0326101
0.0317438
0.0322536
0.0328201
0.0329023
0.0322746
0.0358516
0.033316
0.0376841
0.0331536
0.0338423
0.0322874
0.0331873
0.032487
0.0325979
0.0349954
0.0355561
0.0361102
0.0347659
0.0355591
0.0349464
0.035594
0.0357507
0.0358361
0.0414459
0.0417686
0.0419941
0.0394456
0.0367779
0.035493
0.0353446
0.0355263
0.0350383
0.0357229
0.0364689
0.0363549
0.037519
0.0388389
0.0352876
0.0350769
0.0347647
0.0345758
0.0343497
0.0347896
0.0346591
0.0360993
0.0360061
0.0335644
0.032817
0.0319391
0.0361638
0.0353572
0.0362482
0.0373605
0.0328342
0.0345829
0.0364868
0.0371641
0.0333361
0.0322764
0.0341505
0.0362235
0.0364862
0.0352431
0.0328462
0.0324187
0.0338506
0.034808
0.0345198
0.0338148
0.0322946
0.0349969
0.0344998
0.0334118
0.0353804
0.0326021
0.0331001
0.0363423
0.0355173
0.0345836
0.0349197
0.0331863
0.0357891
0.0337148
0.0341084
0.0334469
0.0347737
0.0337813
0.0325673
0.0331962
0.0315985
0.0314475
0.0329256
0.0342055
0.0334895
0.0341107
0.0340182
0.0315819
0.0345588
0.0337367
0.0348963
0.0361624
0.0337826
0.0392414
0.0352634
0.0373673
0.0374722
0.0360279
0.035454
0.037675
0.0367489
0.0384887
0.0382895
0.0359983
0.034008
0.036863
0.036052
0.0361232
0.0357206
0.0334946
0.032635
0.0350403
0.0335052
0.0380217
0.0380414
0.0349536
0.0337644
0.0382222
0.0352786
0.0385744
0.0374752
0.0443299
0.0356222
0.0404693
0.0350941
0.037726
0.0363795
0.0351803
0.0323984
0.0342659
0.0331251
0.0340248
0.0334012
0.0335097
0.0308736
0.0302616
0.0318864
0.0331234
0.0349225
0.0356223
0.0364235
0.0387135
0.0349728
0.0353881
0.0349154
0.0364387
0.0345505
0.0338198
0.0343002
0.0353234
0.0346011
0.035319
0.0352931
0.03575
0.0357898
0.0334655
0.0309695
0.0323616
0.0337036
0.0311308
0.0378773
0.0329722
0.0360638
0.0307618
0.0329426
0.0294429
0.0301738
0.0291899
0.0303693
0.0298211
0.0293962
0.0311876
0.032649
0.0347579
0.0322901
0.0309553
0.0308345
0.0303603
0.030363
0.0286723
0.032043
0.031997
0.0312243
0.0315037
0.0312051
0.0282588
0.0311091
0.0300033
0.0309916
0.032116
0.0281108
0.0279244
0.0308077
0.0328498
0.0309757
0.0336282
0.0288761
0.0303308
0.0292512
0.0326007
0.0291587
0.0268254
0.0262394
0.0295631
0.0306468
0.0308366
0.0291555
0.0268562
0.0259095
0.0291161
0.0300159
0.030763
0.0293281
0.0274313
0.0281492
0.0296835
0.0315099
0.0342618
0.0330975
0.0288219
0.028888
0.0287743
0.0306845
0.031946
0.0313516
0.0296931
0.0282682
0.028031
0.0299137
0.0296533
0.0295066
0.0314174
0.0281113
0.031732
0.0320632
0.0344015
0.0277966
0.0263282
0.0291998
0.0283968
0.0290604
0.0275142
0.0260884
0.0284309
0.0274274
0.03085
0.0262298
0.0252321
0.0251738
0.0272314
0.026986
0.0271309
0.0257509
0.0251163
0.0259525
0.0270395
0.0273963
0.0266408
0.02681
0.024853
0.0281204
0.0270385
0.0301273
0.0252921
0.0246103
0.0265306
0.027005
0.0273948
0.0255888
0.0233331
0.025781
0.0253046
0.0250653
0.0238694
0.0281673
0.0282128
0.0257315
0.0247448
0.0272856
0.0269901
0.0305941
0.0251903
0.0285627
0.0278921
0.030248
0.0289978
0.0286489
0.028649
0.0286631
0.0304779
0.0297917
0.0285906
0.0285217
0.0315989
0.0365623
0.0328088
0.033728
0.0300567
0.0319984
0.0325744
0.031416
0.0300246
0.0305293
0.0318462
0.0316448
0.0282328
0.0273003
0.0285873
0.029381
0.0280733
0.0296661
0.0263749
0.0281507
0.0267411
0.0284824
0.0297731
0.0264322
0.0253196
0.0246074
0.0248048
0.0247868
0.0258389
0.0254534
0.0285842
0.0240377
0.0240041
0.0247602
0.026143
0.024096
0.0224786
0.0233128
0.0234884
0.0258925
0.0255914
0.02807
0.0265703
0.0276301
0.0254567
0.0259368
0.0268697
0.0269848
0.0259988
0.0260509
0.0295925
0.029749
0.0273683
0.0257692
0.0281741
0.0284784
0.0287805
0.0295382
0.0259949
0.0273061
0.0291482
0.0278551
0.0263101
0.0273563
0.0291389
0.0268878
0.0280284
0.0268948
0.0267372
0.0258304
0.0307522
0.0285421
0.0277603
0.0265122
0.0275108
0.0267969
0.0268414
0.027125
0.0273744
0.0262379
0.0249232
0.0274597
0.0268418
0.0255007
0.0315013
0.0290759
0.029426
0.0288423
0.0307001
0.0305691
0.0328906
0.0302037
0.0317486
0.0301917
0.0305861
0.0307949
0.0292963
0.0285486
0.024108
0.0256556
0.025927
0.026877
0.0282775
0.0293379
0.0271958
0.026558
0.0270162
0.0263596
0.0275948
0.0259047
0.0255727
0.0264539
0.0244664
0.02337
0.0272768
0.0274836
0.0273945
0.0286345
0.0293025
0.0282349
0.0276702
0.0302789
0.0294583
0.0255941
0.0247513
0.0250917
0.0272104
0.0274251
0.0286988
0.0295393
0.0263369
0.0263939
0.0247829
0.0265516
0.0258343
0.0265364
0.0255208
0.026818
0.0265999
0.0278323
0.0295521
0.028829
0.0284371
0.0290361
0.0302923
0.0261873
0.0260599
0.0264958
0.0267065
0.0267719
0.0279303
0.0274822
0.0278919
0.0303575
0.0304247
0.0314676
0.0285328
0.0283749
0.0288743
0.0279321
0.0280377
0.0285554
0.0280707
0.0304362
0.0294433
0.0286394
0.0287631
0.0294657
0.0285752
0.0285668
0.02809
0.0282636
0.0317781
0.0309156
0.030662
0.0309179
0.0294931
0.0293901
0.0294811
0.0303139
0.0306876
0.0302027
0.0299423
0.0282075
0.0309823
0.0293344
0.0289938
0.0291259
0.0288979
0.0295395
0.030136
0.0290472
0.0326831
0.0292916
0.0295248
0.030139
0.0288503
0.0280553
0.0297755
0.029778
0.028501
0.0286622
0.0288321
0.0286687
0.0288438
0.0291759
0.0300017
0.0291461
0.0282178
0.0305726
0.0306454
0.0305338
0.0321291
0.032956
0.0301381
0.0295729
0.0298278
0.0276703
0.0297792
0.0295927
0.0293395
0.0294078
0.0288026
0.0292028
0.0301487
0.0290066
0.028955
0.0297479
0.0290009
0.027133
0.0318728
0.0295742
0.0295763
0.0278008
0.0269374
0.0273692
0.0265119
0.0268171
0.0276369
0.0260979
0.0278791
0.0294829
0.0274695
0.0289897
0.0287171
0.0268844
0.0262169
0.0259163
0.0257045
0.0271438
0.0246498
0.0251323
0.025643
0.0307693
0.0302226
0.0328516
0.0316976
0.0323882
0.0323379
0.0314057
0.0372732
0.0382956
0.0410939
0.0402993
0.0357335
0.03485
0.034354
0.0332541
0.0343716
0.0295501
0.0292044
0.0276406
0.0268643
0.0257945
0.023692
0.0245404
0.0245769
0.0239355
0.0271511
0.0293206
0.0288437
0.0281099
0.0268936
0.0307332
0.0300381
0.0302669
0.0276938
0.0279285
0.0289788
0.0288372
0.0303017
0.0299615
0.0300588
0.0312524
0.0293375
0.0300987
0.0300565
0.0281148
0.0266972
0.0283154
0.0296693
0.028699
0.030621
0.0309188
0.0328801
0.0339131
0.0320902
0.0304595
0.0324074
0.0320506
0.0310028
0.0288944
0.0309959
0.0311181
0.0319729
0.0320122
0.0285017
0.0292344
0.0294884
0.0279656
0.0275399
0.029212
0.029033
0.0273604
0.0277172
0.0280586
0.0275526
0.0276725
0.0272123
0.0262554
0.0256736
0.0270448
0.0281284
0.0255856
0.0257481
0.0290482
0.0286404
0.0318991
0.0315681
0.0310454
0.0275461
0.0303603
0.0294467
0.0309556
0.0300341
0.0283402
0.0321878
0.029088
0.0321873
0.0274246
0.0301789
0.0292569
0.0288565
0.0282294
0.0305388
0.0302913
0.0297806
0.0283486
0.0306884
0.0294107
0.0320972
0.0308972
0.0282369
0.0296907
0.0291025
0.0295253
0.0291728
0.0290432
0.0289946
0.0292132
0.029736
0.0297313
0.0277866
0.0290605
0.0292558
0.0313712
0.0290934
0.0301
0.0293711
0.0293723
0.0309717
0.0331673
0.0281781
0.0281253
0.0295022
0.0308634
0.029658
0.0318186
0.031153
0.032162
0.0342303
0.0312924
0.0314812
0.032701
0.0327346
0.0310435
0.0312423
0.0315315
0.035044
0.0332407
0.0311909
0.0297452
0.0299032
0.0297702
0.0300726
0.0295244
0.0293432
0.0290605
0.0311663
0.0301847
0.0291522
0.0296709
0.0301145
0.0275483
0.0308473
0.0297172
0.0302602
0.0298479
0.0298959
0.0308173
0.0314319
0.0329276
0.030155
0.0298472
0.0318516
0.0294286
0.0303556
0.0298514
0.0308713
0.0307188
0.0320073
0.0305645
0.0310755
0.0306779
0.0299221
0.0299061
0.0315234
0.0308582
0.0302452
0.0295027
0.0304149
0.0304246
0.0300768
0.0311563
0.030681
0.0301094
0.0305537
0.0300803
0.0304825
0.0301855
0.0304105
0.0298493
0.0303404
0.0305793
0.0307301
0.0292399
0.0304813
0.0304161
0.0294448
0.0306251
0.0311312
0.0319986
0.0344957
0.0332866
0.0338471
0.0303934
0.0301231
0.0299144
0.0301166
0.0306284
0.0311806
0.0309389
0.0303169
0.0322624
0.0321923
0.0322711
0.029518
0.0307813
0.0294267
0.0300668
0.0320079
0.0301364
0.0283541
0.0304728
0.0321786
0.0318002
0.0287774
0.0299193
0.0295043
0.0298333
0.0293173


