0.0104614
0.0177856
0.0170182
0.0169493
0.0168852
0.0173503
0.0169439
0.0172615
0.0168078
0.0167477
0.0168381
0.0173652
0.0172665
0.0174049
0.0172691
0.0167675
0.0169671
0.0173474
0.0167052
0.0168889
0.0166277
0.00867305
0.00896747
0.0174073
0.0169296
0.0168099
0.0208749
0.0207355
0.0206091
0.0181625
0.0189827
0.0189899
0.0171674
0.017026
0.0167814
0.020131
0.0206221
0.0170495
0.0179892
0.0175708
0.0177504
0.0171181
0.0165063
0.00850443
0.00891153
0.0173391
0.0175242
0.0177742
0.0175361
0.0168712
0.0174508
0.0174098
0.0170899
0.0173617
0.0181248
0.0190965
0.0179677
0.0183521
0.0181429
0.0190393
0.0179969
0.0175329
0.0170429
0.0172326
0.016941
0.0088509
0.00861951
0.0175055
0.0175002
0.0175365
0.0182491
0.0183781
0.0179174
0.0181699
0.0179258
0.0177043
0.0175053
0.0178058
0.0174797
0.017867
0.0181827
0.0179342
0.0180305
0.0181373
0.0176795
0.0178403
0.0180701
0.00880632
0.00918327
0.018738
0.0180535
0.0186893
0.0187058
0.0184948
0.0212024
0.0223045
0.0225336
0.0225782
0.0225622
0.0222905
0.0222359
0.0225327
0.0222732
0.0224402
0.0229222
0.0223179
0.0220408
0.0221996
0.02217
0.01265
0.0128367
0.0223294
0.0225056
0.0219398
0.0223844
0.0407219
0.0207658
0.0148725
0.0151328
0.0161269
0.0144061
0.0163863
0.0186484
0.0174722
0.0172645
0.0176011
0.0194485
0.0195876
0.0205903
0.019712
0.0193347
0.0189839
0.0218269
0.0204705
0.0199795
0.0199469
0.0199472
0.0206027
0.0204425
0.0170772
0.0174832
0.0162133
0.0180144
0.0169263
0.0165682
0.0169852
0.0172933
0.0181189
0.0186315
0.018603
0.0186305
0.019171
0.0181554
0.0183526
0.023863
0.0188705
0.0192893
0.0175359
0.018192
0.0183399
0.0155523
0.0177059
0.0203984
0.0197849
0.0202794
0.0207849
0.0154826
0.0210148
0.0160685
0.0167816
0.0183579
0.0210866
0.0172542
0.0210001
0.0159903
0.0199735
0.0192446
0.0214292
0.0188255
0.0204326
0.0159416
0.021337
0.0209389
0.0207714
0.0212278
0.0200755
0.020144
0.0195718
0.0178008
0.0175869
0.0174392
0.0177953
0.0155586
0.0220939
0.019664
0.0166794
0.0165368
0.0166325
0.0215933
0.0215295
0.016751
0.0217333
0.0206991
0.0216545
0.0210488
0.0218668
0.0222801
0.0180449
0.0181355
0.0206579
0.0192912
0.0213746
0.0186751
0.0181288
0.0229335
0.0231691
0.0251309
0.0229336
0.0190487
0.0198081
0.0187996
0.0187951
0.0188481
0.0194182
0.0174878
0.0184938
0.0198919
0.0183958
0.0231648
0.0236618
0.0185909
0.0222684
0.0233544
0.01799
0.023169
0.0230531
0.0173071
0.0228725
0.0224815
0.021212
0.0216613
0.0217251
0.017543
0.0169836
0.0183035
0.01636
0.0169078
0.0174025
0.0180693
0.017674
0.0178953
0.0167914
0.0214276
0.0221757
0.0226039
0.0182395
0.0192623
0.019199
0.017802
0.0231225
0.0238682
0.0181034
0.0228934
0.0234848
0.0177768
0.0222539
0.022603
0.0169652
0.021505
0.0209027
0.0152344
0.0164794
0.0168552
0.0149265
0.0157978
0.0168642
0.0178075
0.0197421
0.0238979
0.0151884
0.0220045
0.0201016
0.0167423
0.0168678
0.0218085
0.0220492
0.0214098
0.0237561
0.0219692
0.0216162
0.0221693
0.021444
0.0166115
0.021763
0.0219841
0.0163677
0.0175312
0.0172601
0.0159627
0.020816
0.0202505
0.0162463
0.0211857
0.0217723
0.0162951
0.0220604
0.0221597
0.0169811
0.0228281
0.0232007
0.0195256
0.0194615
0.0200497
0.0229094
0.0231461
0.0228165
0.021045
0.02023
0.0192352
0.0149972
0.0154657
0.0140623
0.0132771
0.0148198
0.0144035
0.0133696
0.013055
0.0150255
0.0156839
0.0152028
0.0151461
0.0162854
0.017087
0.0173157
0.0175106
0.0169014
0.0178004
0.016083
0.0167765
0.0160377
0.014753
0.0152766
0.0164263
0.0156336
0.0166818
0.017441
0.0162118
0.020247
0.0208617
0.0163029
0.0199803
0.0202899
0.0232632
0.0210908
0.0210238
0.0182574
0.0213079
0.0226346
0.0186774
0.0186227
0.0200475
0.0178095
0.0224436
0.0221021
0.0167937
0.0220852
0.0228166
0.0184063
0.0226678
0.0241872
0.0183563
0.0178685
0.0182343
0.0171039
0.0213526
0.0225346
0.0168411
0.0219644
0.0235598
0.018029
0.0191515
0.0197279
0.0185292
0.0188387
0.019159
0.0190156
0.0224362
0.0231563
0.0183448
0.0230692
0.0227729
0.0183779
0.022432
0.02297
0.0251029
0.022461
0.0233885
0.0222449
0.0235355
0.0245183
0.0208143
0.0198321
0.0232647
0.0186422
0.0234155
0.024544
0.0218386
0.0238781
0.0247317
0.0250561
0.0190862
0.0232249
0.0247161
0.0206807
0.0220003
0.0221067
0.021308
0.0216491
0.0199203
0.0186698
0.0166121
0.0177862
0.021142
0.0223815
0.018435
0.0180813
0.0195042
0.0172404
0.0177084
0.0180821
0.0157611
0.0199068
0.0203697
0.0168318
0.0184688
0.0203504
0.0138884
0.0159254
0.0191431
0.0145984
0.0193642
0.0204221
0.0158236
0.0155855
0.0170573
0.0141024
0.0176942
0.0193922
0.0207294
0.0161746
0.0203873
0.0209285
0.0197318
0.0211972
0.0209583
0.0208738
0.0196547
0.0202873
0.0160962
0.0193253
0.0202197
0.015379
0.0201595
0.0209318
0.0165384
0.0159973
0.0211247
0.0212563
0.0171579
0.0176457
0.0181328
0.0168682
0.0173018
0.0191216
0.0184344
0.0183632
0.0221184
0.0220298
0.0204894
0.016149
0.0185338
0.0165482
0.0173083
0.0142253
0.014211
0.0148127
0.0146747
0.0162092
0.0162171
0.0145423
0.0158675
0.0159397
0.0160662
0.0148151
0.0190853
0.0197312
0.0183481
0.0195163
0.0199163
0.0173239
0.0195582
0.0200957
0.0197392
0.0143452
0.0181664
0.0166289
0.0144221
0.0158424
0.0162301
0.0142888
0.0195161
0.019525
0.0143234
0.0148839
0.015039
0.0138359
0.0184876
0.0185372
0.016043
0.0193936
0.0182752
0.0171788
0.0178927
0.0180961
0.0164499
0.0184321
0.0175734
0.0132273
0.0138212
0.0139049
0.0118953
0.0173323
0.0167868
0.0111254
0.0129193
0.0151669
0.0107154
0.0165367
0.0158758
0.0134187
0.0147774
0.0138234
0.0082293
0.0100811
0.00908564
0.0079179
0.0130392
0.0122236
0.00947112
0.013749
0.0145366
0.0132451
0.0162022
0.015227
0.00911486
0.0151008
0.0148494
0.00953462
0.0150577
0.0145525
0.0109102
0.0149829
0.0162845
0.0100532
0.0147721
0.0168776
0.0101985
0.0147328
0.0142792
0.0155521
0.0146884
0.0107229
0.0156772
0.0150442
0.0159
0.0149261
0.0107744
0.015517
0.0133263
0.0159183
0.0148393
0.0107584
0.0158266
0.0146197
0.0159779
0.0149857
0.0163012
0.0113509
0.0127601
0.0148689
0.0171501
0.0159358
0.0181791
0.0164041
0.0172384
0.0138265
0.0166367
0.0160341
0.017028
0.0130769
0.0133158
0.0125438
0.0132828
0.0119018
0.0177537
0.0160413
0.0178326
0.0166902
0.0177873
0.0165346
0.0116788
0.0161713
0.015111
0.0114013
0.0122772
0.0109738
0.0102816
0.0155611
0.0146553
0.00960721
0.0151217
0.0141269
0.0091743
0.013879
0.013142
0.0139325
0.0140213
0.00942733
0.0143893
0.0103208
0.0111698
0.0104175
0.0120489
0.0157969
0.0146262
0.0160449
0.0132164
0.0162513
0.0132913
0.0113973
0.0164996
0.0121898
0.0156264
0.0120048
0.0125983
0.0118301
0.0128904
0.0127223
0.0123557
0.0124513
0.0114664
0.0172995
0.0165772
0.0117381
0.0163623
0.0160092
0.0158858
0.0169347
0.0166991
0.0129419
0.0160988
0.0118993
0.013145
0.0131227
0.01224
0.0177319
0.0161762
0.0152854
0.0169419
0.0163334
0.0124382
0.0173547
0.016483
0.0130532
0.0168859
0.0173997
0.0120198
0.0171389
0.0161453
0.0123788
0.0170764
0.0160358
0.0136022
0.0164655
0.0150793
0.0161986
0.012687
0.0162847
0.0157872
0.0176426
0.0151907
0.0170431
0.0160473
0.0174383
0.0164352
0.0175203
0.0149268
0.0175946
0.012964
0.0170929
0.017277
0.0124714
0.0139791
0.0126618
0.0127527
0.0176236
0.0172742
0.0125741
0.0178349
0.0165795
0.0179641
0.0176995
0.0128589
0.017541
0.0165535
0.0133899
0.0177093
0.016949
0.0130208
0.0173579
0.0168545
0.0126516
0.0176015
0.0168106
0.0128228
0.0140596
0.0142205
0.0124791
0.0134381
0.0132214
0.0121304
0.0171039
0.016191
0.0123646
0.017937
0.0137955
0.0123304
0.0141887
0.0138297
0.0138292
0.0180698
0.016857
0.0178683
0.0184998
0.0141629
0.0182205
0.0172191
0.0172054
0.0182082
0.0168408
0.0179941
0.0180807
0.0129855
0.0182764
0.0194593
0.0132304
0.018804
0.0187856
0.0136134
0.015241
0.0144266
0.0142473
0.0155179
0.0152155
0.0134826
0.0165951
0.0151647
0.0134422
0.0198696
0.018064
0.0125795
0.0140844
0.0153441
0.0126866
0.0173973
0.0172503
0.0125052
0.014849
0.014807
0.0125881
0.0136692
0.013912
0.013023
0.0142833
0.0150779
0.0140155
0.0157563
0.0197894
0.0184952
0.0194335
0.0199249
0.0204997
0.0199356
0.0201803
0.0158713
0.019536
0.0201368
0.0166025
0.015715
0.0161838
0.0149893
0.0154485
0.0164126
0.0148851
0.0158274
0.0162876
0.0149435
0.0154606
0.0168386
0.0149739
0.0155997
0.0165646
0.0152475
0.0153701
0.016707
0.0153294
0.0147409
0.0155956
0.016368
0.0153154
0.0159436
0.0169479
0.0156002
0.0155297
0.0203261
0.0211338
0.0199278
0.0167712
0.0166145
0.018211
0.0174925
0.0201031
0.0213248
0.0231908
0.0251102
0.0193935
0.0183279
0.0200032
0.0225595
0.0195439
0.0222311
0.0245665
0.0205446
0.0185813
0.0184936
0.0197558
0.0202487
0.017495
0.0210908
0.0219641
0.0211556
0.0166525
0.0190215
0.0183235
0.0169992
0.011626
0.0124932
0.0129378
0.011167
0.0120897
0.0126533
0.0127295
0.01157
0.0126352
0.0123476
0.0107822
0.0122171
0.0106617
0.0122888
0.0121336
0.01127
0.0167307
0.0170929
0.0121836
0.019247
0.0157956
0.0139986
0.012787
0.0120828
0.0180838
0.0184702
0.0179853
0.0131463
0.0139422
0.0139356
0.0137288
0.0124382
0.0178612
0.0184569
0.0162193
0.0175297
0.0173217
0.0133685
0.0127365
0.0129512
0.0117609
0.0131662
0.0131804
0.0118039
0.01325
0.0132213
0.0119055
0.0170061
0.0168706
0.0125104
0.0165327
0.0143403
0.0129544
0.0142974
0.0146445
0.0139778
0.0131428
0.0138476
0.0146052
0.013318
0.0143168
0.0146433
0.013181
0.0141933
0.0139311
0.0127144
0.0146718
0.014048
0.0128743
0.0140987
0.0141537
0.0132426
0.018937
0.01863
0.0175867
0.0179846
0.018706
0.015389
0.0144792
0.0142601
0.0133198
0.0180685
0.0171144
0.0133873
0.0186843
0.017919
0.0134446
0.0145504
0.0140162
0.0141275
0.0195072
0.0155966
0.0138334
0.0187241
0.0176067
0.0142246
0.0188252
0.0180172
0.014892
0.0188944
0.0178703
0.0135034
0.0182757
0.0183777
0.0136482
0.0137955
0.0138693
0.0133976
0.01391
0.0132482
0.0131552
0.0182396
0.0174152
0.0165656
0.0183151
0.0179667
0.0168902
0.0168382
0.0183369
0.0178353
0.0126079
0.0142215
0.0129233
0.0117863
0.0188591
0.0162671
0.0108677
0.0166391
0.0127617
0.0112378
0.0119327
0.0114787
0.0215444
0.0164289
0.0160119
0.0146505
0.0161807
0.0153031
0.0160208
0.0178542
0.0156734
0.0113412
0.0170479
0.01518
0.0112908
0.0163289
0.0163753
0.0121167
0.0130621
0.013411
0.0124366
0.0127932
0.017909
0.0169576
0.0133884
0.0138346
0.0141938
0.0144825
0.0146572
0.0142082
0.0128223
0.018118
0.0156593
0.0109939
0.0170018
0.0156564
0.0112815
0.0165634
0.0143167
0.0107335
0.0155179
0.0134733
0.00949981
0.0141916
0.0121512
0.0140688
0.0130776
0.0110619
0.0144383
0.0138073
0.00990917
0.0146278
0.0105283
0.015891
0.0141994
0.0165909
0.0151205
0.0175369
0.0167564
0.0129769
0.0171662
0.0135916
0.0171865
0.0143743
0.0140434
0.0191321
0.018158
0.0191852
0.0201266
0.0145438
0.0191168
0.0180305
0.0140764
0.0190802
0.0183696
0.014319
0.0192358
0.0154943
0.0181541
0.0170486
0.0172441
0.0193403
0.0197436
0.0146487
0.0199314
0.0189284
0.014841
0.0155113
0.0167384
0.0168601
0.0191413
0.0181697
0.0141746
0.0187067
0.0191431
0.0137323
0.017984
0.0164874
0.012973
0.0176209
0.0165873
0.0123331
0.0181484
0.0181222
0.0153769
0.0153994
0.0148623
0.0156663
0.020228
0.0188887
0.0178986
0.0201735
0.0203653
0.0186137
0.0200016
0.019148
0.0148012
0.0219964
0.0189829
0.0161611
0.0192275
0.0158496
0.0143076
0.013744
0.0198065
0.0194665
0.0153887
0.0143081
0.0207444
0.022137
0.0203608
0.0213462
0.022935
0.0212966
0.0176139
0.0213305
0.022134
0.0192432
0.0201061
0.0209096
0.0185413
0.0197231
0.0206936
0.0190862
0.0200081
0.0208811
0.0191225
0.0197232
0.0208021
0.0193283
0.0155855
0.0193213
0.0201979
0.0183426
0.0194224
0.0203049
0.0165948
0.0193605
0.0199031
0.0192003
0.0187803
0.0194029
0.0173631
0.0186594
0.0189862
0.0165187
0.0185256
0.0188458
0.0140084
0.0180637
0.018846
0.0161436
0.0179066
0.0179687
0.0164225
0.0144795
0.0179752
0.0178811
0.0165596
0.0179891
0.0176366
0.0134569
0.0138346
0.0142386
0.0130276
0.0140695
0.0145449
0.0131159
0.0139336
0.0147026
0.013142
0.0142827
0.0150496
0.0135489
0.0197437
0.0192492
0.0157962
0.0195319
0.0191403
0.0147643
0.0152305
0.0153353
0.0156489
0.018963
0.0162332
0.0172792
0.0191439
0.0195216
0.0147076
0.018703
0.0190297
0.0146284
0.0184879
0.0198895
0.0184686
0.0183198
0.0187958
0.0186068
0.0197544
0.019671
0.0203394
0.0182303
0.0149696
0.0204418
0.0204066
0.0177993
0.0196525
0.0205383
0.0211152
0.0191925
0.0193504
0.0209793
0.0206021
0.0179671
0.0146649
0.0176111
0.0159095
0.0143002
0.0166032
0.0154906
0.0139239
0.0193713
0.0193914
0.0188261
0.0156957
0.0157407
0.0164114
0.0153962
0.0146935
0.0169551
0.0180932
0.0192922
0.0165622
0.0178609
0.0182086
0.0174616
0.0174173
0.0197554
0.0174134
0.0172562
0.0210655
0.0221589
0.0207819
0.0206009
0.0215649
0.022845
0.0208503
0.0215243
0.0212174
0.0234545
0.0219443
0.0219727
0.0221469
0.0238227
0.0214904
0.0209809
0.0192341
0.0229614
0.0236356
0.0235091
0.0220429
0.0180328
0.0228445
0.0229487
0.0219018
0.0181428
0.0211026
0.0230569
0.0212279
0.0181902
0.0228069
0.0246237
0.0237361
0.0203657
0.0213932
0.0225152
0.0233092
0.0202711
0.020882
0.0222622
0.0221454
0.0197202
0.0202541
0.022715
0.0228291
0.0198105
0.0208906
0.0229883
0.0223259
0.0205296
0.0208362
0.0235651
0.0232702
0.0213382
0.0220041
0.0242303
0.023911
0.0220952
0.0221493
0.0244465
0.0240297
0.0217975
0.0216463
0.02383
0.0222295
0.0205706
0.0206825
0.0219219
0.0215939
0.0194296
0.0185017
0.0184513
0.0187884
0.0188531
0.0138113
0.0197702
0.0199305
0.0181229
0.0142017
0.0133965
0.0185776
0.0190873
0.0176236
0.0152522
0.0188487
0.019074
0.0188022
0.0139653
0.0148808
0.0152376
0.013901
0.0137149
0.0182128
0.0186471
0.0177706
0.0134163
0.0190589
0.0194027
0.0178457
0.0141415
0.0181084
0.01871
0.0168204
0.0136459
0.0185932
0.0183403
0.0169212
0.0127203
0.0172567
0.0178699
0.0167238
0.0124861
0.0182539
0.0185479
0.0167951
0.0159297
0.0172507
0.0177018
0.0159312
0.011865
0.0168219
0.0169604
0.0156688
0.0119222
0.0134556
0.0125025
0.0110086
0.0119873
0.011738
0.0103345
0.0158636
0.0144551
0.0121467
0.0161741
0.0129085
0.0118376
0.0181474
0.0164974
0.0125186
0.0177207
0.0181348
0.013511
0.020428
0.0185103
0.0136713
0.0145816
0.0177715
0.013496
0.0189771
0.0184363
0.0146663
0.0141061
0.0144211
0.0198535
0.0186085
0.0172416
0.0179374
0.0169706
0.0167004
0.0151755
0.0183646
0.0174315
0.0131934
0.0195479
0.0172108
0.0126838
0.0181345
0.0180187
0.0174651
0.0205813
0.017527
0.0154497
0.01834
0.0166424
0.0170363
0.0197601
0.0189874
0.0148688
0.0153427
0.0143005
0.0138522
0.014455
0.0140837
0.0129254
0.0186462
0.016676
0.0128077
0.0191841
0.0178991
0.013464
0.018322
0.0146513
0.0139433
0.0191025
0.0175811
0.014184
0.0186035
0.0189881
0.0145504
0.019618
0.018294
0.0143287
0.0195523
0.0188752
0.0144018
0.0190218
0.0171984
0.0143595
0.0181619
0.0182501
0.0171029
0.013784
0.0157094
0.0140849
0.0213109
0.0191572
0.0178861
0.019841
0.0198689
0.015262
0.0164066
0.0182377
0.0169285
0.0196397
0.015225
0.0142819
0.0164109
0.0156528
0.0137082
0.0185394
0.0174177
0.0143597
0.0186246
0.0175109
0.013732
0.017001
0.0166208
0.0141738
0.0192669
0.0185212
0.0147259
0.0192728
0.0175363
0.0146482
0.0198683
0.0199572
0.015184
0.0155901
0.0170063
0.0154832
0.0144904
0.0150055
0.0129009
0.0125683
0.0125308
0.0106004
0.0117553
0.0157493
0.0153878
0.0160889
0.0167457
0.0120207
0.0134725
0.0134094
0.0126147
0.013384
0.0133147
0.0124806
0.0178563
0.0166258
0.0178277
0.0134583
0.0182243
0.0173336
0.0122624
0.0175039
0.0145585
0.0175864
0.0164863
0.0172536
0.0165452
0.0118822
0.0173319
0.0171094
0.0120202
0.0176391
0.0178862
0.0120834
0.0176005
0.0170638
0.0179477
0.0173028
0.0129181
0.0180755
0.0168366
0.0179534
0.0173906
0.0189051
0.0178891
0.0128636
0.0175775
0.0191662
0.0127728
0.0174339
0.0181849
0.0129269
0.0174826
0.01731
0.0137753
0.0171265
0.0168664
0.0158028
0.0171555
0.0166624
0.0116
0.0156366
0.0137917
0.0128117
0.0120683
0.012092
0.0172525
0.0128461
0.0121401
0.0117942
0.01785
0.0174424
0.0172575
0.0160168
0.017283
0.0165487
0.0170345
0.0161174
0.0125303
0.0167464
0.0156444
0.0173566
0.0163001
0.017025
0.0157809
0.0172979
0.016153
0.0117637
0.0162557
0.0155519
0.0170756
0.0157783
0.0131431
0.0186347
0.0157628
0.0175395
0.0166876
0.0122725
0.017064
0.0162038
0.0120665
0.0170058
0.0160906
0.0126224
0.0172105
0.0164113
0.012722
0.0177591
0.0166131
0.018156
0.0171421
0.0129481
0.0180525
0.0172541
0.013515
0.0183685
0.017451
0.0189143
0.0194522
0.0160043
0.0182224
0.0180537
0.0127423
0.018091
0.0169034
0.0128383
0.0168519
0.0157287
0.0114928
0.0164063
0.0152911
0.0133762
0.0157739
0.0121337
0.0120852
0.016907
0.0157853
0.0173004
0.0162293
0.0121142
0.0142954
0.0139531
0.013066
0.018548
0.016751
0.0167814
0.0172362
0.0172195
0.0133541
0.0161047
0.0125861
0.0120843
0.0175049
0.0162462
0.0167722
0.0180186
0.0167947
0.0132034
0.0180626
0.017177
0.0126185
0.0175419
0.0168066
0.0127693
0.0169893
0.0168134
0.0118719
0.017208
0.0170009
0.0130337
0.0128926
0.0133421
0.01355
0.0141018
0.0140374
0.0141456
0.0142667
0.0192907
0.0198997
0.0147204
0.0157262
0.0193474
0.0147832
0.0193598
0.0197707
0.0192248
0.0193044
0.0200789
0.0187044
0.0186754
0.0196088
0.0179347
0.0192592
0.0207812
0.0196482
0.0196907
0.0199146
0.02021
0.0156333
0.0190979
0.019776
0.015908
0.0188836
0.0187076
0.0180385
0.019059
0.0200659
0.0197223
0.0160448
0.0161813
0.01632
0.0166162
0.0187816
0.0168674
0.0174008
0.0210093
0.0224415
0.0206732
0.0211087
0.0221696
0.0205165
0.0173253
0.0198515
0.0208828
0.0197463
0.0161182
0.0192055
0.0206109
0.0194714
0.0195523
0.0204179
0.019028
0.0157939
0.0191074
0.0199094
0.0182457
0.0150441
0.0149782
0.0159349
0.0147926
0.0166756
0.0159441
0.0150648
0.0153935
0.0157888
0.0139809
0.0148733
0.0152438
0.0138876
0.0143289
0.0148814
0.0125098
0.0135928
0.0140413
0.0123103
0.0140434
0.0139194
0.0123477
0.0122923
0.0124671
0.012762
0.0110791
0.0122451
0.0120225
0.0107139
0.0118621
0.0121647
0.00935543
0.0106582
0.00998501
0.00857224
0.0101727
0.00933717
0.0107696
0.0108471
0.00950169
0.0138649
0.0141075
0.00907714
0.0157429
0.0133749
0.0098572
0.00908704
0.0162328
0.0143167
0.0111163
0.0111886
0.010479
0.00982674
0.0115689
0.011335
0.0114094
0.0138715
0.0153986
0.0149822
0.0139047
0.0196998
0.0201481
0.0145898
0.0139672
0.013985
0.0148799
0.0139262
0.0154616
0.01719
0.0139731
0.0145799
0.017686
0.0184983
0.0166723
0.0130949
0.0174546
0.0186879
0.0168078
0.0123078
0.0175114
0.0181169
0.0158046
0.0123793
0.0170611
0.0180023
0.0166672
0.0177132
0.0193802
0.0164492
0.0188631
0.0194478
0.0147064
0.0139921
0.014453
0.0125167
0.0176641
0.0176401
0.0122773
0.01774
0.0179151
0.0161705
0.0174409
0.0167228
0.0117398
0.013953
0.0140185
0.0155592
0.017799
0.0177819
0.0135403
0.0140105
0.0150984
0.0129139
0.0150703
0.0141007
0.0135552
0.018473
0.0182836
0.0132839
0.0174585
0.0171639
0.0130562
0.0161876
0.0168994
0.0159613
0.0172816
0.0168939
0.0223194
0.0170089
0.0181274
0.0122084
0.0131608
0.0137371
0.0123863
0.0179947
0.0166407
0.0124001
0.018399
0.0168859
0.0128287
0.0140291
0.013608
0.0128486
0.014538
0.0142879
0.0120991
0.0170649
0.0165359
0.015782
0.0187121
0.0161791
0.0128055
0.0163263
0.0128791
0.0132941
0.0121046
0.0123645
0.017123
0.0175245
0.0181173
0.017101
0.019232
0.0173837
0.0137731
0.0187291
0.0136065
0.0181531
0.0173934
0.018514
0.0173674
0.0185983
0.0170301
0.0187219
0.0184535
0.0143662
0.0135447
0.0125249
0.0125289
0.017676
0.0163408
0.012671
0.0174676
0.0154627
0.0120592
0.0164424
0.0163595
0.0219265
0.016102
0.0146909
0.0163456
0.0160908
0.0123109
0.0130332
0.0149008
0.0131414
0.0119058
0.0122933
0.0161033
0.0147463
0.0110591
0.0157485
0.0139731
0.0146793
0.0132583
0.0131203
0.015007
0.0132087
0.0133383
0.0089085
0.0126285
0.00857741
0.00907415
0.00804431
0.0097201
0.00900068
0.0143092
0.00992259
0.0111349
0.0103364
0.0159121
0.0130861
0.0165593
0.0154572
0.0174683
0.015722
0.0174432
0.0164865
0.0126904
0.0152571
0.0139112
0.0127288
0.0187073
0.0170683
0.0127825
0.0182865
0.016761
0.013492
0.0172353
0.0156678
0.0133663
0.0172524
0.0160592
0.0153206
0.0137404
0.0122503
0.0115915
0.0133425
0.00960388
0.010751
0.00992548
0.0155098
0.0143879
0.0103462
0.0147741
0.0146282
0.016877
0.0166489
0.015945
0.0144239
0.0126703
0.0162767
0.0121523
0.0129868
0.0172066
0.0157345
0.0160155
0.0185273
0.0160177
0.0117922
0.0169624
0.0145861
0.0173422
0.0166139
0.0129288
0.0188142
0.0149954
0.0140126
0.0150229
0.0154618
0.0149343
0.015683
0.0166444
0.014784
0.0167164
0.0173464
0.0149846
0.015605
0.0159876
0.0157888
0.0162398
0.0167354
0.0149804
0.0156606
0.0160986
0.0142114
0.0155696
0.0160516
0.0137437
0.0146372
0.01544
0.0144845
0.0191634
0.0198794
0.0198569
0.0188368
0.0182703
0.0168392
0.017807
0.0175009
0.0152558
0.0165072
0.0172839
0.0158446
0.0190704
0.0197638
0.0146067
0.0151926
0.0162292
0.0153088
0.016561
0.0174579
0.0165173
0.0158327
0.0195927
0.0208244
0.0190102
0.0198772
0.0211108
0.018672
0.0156434
0.0199724
0.020571
0.0189838
0.0203497
0.0209074
0.0194239
0.0157334
0.0166241
0.0211906
0.0161385
0.0198422
0.0196202
0.0205399
0.0199547
0.019792
0.021258
0.0202719
0.0187494
0.0154614
0.0199448
0.0214566
0.0192213
0.0155038
0.0165997
0.0168338
0.0152332
0.015997
0.0154625
0.0154055
0.0150914
0.014688
0.0150222
0.0165019
0.0171203
0.015943
0.0162906
0.0213406
0.0212859
0.0198432
0.0216922
0.0213319
0.0223925
0.0201215
0.0217656
0.0215163
0.0209926
0.0166451
0.0210161
0.0222965
0.0214165
0.0190959
0.0165029
0.0164264
0.0167718
0.0184015
0.0190945
0.0168042
0.0181836
0.0217829
0.0228147
0.0251492
0.0173311
0.01697
0.018421
0.0179312
0.0154691
0.0167665
0.0163684
0.0170346
0.0147829
0.015429
0.0158783
0.0153961
0.0136916
0.0141088
0.014527
0.0140765
0.0126306
0.0185025
0.0191858
0.0181824
0.0166895
0.0170146
0.0174221
0.0179519
0.015814
0.0180819
0.0171685
0.0165632
0.0132365
0.0130668
0.0140146
0.0137544
0.0122839
0.0126699
0.0119203
0.0119064
0.0128373
0.0137942
0.0131048
0.0123255
0.0127565
0.0119362
0.0134713
0.0145002
0.0141645
0.014162
0.0133351
0.01852
0.0187165
0.0175045
0.0177128
0.0185532
0.0194714
0.0186575
0.016995
0.0181595
0.0209681
0.0182882
0.0169901
0.0181105
0.0204792
0.0181892
0.0178415
0.0134139
0.0179507
0.0184501
0.0172534
0.0164853
0.0175661
0.0174345
0.0160901
0.0135698
0.0182615
0.0182934
0.0170331
0.014122
0.0189146
0.0184629
0.0157099
0.0173174
0.0173992
0.0163663
0.0127296
0.0183431
0.0180848
0.0166427
0.0178627
0.0183392
0.0169994
0.0136479
0.0146435
0.0143955
0.0120566
0.0127535
0.0175943
0.0184594
0.0141318
0.0174971
0.0189361
0.0157548
0.0189414
0.0194927
0.0161496
0.0188139
0.0189728
0.0161732
0.0166028
0.0201177
0.0249133
0.0178531
0.0136496
0.0142892
0.0130473
0.0192891
0.0182212
0.0167288
0.0156125
0.0147725
0.0163171
0.0177617
0.0203909
0.0161778
0.0183261
0.0187144
0.0198306
0.0199187
0.0188111
0.0145163
0.0152036
0.0221607
0.0203587
0.0178321
0.0156337
0.0165951
0.0142553
0.0132066
0.0138594
0.0143943
0.0127568
0.0222343
0.0243196
0.0169665
0.0136393
0.0136447
0.015195
0.0177585
0.0181619
0.0176338
0.0204307
0.0200801
0.0140551
0.0179218
0.0145669
0.0170586
0.0160176
0.013384
0.0167374
0.0182366
0.0176361
0.013508
0.0164694
0.0171085
0.0140913
0.0151948
0.0128351
0.0136
0.0184621
0.0162016
0.0126035
0.0180283
0.0185753
0.0138624
0.0152783
0.0136146
0.0139333
0.0188782
0.0182254
0.0180249
0.0194326
0.0194986
0.0144071
0.0197079
0.0190044
0.0193232
0.0208535
0.0193405
0.0190941
0.0199936
0.017855
0.0185832
0.0199579
0.0171185
0.0134876
0.0177771
0.0190989
0.0180904
0.0195296
0.0193465
0.0169374
0.0185927
0.0181351
0.0213637
0.0203496
0.0185136
0.0157578
0.0178872
0.0169774
0.0163664
0.0193124
0.0160119
0.0158316
0.0168556
0.0164149
0.0164695
0.0188352
0.017004
0.0182815
0.0184013
0.015756
0.0156935
0.017158
0.0157068
0.0143111
0.0158566
0.0184734
0.0145909
0.015763
0.0160048
0.0143968
0.0151331
0.0159075
0.0148584
0.01566
0.0158054
0.0139935
0.0152732
0.0148071
0.0136087
0.0145344
0.0151785
0.0132498
0.0184167
0.0187651
0.013582
0.0188545
0.0191288
0.0140776
0.0148959
0.0160116
0.0141724
0.0156222
0.0152713
0.014012
0.0152781
0.0159122
0.0141435
0.01576
0.0161415
0.0151286
0.01527
0.0162958
0.0144944
0.0190413
0.0178316
0.0163739
0.0167415
0.0170648
0.0170714
0.0175001
0.0181399
0.017593
0.0152783
0.0156229
0.0199209
0.0231907
0.0185631
0.0153332
0.0202823
0.021964
0.0195698
0.0156372
0.0190579
0.0218391
0.0196071
0.0201076
0.0209107
0.0228264
0.0207179
0.0175153
0.017027
0.016911
0.0162045
0.0192199
0.0215112
0.0214631
0.0223447
0.020369
0.0212867
0.0220878
0.0199843
0.0214668
0.0209418
0.0222515
0.020731
0.0195994
0.0175713
0.0196006
0.0178665
0.0180964
0.0216669
0.0228195
0.0169789
0.0175891
0.0200627
0.018052
0.0162167
0.0177045
0.0208101
0.0226145
0.0205225
0.0177964
0.022532
0.0249157
0.022977
0.0233536
0.0177788
0.0164867
0.0189852
0.0169092
0.0279041
0.0200777
0.020992
0.0198413
0.0163298
0.0187358
0.0189128
0.0175666
0.0146433
0.0179729
0.0193589
0.0169064
0.0129074
0.0154467
0.017032
0.0166891
0.0130511
0.01242
0.0129512
0.0122935
0.0133024
0.0131982
0.0159956
0.0150569
0.0129633
0.0143678
0.0156838
0.013896
0.0129233
0.0144765
0.0161663
0.0160983
0.013711
0.0149039
0.0177906
0.0184139
0.016934
0.0159393
0.0134227
0.0187417
0.0188647
0.0186227
0.0173771
0.0186932
0.0196009
0.0206855
0.0148615
0.0152484
0.0164803
0.0174479
0.0150663
0.0194429
0.020421
0.0190631
0.0170631
0.0147666
0.0152596
0.0146493
0.012863
0.0154415
0.0164022
0.0187127
0.0143298
0.0142355
0.0147513
0.0137743
0.0140058
0.0150038
0.0149901
0.0140809
0.0140198
0.0148214
0.0151323
0.0142912
0.0137313
0.0151243
0.0143492
0.0139536
0.01396
0.0138705
0.0145104
0.0140084
0.0133662
0.0173771
0.0170477
0.0128133
0.0160829
0.0173267
0.0177039
0.0165065
0.0134538
0.0180243
0.0180298
0.017935
0.016299
0.0164702
0.0164239
0.0155636
0.0131774
0.0180007
0.0179447
0.0158045
0.0176364
0.0180549
0.0155708
0.0140569
0.0145665
0.0136001
0.0149969
0.0142555
0.0125632
0.0147269
0.0159369
0.0135579
0.0187212
0.0186217
0.0169927
0.0200283
0.0185414
0.0178589
0.0185608
0.0203233
0.0175581
0.0189095
0.018121
0.0135971
0.0214347
0.0207357
0.0198523
0.0143262
0.0191984
0.0172915
0.0146451
0.0189456
0.0194352
0.016242
0.0184683
0.0184897
0.0177419
0.0185931
0.0170965
0.0156783
0.0183776
0.0179446
0.0159946
0.0159653
0.014255
0.0134748
0.0192535
0.0185368
0.0136998
0.0144564
0.0149151
0.0140694
0.0179504
0.0166021
0.0130148
0.0134304
0.0132826
0.0119958
0.013996
0.012942
0.0128702
0.014823
0.0142817
0.0128576
0.0183633
0.0169602
0.0134624
0.0140791
0.0142311
0.0138117
0.0150479
0.0151755
0.0134536
0.014788
0.0149517
0.0188019
0.0187729
0.0188702
0.0163121
0.0179919
0.0181197
0.0141235
0.019944
0.0194134
0.013947
0.0149542
0.0161067
0.0128176
0.0138727
0.0144396
0.0138227
0.0190936
0.018781
0.0136713
0.0146705
0.0153743
0.0139267
0.0174199
0.0139999
0.0163503
0.0146259
0.0136854
0.011994
0.0177889
0.0130434
0.012821
0.0187401
0.0175319
0.0133316
0.0141746
0.0140689
0.0122618
0.0136697
0.014302
0.0129229
0.0187795
0.0155279
0.0122124
0.0143733
0.0144585
0.0128773
0.0186286
0.0190372
0.0146947
0.0144929
0.0136833
0.0163633
0.0156066
0.0141169
0.011886
0.0138454
0.0136474
0.0116248
0.0154544
0.0148626
0.0130153
0.0206694
0.017886
0.0162399
0.0146556
0.0130984
0.0186055
0.0177182
0.0180298
0.0184457
0.0184647
0.0127196
0.01423
0.0147336
0.0169882
0.0192072
0.0174498
0.0137336
0.0150804
0.0133352
0.0151028
0.0146657
0.0133416
0.0142973
0.0194029
0.0189199
0.0144159
0.0160508
0.0172268
0.0164197
0.0204911
0.0191471
0.0148657
0.0163188
0.0192865
0.016134
0.016037
0.0192799
0.0165224
0.0202928
0.0172311
0.0145947
0.020176
0.0196292
0.0148026
0.0180543
0.0205176
0.014671
0.0166373
0.0164915
0.0146932
0.016078
0.0157249
0.0145558
0.0159166
0.0169046
0.0151003
0.0160431
0.0160095
0.0143451
0.0153193
0.0158214
0.0141414
0.0148972
0.0149886
0.0144893
0.0165988
0.0172262
0.0142523
0.0149413
0.0155874
0.0142908
0.0137376
0.015881
0.0188811
0.0129656
0.0130288
0.0180234
0.0176469
0.0135471
0.0139094
0.0140028
0.0129651
0.0143162
0.0143691
0.0128823
0.0180962
0.0177871
0.0126009
0.0222128
0.0179573
0.0126516
0.0187567
0.0164219
0.0138975
0.0140282
0.0139783
0.0126651
0.0142095
0.0143679
0.013335
0.0182303
0.0178396
0.0120571
0.013395
0.0134181
0.0122298
0.0173598
0.0172568
0.0120573
0.0181579
0.0184744
0.0150096
0.0151537
0.0162362
0.0139147
0.0206282
0.0205144
0.0180918
0.0146984
0.0225802
0.0210486
0.0184411
0.018734
0.0234796
0.0153795
0.0190414
0.0224079
0.021218
0.0194367
0.0238467
0.0216466
0.0239006
0.0191447
0.0161093
0.0191991
0.0203506
0.018403
0.0146981
0.0189175
0.019992
0.017799
0.0187097
0.0196373
0.0179708
0.0189646
0.0198921
0.0182365
0.0194407
0.0203567
0.0187167
0.0192272
0.0198713
0.0180302
0.020077
0.0200868
0.0185533
0.0198228
0.0209765
0.02035
0.0196392
0.0209069
0.0212386
0.0201167
0.0196872
0.0201959
0.0215018
0.0201391
0.0175592
0.0161428
0.0180636
0.0168226
0.0164369
0.019833
0.0176267
0.0180211
0.0159187
0.0159177
0.017288
0.0162802
0.0162273
0.0164839
0.0165593
0.018045
0.0168687
0.0163296
0.0155316
0.0166774
0.0150576
0.0160851
0.0206701
0.0200038
0.018252
0.0163938
0.0146161
0.0155744
0.0136081
0.0138693
0.0182268
0.0192028
0.0172229
0.0137417
0.0168207
0.0175117
0.0149065
0.013053
0.0184699
0.0191539
0.0178476
0.0142158
0.0145535
0.0147312
0.0132009
0.012931
0.0182021
0.0188911
0.0163278
0.0125391
0.017329
0.0171731
0.015677
0.0177277
0.0173968
0.0161043
0.0126853
0.0123616
0.0122744
0.0133393
0.0119622
0.019529
0.0212828
0.0203992
0.0169743
0.0181716
0.0155688
0.0175533
0.0163947
0.0147039
0.0146969
0.0216303
0.0210503
0.0195599
0.0186287
0.0148268
0.0146876
0.0159454
0.0168871
0.0155765
0.017089
0.0233905
0.0224263
0.0217772
0.0205901
0.0172404
0.0234983
0.0206618
0.0210857
0.0179716
0.0146626
0.0154968
0.0181165
0.0191183
0.0177112
0.0186864
0.016978
0.0151864
0.0144833
0.0149197
0.0175793
0.0159437
0.013666
0.0152007
0.0177251
0.0138077
0.0142341
0.0179888
0.0192638
0.0171079
0.0148834
0.013783
0.0144851
0.0193406
0.0194016
0.0196792
0.0148767
0.0161746
0.01746
0.0187706
0.016029
0.0216907
0.0203834
0.0199969
0.0177991
0.0227724
0.024946
0.0209382
0.0191849
0.0219345
0.0229669
0.0212487
0.0176783
0.0216633
0.0240731
0.0212539
0.0178045
0.0226868
0.0234617
0.020283
0.0192494
0.0236868
0.0222157
0.0210215
0.0179306
0.0228323
0.0256279
0.0219342
0.0190791
0.0205351
0.0189897
0.019793
0.0170327
0.0204881
0.0214057
0.0183239
0.0146648
0.0197733
0.0196792
0.0178331
0.0152524
0.0204617
0.0205993
0.0153929
0.0204772
0.0205463
0.0179993
0.0145893
0.0202665
0.0189778
0.0175235
0.0198137
0.0202632
0.0183803
0.0201062
0.0201594
0.0173585
0.0199502
0.0185831
0.0155938
0.0195882
0.0183373
0.0145535
0.0202724
0.0183409
0.0155745
0.0202839
0.0187358
0.0159978
0.0147953
0.0205565
0.0188682
0.0152894
0.0197293
0.0208285
0.0156784
0.0148532
0.0201703
0.0205305
0.0172174
0.0169877
0.0212128
0.0165739
0.0152347
0.0164832
0.0179175
0.0150666
0.0163758
0.0173334
0.0153938
0.0199441
0.0201323
0.0159189
0.0188741
0.0185781
0.0171325
0.0191056
0.0195091
0.0160196
0.0198334
0.0184974
0.0157056
0.015341
0.0166852
0.0141612
0.0150409
0.0165984
0.0137706
0.0191714
0.0186829
0.0181759
0.0188293
0.0178221
0.0165992
0.0209325
0.0196914
0.0187829
0.0138818
0.0202029
0.020037
0.0185799
0.0206456
0.0210462
0.0187033
0.0212185
0.0209726
0.0189645
0.0158058
0.0213241
0.020533
0.0170339
0.0192225
0.0193259
0.0172414
0.0174404
0.0171794
0.015816
0.0180692
0.0173026
0.0147661
0.0172963
0.0146239
0.0144211
0.0191579
0.0167097
0.0133958
0.0177326
0.0117735
0.0106963
0.0164338
0.0147207
0.011278
0.0153573
0.014184
0.0215534
0.0163491
0.0137462
0.0100053
0.0153595
0.0141542
0.0155264
0.0151128
0.0113198
0.0164236
0.0151697
0.0128511
0.0123218
0.013013
0.0173306
0.0167733
0.0129403
0.0173689
0.0172555
0.0183541
0.0172868
0.019042
0.0177118
0.0190158
0.0156874
0.0148006
0.0180067
0.0165968
0.0139821
0.0169815
0.0165584
0.0143453
0.019078
0.0182876
0.020715
0.0195892
0.0156331
0.0202605
0.01969
0.0150862
0.0205195
0.0204647
0.0153166
0.0164484
0.0169672
0.015098
0.0206258
0.0205292
0.0151245
0.0170178
0.0192302
0.0166465
0.0181954
0.0171012
0.0140064
0.0196304
0.0184612
0.0158854
0.020365
0.0184548
0.0183519
0.0160392
0.0188194
0.0157751
0.0166214
0.0163362
0.0147371
0.0159945
0.0139221
0.0131859
0.0141766
0.0126203
0.0122119
0.0131171
0.0122294
0.0118187
0.0169925
0.0158889
0.011576
0.016529
0.0160707
0.0119328
0.012796
0.0123351
0.0139985
0.0149682
0.0142761
0.0120084
0.0193074
0.0180039
0.013538
0.0185415
0.0171894
0.0173773
0.0194119
0.018441
0.0174224
0.0184431
0.0191739
0.0172487
0.0144006
0.0178172
0.0149653
0.0186094
0.0155708
0.0171333
0.0152993
0.0161708
0.0149781
0.0149179
0.0157223
0.0166947
0.0209546
0.0182423
0.0175432
0.0173331
0.0212265
0.0225814
0.018342
0.0187599
0.0189816
0.0191608
0.022067
0.0232447
0.0224836
0.0241139
0.0242153
0.0247301
0.0241415
0.0250157
0.02412
0.0221922
0.0213569
0.0200555
0.021299
0.0186003
0.0143054
0.0151304
0.0158758
0.0123158
0.0133217
0.013358
0.01247
0.0174156
0.0166446
0.0129488
0.0180219
0.0169517
0.0124047
0.0163289
0.016789
0.0127621
0.0130731
0.0180332
0.0186916
0.0150455
0.0148541
0.0172169
0.0186443
0.0189745
0.0177345
0.018589
0.0196666
0.0198263
0.0188935
0.0225295
0.0247792
0.0218622
0.0174592
0.0210036
0.0186274
0.0191959
0.0196558
0.0177386
0.0168799
0.0190096
0.0206663
0.0203467
0.0180927
0.0225965
0.0221039
0.0219674
0.0220786
0.0212419
0.0246728
0.023377
0.0201979
0.0206808
0.0212037
0.0201999
0.0194249
0.0196893
0.0222431
0.0195056
0.0196718
0.0190039
0.0197441
0.0196158
0.0192283
0.0223277
0.0206763
0.0204554
0.0185323
0.0189257
0.0224726
0.0224674
0.022066
0.0215357
0.0197563
0.020279
0.0180851
0.0176773
0.0185207
0.0216372
0.0236858
0.0235652
0.0212546
0.0198646
0.022657
0.0285143
0.0254496
0.0220042
0.0240318
0.0164152
0.0203927
0.0243451
0.0228999
0.022047
0.0232521
0.0243369
0.0239704
0.0215795
0.0193497
0.0237703
0.0218806
0.0200373
0.0210239
0.0180702
0.0182507
0.019898
0.0185188
0.0168872
0.0176435
0.0212696
0.0224954
0.0228073
0.0201686
0.0169435
0.0209524
0.0227875
0.0208558
0.018422
0.0146403
0.0170679
0.0174343
0.020454
0.0141072
0.0140629
0.0193431
0.0187
0.0196723
0.0173664
0.0132887
0.0192287
0.0202485
0.0197182
0.0179019
0.0141707
0.0189324
0.0202468
0.0194299
0.0181559
0.0189524
0.0198111
0.019736
0.0174532
0.01895
0.0199821
0.0193757
0.0181555
0.0140323
0.0192264
0.0200927
0.0184347
0.0139857
0.0145852
0.015126
0.0141104
0.0132614
0.0182316
0.0182123
0.0163681
0.0164162
0.0178548
0.0175577
0.0162432
0.011822
0.0164565
0.0149155
0.01245
0.0139255
0.0133459
0.0119967
0.0120609
0.0177261
0.0173711
0.0135405
0.0139188
0.0142356
0.0126631
0.0125888
0.018153
0.0184701
0.0170397
0.0190852
0.0187701
0.0152253
0.0149183
0.0151984
0.0134642
0.0148785
0.0150137
0.0134241
0.0138011
0.0188198
0.0177237
0.0176225
0.01899
0.0206228
0.0134592
0.0173982
0.0172023
0.01288
0.0202581
0.0171334
0.0171826
0.0191577
0.0169803
0.0134321
0.018824
0.0179838
0.017522
0.0175298
0.0175063
0.0128565
0.0176692
0.018177
0.0166079
0.0193976
0.016412
0.0132425
0.0176582
0.0167053
0.0177916
0.0167451
0.0129389
0.0178529
0.0166968
0.0177907
0.0176786
0.0130297
0.0175822
0.0160127
0.0180977
0.0168972
0.0178226
0.0174836
0.0178738
0.0166468
0.0193806
0.0164214
0.012447
0.0168097
0.0148523
0.0138278
0.0163935
0.0129658
0.0122993
0.012026
0.0166604
0.0130194
0.0178818
0.0154145
0.0161153
0.0125814
0.0123857
0.0174484
0.0172253
0.0176484
0.01738
0.0121736
0.0135714
0.016223
0.0137305
0.012388
0.0139172
0.0137969
0.0122818
0.0179005
0.0172336
0.0127635
0.0181699
0.0161956
0.0127823
0.0141103
0.0172786
0.0146486
0.0149315
0.0150218
0.0150004
0.0197778
0.0196571
0.0147252
0.0195951
0.0189977
0.0137953
0.0186986
0.0185387
0.0133021
0.0183937
0.01847
0.0161513
0.0172622
0.0182089
0.0140581
0.0142379
0.0144423
0.0129232
0.0140909
0.0134858
0.0123042
0.0177476
0.0169116
0.0129419
0.0170672
0.0139613
0.0132331
0.0182051
0.018629
0.0169073
0.0184539
0.0187949
0.0140741
0.0144728
0.014272
0.0127805
0.017511
0.0179555
0.0123959
0.0182439
0.017945
0.0132813
0.0142904
0.0143281
0.012873
0.0134128
0.0135075
0.0117737
0.0128806
0.013013
0.0117586
0.0127874
0.0127085
0.0127717
0.0114293
0.0134251
0.0133096
0.0119964
0.0170387
0.0174043
0.0121769
0.0175411
0.0175592
0.0130866
0.0136825
0.014497
0.0133961
0.0131404
0.0141359
0.0144789
0.0148523
0.0135061
0.0137825
0.0125767
0.0132369
0.0135248
0.0122392
0.0172297
0.017287
0.0127932
0.015196
0.0139345
0.0117212
0.0129267
0.012785
0.0118648
0.0183128
0.0171863
0.0125031
0.0178485
0.0176198
0.0135981
0.0176695
0.0141515
0.0121487
0.014329
0.0124889
0.0115344
0.0158534
0.0146047
0.0104695
0.0156635
0.0145622
0.00959854
0.0141123
0.0117735
0.0140606
0.0186075
0.01544
0.0137499
0.00923551
0.00991002
0.00870081
0.00980933
0.010174
0.0111771
0.0103882
0.0108325
0.0160431
0.0159073
0.0170694
0.0198336
0.0120587
0.0159609
0.0126001
0.0132511
0.0138636
0.0135457
0.0128802
0.0135854
0.0134436
0.0125551
0.0135329
0.014657
0.0120219
0.0166822
0.0155813
0.0122952
0.0127388
0.0123196
0.0133701
0.0116294
0.0116196
0.0167811
0.0132861
0.0120305
0.0113563
0.0172209
0.0160821
0.012321
0.0232277
0.0166426
0.0180922
0.0175586
0.0139117
0.0195894
0.0178616
0.0164706
0.016124
0.0134997
0.0136892
0.0182735
0.0170521
0.0183708
0.0177529
0.0130496
0.0183214
0.0172909
0.0167841
0.018353
0.0138922
0.0122083
0.0132525
0.0126703
0.0122542
0.0130065
0.0123086
0.0123636
0.0135528
0.0137022
0.0124829
0.0131016
0.0133868
0.0142025
0.0178284
0.0172578
0.0167701
0.017144
0.0170245
0.016099
0.016858
0.017082
0.0158925
0.0178303
0.0175485
0.0161361
0.0178037
0.0182485
0.0158366
0.0175567
0.0175893
0.016543
0.0178836
0.0175144
0.0163538
0.0185941
0.0180974
0.0176831
0.0201281
0.0178884
0.0167669
0.017202
0.0144634
0.0149843
0.0186293
0.0182727
0.013303
0.018884
0.0198986
0.0139431
0.017147
0.0181582
0.0175968
0.0184896
0.018417
0.0173609
0.018737
0.0189323
0.0178913
0.019934
0.0186082
0.0142026
0.0181482
0.0148353
0.0132824
0.0186945
0.0194324
0.0182012
0.0182236
0.018796
0.0174213
0.018797
0.0189098
0.0189635
0.0184929
0.0199121
0.0229613
0.0216777
0.0208966
0.0161628
0.0213157
0.0219955
0.017404
0.0177754
0.015778
0.0146304
0.0212438
0.0205763
0.0185496
0.0201109
0.0189762
0.0182274
0.0197739
0.0196295
0.0184084
0.0197036
0.0186405
0.0162103
0.0200497
0.0192739
0.015814
0.0162139
0.0166743
0.0147694
0.0155245
0.0210166
0.0204027
0.0195394
0.0212332
0.0211231
0.0190234
0.0197263
0.0213046
0.0188017
0.0196045
0.0200475
0.019228
0.0152191
0.0227923
0.0223144
0.0204685
0.0221208
0.0234522
0.020761
0.0227946
0.0234717
0.0208508
0.0163888
0.0200119
0.0200626
0.0189748
0.0192728
0.0204382
0.0189964
0.0196989
0.0205253
0.0159492
0.0152585
0.015289
0.021035
0.0196794
0.0209713
0.0198345
0.0211308
0.0209019
0.0171891
0.0181013
0.0195001
0.0150532
0.0179254
0.0163819
0.0145326
0.0196387
0.0203428
0.0168155
0.0196669
0.0203421
0.0188101
0.0187585
0.0162572
0.0146301
0.0146335
0.0181039
0.0188195
0.0159171
0.0161765
0.0174453
0.0150602
0.0186284
0.0179691
0.01615
0.0122357
0.0167339
0.0164237
0.0142866
0.0177769
0.0168995
0.0148226
0.0134619
0.0140227
0.0120792
0.0137883
0.0142914
0.012454
0.0182748
0.0181048
0.011745
0.0127645
0.0129948
0.0109068
0.0123824
0.0141231
0.0138643
0.0127829
0.0125024
0.0172905
0.0178626
0.0162232
0.0152709
0.0184677
0.0195764
0.0168588
0.0154113
0.0197874
0.0199253
0.0196508
0.0156796
0.0183338
0.0206985
0.021074
0.020615
0.0196819
0.0161373
0.0156375
0.0153184
0.0144186
0.0188611
0.0190994
0.0175195
0.0140721
0.0188903
0.0187975
0.0186802
0.0172502
0.0195849
0.0193536
0.0182994
0.0192855
0.0207631
0.0179055
0.0156294
0.018144
0.0162395
0.0147949
0.0148009
0.0193532
0.0195489
0.0182469
0.0145091
0.0189897
0.0190457
0.0172973
0.0148573
0.0190725
0.0186808
0.0160289
0.0120809
0.019009
0.0201224
0.0194781
0.0196421
0.0209063
0.0177929
0.0147028
0.0209496
0.0197963
0.0183516
0.0201989
0.0211743
0.0189811
0.0163689
0.020675
0.021306
0.0190162
0.02053
0.022274
0.0192296
0.0165361
0.0209706
0.019315
0.0163941
0.0165838
0.0196988
0.0227801
0.0195334
0.016005
0.0175701
0.0193669
0.0162821
0.0200559
0.019651
0.0207828
0.0192229
0.0150946
0.018424
0.0177926
0.0161051
0.0151935
0.0161971
0.0191112
0.0164887
0.0165331
0.0212336
0.0213215
0.0189688
0.0203767
0.0207001
0.0193101
0.0147255
0.015388
0.0164822
0.0158077
0.0153027
0.0198154
0.0210229
0.0191749
0.0161124
0.0157964
0.0209579
0.0221338
0.0202863
0.0166069
0.0165705
0.0181961
0.0166173
0.0266765
0.0213351
0.0223887
0.0230299
0.020503
0.0171072
0.0198072
0.0224279
0.0209094
0.0181675
0.0164818
0.0183862
0.0159617
0.0151802
0.014766
0.0158889
0.0132966
0.0143551
0.0146127
0.0153802
0.0132756
0.0138579
0.0182399
0.0184625
0.0164808
0.0153066
0.0181109
0.0175884
0.0161864
0.0175765
0.0171296
0.0163238
0.013195
0.0169731
0.0172527
0.012962
0.0127352
0.0183615
0.0178485
0.0171266
0.0192413
0.0164824
0.0147673
0.017458
0.0176198
0.0156774
0.0119972
0.0180767
0.0176999
0.015753
0.0195167
0.0176194
0.0162768
0.0175115
0.0179511
0.0173656
0.017702
0.0187818
0.0135022
0.017892
0.0193851
0.0167294
0.0138745
0.0137735
0.0118299
0.0139115
0.0121355
0.013418
0.0129629
0.0124549
0.011551
0.0122473
0.0139637
0.0113092
0.0157444
0.0142521
0.010396
0.0149297
0.0138961
0.00990721
0.0165628
0.0151462
0.0113672
0.0108666
0.0124156
0.0115449
0.0115292
0.0166506
0.0161391
0.0127298
0.0134416
0.0121228
0.0126021
0.0134568
0.0123244
0.0161991
0.0154417
0.0161383
0.0205472
0.0198348
0.0155113
0.0218591
0.0216068
0.0181166
0.0171198
0.0183028
0.017569
0.0170808
0.0225872
0.0174087
0.0174405
0.0175107
0.0202091
0.0180514
0.0181257
0.0187396
0.0235378
0.0189858
0.0192729
0.0187901
0.0212951
0.0197549
0.0195222
0.0193877
0.0198256
0.019381
0.0209084
0.0223247
0.0202176
0.018661
0.0193707
0.0217192
0.0195749
0.0195901
0.0186597
0.0188854
0.0210547
0.0195851
0.0211843
0.0184708
0.0196465
0.0192568
0.0172141
0.0170106
0.0214455
0.0228193
0.0200825
0.0169464
0.0166899
0.0188357
0.0176351
0.0178965
0.0203
0.0221213
0.0225307
0.0199974
0.015643
0.0201928
0.0234854
0.0195557
0.0189575
0.019042
0.0219625
0.0199226
0.0185178
0.0191982
0.0200553
0.0196661
0.0186817
0.018838
0.0206992
0.0203062
0.0193748
0.019669
0.0204882
0.020586
0.0182969
0.0188115
0.0202643
0.0194773
0.0178746
0.018068
0.0197008
0.0216203
0.0145568
0.0136617
0.012577
0.0108683
0.0101272
0.0110247
0.0103244
0.00907108
0.00899851
0.0149502
0.00654096
0.00619888
0.00743977
0.00999887
0.00805809
0.0126292
0.0086932
0.00838864
0.0128967
0.0154625
0.0100826
0.0145914
0.0167251
0.0159292
0.0167769
0.0195708
0.0208318
0.0195861
0.0167972
0.0168488
0.022746
0.0243885
0.0246806
0.0193156
0.0224173
0.025491
0.0248927
0.0247481
0.0229571
0.0243226
0.0236453
0.0213715
0.0182267
0.0227877
0.0241071
0.0239136
0.0187284
0.0184634
0.0200177
0.0191503
0.0214237
0.0222545
0.0216647
0.0218397
0.0189417
0.0214291
0.0233956
0.0208148
0.0204969
0.0215752
0.0249871
0.025894
0.0247105
0.0224556
0.0212531
0.0186004
0.0192703
0.0214667
0.0198821
0.0184428
0.0181146
0.0189962
0.0194916
0.0156655
0.0138489
0.0154879
0.0141001
0.0124356
0.0190217
0.0206817
0.0169715
0.0176434
0.0192386
0.0197601
0.0162462
0.0110307
0.0151835
0.0120731
0.0122768
0.0116325
0.0120952
0.0174712
0.0169899
0.0150141
0.0121173
0.012582
0.016242
0.0122132
0.0119344
0.0124178
0.0132293
0.0112212
0.0113447
0.0123339
0.012512
0.0106424
0.0118438
0.0114538
0.0118626
0.0122959
0.0133905
0.0120133
0.0123453
0.0123457
0.0144614
0.0147646
0.016388
0.0177675
0.0174494
0.0199615
0.0189388
0.0186233
0.0179813
0.0219292
0.0238634
0.0229369
0.0202426
0.0201263
0.0224045
0.0217823
0.0201955
0.0200328
0.0213439
0.0203993
0.0197832
0.0222964
0.0220845
0.0189113
0.0195881
0.0208436
0.0200091
0.0154123
0.0156088
0.0200628
0.0165718
0.0184964
0.0188716
0.0185547
0.0169712
0.01591
0.0164587
0.0167341
0.0121856
0.0163055
0.0175077
0.0172651
0.0189621
0.0189654
0.0185783
0.0132999
0.0132365
0.0147832
0.0158855
0.015132
0.0198449
0.021973
0.0214399
0.020935
0.0183793
0.0185
0.0174043
0.0179732
0.0180305
0.0187529
0.0177555
0.019985
0.0195536
0.0180385
0.0183309
0.021984
0.0224438
0.0218422
0.0155047
0.0171216
0.0156445
0.015059
0.0146535
0.0185884
0.0197975
0.0178508
0.0167152
0.0172742
0.0174687
0.0147825
0.0126081
0.0119484
0.0137483
0.0130656
0.0113694
0.0160231
0.0147071
0.0153758
0.0149796
0.00965124
0.015308
0.00985486
0.014399
0.0104797
0.0113667
0.0117282
0.0130046
0.00895577
0.0106998
0.0095593
0.0138063
0.00805994
0.0112684
0.00752423
0.0114801
0.00819194
0.00850652
0.00646379
0.0122551
0.00974158
0.0147132
0.0179289
0.0169302
0.0174168
0.0191574
0.0176317
0.0172926
0.0202591
0.0217816
0.0199578
0.0204837
0.0213377
0.0220268
0.0210073
0.0199161
0.0200839
0.0205016
0.0205351
0.020056
0.019407
0.0190202
0.0221109
0.0200662
0.0153342
0.0219063
0.0204784
0.0180818
0.0181992
0.0176698
0.0192855
0.0161787
0.016767
0.0164408
0.0168361
0.0152989
0.0163607
0.0170208
0.0156966
0.017229
0.0171156
0.0155142
0.0129249
0.0139407
0.0118068
0.0176669
0.0157522
0.0126845
0.0152342
0.0129424
0.0125234
0.0133401
0.012676
0.012593
0.0137839
0.0133866
0.0125456
0.0137795
0.0132381
0.012799
0.0139567
0.012829
0.0135271
0.0143227
0.0129254
0.0128559
0.0140436
0.0138199
0.0127025
0.0128589
0.0122819
0.0184648
0.0179774
0.012145
0.0178025
0.0173951
0.0136057
0.018726
0.0204273
0.0135358
0.0189645
0.0147096
0.0123806
0.0149808
0.0128705
0.0161315
0.015271
0.013935
0.0152881
0.0167104
0.0141505
0.0142985
0.0154045
0.013491
0.0139835
0.0182724
0.0181729
0.0157669
0.018499
0.0177381
0.014901
0.0173542
0.0166891
0.0134148
0.0121895
0.012334
0.0120476
0.0125135
0.0124619
0.0123832
0.0183322
0.0171653
0.0131384
0.0203517
0.0190559
0.0167958
0.0183092
0.0154426
0.0131828
0.0150622
0.0154748
0.0140601
0.0190617
0.0194805
0.0138238
0.0147821
0.0147533
0.0133504
0.0140991
0.0142884
0.0135953
0.0202948
0.0194938
0.0148674
0.0189704
0.0191309
0.0168932
0.0187173
0.018755
0.0175146
0.0189849
0.0185287
0.0178038
0.0188276
0.0186523
0.0129457
0.014615
0.0147013
0.0122194
0.0135098
0.0126313
0.0118965
0.0170866
0.0157286
0.0120168
0.0194129
0.0162697
0.0102908
0.0161765
0.0140385
0.0141916
0.017767
0.015317
0.0129773
0.0148448
0.0128364
0.0128326
0.0131043
0.012182
0.0148525
0.0185198
0.0172375
0.0172311
0.0176148
0.0165775
0.0211576
0.0231472
0.0209309
0.0210543
0.0215857
0.019559
0.0204742
0.0223394
0.0214667
0.0223816
0.0235489
0.0209498
0.0209545
0.0236853
0.020931
0.0216731
0.0210007
0.0246174
0.0219195
0.0218211
0.0211286
0.0238125
0.0219278
0.0228539
0.0220315
0.0240881
0.0227326
0.0229521
0.0231592
0.0257322
0.0259752
0.023143
0.0210306
0.0224134
0.0242368
0.0213372
0.0203786
0.0232685
0.0250174
0.0223837
0.0190549
0.0172929
0.0200484
0.0166801
0.0175833
0.0174667
0.0184941
0.0215979
0.0172479
0.0165598
0.0175946
0.0164079
0.0160551
0.0165656
0.0181997
0.0159103
0.0165619
0.0206199
0.0217816
0.018353
0.0144126
0.0197536
0.0196729
0.0191312
0.0202064
0.0199083
0.0177343
0.0192227
0.0164404
0.0163184
0.0176212
0.018373
0.0167095
0.0149606
0.0144719
0.0160218
0.0151105
0.0147427
0.0150609
0.0125363
0.0142321
0.013862
0.0124342
0.0142341
0.0158335
0.0120923
0.0120931
0.0129097
0.0129245
0.0113102
0.0126441
0.0119306
0.0111204
0.0171033
0.0161691
0.0132159
0.013748
0.0133406
0.0130283
0.0163535
0.0177909
0.0176863
0.0164353
0.0185655
0.0185294
0.0171089
0.0180285
0.0189746
0.0163884
0.0231552
0.0185275
0.013125
0.0191474
0.0182959
0.0167785
0.0138605
0.0184742
0.0185492
0.0147488
0.0143739
0.0143661
0.014836
0.0183731
0.0178495
0.0124997
0.0138269
0.0133035
0.0122086
0.0142781
0.0146425
0.012269
0.0177943
0.0172419
0.0188796
0.0167613
0.0177966
0.0122775
0.0180775
0.0168303
0.012379
0.0167047
0.0158403
0.0110097
0.012012
0.0109704
0.0120353
0.0149804
0.013027
0.0101599
0.0138036
0.0128565
0.0144469
0.0158272
0.013761
0.00955615
0.0156151
0.0143254
0.0153476
0.0142127
0.0106535
0.0158974
0.0146045
0.0163273
0.0148685
0.0146223
0.0170819
0.0156882
0.0161251
0.0158757
0.0142771
0.0125604
0.0172469
0.0157166
0.0172274
0.0163289
0.012643
0.0183374
0.0159624
0.0122752
0.0166501
0.016236
0.0122739
0.017374
0.0138282
0.0185161
0.0162914
0.0121122
0.016333
0.0154593
0.0123826
0.0160333
0.0112434
0.0123569
0.0131141
0.0121222
0.0121785
0.012793
0.0131394
0.0125447
0.0129968
0.0115066
0.0120386
0.012149
0.0133191
0.0119745
0.0129403
0.0124951
0.0122359
0.0172111
0.0152468
0.0114206
0.0166354
0.0133562
0.0174408
0.0156465
0.0175638
0.0170374
0.0164046
0.0157975
0.01283
0.0173238
0.0154587
0.0114781
0.0165085
0.0153512
0.010879
0.0156387
0.0159962
0.0112204
0.0122269
0.0115513
0.0117575
0.0162541
0.0156562
0.0111807
0.016714
0.0153551
0.0174577
0.0157913
0.0121536
0.0182773
0.0156329
0.0123816
0.0136683
0.0127679
0.0144407
0.0183209
0.0179605
0.016167
0.0182703
0.0175237
0.0141867
0.0188916
0.0184932
0.019786
0.0162744
0.0151445
0.0138111
0.0155915
0.0144797
0.0154609
0.014671
0.015154
0.0150093
0.0145292
0.0169369
0.0136883
0.0157689
0.0128736
0.0158047
0.0110513
0.0150949
0.0144827
0.0147078
0.0148351
0.0142314
0.0107869
0.0101272
0.0150672
0.0112444
0.0116916
0.0117656
0.0106969
0.0115776
0.0118352
0.0108388
0.012147
0.0109637
0.0107087
0.0145097
0.010379
0.0106449
0.015999
0.0111076
0.0118478
0.0126917
0.0130366
0.0118416
0.0192797
0.0150313
0.0123792
0.0105342
0.0158358
0.0118677
0.0159135
0.0128987
0.0164854
0.0120723
0.0169001
0.0140455
0.0168576
0.0153363
0.0164649
0.015325
0.0171618
0.0134438
0.0160107
0.0146399
0.0158932
0.0152891
0.0148174
0.0132405
0.0135767
0.013301
0.0164267
0.0135722
0.0154651
0.00945939
0.0108276
0.00947453
0.0117097
0.00941966
0.0108178
0.0104423
0.0109784
0.0103702
0.0150885
0.00982368
0.0142645
0.0132545
0.0169498
0.0147897
0.0111952
0.0103463
0.0116324
0.0105573
0.0162317
0.0118676
0.0122532
0.0113042
0.0127203
0.0139013
0.0166415
0.0152565
0.0124917
0.0156698
0.0164317
0.0154535
0.0168271
0.014201
0.0129386
0.0123523
0.0131381
0.0123863
0.0172966
0.013163
0.0173636
0.0163272
0.0187171
0.015333
0.0175963
0.0180827
0.0131339
0.0124231
0.012277
0.0168751
0.012319
0.0174083
0.0160877
0.0171705
0.016413
0.0170447
0.0165594
0.0128315
0.0141675
0.0130301
0.0134449
0.017674
0.0133736
0.0174397
0.0168913
0.013018
0.0175816
0.016822
0.0181727
0.0177554
0.013209
0.0175827
0.0182741
0.0157055
0.0132261
0.0156259
0.015567
0.0178593
0.0173755
0.0121867
0.0174028
0.0169421
0.0145718
0.0135537
0.014721
0.0136049
0.0181659
0.0171046
0.0121374
0.0167761
0.0151431
0.0162848
0.01545
0.0161512
0.0128192
0.0126731
0.011127
0.0109786
0.0149774
0.0143793
0.0103754
0.0154431
0.0141375
0.0104682
0.0119473
0.0104645
0.012068
0.0116951
0.010985
0.0154594
0.0165329
0.0106002
0.0159186
0.0148145
0.016575
0.0163119
0.0112935
0.0130702
0.0127577
0.0117475
0.0133918
0.013294
0.0119286
0.0218476
0.0248056
0.0221367
0.0234752
0.0282436
0.0237171
0.0246651
0.0259798
0.0240463
0.0272594
0.0270431
0.0274602
0.0264927
0.0268811
0.023051
0.0218979
0.0221576
0.025553
0.0247565
0.0242635
0.0208581
0.0208438
0.0195163
0.0196149
0.119681
0.0253092
0.0245838
0.0241233
0.0266949
0.0230353
0.0246918
0.0272883
0.0284343
0.026174
0.0244141
0.0239847
0.025814
0.0267572
0.0264164
0.0290898
0.0316519
0.0309622
0.0251989
0.0250628
0.030199
0.0336633
0.0325306
0.0355574
0.0303526
0.0318407
0.0324709
0.0324045
0.0397027
0.0340901
0.0337506
0.0351519
0.0307836
0.0328102
0.0299712
0.0314218
0.0314094
0.0322975
0.0323612
0.031029
0.0259727
0.0312334
0.0317752
0.0324692
0.0320998
0.0297601
0.0280831
0.0273471
0.0309419
0.0326352
0.0298085
0.0248801
0.0252039
0.0258353
0.0280524
0.0279966
0.026698
0.0244897
0.024886
0.0256558
0.0263408
0.0271065
0.0254778
0.0228604
0.0240738
0.0248076
0.0225377
0.0215629
0.0196641
0.0200462
0.0241525
0.0267996
0.0268734
0.0268743
0.0220166
0.0232622
0.0254976
0.0226583
0.0203226
0.0200728
0.0229971
0.0249189
0.0242393
0.0245305
0.0231526
0.0214866
0.0231265
0.0253262
0.0251784
0.0244304
0.0225245
0.0202254
0.0231223
0.0244157
0.0271495
0.0243748
0.0219284
0.0184181
0.018223
0.0183998
0.0229593
0.0256155
0.0256083
0.0257225
0.0234598
0.0197411
0.0235811
0.0246888
0.0248625
0.0245052
0.0224034
0.0196845
0.0187731
0.0192818
0.0197165
0.0198122
0.0188163
0.0175096
0.0200796
0.0211885
0.0227314
0.0221766
0.0234478
0.0209311
0.0218895
0.0215725
0.0225048
0.0213999
0.0205061
0.0218552
0.021029
0.0218804
0.0252456
0.0256426
0.0282578
0.0303922
0.0283952
0.028189
0.0268928
0.025295
0.0232636
0.0226236
0.0234164
0.0277098
0.0232607
0.0239968
0.0276689
0.0260439
0.0266738
0.0264872
0.0258325
0.0250757
0.0251412
0.0275689
0.0259366
0.0260746
0.0267459
0.0262077
0.0248155
0.0250812
0.0233992
0.0246625
0.0265242
0.0256943
0.0256581
0.0235171
0.0233833
0.0244362
0.0251575
0.0243762
0.0237582
0.0196428
0.0182694
0.0246793
0.023745
0.0238672
0.0269176
0.0221985
0.02298
0.0245995
0.0240146
0.0240734
0.0218167
0.0182933
0.0192668
0.0216117
0.021158
0.0197961
0.0202726
0.0194344
0.0192056
0.0201066
0.0205229
0.0187919
0.0177067
0.017647
0.0171748
0.0182562
0.018639
0.0183516
0.017401
0.0176336
0.0213777
0.0205699
0.0211595
0.0202215
0.0209314
0.018645
0.0227001
0.0232603
0.0244131
0.0245828
0.0238171
0.0231406
0.0194492
0.0217175
0.0236783
0.0230386
0.021674
0.0196152
0.0204689
0.0243648
0.025478
0.0261325
0.0257304
0.0233932
0.0244289
0.026864
0.0252675
0.0239366
0.022164
0.0243466
0.0197727
0.024882
0.0271502
0.0258631
0.0263335
0.0250404
0.0212931
0.0214865
0.0206857
0.0204103
0.0207258
0.0223853
0.0224101
0.0236147
0.0231841
0.0218943
0.0206513
0.0206032
0.0198799
0.0195672
0.0198266
0.0248414
0.0263467
0.0257997
0.0257295
0.0336311
0.0248685
0.0216446
0.0210888
0.0272972
0.0273151
0.0275466
0.0280813
0.0266253
0.0250125
0.0258127
0.0262998
0.027276
0.030633
0.0269722
0.0260739
0.0278209
0.0290396
0.0292321
0.0270311
0.0271396
0.0228947
0.0242221
0.0242518
0.0237575
0.0217669
0.0208264
0.0242531
0.0255996
0.0260872
0.0245834
0.0236092
0.0194874
0.0195936
0.0242656
0.022314
0.0207498
0.0200705
0.0199927
0.0208341
0.0208006
0.0245329
0.0266329
0.0255724
0.0236625
0.0187047
0.0230198
0.0250019
0.0238242
0.0294369
0.0226429
0.0219414
0.0236104
0.021465
0.0217833
0.0197872
0.0165345
0.0209502
0.0225221
0.0231622
0.0211323
0.017266
0.0195903
0.0190736
0.0215486
0.0177828
0.0164642
0.0196085
0.0229154
0.0223177
0.0255815
0.0211733
0.0247641
0.0241742
0.0239148
0.0213621
0.018189
0.0224317
0.0242656
0.0234677
0.024566
0.0211507
0.021083
0.0213905
0.0211844
0.0213042
0.0180463
0.0185095
0.0225527
0.0247959
0.0247221
0.0219615
0.0175077
0.021389
0.0239931
0.0238044
0.0213346
0.0181773
0.0216595
0.019762
0.0180838
0.0161196
0.0161382
0.0212158
0.0225366
0.0215053
0.0191841
0.0171245
0.0159217
0.0176743
0.0238351
0.0219819
0.0220261
0.02099
0.0165324
0.0168647
0.0174138
0.0173446
0.0195879
0.0205649
0.0199343
0.0194998
0.0191425
0.0194534
0.0151678
0.0149038
0.0165976
0.0168036
0.0136877
0.0131777
0.013648
0.0141826
0.015822
0.0138485
0.0189518
0.0192551
0.0192816
0.0226486
0.0183394
0.0209719
0.0204594
0.019376
0.018452
0.0160413
0.0147398
0.0153663
0.0152321
0.0135226
0.0146922
0.0149865
0.0152105
0.0144108
0.0186377
0.019475
0.022964
0.0182047
0.0187878
0.0195164
0.0192559
0.0155923
0.0155287
0.0157553
0.0151262
0.0149519
0.0188004
0.0196156
0.0195567
0.0146075
0.0186242
0.0191921
0.0198443
0.0140139
0.0147854
0.0166712
0.0137636
0.0142501
0.0148914
0.0152738
0.0140488
0.0141432
0.014887
0.0158244
0.0139642
0.0132656
0.0189806
0.0182283
0.0167934
0.012937
0.016129
0.0167395
0.0117433
0.0156754
0.0127275
0.0111305
0.0165543
0.0158232
0.0107395
0.0116548
0.011509
0.0111058
0.0158927
0.0164664
0.0139588
0.0124371
0.0127196
0.0120999
0.0130737
0.0142514
0.0130894
0.018175
0.0180937
0.0146882
0.0156743
0.0156797
0.0147728
0.0183678
0.0183229
0.0134369
0.0187449
0.0186496
0.0142437
0.0142248
0.0178351
0.0176511
0.0180878
0.0186608
0.0142904
0.0191446
0.0189973
0.0172723
0.0183865
0.018845
0.0155153
0.0144148
0.0175679
0.0152403
0.0142359
0.0152207
0.0134212
0.0149454
0.0153539
0.0170527
0.0190399
0.0198581
0.0185227
0.020156
0.0199698
0.0187424
0.0193448
0.0193931
0.0189692
0.0159779
0.0169474
0.0152121
0.0169534
0.0159335
0.0127583
0.0137908
0.0133737
0.0133202
0.0140523
0.0133156
0.0139602
0.0144608
0.0152447
0.0174561
0.018562
0.0182004
0.0159951
0.0174285
0.0171978
0.0161934
0.0175878
0.0182656
0.0178651
0.0186488
0.0196697
0.01811
0.0182154
0.0186991
0.0167997
0.0179121
0.0176542
0.0173288
0.0180964
0.0198858
0.015801
0.0150617
0.0146451
0.0156644
0.0134907
0.0182246
0.019369
0.0178624
0.0190815
0.0204285
0.0187259
0.0189684
0.0192662
0.0176422
0.0188588
0.0186839
0.0174294
0.0172505
0.0165689
0.0130144
0.0180539
0.0177117
0.0137813
0.0135701
0.013646
0.018669
0.0205669
0.0153296
0.0185655
0.0191298
0.0199353
0.0186665
0.0192533
0.0199856
0.0184352
0.0192596
0.0201295
0.0186579
0.0201666
0.0200594
0.0180617
0.0186432
0.0193053
0.0162746
0.0185585
0.0189541
0.0185572
0.0192076
0.0196461
0.0192157
0.0195883
0.0204719
0.0179961
0.0179713
0.018218
0.0192862
0.0150324
0.0156697
0.0160315
0.0140757
0.0150457
0.0154477
0.014441
0.0196908
0.0200733
0.0186854
0.0197897
0.0195338
0.0184649
0.018459
0.0191123
0.0182798
0.0148223
0.0181337
0.0190518
0.0166762
0.0166924
0.0162111
0.0161287
0.0157631
0.0168887
0.0156887
0.0189692
0.0203062
0.0183712
0.0195744
0.0202355
0.0185108
0.0196937
0.0200284
0.0186756
0.0192598
0.0201921
0.0189648
0.0215125
0.0193055
0.0167113
0.0185261
0.0189691
0.0173459
0.0176489
0.0187111
0.0172977
0.0186095
0.0179737
0.0179793
0.0191329
0.0186856
0.0170488
0.0178424
0.0183639
0.0138967
0.0141102
0.0155884
0.0139033
0.0146236
0.0151969
0.0122806
0.0128627
0.0127206
0.0123023
0.0129111
0.0144069
0.0133329
0.0151452
0.0153247
0.0222083
0.0204707
0.0208703
0.0196144
0.0205354
0.0263494
0.0202642
0.0206381
0.0204651
0.0219667
0.0207829
0.0167913
0.0166444
0.0168112
0.0151743
0.0137667
0.0164059
0.0119101
0.0120729
0.012264
0.0102732
0.0157997
0.015508
0.0119689
0.0135518
0.0192788
0.0194362
0.0182843
0.0189967
0.0194279
0.0185427
0.0150649
0.018155
0.0210692
0.0186148
0.015516
0.0190901
0.0204638
0.0190924
0.0209977
0.0195178
0.0176831
0.0148716
0.0147078
0.0153745
0.0154859
0.0142253
0.0178367
0.0209504
0.0162505
0.0167584
0.0166613
0.015579
0.0151406
0.0151688
0.0166819
0.0142185
0.0146357
0.0156585
0.0138591
0.0140797
0.0184304
0.019015
0.0178318
0.0187291
0.0182305
0.0171881
0.0137493
0.0211329
0.0181213
0.0138052
0.0177012
0.0183191
0.0168072
0.0170947
0.0179323
0.016654
0.0169706
0.0186833
0.0169845
0.0131786
0.0180104
0.0183651
0.0135298
0.0180596
0.0183958
0.0175123
0.0182421
0.0180978
0.0179828
0.0186554
0.0164122
0.0137543
0.018385
0.0192766
0.0176309
0.0194625
0.0192005
0.0143599
0.0152367
0.0160689
0.0150854
0.0154718
0.0164048
0.0157243
0.0190153
0.0198078
0.0178508
0.0205522
0.0196725
0.018859
0.0199023
0.020258
0.0186615
0.0174418
0.0185018
0.0176986
0.0182888
0.0190168
0.0276101
0.0185099
0.0196502
0.0185212
0.0151446
0.0160658
0.0169735
0.0153879
0.0150308
0.0151675
0.0134017
0.0144306
0.0181054
0.0194417
0.0173829
0.0152509
0.0149082
0.0150969
0.01475
0.0197161
0.020717
0.0191123
0.0194474
0.0207968
0.0194951
0.0167315
0.0190461
0.0196396
0.0175677
0.0188759
0.0193106
0.0194954
0.0177044
0.0142552
0.0142546
0.0149771
0.0170181
0.0179381
0.0203473
0.0135667
0.0146652
0.0153314
0.0136347
0.0178922
0.0192988
0.0142305
0.0147995
0.0148726
0.0151243
0.0158949
0.0147683
0.0191246
0.0194106
0.0186355
0.0185615
0.0196287
0.0184959
0.0201014
0.0197852
0.0183189
0.0186986
0.0189843
0.0196244
0.0178222
0.0180534
0.0190841
0.0297608
0.0187478
0.0198324
0.0178327
0.0150279
0.0189299
0.0197733
0.0159847
0.0149849
0.0158928
0.014709
0.0150191
0.0157504
0.0143782
0.0152168
0.0188891
0.019953
0.0182091
0.0150568
0.0187567
0.0196526
0.0181586
0.0147326
0.0147515
0.0185616
0.0194589
0.0183491
0.0152258
0.014842
0.0183833
0.0194644
0.0182002
0.014768
0.0143684
0.0159005
0.0149045
0.0182025
0.0195746
0.0188731
0.0181544
0.0191082
0.0150557
0.0145591
0.0155694
0.0142114
0.0148194
0.0187132
0.0195331
0.0176914
0.018302
0.019258
0.0181989


