0.0167608
0.0149581
0.0166819
0.0301295
0.027987
0.0299478
0.0290402
0.0293788
0.031483
0.0315751
0.0317857
0.034673
0.0313138
0.0331286
0.033679
0.0336208
0.0336466
0.0313434
0.0309443
0.0342162
0.0306951
0.0303757
0.0328882
0.0349562
0.0343341
0.0337053
0.031796
0.0319073
0.0323384
0.0301644
0.0311879
0.0323583
0.0315925
0.0330454
0.0313256
0.0352062
0.0328199
0.0356224
0.0353017
0.0347322
0.033947
0.0342919
0.0367867
0.0321312
0.0342166
0.0342213
0.0360922
0.0327724
0.0344523
0.0353723
0.0221855
0.0228097
0.0223988
0.0235394
0.0224861
0.0241235
0.0232545
0.0244558
0.0144128
0.0246032
0.0140193
0.0153508
0.0145026
0.0147044
0.0147925
0.0153269
0.0312827
0.0243918
0.0263247
0.029385
0.0269207
0.0281736
0.029111
0.029712
0.0303167
0.0289893
0.0310403
0.0316702
0.0277765
0.02953
0.0298355
0.0293957
0.0328698
0.032306
0.0319592
0.0286714
0.0296124
0.0320558
0.0348592
0.0326899
0.0356222
0.0297499
0.0329554
0.0323563
0.0330567
0.0336433
0.0347761
0.0336576
0.0347499
0.0344903
0.0316631
0.0343617
0.0338927
0.0353738
0.0333759
0.0346961
0.0360194
0.0348824
0.0348959
0.0322616
0.0335764
0.0341997
0.0366158
0.0389595
0.0242874
0.0228909
0.0231589
0.0247914
0.0243522
0.0261202
0.0262967
0.0272325
0.0260235
0.0279078
0.0277387
0.0307504
0.0316646
0.0298041
0.0298275
0.0270421
0.0305056
0.0327025
0.0272242
0.0324289
0.0296078
0.0321994
0.0302558
0.0290219
0.0293852
0.027485
0.0309886
0.0297479
0.0287243
0.0348372
0.0315464
0.0317921
0.0304053
0.0325162
0.0333426
0.0313326
0.0299661
0.0305368
0.0340772
0.031117
0.0303916
0.0345256
0.0346656
0.031639
0.0291435
0.0307051
0.0311489
0.0299352
0.029975
0.0304117
0.0303153
0.0285784
0.0291145
0.0313592
0.0304907
0.0317001
0.0324195
0.029566
0.029693
0.0314763
0.0281718
0.0322563
0.0326234
0.0316523
0.0329699
0.0329992
0.0329951
0.0322709
0.0317178
0.0304879
0.0312417
0.028681
0.0308932
0.0318623
0.0326435
0.0306726
0.0303134
0.0334152
0.0332785
0.0285847
0.0303721
0.0297803
0.0298786
0.0295094
0.0313605
0.0318535
0.0301508
0.0304932
0.0304268
0.0331706
0.031116
0.0310587
0.0307385
0.0329672
0.0317087
0.0335399
0.0323748
0.0329917
0.0310573
0.0320862
0.0318213
0.0319271
0.0314487
0.0332074
0.0328493
0.0326022
0.0318577
0.0324965
0.0329888
0.0316603
0.0310407
0.0335052
0.032196
0.0328347
0.0319405
0.0324023
0.0314055
0.0316774
0.0311436
0.0322932
0.0282783
0.0294818
0.0291668
0.0319632
0.0269398
0.0305598
0.0306334
0.0291475
0.0325
0.031977
0.0287412
0.032953
0.0345656
0.0290719
0.0325547
0.0318179
0.0285045
0.03019
0.0310761
0.0289433
0.0315581
0.0332755
0.0317364
0.0318171
0.0350906
0.0342817
0.0328661
0.0338
0.0302783
0.0331181
0.0340138
0.0318548
0.0331318
0.0395821
0.0307637
0.0326583
0.0329526
0.0340901
0.0304776
0.0343273
0.0366053
0.0373416
0.0333036
0.0340767
0.0328264
0.0323694
0.0331703
0.0320818
0.0313527
0.0314634
0.0325611
0.0318512
0.034973
0.0348804
0.0303563
0.032949
0.0300942
0.0304867
0.0297757
0.0291126
0.0265234
0.0272593
0.0272376
0.0246989
0.0261418
0.0273476
0.0231949
0.0256477
0.0253782
0.0237384
0.0257023
0.0297769
0.0268603
0.0268712
0.0289424
0.0298729
0.0280656
0.0310314
0.0337011
0.0317886
0.0297032
0.031264
0.0321271
0.0329364
0.0307947
0.032855
0.0323666
0.0263727
0.0287534
0.0286989
0.026846
0.0298287
0.0300553
0.0284717
0.0303962
0.0305457
0.0314501
0.0313788
0.0323391
0.0317952
0.0316779
0.031823
0.0292969
0.0306791
0.0305433
0.0299197
0.0272619
0.0295187
0.03213
0.0304749
0.0328903
0.032189
0.031292
0.030386
0.0292141
0.0298913
0.0283364
0.0286464
0.028372
0.0299772
0.0284496
0.0358116
0.0333421
0.0343999
0.0350389
0.0338422
0.032776
0.0336914
0.0346623
0.0310479
0.0286775
0.0303605
0.0310275
0.0320768
0.0319986
0.0329315
0.0314226
0.0287693
0.0302784
0.0274956
0.0269947
0.0265145
0.0275248
0.0290156
0.0288285
0.0282198
0.0332271
0.031548
0.0315738
0.0314639
0.0310064
0.0305208
0.030625
0.0307415
0.0275825
0.0312986
0.0326835
0.028911
0.0289664
0.0284041
0.0290105
0.0307317
0.0290112
0.0296646
0.030117
0.0307337
0.0303335
0.0309936
0.0297976
0.0303433
0.0317596
0.0307972
0.0306452
0.0325404
0.0309172
0.0317838
0.0309086
0.0323803
0.0316439
0.0309122
0.0332032
0.0325789
0.0318927
0.0312427
0.0316443
0.0312272
0.0307156
0.0315573
0.031579
0.0292893
0.0310043
0.0310444
0.0312061
0.0308611
0.0302127
0.0312362
0.0307355
0.0293039
0.0303597
0.0299164
0.0299263
0.0290508
0.028994
0.0309957
0.0306776
0.0301138
0.0299526
0.0303263
0.0304079
0.0296915
0.0303684
0.0274793
0.0287897
0.0278704
0.0303935
0.0297485
0.0305303
0.0306124
0.0309792
0.0297087
0.0297534
0.0274771
0.0274417
0.0257035
0.0261992
0.0258302
0.0258171
0.0312762
0.0332065
0.0329233
0.0298308
0.0303745
0.0309771
0.0312926
0.0299031
0.0325303
0.0296677
0.0307826
0.0320526
0.0305131
0.0311942
0.0314952
0.0300634
0.030888
0.0297706
0.0298667
0.0295035
0.0305306
0.0301772
0.0292752
0.0292571
0.0287686
0.0317347
0.0299327
0.0304419
0.032329
0.0293103
0.0303396
0.0295561
0.0290729
0.0287214
0.0313415
0.0311709
0.0305935
0.0315129
0.0346062
0.0304281
0.03036
0.0306819
0.0297204
0.0297041
0.0308174
0.0317466
0.0317659
0.0298148
0.02935
0.0299582
0.0312661
0.0287334
0.0311405
0.0326461
0.0297295
0.0293731
0.0304696
0.031788
0.0295286
0.028318
0.0292323
0.0294945
0.0278961
0.0288151
0.028179
0.0266391
0.0288112
0.0296139
0.0262536
0.0273776
0.0280935
0.0260146
0.0255834
0.0269091
0.0234132
0.0249127
0.0249902
0.024167
0.0273101
0.0248511
0.0199097
0.0235182
0.0224213
0.0191287
0.0202308
0.0207893
0.0186256
0.0216511
0.0201877
0.020002
0.0207904
0.021856
0.0195628
0.0210646
0.0210252
0.0209062
0.0232138
0.0215744
0.0248605
0.0216507
0.022326
0.0225241
0.0211432
0.0231618
0.0215449
0.0211167
0.0226766
0.0239183
0.019779
0.0209274
0.0213127
0.0209825
0.021856
0.024502
0.0227405
0.0210121
0.0240457
0.0248218
0.0248153
0.0212046
0.0217114
0.0212768
0.023563
0.0238502
0.0207989
0.0221986
0.0216651
0.0234135
0.023228
0.0214387
0.0227426
0.0223167
0.0221328
0.0226008
0.0236794
0.0214887
0.0225546
0.0224458
0.0230283
0.0233186
0.0229015
0.0207581
0.0221141
0.0234336
0.025806
0.0214702
0.0248164
0.0246405
0.0233856
0.0243834
0.0221995
0.023248
0.0227238
0.020934
0.0224116
0.0227138
0.0224557
0.0220466
0.0229521
0.0216038
0.021913
0.0226318
0.0219279
0.0214213
0.0222953
0.0219846
0.0212262
0.0214469
0.0219307
0.0212991
0.0206181
0.0213154
0.0247286
0.0239352
0.0258359
0.0271942
0.0238183
0.0231769
0.0235126
0.0230276
0.0241539
0.0251685
0.0258508
0.0236781
0.0230858
0.0241467
0.0266862
0.0228929
0.0238454
0.023503
0.0233845
0.0230391
0.0244893
0.0240988
0.026501
0.0246253
0.0251484
0.0242529
0.0243723
0.0237784
0.0246255
0.0243712
0.0261112
0.0278999
0.0255811
0.0247073
0.0255725
0.0230477
0.0235722
0.0236192
0.025207
0.0243445
0.0248342
0.0231236
0.0224155
0.0222269
0.0241801
0.0220874
0.0225157
0.0226592
0.0221913
0.0216059
0.020831
0.0221548
0.0213468
0.0208032
0.0206669
0.0237547
0.0215306
0.0223427
0.0226766
0.022674
0.0210787
0.0223677
0.0213585
0.0228045
0.0217252
0.0218354
0.0231036
0.0227372
0.0243208
0.0236787
0.0237133
0.0229977
0.0235249
0.0233722
0.0248492
0.0268071
0.0261236
0.0226825
0.0232798
0.0242628
0.0239841
0.0257147
0.0257086
0.0266271
0.0307452
0.0307772
0.0271438
0.0252506
0.0273518
0.0277733
0.027989
0.0274978
0.0255378
0.0274856
0.026855
0.0249882
0.0257354
0.026331
0.0285111
0.0271083
0.0248847
0.0281119
0.0294482
0.0271478
0.0291767
0.0284407
0.0259145
0.0280796
0.0274649
0.0289163
0.0263274
0.0274607
0.0308748
0.0290685
0.0257928
0.0269978
0.0275807
0.0252356
0.0281341
0.0281108
0.0257511
0.0275029
0.0278252
0.0273869
0.0329007
0.0286694
0.0282343
0.0272365
0.0274997
0.0300749
0.0257101
0.0270342
0.0276678
0.0255353
0.0256645
0.0240867
0.0253176
0.0259088
0.0234693
0.0249408
0.0247936
0.0252175
0.0235149
0.0243092
0.0263995
0.0291481
0.0245942
0.0256369
0.025184
0.0251231
0.0279441
0.0259897
0.0239637
0.0265378
0.0301018
0.0286823
0.0261012
0.028459
0.0290692
0.0286928
0.0273019
0.0267599
0.0286345
0.0286513
0.0274848
0.0285727
0.0303212
0.0276485
0.0292106
0.0298361
0.028968
0.0281806
0.0287312
0.0297497
0.0285139
0.0302499
0.033616
0.0295082
0.0294021
0.0337791
0.0310483
0.0300442
0.029877
0.0315848
0.0287594
0.029161
0.0319167
0.0314649
0.0320611
0.0314964
0.030822
0.0317017
0.0298647
0.0326868
0.0308345
0.030488
0.0290171
0.0305984
0.0305085
0.0319194
0.0305031
0.0309523
0.0331975
0.0324586
0.0328382
0.0315843
0.0311546
0.0304553
0.0302812
0.0305988
0.0296983
0.0319845
0.0312214
0.0296099
0.0308036
0.0313239
0.0301481
0.0279756
0.0289477
0.0274344
0.0273906
0.0290369
0.0289765
0.0234577
0.0243968
0.0259297
0.0222499
0.0250657
0.0245609
0.0242246
0.0246182
0.026671
0.0227672
0.0227848
0.0227403
0.0258559
0.0215758
0.0228166
0.023879
0.0253795
0.0269625
0.0291518
0.0274346
0.0295406
0.0250601
0.0254929
0.0250317
0.0267147
0.0265537
0.0249544
0.0250482
0.0272681
0.0288139
0.0236851
0.0275366
0.0286095
0.0264638
0.0238225
0.0242878
0.0246168
0.025315
0.0235645
0.0250703
0.0281564
0.0246583
0.0242339
0.0252808
0.0253967
0.0236104
0.0299609
0.0270709
0.0255199
0.0283505
0.0291692
0.030769
0.0315881
0.0306562
0.0289007
0.0306592
0.0303839
0.028401
0.0303291
0.0297776
0.0284392
0.0280933
0.0314818
0.0282869
0.0281184
0.0292478
0.0296073
0.0281731
0.0294477
0.0297819
0.0298637
0.0298789
0.029288
0.0276663
0.0290294
0.0301901
0.0269194
0.0297936
0.0289279
0.0281052
0.0257875
0.0280604
0.028479
0.0304507
0.030953
0.0299333
0.0265678
0.0297073
0.0302574
0.031695
0.0303744
0.0301092
0.0293291
0.0308466
0.0314116
0.028365
0.0294723
0.0293864
0.0276709
0.0292872
0.0306743
0.0314333
0.0320905
0.0300155
0.0250476
0.0296703
0.0285884
0.0260177
0.0269711
0.0273372
0.0277421
0.0282796
0.0255946
0.0255345
0.0252757
0.0249966
0.0261474
0.0306601
0.0239086
0.026354
0.0255318
0.024825
0.0265539
0.025301
0.0242306
0.0243659
0.0251618
0.0272602
0.0240389
0.0245233
0.0247183
0.0243186
0.0274628
0.0240789
0.0268321
0.0266638
0.0240137
0.0254102
0.0260154
0.0259258
0.0250698
0.0274893
0.0254683
0.0230372
0.0278208
0.027817
0.0241375
0.0267983
0.0285017
0.0268272
0.0270309
0.0279205
0.0288544
0.0282594
0.0284846
0.0251381
0.0278512
0.0314462
0.0285467
0.0289338
0.0282476
0.0253499
0.0260915
0.0274998
0.0265879
0.0243768
0.0259044
0.0260524
0.0250182
0.0267697
0.0261376
0.0233
0.0228654
0.0241176
0.0231935
0.0224745
0.0241346
0.0215666
0.0219137
0.0232017
0.0243223
0.0223822
0.0234503
0.0253626
0.0267279
0.0233068
0.0254132
0.028466
0.0295823
0.0273209
0.0281635
0.0279609
0.0289987
0.0322209
0.0329457
0.0294585
0.0291071
0.0288683
0.0316874
0.0325203
0.0271974
0.0293476
0.0314139
0.0309878
0.0291793
0.0303988
0.0294027
0.0287833
0.0292796
0.0307785
0.0284167
0.029795
0.0278182
0.028252
0.0307037
0.0317901
0.0272838
0.0301573
0.0276615
0.0279738
0.0307608
0.0294821
0.028125
0.0266612
0.0274828
0.027708
0.0280801
0.0273787
0.0304344
0.0301943
0.0340304
0.0318691
0.0284475
0.030792
0.0326908
0.0300543
0.0322995
0.0312324
0.0303725
0.0314764
0.0304529
0.028689
0.0298818
0.0342247
0.0289253
0.0295942
0.0309259
0.0305463
0.0315871
0.0294824
0.0292145
0.0305943
0.0283099
0.0275006
0.0287681
0.0310286
0.0311634
0.0286265
0.0308798
0.0305976
0.0302554
0.0312393
0.0362049
0.0346425
0.0318363
0.0313881
0.0321926
0.0302059
0.0305808
0.0311636
0.0310907
0.0322395
0.0340763
0.0311878
0.0318017
0.0312987
0.0310284
0.0307892
0.0280246
0.028529
0.0282416
0.0295165
0.0296211
0.0289406
0.0277092
0.0305804
0.0306087
0.0325587
0.0310181
0.0319282
0.0299001
0.0276748
0.0296235
0.0293067
0.0274431
0.0329454
0.0332385
0.0292475
0.0269274
0.0300565
0.0292063
0.026629
0.0281935
0.0281324
0.0258358
0.0268961
0.0277445
0.0285307
0.0263942
0.0292717
0.0318527
0.0260395
0.0289784
0.0313348
0.0298394
0.0297955
0.0289507
0.0272606
0.0270445
0.030711
0.028492
0.0271274
0.0291946
0.0293742
0.0293373
0.0307461
0.030199
0.0303859
0.0275663
0.0294336
0.0283419
0.0290381
0.0316556
0.0277777
0.0291844
0.0292222
0.0289174
0.02589
0.0293492
0.0302554
0.0292198
0.0299646
0.0301364
0.0304863
0.0275203
0.0323806
0.0313753
0.030974
0.032197
0.0344647
0.0312065
0.0314886
0.0294374
0.0311456
0.0324756
0.0305331
0.0308281
0.0328175
0.0329487
0.0333054
0.0286666
0.0308858
0.0315793
0.0305332
0.0272922
0.0285059
0.0310855
0.031294
0.0317757
0.0287278
0.0300043
0.0338817
0.0318081
0.0291123
0.0313268
0.0299866
0.0320686
0.0342861
0.0327396
0.0327047
0.0319495
0.0337212
0.0353276
0.0366474
0.0323902
0.0315612
0.0328834
0.031694
0.0315635
0.0343636
0.0327273
0.0313517
0.0366152
0.0373847
0.037335
0.0323394
0.0356187
0.0370948
0.036811
0.0336871
0.0354107
0.0363018
0.0361661
0.0343481
0.0355819
0.0364603
0.0357629
0.0329096
0.0338552
0.0360805
0.0337512
0.03265
0.03311
0.0354887
0.0323046
0.0312585
0.0333766
0.0372302
0.0372569
0.0304264
0.0337536
0.0341286
0.032741
0.0304696
0.032738
0.032086
0.031644
0.0283985
0.0310587
0.031382
0.0311133
0.0322583
0.0282667
0.0278698
0.0297355
0.0322103
0.033493
0.0282535
0.0274563
0.0311067
0.0307884
0.0332591
0.0334341
0.0323521
0.0333446
0.0358915
0.0337451
0.0364225
0.0291967
0.0301465
0.0314853
0.0323599
0.0320236
0.0293167
0.0289578
0.0289673
0.0287174
0.030166
0.0323907
0.0271576
0.025716
0.0263676
0.0286368
0.0307858
0.0260544
0.02672
0.0257617
0.0258387
0.0264672
0.0288176
0.025295
0.0262752
0.0253683
0.0245237
0.0244134
0.029602
0.0281391
0.0266194
0.0248674
0.0248148
0.0257339
0.0276003
0.0280905
0.0243584
0.0252005
0.0260974
0.0272091
0.0282511
0.0242419
0.0247385
0.0284072
0.0258733
0.0247293
0.0258104
0.0260979
0.0291693
0.0299326
0.0253091
0.023701
0.0234886
0.0240934
0.0244791
0.0249876
0.023429
0.0228635
0.0229841
0.0222499
0.0211464
0.0233124
0.023319
0.0225041
0.0213311
0.02493
0.0220763
0.0236702
0.0237146
0.021634
0.0213249
0.0234045
0.0229317
0.0225658
0.0220114
0.0243286
0.0247031
0.0242305
0.0230803
0.0226628
0.026033
0.0248265
0.0230508
0.0243131
0.0228141
0.0236935
0.0248471
0.0261366
0.024178
0.0240732
0.0248942
0.0228858
0.023542
0.0230879
0.0245505
0.0253274
0.025088
0.0247388
0.0281111
0.0278377
0.0265608
0.0247823
0.0240163
0.024365
0.0256909
0.0264195
0.0248255
0.0242835
0.0238033
0.0240586
0.0240265
0.0249112
0.0289534
0.0243338
0.0258482
0.0262955
0.0266754
0.0258802
0.0300054
0.0273211
0.025322
0.0258264
0.0245187
0.0304523
0.0266461
0.0246165
0.0253368
0.0250983
0.0258105
0.0246865
0.0250809
0.025485
0.025596
0.0249817
0.0256587
0.0247388
0.0246473
0.0249948
0.0256252
0.0263823
0.0261456
0.0278134
0.026561
0.026299
0.0266241
0.0263686
0.0266809
0.0273389
0.0260857
0.0269024
0.0250207
0.0262161
0.0269411
0.0263027
0.0255578
0.0256259
0.0267303
0.0268515
0.026599
0.0268159
0.0250878
0.0262155
0.0263915
0.0257638
0.0276887
0.0261904
0.025983
0.0253703
0.0258621
0.0272259
0.0250649
0.026195
0.0253465
0.0259749
0.025791
0.0252686
0.0253387
0.0290521
0.0248022
0.0261601
0.0280978
0.0255213
0.0260472
0.0263668
0.026098
0.0264085
0.0273815
0.0287065
0.0245534
0.0256525
0.0255031
0.0238735
0.0251755
0.0229195
0.0239663
0.0244926
0.0216007
0.0270629
0.0229107
0.0219211
0.0219978
0.0233372
0.0234896
0.02619
0.0224996
0.0210188
0.020441
0.0205778
0.0240114
0.0225318
0.0216631
0.0218443
0.0243273
0.0209944
0.0216472
0.0209514
0.0215794
0.0205269
0.020861
0.0214163
0.0219515
0.0216105
0.0285063
0.0250911
0.0227695
0.0234493
0.0244092
0.0236795
0.0252441
0.0278532
0.0276099
0.0275128
0.0252918
0.0254292
0.0268835
0.0271157
0.0254605
0.0279815
0.0280092
0.0262925
0.0290739
0.0286153
0.0268127
0.0293011
0.0288473
0.0279602
0.0299935
0.0284246
0.0268447
0.0282874
0.028654
0.0264839
0.0301514
0.0303271
0.0253347
0.0270081
0.0269494
0.0255861
0.0267545
0.0267018
0.0243392
0.0268724
0.027274
0.0249981
0.027426
0.02734
0.026619
0.0276674
0.0281128
0.0259759
0.0275288
0.0309425
0.0266396
0.0309313
0.0278326
0.0257265
0.027904
0.029426
0.0280407
0.0325953
0.0288717
0.0246027
0.0294466
0.0264382
0.0255565
0.0263805
0.0264973
0.0241415
0.0268898
0.0259645
0.0247764
0.0270447
0.0264567
0.0247241
0.0272767
0.0280062
0.0254826
0.0271055
0.0272268
0.0263293
0.0242889
0.0285622
0.0262074
0.0249522
0.0258382
0.0277313
0.0255728
0.0275716
0.0279931
0.0253597
0.027529
0.0292298
0.0280034
0.0245769
0.0271877
0.0264486
0.0264238
0.0246422
0.0244945
0.0251873
0.0239621
0.0253965
0.0286516
0.0294473
0.0253183
0.0273707
0.0275926
0.025255
0.0249577
0.0263141
0.0266936
0.0249696
0.0255104
0.0273393
0.0280669
0.026125
0.0255315
0.028552
0.0272526
0.0249899
0.0255952
0.025465
0.027912
0.0227578
0.0234883
0.0229081
0.0246007
0.023354
0.0247434
0.0233068
0.0231509
0.0236675
0.0248189
0.0229856
0.0239671
0.0236004
0.0232337
0.0232077
0.0249352
0.0219392
0.0227575
0.0256808
0.0246977
0.0226302
0.0245232
0.0274851
0.0251093
0.0267391
0.0274591
0.0306538
0.0283365
0.0327902
0.0313938
0.0293147
0.0334718
0.0317648
0.0308567
0.030169
0.0328169
0.0308018
0.0299879
0.0309204
0.0309229
0.0296104
0.0287714
0.0284947
0.0294289
0.0328243
0.0345974
0.0295591
0.0297615
0.0300225
0.0299947
0.0302931
0.0300646
0.0295918
0.029853
0.0303202
0.0309873
0.0286791
0.0297133
0.0306365
0.0296315
0.0299176
0.0317342
0.0312917
0.0313694
0.0318086
0.034647
0.0322836
0.0342738
0.0322559
0.0327949
0.0344698
0.0329573
0.0314542
0.0313521
0.0329157
0.0316574
0.0294179
0.0300598
0.0297934
0.0306201
0.0285069
0.0294966
0.0289075
0.0284861
0.0288138
0.0294594
0.0276062
0.0276419
0.0292698
0.0293653
0.0290321
0.0282174
0.0295565
0.0290924
0.0272956
0.0274591
0.0285145
0.0317771
0.0269555
0.029357
0.0286761
0.0264391
0.028033
0.0282674
0.0280055
0.026485
0.0264177
0.0251847
0.0249642
0.0248322
0.0275635
0.0230627
0.0235285
0.0237079
0.0266039
0.0218143
0.0228765
0.0249178
0.0230199
0.0207174
0.0211798
0.0226646
0.0227644
0.0202621
0.0215336
0.0219175
0.0214504
0.0231837
0.0194217
0.0219324
0.022367
0.0214947
0.0248025
0.0265743
0.0249112
0.0266035
0.026103
0.024514
0.0242272
0.0251424
0.0249292
0.0245071
0.0256102
0.0246602
0.025702
0.0263378
0.028177
0.0265155
0.0269653
0.0273774
0.0266318
0.0272459
0.026054
0.0288267
0.0264352
0.0260519
0.0266924
0.0273688
0.0256361
0.0256605
0.0247656
0.0285715
0.0260962
0.0245606
0.0229076
0.0262397
0.026617
0.026819
0.0267473
0.0242174
0.025496
0.0261355
0.0266195
0.0247317
0.0255867
0.024236
0.0250622
0.025467
0.0260854
0.0266993
0.0250232
0.0253631
0.0241734
0.0267888
0.0282436
0.0246029
0.028025
0.0277196
0.0250404
0.0250323
0.025681
0.0270841
0.024345
0.0255295
0.0269445
0.0273721
0.0267587
0.0285715
0.0280999
0.0272148
0.0280612
0.0288673
0.0261092
0.0274429
0.028357
0.029755
0.0248611
0.0261595
0.027655
0.0252538
0.0245189
0.0262294
0.0260288
0.0248974
0.0243292
0.0232651
0.025121
0.024711
0.0256663
0.0242515
0.0244167
0.0256871
0.0264982
0.0245876
0.0276816
0.0260791
0.0245472
0.0246777
0.0243581
0.0230628
0.0256954
0.0236574
0.0244284
0.025575
0.025907
0.0233582
0.0241002
0.0236093
0.0257054
0.0296692
0.0271957
0.0282846
0.0261437
0.0245819
0.0275886
0.0288529
0.0255072
0.0256928
0.027068
0.027865
0.0255484
0.0267995
0.0277789
0.0279616
0.0263884
0.0258494
0.0258657
0.0271195
0.0266587
0.0262737
0.0277122
0.0280189
0.0260438
0.0251673
0.0252744
0.0247465
0.0256518
0.0247184
0.0259338
0.0264573
0.0274243
0.0250232
0.0249006
0.0249222
0.0227763
0.0245518
0.0244087
0.0228721
0.0247142
0.0253496
0.0231165
0.0255561
0.0256191
0.0228479
0.0257274
0.0255078
0.0231715
0.0244029
0.023408
0.0238541
0.0220717
0.02388
0.0238008
0.0220176
0.0234955
0.0239217
0.0217846
0.0219931
0.023349
0.0255461
0.0214534
0.0220403
0.021738
0.0237223
0.0218926
0.023978
0.0243431
0.0245397
0.0244876
0.0251125
0.0248324
0.0227211
0.0240303
0.0235488
0.0247282
0.0229934
0.0253143
0.0276054
0.025104
0.0274934
0.0267998
0.0248469
0.0276984
0.0275159
0.0242179
0.0258904
0.0256575
0.0227742
0.0255972
0.024616
0.0231516
0.0245221
0.0246917
0.024772
0.0216739
0.02496
0.0243681
0.0213522
0.0223982
0.0239271
0.0249092
0.0212411
0.0232902
0.0228518
0.023922
0.0247476
0.0226537
0.0271867
0.0256972
0.0233765
0.02436
0.0251319
0.0255945
0.0289869
0.0265845
0.0289863
0.0288493
0.0274868
0.0249074
0.0272371
0.0298915
0.0278118
0.0310683
0.0288455
0.029314
0.0323378
0.0274363
0.0284631
0.0293656
0.0292772
0.0305065
0.0307171
0.0287934
0.0286691
0.0290724
0.0275385
0.0293619
0.0311732
0.0300748
0.0274426
0.0297117
0.0297592
0.0274811
0.0279343
0.0285913
0.0299666
0.0289615
0.0280153
0.0292086
0.0319261
0.0287057
0.0310691
0.0311155
0.0367827
0.0309196
0.0323267
0.0271291
0.0267179
0.029358
0.0348123
0.0324259
0.0267133
0.0285991
0.0291173
0.033753
0.0323113
0.0295115
0.0303608
0.0308759
0.0365219
0.031167
0.0315464
0.0303374
0.029453
0.0308961
0.0325609
0.0290774
0.0286444
0.0299319
0.0310741
0.0295087
0.030305
0.0326628
0.034199
0.0298255
0.0293008
0.0306791
0.0281775
0.0297312
0.0298901
0.0278111
0.0288925
0.0317313
0.0300995
0.0277504
0.0308805
0.0321664
0.0292685
0.0312511
0.0339448
0.0318618
0.0314598
0.032586
0.0300024
0.0282657
0.0323129
0.0339826
0.0282626
0.0289543
0.0281423
0.0293788
0.0293082
0.0307809
0.0296889
0.0285745
0.032695
0.0315242
0.031921
0.0329153
0.0339215
0.0323577
0.0310903
0.0342107
0.0344625
0.0337414
0.030143
0.0325792
0.0325238
0.0304471
0.0292606
0.0310933
0.0312459
0.0338218
0.028889
0.0317784
0.0326649
0.0343295
0.0311193
0.0333675
0.0345054
0.0331749
0.0339884
0.0313839
0.0312571
0.0328641
0.0310098
0.0280297
0.0309438
0.030875
0.0274921
0.02682
0.0278199
0.0299464
0.0308464
0.0247405
0.0255741
0.0260802
0.0237033
0.0241241
0.0249442
0.0251122
0.0231859
0.0249805
0.0272873
0.0261449
0.0241988
0.0267596
0.0288202
0.0298206
0.0263946
0.0272061
0.0276365
0.0307868
0.029511
0.0257881
0.0300518
0.0316816
0.028357
0.0265002
0.0278677
0.0274405
0.0291781
0.0297901
0.0327873
0.0273242
0.0287082
0.0318549
0.0288178
0.0266051
0.0290867
0.0283244
0.0301304
0.0281867
0.0307681
0.0309512
0.026297
0.0244968
0.0266794
0.027377
0.0272055
0.0280344
0.0247062
0.0246534
0.0249058
0.0280148
0.0294708
0.0306695
0.0242602
0.0253067
0.0254422
0.0275106
0.0263817
0.0247763
0.0259738
0.0245035
0.0296781
0.0294042
0.0249831
0.0240951
0.0250892
0.0286783
0.0272586
0.0247329
0.02463
0.0250738
0.0260075
0.0291545
0.0299195
0.0276988
0.029177
0.026852
0.0262457
0.0260667
0.0274146
0.0287365
0.0264734
0.0260595
0.0244965
0.0271915
0.0283997
0.0266866
0.0271031
0.0268074
0.0278967
0.0254498
0.0262203
0.0274566
0.0282242
0.028075
0.0290991
0.029197
0.027626
0.0288538
0.0302585
0.0276863
0.0285487
0.0313443
0.0251289
0.0288608
0.0329409
0.0289315
0.0321513
0.0327294
0.0271108
0.0286004
0.0292131
0.0279101
0.028323
0.0289009
0.0273954
0.0261046
0.0256859
0.0255398
0.0250816
0.0266676
0.0274861
0.0248725
0.0279296
0.0261311
0.0270528
0.0225316
0.0242259
0.0241724
0.024293
0.0266224
0.026004
0.0244338
0.0263891
0.0277535
0.023582
0.0267853
0.0272927
0.0256332
0.0272364
0.0279776
0.0263815
0.0278954
0.0284469
0.0269037
0.0298188
0.0321683
0.0275091
0.0305904
0.0323527
0.0264532
0.0285306
0.0303525
0.0285344
0.0236488
0.025171
0.0283174
0.027426
0.0286459
0.0285989
0.0263739
0.0292038
0.0301876
0.0273652
0.0295964
0.0295413
0.0271429
0.0286434
0.0286715
0.0281472
0.0275451
0.0293239
0.0306213
0.0314756
0.0260668
0.0298037
0.0289443
0.028605
0.0269181
0.02781
0.0290672
0.026949
0.0261681
0.0273218
0.0279456
0.0263158
0.0250597
0.0272766
0.0279403
0.028508
0.0277236
0.0270384
0.0266403
0.0290919
0.0272282
0.0253988
0.0264476
0.0276274
0.0259678
0.025956
0.0282727
0.0287412
0.0290158
0.0337874
0.0291419
0.030268
0.0262692
0.0289728
0.0316056
0.0272229
0.0280022
0.0272222
0.0292963
0.029965
0.0268978
0.0262308
0.0291263
0.0305173
0.0318361
0.027671
0.0300328
0.0319891
0.0298034
0.0259265
0.0283679
0.0287877
0.027723
0.029056
0.0292874
0.0316856
0.028444
0.0288809
0.0301528
0.032912
0.0265953
0.0281688
0.0290759
0.030004
0.0277912
0.0301595
0.0311179
0.0304321
0.0299029
0.0303553
0.0298639
0.0323799
0.0296317
0.0313247
0.0318638
0.031732
0.0297142
0.0283692
0.030346
0.0312276
0.0305604
0.0290954
0.031139
0.0315996
0.0315158
0.0286259
0.0312156
0.035295
0.0308719
0.0290675
0.0314678
0.0328041
0.0315675
0.0309923
0.0324519
0.0323728
0.0321177
0.0315898
0.0325914
0.0340273
0.032722
0.0328912
0.0339571
0.033067
0.0360445
0.0344399
0.0310342
0.0353708
0.0338989
0.0346059
0.031828
0.0324536
0.0338694
0.0338364
0.0311321
0.0324243
0.0327691
0.0330255
0.0328764
0.0321817
0.0297124
0.0330521
0.0299848
0.0294147
0.0292949
0.0292289
0.0296995
0.0296959
0.0300716
0.0314
0.0299039
0.0297143
0.0332469
0.0318215
0.0325583
0.0319139
0.0290881
0.0302125
0.0305227
0.0289594
0.0276791
0.0280678
0.0309394
0.0294121
0.0287225
0.0275394
0.0315316
0.0298468
0.0310386
0.0271092
0.0256206
0.0270212
0.0267262
0.0296113
0.0293241
0.0252327
0.0243251
0.0269202
0.0268095
0.0261223
0.0247492
0.0250342
0.024855
0.026336
0.0271106
0.0303615
0.0249887
0.0262939
0.025784
0.0264465
0.0259068
0.0253027
0.0249445
0.0256247
0.0278946
0.0273263
0.0277676
0.0238592
0.0256943
0.0273485
0.0286146
0.0281033
0.0268651
0.0248405
0.0269372
0.027214
0.0284529
0.0285269
0.0330907
0.0307663
0.0265587
0.026514
0.0285023
0.0284419
0.030403
0.0302658
0.0247277
0.0252026
0.0259235
0.0311388
0.031758
0.0252309
0.0252827
0.0233421
0.0282955
0.0276599
0.0296789
0.0256184
0.0255207
0.0248128
0.0247472
0.0251579
0.0267804
0.0268078
0.0275336
0.0258281
0.0259981
0.0265836
0.026412
0.0257639
0.0242105
0.0290912
0.0279265
0.0279176
0.025172
0.0282995
0.0287108
0.028729
0.0299732
0.0310569
0.0313335
0.0273659
0.0285847
0.0284318
0.0267814
0.0259102
0.0275793
0.028231
0.0277731
0.0251235
0.0246783
0.0278876
0.0267903
0.0266046
0.0237941
0.0244727
0.0244607
0.0261294
0.0269681
0.0249335
0.0246642
0.0259201
0.0262488
0.0257398
0.0242397
0.0249669
0.0259762
0.0256379
0.0240481
0.0254597
0.0252932
0.0248772
0.0261938
0.0268249
0.0253945
0.0246638
0.0232237
0.0243006
0.0250536
0.0229769
0.0232647
0.0230077
0.022546
0.0240001
0.0226457
0.0211823
0.0224019
0.0239951
0.0241728
0.0230318
0.0257624
0.0279494
0.0237504
0.0268938
0.0265513
0.0244568
0.0261381
0.0266818
0.02779
0.0256291
0.0287139
0.0263386
0.023769
0.0259376
0.026334
0.0248049
0.027344
0.0253556
0.0283242
0.0228039
0.0240256
0.025394
0.0276821
0.0235551
0.0263473
0.0277761
0.0248155
0.0268064
0.0265446
0.0276944
0.0256158
0.0268616
0.0279234
0.0283284
0.0260181
0.0270669
0.0395909
0.0283593
0.0260942
0.029468
0.0289269
0.0265897
0.0290712
0.0305968
0.0282598
0.0300624
0.027207
0.0280276
0.0283282
0.0266723
0.0303618
0.0300706
0.0264448
0.0290625
0.0297465
0.0264753
0.0270868
0.0269176
0.0272346
0.0254069
0.0289773
0.0268573
0.0261901
0.0274208
0.0299806
0.0358419
0.0265474
0.0262961
0.0257843
0.0258344
0.0260675
0.02382
0.0286567
0.0279882
0.0241062
0.0266357
0.0285631
0.0285462
0.0252345
0.0249965
0.0267326
0.0272513
0.0264735
0.025777
0.0258876
0.0289714
0.0273833
0.0284122
0.0239914
0.0289582
0.0272133
0.0249025
0.0260706
0.0275446
0.0253593
0.0308071
0.0275215
0.0262495
0.0285721
0.0283114
0.0260227
0.0281653
0.0288201
0.0262646
0.0323587
0.0311718
0.0273362
0.0293739
0.032129
0.0277614
0.0284276
0.0290648
0.0278165
0.0306339
0.0304368
0.0270897
0.0297212
0.0285318
0.0274923
0.0300793
0.0319501
0.0278404
0.0272258
0.029114
0.0297566
0.0268929
0.030212
0.0317333
0.0275031
0.0285765
0.0290753
0.0276358
0.0283247
0.0286143
0.0295815
0.0300584
0.0273977
0.0277118
0.031279
0.0300592
0.0288957
0.0295749
0.0314321
0.0292556
0.027884
0.0291404
0.0316213
0.0280696
0.0278624
0.0279604
0.0280965
0.0299716
0.0291761
0.0295613
0.0296688
0.0329645
0.0282994
0.0299311
0.0310998
0.0289257
0.0291356
0.030416
0.0288487
0.030023
0.0313047
0.0300753
0.0270226
0.0266005
0.0295519
0.028472
0.0280105
0.0268094
0.0289809
0.0316447
0.0287645
0.0264072
0.0264682
0.0273744
0.0266288
0.0250407
0.0265367
0.0271404
0.0239501
0.0250557
0.0251719
0.0242813
0.0242213
0.0253204
0.027291
0.0248937
0.0250159
0.0272996
0.0268409
0.025349
0.0270672
0.0279178
0.028767
0.027669
0.02891
0.0287754
0.027885
0.028711
0.0305315
0.0258888
0.0283069
0.0272176
0.030883
0.0254028
0.0281579
0.0283935
0.0309371
0.0283939
0.0279293
0.0288926
0.0276234
0.028402
0.0289325
0.0297269
0.0287765
0.0277297
0.0291595
0.029733
0.0294565
0.0307868
0.0299745
0.0323478
0.030476
0.0287626
0.0297197
0.031167
0.0294493
0.0287354
0.0294153
0.0298949
0.029939
0.027655
0.0328491
0.0309662
0.031748
0.0279105
0.0293473
0.0302595
0.0294333
0.0276418
0.0299719
0.0307789
0.0321789
0.0278397
0.0302179
0.0317432
0.0302883
0.0277975
0.0304074
0.0307996
0.0307259
0.027951
0.0283199
0.0334415
0.030917
0.0306305
0.0293967
0.0297857
0.0298395
0.0294122
0.0300309
0.0298905
0.0321877
0.0339145
0.0308913
0.0300314
0.0308389
0.0295381
0.0306565
0.0328131
0.0319111
0.031039
0.0319379
0.0339775
0.0349765
0.0313015
0.0311158
0.0299703
0.0308787
0.0321835
0.0311501
0.0318194
0.0275689
0.0301588
0.0302882
0.0298373
0.026804
0.0288957
0.0290375
0.0289382
0.0263513
0.0255122
0.0271788
0.0285913
0.027358
0.0276953
0.030166
0.0292956
0.0274311
0.0248879
0.0294113
0.0341264
0.0297469
0.0295988
0.0270574
0.0274549
0.0265409
0.0247979
0.0279086
0.0294522
0.0283087
0.0253524
0.0274797
0.0259861
0.0258694
0.0232455
0.0262609
0.0247462
0.0249795
0.0235021
0.0270532
0.0302401
0.0264192
0.0263609
0.0254904
0.0261017
0.0277935
0.0278798
0.0251243
0.0256139
0.0273054
0.0257596
0.0244631
0.0270413
0.027502
0.0273875
0.0294684
0.0251061
0.0263982
0.0273867
0.0301539
0.028522
0.0252737
0.0250176
0.0269792
0.0268887
0.0286183
0.0296768
0.0289298
0.0255785
0.026715
0.0262613
0.0262317
0.0269727
0.0267275
0.0265811
0.0268591
0.0258993
0.0295198
0.027365
0.027303
0.025436
0.0253199
0.0267955
0.0260942
0.0257893
0.0253131
0.0254055
0.0256607
0.0249231
0.0245806
0.026474
0.0271471
0.0278427
0.0248929
0.0252956
0.0263826
0.0259193
0.0269066
0.0261683
0.0264228
0.026923
0.0287295
0.0321617
0.026991
0.0278819
0.0276963
0.0278724
0.0264425
0.0279009
0.0278609
0.0291376
0.0298153
0.0299475
0.0282965
0.0302786
0.0300685
0.0294869
0.0296464
0.0306497
0.0305221
0.0295766
0.0292001
0.0282792
0.0292182
0.0285738
0.0300507
0.0294247
0.0289532
0.0294329
0.0307112
0.0309646
0.0295916
0.0287171
0.0286292
0.0278313
0.025898
0.0274781
0.0283892
0.0299854
0.029397
0.027438
0.0298461
0.0282338
0.0280114
0.0284812
0.0283626
0.0273469
0.0289939
0.0292216
0.0291495
0.0294066
0.0293866
0.0284184
0.0272532
0.0282119
0.02862
0.0306176
0.030832
0.0279359
0.0288473
0.0284922
0.0273741
0.027054
0.0276635
0.0282822
0.0285192
0.0300303
0.027073
0.0269952
0.0280789
0.0282992
0.0281582
0.029646
0.0282371
0.0274876
0.0312653
0.029194
0.0290461
0.0285081
0.0284135
0.0300423
0.0314846
0.0315165
0.0287206
0.0281358
0.0287083
0.0284822
0.0293867
0.0304306
0.0281345
0.0286518
0.0284147
0.0265285
0.0322257
0.0330403
0.0301148
0.028067
0.0283652
0.0274622
0.0272972
0.0271455
0.0270251
0.0272947
0.0255126
0.0276757
0.0287651
0.0293147
0.0265146
0.0286742
0.0278694
0.0278593
0.0299881
0.0298477
0.025679
0.0282021
0.0289144
0.0267368
0.0248179
0.0277323
0.0306607
0.0317554
0.0316527
0.0278769
0.0294234
0.0285612
0.0304937
0.0276483
0.0319709
0.0339438
0.0281814
0.0273011
0.0280919
0.0288773
0.0280786
0.0284769
0.0305711
0.0310615
0.0283015
0.0290115
0.0287454
0.0263593
0.026125
0.0280546
0.0275934
0.0274859
0.0242806
0.0248756
0.0252335
0.0243239
0.0226543
0.0234575
0.026083
0.02514
0.024031
0.0231685
0.0269494
0.0239322
0.0224704
0.0216385
0.0228824
0.0236206
0.0207937
0.0232946
0.0226391
0.0232536
0.0219517
0.0241002
0.0277485
0.0231204
0.0263694
0.0246497
0.0236795
0.0243536
0.0241664
0.024694
0.0229994
0.0245751
0.027418
0.0265841
0.029199
0.0256092
0.0243178
0.0245234
0.0254728
0.0266882
0.0243301
0.0264995
0.027993
0.0273686
0.026765
0.0260781
0.0267641
0.0258422
0.0269719
0.0283814
0.0266547
0.0252834
0.0286059
0.0295289
0.0287709
0.0273651
0.027835
0.0309413
0.0265802
0.0310261
0.0300519
0.0269857
0.02729
0.0279765
0.0266662
0.0276776
0.0281658
0.0259681
0.0302002
0.0292536
0.0265045
0.02709
0.0291408
0.0295154
0.0267334
0.0288337
0.0293607
0.0271129
0.0283649
0.027877
0.0259017
0.0284873
0.0301471
0.0280409
0.0253193
0.0268931
0.0251282
0.0252285
0.0237117
0.0246528
0.0252302
0.0235572
0.0254806
0.0255357
0.0262973
0.027323
0.025182
0.025706
0.0267251
0.0288421
0.0279534
0.0278514
0.0294243
0.0271748
0.0321004
0.0292025
0.0275343
0.0320792
0.0299747
0.029065
0.0312088
0.0335627
0.0282069
0.0283351
0.0279108
0.0286375
0.0302927
0.02971
0.0273636
0.0292898
0.0308876
0.0316758
0.0292457
0.0302729
0.0309721
0.0317056
0.0315009
0.0300905
0.0319285
0.0324091
0.0320437
0.0296181
0.0302294
0.0300256
0.0310673
0.0309532
0.0346554
0.0330878
0.0314185
0.0307245
0.0295752
0.0308143
0.0301356
0.0300449
0.0269119
0.0289086
0.0303865
0.0270118
0.0269986
0.0266397
0.0283592
0.0302962
0.0308246
0.0259978
0.0283078
0.0287761
0.0277914
0.025189
0.026309
0.0269953
0.0295003
0.0256177
0.0274568
0.0289485
0.0269818
0.0248609
0.0252831
0.0273339
0.0278841
0.0307985
0.027034
0.0282424
0.0276895
0.0285286
0.0311445
0.0321233
0.0304414
0.0294874
0.0328595
0.0311865
0.0301614
0.0290665
0.029395
0.0300806
0.0302765
0.0296602
0.0287172
0.0297801
0.0290365
0.0294909
0.0290829
0.03005
0.0297548
0.029875
0.0299845
0.029906
0.0277241
0.0285934
0.0285571
0.0304931
0.0332348
0.0275221
0.0286008
0.0288954
0.0272123
0.0302541
0.0311259
0.0289198
0.0282225
0.0283546
0.0298768
0.0314082
0.0296877
0.0296072
0.0323091
0.0309963
0.0293733
0.0284436
0.0295231
0.0328085
0.0309815
0.0296787
0.0312667
0.0292288
0.0300552
0.0303383
0.0275135
0.0300665
0.0290235
0.0286678
0.0292924
0.0302289
0.0293346
0.0300575
0.0302824
0.0313997
0.0333821
0.0308343
0.0307292
0.0320745
0.0283771
0.027563
0.030637
0.0302289
0.0285722
0.0324066
0.0297853
0.0307325
0.0296613
0.0275854
0.028881
0.0299608
0.029293
0.0293677
0.0263604
0.0271671
0.0303737
0.0296357
0.0290333
0.0268715
0.0272131
0.027907
0.029038
0.0275575
0.0254148
0.0268148
0.0275696
0.0303985
0.0289427
0.0283636
0.0277047
0.0254155
0.0249689
0.0279926
0.0273149
0.0270514
0.0250957
0.0256688
0.0265178
0.0283527
0.0275971
0.0254517
0.0246428
0.0263877
0.0303125
0.0282001
0.0283518
0.0270471
0.0300573
0.0300555
0.0294276
0.0285906
0.0303482
0.0293354
0.0293898
0.0279666
0.0295695
0.0290585
0.030399
0.0253957
0.0259636
0.0279854
0.02576
0.0269216
0.0235353
0.0289158
0.0251774
0.0244644
0.0269637
0.0250584
0.0244686
0.0234434
0.0250494
0.0278003
0.0273485
0.024382
0.0289197
0.0264497
0.0260284
0.0245032
0.0258354
0.0257158
0.0256195
0.0254887
0.0278534
0.0270841
0.0305574
0.0246922
0.0290063
0.0277493
0.0269856
0.0249979
0.0258213
0.0284641
0.0249094
0.0239868
0.0255481
0.0258737
0.0248507
0.0267466
0.0268128
0.025142
0.0246523
0.0303719
0.0277377
0.0256528
0.0277972
0.0280159
0.0272558
0.0253957
0.0309183
0.0263923
0.0259494
0.0243934
0.0260382
0.0249228
0.0243542
0.0216829
0.0235178
0.0220727
0.0247088
0.0243497
0.0222383
0.0232341
0.0221351
0.0216744
0.0223916
0.0263551
0.0211957
0.0216541
0.0198438
0.0207863
0.019348
0.0208805
0.0209574
0.0214082
0.0217584
0.0203453
0.0209018
0.0230436
0.0252459
0.0206219
0.0225065
0.022372
0.024885
0.0231332
0.0234093
0.0211523
0.0233117
0.0236676
0.025437
0.0218904
0.0255181
0.0248139
0.0224708
0.0255598
0.0278661
0.0254536
0.0243881
0.0270914
0.0255054
0.0233393
0.0257972
0.0257258
0.0234053
0.0239446
0.0249257
0.0256866
0.0246128
0.0242783
0.0273889
0.0251536
0.0252379
0.0284696
0.026401
0.0244382
0.0254089
0.0267164
0.0254441
0.0252938
0.024472
0.0247991
0.0255168
0.0288924
0.0249331
0.0275665
0.0272767
0.0268102
0.0269639
0.0298009
0.0274688
0.0285055
0.0284102
0.0272292
0.0279136
0.0289287
0.0274196
0.0273337
0.0270401
0.0263845
0.0265585
0.0241898
0.0273725
0.0269976
0.0264611
0.0241309
0.0266682
0.0275341
0.0279807
0.0282335
0.0278811
0.0280621
0.0278511
0.027904
0.0287379
0.0264516
0.0249272
0.0267684
0.0264456
0.0249965
0.0272614
0.0287181
0.0265872
0.0275719
0.0290575
0.0267317
0.0273638
0.0289698
0.0251201
0.0261929
0.0260468
0.0249441
0.0252263
0.0248787
0.0281791
0.0241622
0.0239357
0.0247365
0.0261218
0.0243798
0.0256647
0.0270941
0.0249819
0.0270314
0.0271498
0.0251239
0.0285407
0.0298087
0.0251426
0.0277836
0.0275396
0.0276424
0.027254
0.0273329
0.0250339
0.0244419
0.02608
0.0260254
0.0266975
0.0261985
0.0238158
0.0270566
0.0244583
0.0247589
0.0221331
0.0233466
0.023669
0.0243004
0.0240229
0.0233831
0.0230657
0.024075
0.0244731
0.0230941
0.0232356
0.0232294
0.0235623
0.0214445
0.0237914
0.0220301
0.0223935
0.0207852
0.022461
0.0228391
0.0228157
0.0229456
0.0234243
0.0233623
0.0222462
0.0225384
0.0215044
0.0240564
0.0246181
0.0249167
0.0216063
0.0239568
0.0237323
0.0223974
0.023502
0.0226734
0.0257983
0.0241196
0.0239715
0.0223872
0.0226756
0.0225694
0.0228083
0.0219982
0.0231848
0.0237606
0.0269462
0.0237276
0.022121
0.0227447
0.0230873
0.0264249
0.0227295
0.0211322
0.0223425
0.0235174
0.0238851
0.0241759
0.0235457
0.0232892
0.0237329
0.0241699
0.0254666
0.0266629
0.0230435
0.0241694
0.0239516
0.0244712
0.0256885
0.0262024
0.0256219
0.0251808
0.0253183
0.0238906
0.0258125
0.0264899
0.0245478
0.0266386
0.0248373
0.0250771
0.0238866
0.0227693
0.0234868
0.0231552
0.0230814
0.0262244
0.0236789
0.0233627
0.0228022
0.022334
0.023146
0.022563
0.0222123
0.0227354
0.0219212
0.0214463
0.0239758
0.022714
0.0237369
0.0218039
0.0222851
0.0219241
0.0221713
0.022265
0.0254919
0.0242148
0.0220351
0.0222349
0.021474
0.0216925
0.0252565
0.026514
0.0256966
0.0233058
0.022853
0.0258346
0.025473
0.0246005
0.0247996
0.023115
0.0268537
0.0271633
0.0238503
0.0254559
0.0251965
0.0262605
0.0261555
0.0261628
0.0252214
0.0267935
0.0274664
0.0248777
0.0260115
0.0286121
0.0276849
0.0293645
0.0256204
0.0253723
0.025657
0.0248268
0.0255859
0.0283274
0.0293097
0.0256826
0.025019
0.0253989
0.0246406
0.0256113
0.0250813
0.0246951
0.0271613
0.0269892
0.0252166
0.0259092
0.0255551
0.0303952
0.0284082
0.0259851
0.0308112
0.0274873
0.0271557
0.0269732
0.0302529
0.0279596
0.0277045
0.0290017
0.029328
0.0301575
0.0305727
0.0288658
0.0297866
0.029006
0.0289958
0.0269536
0.0296894
0.0290795
0.0303504
0.0260675
0.0266642
0.0274428
0.0322787
0.0284206
0.0261539
0.0293261
0.0301435
0.028023
0.0274104
0.0284308
0.0288282
0.0287153
0.0285818
0.0275552
0.0281402
0.0328929
0.0306295
0.0337329
0.0290993
0.0292873
0.0299813
0.0297693
0.0322537
0.0329627
0.0312271
0.0315867
0.0311531
0.0310029
0.0291738
0.0310052
0.0297048
0.02964
0.0289218
0.0308232
0.0315968
0.0360385
0.0284215
0.0288518
0.0288764
0.0290854
0.0299653
0.0291616
0.0273216
0.0273382
0.0286906
0.0281954
0.0259647
0.0256504
0.0264603
0.0264095
0.0275205
0.0282712
0.0295125
0.0261397
0.0276288
0.0275944
0.0306371
0.027275
0.0280749
0.0298037
0.0283613
0.0289852
0.0297576
0.0271693
0.0271233
0.0271282
0.0271804
0.0262113
0.0242914
0.0263484
0.0275364
0.0250376
0.0277223
0.0306358
0.0256594
0.0304671
0.0282947
0.0261119
0.0258682
0.0257604
0.0248089
0.0241928
0.0237194
0.0263953
0.0286811
0.0291666
0.0240538
0.0243492
0.0283079
0.026057
0.0260856
0.0251513
0.0251008
0.0253456
0.0266764
0.0250886
0.0236791
0.0261866
0.0285149
0.0310512
0.0257565
0.0248673
0.0253418
0.0286758
0.0260357
0.0241281
0.0270523
0.0271053
0.0284463
0.0245749
0.0258877
0.026416
0.0274998
0.0282889
0.029516
0.0343901
0.0264515
0.0270997
0.0298749
0.0280557
0.0280881
0.0280719
0.0265737
0.0266219
0.0269663
0.0262891
0.0250714
0.0243292
0.0258926
0.026463
0.0254499
0.0224965
0.0235073
0.0259879
0.0265136
0.0266942
0.0234671
0.0260393
0.025455
0.025198
0.0240252
0.0234408
0.0264435
0.0268738
0.0263903
0.0264684
0.0287769
0.0274155
0.0291788
0.024528
0.0249304
0.0281211
0.0262358
0.0295847
0.0271747
0.0277125
0.0280586
0.0285364
0.0284723
0.028564
0.030599
0.030965
0.0294276
0.027803
0.0277929
0.0295389
0.034202
0.0310726
0.0289414
0.0308002
0.0308211
0.0304494
0.0287146
0.0298639
0.0315826
0.0299098
0.0302859
0.0310173
0.0310236
0.0304956
0.0327377
0.0339196
0.0328676
0.0346647
0.0328317
0.0331771
0.0302776
0.0296142
0.0303822
0.0309589
0.0309468
0.0283078
0.0279399
0.0313513
0.0291912
0.0292867
0.0272018
0.0280063
0.0269168
0.029203
0.0308694
0.0277584
0.0274512
0.028086
0.0321877
0.0294982
0.0266964
0.026853
0.0272999
0.0277901
0.0314553
0.0258174
0.0267034
0.0277375
0.0326346
0.0294528
0.0287962
0.028153
0.0284032
0.0305485
0.030422
0.0299882
0.0282397
0.0281529
0.0290648
0.0293943
0.0292958
0.0281755
0.0308885
0.0305592
0.0302115
0.030913
0.0297086
0.0285731
0.0282323
0.0300654
0.028189
0.0277143
0.0274381
0.0265217
0.0276848
0.0270368
0.0279308
0.0246402
0.0253855
0.0264739
0.0272218
0.0260657
0.0231047
0.0233953
0.0245217
0.02605
0.0256484
0.0229313
0.0238568
0.025286
0.0262872
0.0290534
0.0215322
0.0223984
0.0226549
0.0233058
0.022208
0.0239412
0.0252335
0.024933
0.026356
0.0260576
0.024146
0.0266412
0.0252808
0.0235072
0.0238261
0.024243
0.0254383
0.0259805
0.0262716
0.0240646
0.0269824
0.0256547
0.0247291
0.0253492
0.0248688
0.0263203
0.0272651
0.0253496
0.0226861
0.0242775
0.0243806
0.0221968
0.0229227
0.0241953
0.0253378
0.023493
0.0233708
0.0228881
0.0239342
0.0235692
0.0223908
0.0267774
0.0249603
0.0228112
0.0226019
0.0229231
0.0239564
0.025047
0.0224035
0.0238184
0.0225743
0.0228582
0.024327
0.0253092
0.0238048
0.0261596
0.0263711
0.0262395
0.0257423
0.0271918
0.0320543
0.0261165
0.0289281
0.028333
0.0289697
0.0293878
0.0284344
0.0266344
0.027211
0.0278581
0.0277351
0.0260979
0.0251933
0.0288566
0.0280213
0.0268605
0.0257175
0.027527
0.0287336
0.0259659
0.0262197
0.0263668
0.0273753
0.0277262
0.0264329
0.0275811
0.0276759
0.029568
0.026016
0.0281531
0.0274215
0.0259887
0.0257846
0.0268088
0.0282672
0.0244278
0.0272445
0.0271564
0.0258684
0.0256043
0.0251364
0.026762
0.0232636
0.0240103
0.0232953
0.0239167
0.0241489
0.0220377
0.0234288
0.0249757
0.0234547
0.0233767
0.0233776
0.0252898
0.0255331
0.0240093
0.0271587
0.027459
0.024767
0.0258264
0.0261789
0.0244554
0.0255831
0.0268381
0.024209
0.0251995
0.0266943
0.0297754
0.0270987
0.030853
0.0253069
0.0264535
0.0263051
0.02571
0.0270581
0.0262808
0.0266775
0.0267971
0.0262013
0.0252221
0.0261435
0.0264002
0.0250222
0.0263419
0.026027
0.0250382
0.024963
0.0253453
0.0267126
0.0228546
0.0237001
0.0238462
0.0224813
0.0255492
0.0245739
0.0209565
0.0225148
0.0226532
0.020488
0.0196375
0.0184499
0.0175466
0.0186034
0.0176481
0.015676
0.0195673
0.0186798
0.0178226
0.0212899
0.0220546
0.0204308
0.0215962
0.0204717
0.0200223
0.0207224
0.0223551
0.0214395
0.0232002
0.0231512
0.0221242
0.0248799
0.0254951
0.0245277
0.0263298
0.0268082
0.0261981
0.0280807
0.028124
0.025826
0.0290161
0.0268778
0.0254445
0.028535
0.0288735
0.0320059
0.031022
0.0301997
0.0290688
0.0292994
0.028722
0.0288343
0.0290241
0.0278014
0.029792
0.0325371
0.0282248
0.0282887
0.0291637
0.0279299
0.0289612
0.029
0.0292001
0.0283747
0.0275732
0.0263776
0.0291249
0.0287099
0.0285081
0.023753
0.0250893
0.0251345
0.0233181
0.0223586
0.0223889
0.0242561
0.0259404
0.020956
0.0219474
0.023655
0.0217088
0.0222736
0.0224821
0.0249934
0.0220737
0.020453
0.0208863
0.0216153
0.0244513
0.0238392
0.0225427
0.0218049
0.0213424
0.0244905
0.0240921
0.0240262
0.0219203
0.0244015
0.0240151
0.0232511
0.0218417
0.0247845
0.0248778
0.0266875
0.0237042
0.0240599
0.0256332
0.0245418
0.025321
0.0243114
0.0257607
0.0261137
0.028453
0.0241228
0.0259538
0.0268446
0.0297007
0.0310403
0.0280801
0.0304283
0.0317386
0.0333531
0.0283191
0.029739
0.0334509
0.028881
0.0273153
0.0280736
0.0283562
0.0262259
0.0268092
0.0277376
0.0302786
0.0252596
0.0263335
0.0255066
0.0241583
0.0227881
0.0245895
0.0250761
0.0260966
0.023893
0.0258224
0.027922
0.026459
0.0242973
0.0275272
0.0270863
0.0285466
0.0219444
0.0228884
0.0240891
0.0230424
0.0224698
0.0254139
0.0262714
0.0254582
0.0252714
0.0260608
0.0258118
0.02793
0.0241398
0.0264028
0.0264186
0.0273248
0.0256008
0.0245883
0.0272186
0.0274857
0.0293399
0.0273964
0.0266181
0.0287481
0.0311432
0.0293873
0.0324124
0.0288652
0.0305091
0.0306511
0.0308936
0.0284156
0.0289256
0.0275368
0.0296593
0.0286131
0.0272845
0.0291838
0.0262355
0.024842
0.0257128
0.028447
0.027802
0.0251428
0.0238846
0.0255553
0.0252629
0.024514
0.0254943
0.0251764
0.0237446
0.022084
0.0246576
0.0235356
0.0239336
0.0231086
0.0210022
0.0212749
0.0207489
0.0202874
0.0204694
0.0207186
0.0227425
0.0217141
0.0212988
0.0205688
0.0215361
0.0209715
0.0196554
0.0179155
0.0196049
0.020208
0.0212173
0.0185693
0.0241599
0.0251399
0.0233366
0.0215486
0.0231904
0.0248916
0.0271159
0.0230988
0.0282617
0.0302788
0.0301452
0.0260231
0.0266718
0.0271176
0.0264545
0.0264567
0.0282784
0.0277719
0.0285365
0.0257789
0.0303218
0.031122
0.0369434
0.0316089
0.0306274
0.0289275
0.0296327
0.0320978
0.03069
0.0297313
0.0266309
0.0276528
0.0259749
0.058513
0.0298386
0.0258384
0.0301727
0.0257088
0.0251818
0.0276737
0.0292284
0.0284621
0.0264425
0.0287932
0.0279981
0.0281739
0.0257921
0.0283082
0.0263193
0.0279626
0.0258759
0.0289177
0.0302078
0.0292304
0.0304839
0.0296244
0.0296722
0.0281993
0.028243
0.029029
0.029349
0.0320013
0.0260908
0.0260151
0.0278326
0.0261019
0.032111
0.0253256
0.027473
0.0287231
0.0290376
0.0262411
0.0262731
0.0237859
0.0263358
0.0264905
0.026528
0.0328652
0.0275416
0.0276439
0.0300641
0.0284007
0.0296132
0.0273892
0.0288441
0.0305464
0.033399
0.0301198
0.0291752
0.0316755
0.028505
0.0293638
0.0280889
0.0259706
0.0268579
0.0287386
0.0272683
0.0270176
0.0262314
0.02436
0.0265876
0.0261696
0.0280036
0.0223538
0.0230645
0.02521
0.0260146
0.0259527
0.0233687
0.0245922
0.0261301
0.0257494
0.027957
0.0263774
0.026311
0.0241347
0.0247893
0.0245942
0.0256959
0.0259803
0.0259529
0.0267537
0.024487
0.0263538
0.0275153
0.026317
0.0245406
0.0246634
0.0264669
0.0262643
0.0267305
0.0255629
0.0234812
0.0237239
0.026708
0.0266907
0.0252573
0.0241021
0.0264194
0.0259745
0.0248332
0.0223069
0.0262688
0.0254543
0.0233341
0.0232121
0.02642
0.0269475
0.027037
0.0215198
0.0245902
0.0232983
0.0214615
0.0218655
0.0237984
0.0237787
0.021041
0.0214655
0.022914
0.0251859
0.0223199
0.0224419
0.0224651
0.0238313
0.0239205
0.0226079
0.0214869
0.0230434
0.0246484
0.023288
0.0286974
0.0277891
0.0226746
0.0235592
0.0233329
0.0228644
0.0264011
0.0238275
0.0212764
0.02274
0.0217556
0.0237789
0.0243551
0.023014
0.0236806
0.0237528
0.0248606
0.024122
0.0238092
0.0250137
0.0227948
0.024094
0.024729
0.0257866
0.0260634
0.0249127
0.0252113
0.0278541
0.0275096
0.0253718
0.0243866
0.0275001
0.0273221
0.02522
0.0285062
0.0299344
0.0269333
0.0307012
0.0310779
0.0259733
0.0304092
0.0285385
0.0253439
0.0269194
0.0290204
0.0262984
0.0276075
0.0271245
0.0266116
0.0249336
0.0267745
0.0253111
0.024354
0.0260379
0.0279345
0.0238497
0.0253225
0.0251634
0.0254499
0.0248534
0.0236771
0.027827
0.027018
0.0255781
0.0276093
0.02731
0.0251528
0.0251781
0.0254013
0.0239076
0.0277755
0.0258448
0.0248663
0.026372
0.0268545
0.0233797
0.0235231
0.0263963
0.0247852
0.0230505
0.0243027
0.0242614
0.0262151
0.0245323
0.0241992
0.022295
0.0249843
0.025099
0.0226384
0.0281679
0.0240086
0.0236521
0.0254413
0.0252506
0.0245224
0.0273135
0.02709
0.0272337
0.0229643
0.0238913
0.0250145
0.0223691
0.024136
0.0246867
0.024165
0.0239123
0.0241796
0.024649
0.0222045
0.023922
0.0244234
0.025437
0.0276684
0.0245762
0.0249861
0.024499
0.0247886
0.0269172
0.0239099
0.0242656
0.024197
0.0237637
0.025539
0.0253022
0.0225366
0.022651
0.0235696
0.0244645
0.0222533
0.022171
0.0220519
0.0248987
0.0226362
0.0214578
0.0237904
0.0237541
0.0219
0.0219359
0.0207377
0.0225348
0.0246883
0.0229797
0.0274328
0.0245781
0.0220819
0.0220985
0.0221035
0.021892
0.0205774
0.0232369
0.022694
0.0214823
0.0206233
0.0210658
0.0211468
0.0194393
0.0201927
0.0206467
0.0246876
0.0196659
0.021062
0.0209668
0.0210393
0.0203189
0.0242721
0.0217581
0.0226049
0.0215953
0.0215831
0.0232413
0.0258492
0.0233905
0.0254105
0.024426
0.0244196
0.0235647
0.0238099
0.0230467
0.0246873
0.0246834
0.0224313
0.0246164
0.0253318
0.0230015
0.0246752
0.0230489
0.0236902
0.0233088
0.0218915
0.0241216
0.0274728
0.0225698
0.0234108
0.0233664
0.0249879
0.0243572
0.0233495
0.0224599
0.0241744
0.0260275
0.0260582
0.0244481
0.0253624
0.0269943
0.0271362
0.025571
0.0242791
0.0263925
0.026257
0.0251189
0.0271077
0.0273052
0.0268985
0.0246021
0.0287488
0.0244592
0.0232013
0.0241391
0.0259946
0.0261858
0.0246309
0.0244296
0.0262762
0.0246579
0.0247528
0.0246748
0.0265531
0.0245597
0.0238278
0.0311029
0.0240783
0.0238164
0.021481
0.0208062
0.0241755
0.0230601
0.0222586
0.0236635
0.0238969
0.021847
0.0220123
0.0224437
0.0232654
0.0218707
0.0229065
0.0228676
0.0223725
0.0231777
0.0254228
0.0245017
0.0242378
0.0246775
0.022979
0.0235919
0.0228628
0.0240889
0.0251618
0.0245422
0.0231982
0.0230724
0.0233193
0.0256664
0.0255591
0.0264443
0.0230855
0.0231589
0.0238765
0.0249712
0.0226888
0.0218039
0.022068
0.0234791
0.0240922
0.0229786
0.0233188
0.0235384
0.024061
0.0240692
0.0239187
0.0225143
0.0234946
0.0236083
0.0230327
0.023318
0.023082
0.0221431
0.0236863
0.0239029
0.0254154
0.0239393
0.0225224
0.0249636
0.0238379
0.0275015
0.0227463
0.0233901
0.0232972
0.0239539
0.0236593
0.0246488
0.0229864
0.0246313
0.0255959
0.0233177
0.0232292
0.0221294
0.0218188
0.0224551
0.0231682
0.0212739
0.0225587
0.0222165
0.0216804
0.0219554
0.0258942
0.023585
0.023309
0.0227439
0.0214985
0.0239596
0.0234724
0.0230983
0.0230197
0.0228259
0.0209382
0.0212889
0.0208585
0.0203786
0.0209781
0.0223164
0.0229919
0.0195406
0.0208573
0.0210297
0.0207461
0.0208553
0.0218631
0.0223609
0.0214526
0.0214315
0.0220364
0.0206206
0.0216481
0.0198622
0.0232993
0.0210466
0.0203778
0.02071
0.021209
0.0202805
0.0205704
0.0218844
0.0219722
0.0207002
0.0212624
0.0202565
0.02132
0.0211718
0.0205927
0.0206652
0.0190191
0.0214599
0.0215503
0.0202268
0.0218086
0.0218387
0.0210941
0.0210948
0.021161
0.0215117
0.0216005
0.0239695
0.0248005
0.022164
0.0260793
0.0254596
0.0233823
0.0236566
0.0238212
0.0247433
0.024607
0.0236436
0.023921
0.0236154
0.0272956
0.024884
0.0234563
0.0246602
0.0233809
0.0258117
0.025956
0.0257976
0.0237715
0.0243238
0.0240044
0.0241092
0.0266745
0.0260918
0.0259779
0.0251608
0.0273727
0.027227
0.0244278
0.02373
0.024392
0.0287802
0.026651
0.0251037
0.0263847
0.0263202
0.0250091
0.0276347
0.0240961
0.0243758
0.0246716
0.0257117
0.0261347
0.0242144
0.0256297
0.0259536
0.0245696
0.0247755
0.0245776
0.0314598
0.0239818
0.0240961
0.0248917
0.024119
0.0218253
0.023698
0.023499
0.021144
0.0219644
0.0233839
0.0273683
0.0244622
0.0233976
0.0229792
0.0243809
0.0210849
0.0249366
0.0235705
0.0208331
0.0227939
0.0251275
0.0248178
0.0229517
0.0222005
0.0234696
0.0243188
0.02429
0.0226547
0.0220892
0.0230167
0.0242362
0.0249252
0.0232662
0.0262816
0.0265027
0.0253298
0.025199
0.0285177
0.0259723
0.025382
0.0244484
0.025612
0.0250707
0.0220867
0.0230127
0.0248046
0.0252766
0.022807
0.0222606
0.023101
0.0260231
0.0217308
0.0218612
0.0215839
0.0223645
0.0201345
0.0218307
0.0220685
0.0223166
0.0243578
0.02234
0.0214628
0.0222065
0.0223994
0.0220155
0.0215985
0.0215799
0.0215307
0.0257543
0.0231691
0.0231775
0.0219275
0.0230484
0.0237449
0.0244145
0.0218203
0.0235042
0.0236407
0.0248287
0.0243132
0.0280607
0.0308203
0.0249482
0.0260467
0.0260112
0.0261071
0.0240075
0.0254812
0.0291176
0.0246527
0.0257984
0.0259312
0.0244431
0.0252145
0.0270026
0.0276294
0.0230772
0.0235859
0.0245849
0.0252847
0.0251052
0.0237804
0.0244561
0.0241732
0.0225682
0.0237087
0.0271315
0.025901
0.0235052
0.0251792
0.027899
0.0273276
0.0261479
0.0284974
0.0289675
0.0272772
0.0314879
0.0318679
0.0269067
0.0294826
0.0282446
0.0278844
0.0266442
0.0274892
0.0276488
0.0272904
0.0362482
0.0318376
0.026611
0.0296842
0.0406004
0.0336753
0.0321367
0.0324878
0.0361744
0.0341437
0.0391184
0.0334512
0.030082
0.029705
0.0305489
0.0324603
0.0308569
0.0325093
0.0841025
0.0365725
0.0309042
0.0334479
0.0319645
0.0326992
0.0314259
0.0340712
0.0353114
0.0379337
0.0354544
0.0338858
0.0340282
0.0361884
0.0336656
0.0365474
0.0339762
0.0337682
0.0319639
0.0318253
0.0337435
0.0341874
0.0397323
0.0305102
0.0317006
0.0341196
0.0321727
0.0321874
0.0318998
0.0299498
0.0318104
0.0306042
0.0324941
0.0318886
0.0319596
0.0323369
0.0322553
0.0307547
0.0325264
0.0357088
0.0331698
0.0322515
0.0348333
0.036198
0.0364633
0.0368453
0.0400295
0.038344
0.0372055
0.0360028
0.0378272
0.0348583
0.0344332
0.0343261
0.0365472
0.0362423
0.0362015
0.0358318
0.0354324
0.033618
0.0348714
0.0355782
0.0330118
0.0331767
0.0331608
0.0357681
0.0338264
0.035833
0.0365939
0.0322564
0.0346447
0.0319924
0.0350284
0.0348475
0.0351291
0.0381541
0.0317339
0.0333378
0.033496
0.0340795
0.0331442
0.0317796
0.0314418
0.0315077
0.0336258
0.0338745
0.035279
0.0352898
0.0312644
0.0332042
0.0344128
0.035253
0.0334033
0.0302459
0.0320494
0.0324336
0.031386
0.0313947
0.030389
0.0337296
0.0323289
0.0333316
0.0351886
0.0307721
0.0351118
0.0361488
0.0359061
0.0319264
0.0312082
0.0335545
0.0328506
0.0332607
0.0325892
0.031796
0.0333342
0.034496
0.0343959
0.0334759
0.0326599
0.0317419
0.0339438
0.0360325
0.0345931
0.0358677
0.0350702
0.0341831
0.0367369
0.0354828
0.0379491
0.0380662
0.0378277
0.0393551
0.039224
0.0413651
0.0386223
0.036333
0.0346368
0.0379981
0.038595
0.0385001
0.0430325
0.0383022
0.0363971
0.0372851
0.0371061
0.0364739
0.0357786
0.0351864
0.0385063
0.0389572
0.0392871
0.0381372
0.0378113
0.0366839
0.0347212
0.0374164
0.0353438
0.0364304
0.0371058
0.0354966
0.0337512
0.0378343
0.0324216
0.0347892
0.0333531
0.0323495
0.0313699
0.0346236
0.0336437
0.0342599
0.0342437
0.0394527
0.0337662
0.0327123
0.0336852
0.0352929
0.0371855
0.0331034
0.0322485
0.0304613
0.0312578
0.0319293
0.0313148
0.0320515
0.0319458
0.0299381
0.0287303
0.0291957
0.0291304
0.0289695
0.0286817
0.0288534
0.0297955
0.0258923
0.0311473
0.0295341
0.029505
0.0280196
0.0258376
0.0248251
0.0270219
0.0307121
0.0289787
0.0278372
0.0278859
0.0261346
0.0294019
0.0284857
0.0277025
0.0283066
0.0268641
0.0274602
0.0286218
0.0289096
0.0272494
0.0268563
0.0247654
0.0299745
0.0268486
0.0272109
0.025744
0.0239294
0.0262226
0.0276162
0.0307923
0.0230563
0.0227816
0.0262913
0.0263002
0.0245648
0.0240819
0.0246212
0.0255637
0.0245151
0.0246618
0.0236273
0.0231034
0.0246884
0.0240021
0.023438
0.0226904
0.0217701
0.0237219
0.0234868
0.0244174
0.0223852
0.0219237
0.0230247
0.0228011
0.0241517
0.0266247
0.0237819
0.0253878
0.0250247
0.0254456
0.0249499
0.0243455
0.0247711
0.026662
0.0257395
0.0250622
0.0254912
0.0255653
0.0253153
0.0255176
0.0233149
0.0250894
0.023475
0.0246201
0.0237571
0.0260589
0.0243797
0.0238567
0.0228822
0.0238669
0.0228917
0.0233074
0.0233664
0.0229817
0.020847
0.0214297
0.0225444
0.0251674
0.0232528
0.0223585
0.0261148
0.0236738
0.0232015
0.0211318
0.022167
0.0224465
0.0250214
0.0229877
0.0220728
0.0213853
0.0273977
0.0274857
0.0261471
0.0294378
0.0301781
0.0270612
0.0255148
0.0274995
0.028157
0.0286394
0.0288565
0.027109
0.0329731
0.0292163
0.0288751
0.0268744
0.0286722
0.027433
0.0273272
0.0310204
0.0294458
0.0277987
0.0271282
0.0294372
0.0298189
0.0282984
0.0276308
0.0278194
0.027525
0.0283953
0.0314444
0.0332513
0.033483
0.0335345
0.0328054
0.0326107
0.0335803
0.0311691
0.0292567
0.0299141
0.0301406
0.0304737
0.0328161
0.0303841
0.0311865
0.0286589
0.0282656
0.0283169
0.0274452
0.0270434
0.0284859
0.0298534
0.0276814
0.0274478
0.0265523
0.0268195
0.0258895
0.025342
0.0277659
0.0267707
0.0261968
0.0233717
0.023653
0.0246395
0.0247354
0.0231166
0.0236853
0.0246888
0.0223603
0.0221178
0.0231555
0.0255837
0.0292021
0.0261816
0.0246782
0.0271833
0.0258457
0.0272757
0.0274928
0.0247759
0.0276904
0.0286505
0.0280057
0.0261513
0.0289411
0.0287211
0.0287593
0.026264
0.0295584
0.0278144
0.0288082
0.032188
0.0262315
0.0272621
0.0283514
0.0270193
0.0276699
0.0262935
0.0289555
0.0263535
0.0299903
0.0280598
0.027634
0.0260994
0.0270424
0.0281215
0.0266033
0.0266069
0.0264331
0.0264151
0.0260189
0.0278083
0.0265691
0.0260942
0.028495
0.0289022
0.0314528
0.0286568
0.0305544
0.0309073
0.0325443
0.0309127
0.0311024
0.0309561
0.0292341
0.0294432
0.0279261
0.0272424
0.0251139
0.025399
0.0253141
0.0244321
0.0264584
0.0274594
0.0267496
0.0269978
0.0263841
0.0262376
0.0261979
0.0256227
0.0266331
0.0251217
0.0240936
0.0267398
0.0276755
0.0287144
0.026564
0.0289399
0.029844
0.0282389
0.0262285
0.0268338
0.025603
0.0258317
0.0253067
0.0261283
0.0268838
0.0266992
0.0272186
0.0286614
0.0262299
0.0282211
0.027195
0.0280163
0.0279009
0.027986
0.0276732
0.0277873
0.0286738
0.0283744
0.0291444
0.0288306
0.0286852
0.0292126
0.0274739
0.027811
0.0261988
0.0262703
0.0257652
0.0283259
0.0269114
0.0269357
0.0277852
0.0287227
0.0299387
0.031921
0.0285004
0.0292825
0.0293488
0.0287938
0.028366
0.0293957
0.0287884
0.0299363
0.0330443
0.0308287
0.0307888
0.0285973
0.0285241
0.0289746
0.0280778
0.0281105
0.0286637
0.0285217
0.0283612
0.0276883
0.0298089
0.0311915
0.0307035
0.0305053
0.0300572
0.0299495
0.0296671
0.0294451
0.0292772
0.0300669
0.0292027
0.0294217
0.0309625
0.028191
0.0297383
0.0297596
0.0307516
0.0292939
0.0291467
0.0300623
0.0299602
0.0293045
0.0303274
0.0281958
0.0306901
0.0285686
0.0289619
0.0298054
0.0294509
0.0292226
0.0319702
0.031957
0.0296018
0.0312551
0.0325747
0.0298038
0.029861
0.0308323
0.0303693
0.0295648
0.030042
0.0287824
0.0308733
0.0304577
0.028847
0.0299573
0.0287803
0.0288299
0.0286472
0.0284104
0.0281491
0.0278282
0.0272759
0.0282323
0.0284429
0.0267142
0.0278041
0.0273417
0.0279686
0.0272041
0.0276982
0.0262038
0.0273134
0.027795
0.0282966
0.0286635
0.0310794
0.0289871
0.0305219
0.0270444
0.027585
0.0276888
0.0255998
0.0259911
0.0274005
0.0284693
0.0268157
0.0340904
0.0363889
0.0336341
0.0344201
0.0337553
0.0337038
0.0373927
0.0352091
0.0338476
0.0351514
0.0350339
0.032182
0.0332312
0.0349962
0.0315909
0.0316439
0.0293199
0.0266313
0.0259478
0.0264526
0.0251106
0.0270549
0.0238015
0.0254986
0.0266323
0.0288003
0.025387
0.0280679
0.0290389
0.0270582
0.0264384
0.030355
0.0317943
0.0304802
0.0328367
0.0280435
0.0286044
0.0294151
0.0295561
0.0297351
0.0293649
0.0285034
0.0304664
0.0301993
0.0284141
0.0268515
0.0266607
0.0282242
0.0286146
0.0300762
0.0304467
0.0331465
0.0333916
0.0327751
0.0313763
0.0306119
0.0292871
0.028762
0.0311128
0.0301701
0.0299506
0.0305579
0.0277796
0.0283883
0.0276442
0.0284558
0.0274106
0.0280217
0.026904
0.0273295
0.0297339
0.0275155
0.0287243
0.0267832
0.0268765
0.0280493
0.0271575
0.0268123
0.0292756
0.0259035
0.0256827
0.0274804
0.0280543
0.0272916
0.0279578
0.0284086
0.0282465
0.0277772
0.0288707
0.0285585
0.0277599
0.0298178
0.0295865
0.0298498
0.0281191
0.029031
0.0289032
0.0284461
0.0265287
0.029218
0.0300087
0.0314585
0.0273733
0.0300627
0.0307482
0.0298897
0.0272052
0.0280751
0.0302318
0.0305425
0.0289651
0.0277228
0.0304093
0.029132
0.0288022
0.0294609
0.0277711
0.028112
0.0286516
0.0283647
0.0295602
0.0306941
0.0279398
0.0288108
0.0291885
0.0279723
0.0285213
0.0289577
0.0285339
0.027687
0.0287201
0.0293539
0.0293919
0.0291544
0.0295501
0.0297973
0.0313958
0.0322403
0.0306456
0.0336777
0.0307152
0.031314
0.0301766
0.0293916
0.029939
0.0309457
0.0317293
0.0308536
0.0307267
0.0288604
0.0281146
0.0283164
0.0289358
0.0284649
0.0283069
0.0280135
0.0285031
0.0296791
0.028467
0.029531
0.0276746
0.028297
0.0282429
0.0295485
0.0293338
0.0291857
0.0299313
0.0326795
0.0311279
0.03025
0.0300526
0.0292087
0.0287079
0.0289335
0.0292449
0.0297069
0.0291912
0.0290888
0.0300421
0.0307066
0.030175
0.0291296
0.0302292
0.0295727
0.0291416
0.0293798
0.0292077
0.0292147
0.0295297
0.0295742
0.029345
0.0303708
0.0288071
0.03072
0.0306113
0.0293003
0.0286117
0.0290299
0.0293297
0.0303444
0.0321601
0.0312945
0.0313876
0.0296162
0.0299179
0.0291474
0.0295802
0.0296305
0.0293714
0.0296024
0.0296197
0.0299182
0.0333807
0.0284837
0.0292505
0.0288779
0.0298419
0.0281318
0.0297297
0.0292898
0.0292476
0.0300083
0.0308511
0.0286932
0.0295028
0.029371
0.0292465
0.0289097
0.029396
0.0287126
0.0290636
0.029879
0.0311048
0.0290631
0.0311764
0.0303405
0.0296978
0.0293466


