0.0105109
0.0172472
0.016993
0.0169082
0.0171211
0.017204
0.0170094
0.0171339
0.016964
0.0169852
0.0169065
0.0171982
0.0172877
0.0178375
0.0171833
0.0195327
0.0209215
0.0213076
0.0205573
0.0206035
0.0211772
0.0123149
0.0126568
0.0187692
0.0191593
0.0181059
0.0179877
0.0178923
0.017474
0.0167034
0.0168073
0.017021
0.0167659
0.0169736
0.0170494
0.0209908
0.0186614
0.0181751
0.0169805
0.0170373
0.0169297
0.017224
0.0172744
0.0089822
0.00901673
0.0177801
0.0172632
0.0174846
0.0184103
0.0171151
0.0179163
0.0170182
0.0172273
0.0174757
0.0177881
0.0172948
0.0170894
0.0178413
0.0172248
0.0172786
0.0171261
0.0236587
0.0211452
0.0211136
0.0210146
0.0122014
0.0128322
0.0199157
0.017566
0.0173398
0.018188
0.0184797
0.0179786
0.0184834
0.018028
0.0176345
0.017242
0.0178098
0.0176962
0.0179106
0.0182965
0.0182395
0.0182078
0.0183112
0.0177063
0.017906
0.018731
0.0153868
0.0129175
0.0193478
0.0184135
0.0184446
0.0189774
0.0184798
0.018017
0.0190432
0.0186722
0.0190026
0.0186244
0.0188513
0.0185417
0.0185376
0.018878
0.0186845
0.0194092
0.0202772
0.0188822
0.0187143
0.0182905
0.00872221
0.00907028
0.0186122
0.0185398
0.0180718
0.021571
0.0407036
0.0181548
0.0153092
0.0151463
0.0143689
0.0145614
0.0167402
0.0183061
0.0176194
0.0174792
0.0169876
0.0191776
0.0203416
0.0190613
0.0177323
0.0149134
0.0187104
0.0164535
0.0166018
0.0173107
0.01674
0.0159667
0.0157368
0.0210745
0.0167795
0.0198749
0.0172645
0.0179328
0.0179097
0.0176466
0.0180184
0.0177545
0.0184169
0.0187757
0.0183774
0.0179232
0.0191932
0.0189553
0.018887
0.0184699
0.0227543
0.0222993
0.0209976
0.0227261
0.0186718
0.0165538
0.0190203
0.0202886
0.021031
0.0195375
0.0213892
0.0206671
0.0208457
0.0194975
0.0206649
0.0205335
0.020867
0.0194091
0.0203226
0.0191751
0.0217136
0.018759
0.018835
0.0172764
0.0215026
0.0197235
0.0212403
0.0189004
0.02098
0.0213536
0.016089
0.0163203
0.0214254
0.0218243
0.0163358
0.0187034
0.0179998
0.0201972
0.0236421
0.0201331
0.0208058
0.0209052
0.020799
0.0212869
0.0216373
0.0217456
0.0207387
0.0190956
0.0178365
0.0168689
0.0220844
0.0209523
0.01715
0.0219826
0.0198401
0.0225578
0.0234903
0.0187858
0.0184617
0.0191201
0.0186217
0.0188899
0.0198106
0.0180998
0.0228346
0.0229712
0.022554
0.0234182
0.0227231
0.0218327
0.0224163
0.022881
0.0218145
0.0225582
0.0232271
0.0218693
0.0238751
0.0233247
0.0218124
0.0185061
0.0192492
0.017469
0.0232341
0.0229597
0.0174124
0.0192138
0.0176498
0.0180295
0.0213835
0.0203971
0.0218484
0.0222387
0.0165797
0.0241637
0.0224351
0.0168287
0.017589
0.0219542
0.0218648
0.0231293
0.023292
0.0180819
0.018559
0.0193172
0.0179958
0.0193111
0.0196327
0.0182097
0.0233819
0.0234173
0.0209975
0.0183156
0.0187895
0.0172714
0.0210507
0.019485
0.0195942
0.0207717
0.0148262
0.0202774
0.0184558
0.0198394
0.0179104
0.0204204
0.0196378
0.0187206
0.0188336
0.0166066
0.0174809
0.0224638
0.0236684
0.0178232
0.0186831
0.0228328
0.0201337
0.0218997
0.0223584
0.0196788
0.0222061
0.0215443
0.0170253
0.0174147
0.0168261
0.016012
0.0167929
0.0176715
0.0156892
0.0213065
0.0189878
0.0216539
0.0217346
0.0167227
0.0219606
0.0229722
0.0179358
0.0211076
0.0199428
0.0182304
0.02008
0.0199211
0.0189501
0.0185135
0.0184675
0.0156772
0.0201565
0.0211208
0.0140421
0.0146125
0.0156304
0.0144828
0.0147276
0.0147455
0.014121
0.0151388
0.0202046
0.0194653
0.0169179
0.0164056
0.0175106
0.0174388
0.0170694
0.0177289
0.0159686
0.0170345
0.0164055
0.0145726
0.0154336
0.0161981
0.0157959
0.0167825
0.0173708
0.0160665
0.0201648
0.0205582
0.0159397
0.0182784
0.0174356
0.0163695
0.0215325
0.0213862
0.0185878
0.0190326
0.0205342
0.018843
0.0192014
0.0195868
0.0185401
0.0186681
0.0217524
0.0175425
0.0184222
0.019018
0.0188472
0.01933
0.0202311
0.0182736
0.0219316
0.0226514
0.0210088
0.0211691
0.0227186
0.0176073
0.0177179
0.0229632
0.0173854
0.02037
0.0198913
0.0180403
0.0191797
0.0195213
0.0178643
0.0178122
0.0231107
0.021403
0.0232255
0.0232431
0.0224507
0.0226841
0.0230586
0.0240083
0.0239815
0.0184167
0.0192108
0.0219174
0.0185251
0.0227843
0.0206938
0.0200385
0.0192137
0.0241365
0.0235624
0.0233577
0.0251259
0.0236489
0.0240762
0.0246309
0.0252559
0.0241026
0.0234957
0.0241517
0.0244034
0.0210578
0.0219693
0.0219539
0.0223717
0.0209544
0.0198678
0.0199425
0.0184412
0.0212558
0.0227063
0.0209203
0.0211178
0.0226665
0.0217647
0.0175799
0.019771
0.020831
0.0193847
0.0188916
0.0196634
0.0183693
0.0197416
0.0205367
0.0189846
0.0191227
0.0209108
0.0167123
0.0189106
0.0179473
0.0142644
0.0196197
0.0204578
0.0166485
0.0169137
0.0182891
0.0161013
0.0162554
0.0168261
0.0152473
0.0224638
0.0205443
0.0160828
0.0197161
0.0205436
0.0197849
0.0198059
0.0201877
0.0209341
0.0214777
0.0194732
0.0206094
0.0214345
0.0208715
0.0200953
0.0206833
0.0220929
0.0205926
0.0223351
0.0236934
0.0212153
0.0214057
0.0211655
0.0219207
0.0207667
0.0177966
0.0192089
0.0199678
0.0181469
0.0159496
0.014988
0.0164786
0.0155381
0.0153743
0.015168
0.0158171
0.0156536
0.015208
0.0155661
0.0161289
0.0144818
0.0152631
0.0192076
0.0200361
0.018559
0.0154002
0.0144251
0.0180881
0.0187858
0.0161082
0.0193666
0.0192743
0.0173413
0.0148583
0.016813
0.014242
0.0151935
0.0154253
0.0150825
0.0148348
0.0180192
0.0139696
0.0143452
0.0148086
0.0135265
0.0190831
0.0169754
0.0131172
0.0180577
0.0179123
0.0155429
0.018319
0.0179071
0.0163862
0.0177093
0.0172658
0.0127073
0.0132251
0.0130793
0.0112463
0.0189708
0.0164414
0.0148919
0.0164808
0.0156045
0.0116206
0.0114977
0.00988142
0.00867623
0.0135351
0.0133338
0.00780965
0.0135142
0.0140409
0.00936143
0.00897026
0.0143352
0.0139939
0.0107165
0.00954364
0.0108334
0.0106003
0.00954326
0.0114442
0.0100009
0.0105357
0.010011
0.0148017
0.0148664
0.00986077
0.0150828
0.0164624
0.0103537
0.0112235
0.0101723
0.0121854
0.0108622
0.0110773
0.0158864
0.0152509
0.0149746
0.0156148
0.0149842
0.015771
0.0154248
0.0159631
0.0152959
0.011016
0.0158398
0.0154422
0.016464
0.015042
0.0167217
0.0148937
0.0115972
0.0153916
0.0124377
0.0135775
0.0129075
0.0128688
0.0186199
0.0165548
0.0189318
0.0164788
0.0179754
0.0170754
0.0122593
0.0167474
0.0151327
0.0133579
0.014875
0.0138817
0.0122354
0.0138876
0.0121965
0.0132159
0.0115774
0.0121939
0.0110983
0.0106647
0.0158599
0.0147193
0.0156707
0.0166032
0.0137657
0.0152565
0.0143218
0.0133063
0.014232
0.0138605
0.0139334
0.0132222
0.0147305
0.0111611
0.0148772
0.0110501
0.0153072
0.0142885
0.0160948
0.0153086
0.0163769
0.0155392
0.0113539
0.0166217
0.0153951
0.0163701
0.0159273
0.0128167
0.0130401
0.0150342
0.0160546
0.0179821
0.0145117
0.0160716
0.0123006
0.0150409
0.0178273
0.0162451
0.0138626
0.0131469
0.0123169
0.0136875
0.0121927
0.0130336
0.0122505
0.0146983
0.0170746
0.0164548
0.0137396
0.0173617
0.0167335
0.0122052
0.0175866
0.0169811
0.0124187
0.0175409
0.0162585
0.0175604
0.0168584
0.0125844
0.0141911
0.0175445
0.0127803
0.0176464
0.0163121
0.0142765
0.0144875
0.0142516
0.0124298
0.0122823
0.0115764
0.0163283
0.0153433
0.0173835
0.015196
0.0168441
0.0158805
0.017367
0.0163417
0.0173813
0.0159886
0.0131259
0.013834
0.0125862
0.0141286
0.0127127
0.0139986
0.0132055
0.0131982
0.0180243
0.016295
0.0191405
0.0184614
0.0165235
0.0177912
0.0166263
0.0159225
0.0165958
0.0179435
0.0140676
0.0137114
0.0133543
0.0123487
0.0134143
0.0123088
0.0134848
0.0136675
0.0207518
0.0169794
0.0178141
0.0166194
0.0129655
0.0149809
0.0139049
0.0122104
0.0173508
0.0164593
0.0135945
0.0131903
0.0172359
0.0126731
0.017927
0.0174531
0.0135354
0.0141373
0.0136366
0.0131805
0.0143054
0.0147953
0.0131934
0.0141608
0.0179775
0.0137249
0.013944
0.0140329
0.0129683
0.0138335
0.0146382
0.0127619
0.014112
0.0139953
0.0130309
0.0185328
0.0184966
0.01818
0.0190616
0.0190844
0.0137839
0.0198425
0.0184996
0.0131852
0.0184847
0.0186589
0.0129994
0.0171704
0.0164719
0.0130043
0.0185349
0.0168093
0.0132098
0.0177582
0.0173129
0.0137206
0.0138931
0.0127256
0.0129039
0.0158965
0.0136243
0.0131852
0.0187864
0.0203507
0.0142452
0.0172759
0.0176457
0.0177837
0.0196703
0.0203548
0.0184891
0.019165
0.0198505
0.0183415
0.0194098
0.0199935
0.0198215
0.01988
0.0197793
0.0190081
0.0191832
0.0204761
0.0181976
0.0202536
0.0200144
0.0198898
0.0202587
0.0207349
0.019075
0.0195709
0.0211247
0.0192709
0.0148241
0.0195514
0.0220323
0.0188168
0.014663
0.015532
0.0164887
0.0151243
0.0149975
0.0210196
0.0209789
0.0204631
0.0175901
0.0206619
0.0211318
0.0207559
0.0183451
0.0172527
0.018485
0.0173346
0.0189205
0.0176785
0.017693
0.0195754
0.0187061
0.0191767
0.0228291
0.0233993
0.0230721
0.0191395
0.0181268
0.0192778
0.0186053
0.0173209
0.0170787
0.0178333
0.0175507
0.0156349
0.0150809
0.0145779
0.0130394
0.0121937
0.0178945
0.0165938
0.0130978
0.0175715
0.0169217
0.0159401
0.0164785
0.0165105
0.0159123
0.0114564
0.0156248
0.0112345
0.0124131
0.0112869
0.0114885
0.0168487
0.0176527
0.0147516
0.0159439
0.0141819
0.0163277
0.0136703
0.0134083
0.0142457
0.0144906
0.014163
0.0131463
0.0181947
0.0181894
0.0150797
0.0178879
0.0177029
0.0166937
0.0174764
0.017691
0.0161744
0.0173677
0.0177662
0.016682
0.0120822
0.0166484
0.0169523
0.011613
0.0170919
0.0172424
0.0117185
0.0130672
0.0171149
0.0191202
0.0173774
0.0177833
0.0170174
0.01859
0.0183648
0.0171916
0.0192426
0.0190682
0.015113
0.0190801
0.0188756
0.0181404
0.0179593
0.0185005
0.0169854
0.0196196
0.0190755
0.0155369
0.0180293
0.0177329
0.013821
0.0182685
0.0185707
0.0130084
0.0154957
0.0140161
0.0134497
0.0180705
0.0179378
0.0135414
0.0141825
0.0174612
0.0134907
0.0145609
0.014676
0.0134112
0.0138889
0.0141612
0.013327
0.013824
0.0136499
0.0126063
0.0148299
0.0142938
0.0131312
0.0148297
0.0147483
0.0131336
0.0142344
0.0138597
0.0132458
0.0194124
0.0172783
0.0183214
0.0182343
0.016174
0.0194734
0.0180617
0.017804
0.0199946
0.0186928
0.0164784
0.018966
0.018112
0.0127176
0.0181104
0.0174833
0.0139742
0.0185338
0.0181546
0.0132733
0.0171514
0.0171059
0.0137417
0.016818
0.0157885
0.0124718
0.0165342
0.0155651
0.0146633
0.0155767
0.0146468
0.0154889
0.016384
0.0152661
0.0166139
0.0153978
0.0153516
0.0166028
0.0158263
0.0150409
0.0159796
0.0150265
0.0143606
0.016944
0.0151301
0.0161532
0.0165199
0.015926
0.0163864
0.0171726
0.0164572
0.0171054
0.0166153
0.0136315
0.01457
0.0130297
0.014539
0.014982
0.0132206
0.0145211
0.0156539
0.0147894
0.016766
0.0164514
0.0146497
0.0163322
0.0160422
0.0145418
0.0154609
0.016333
0.013508
0.0154789
0.013873
0.0136516
0.014414
0.0132897
0.0154668
0.0133126
0.0151377
0.0147588
0.0137252
0.0144228
0.0165115
0.014573
0.0148457
0.0161759
0.0173382
0.0175283
0.0169753
0.0166611
0.0167119
0.0162928
0.017808
0.0178062
0.0171264
0.0188759
0.017641
0.0178982
0.0205434
0.0182771
0.0163654
0.0158951
0.0152173
0.0140545
0.0157208
0.0155878
0.0141786
0.0163214
0.0145917
0.0145726
0.0152999
0.0157825
0.0142225
0.0157889
0.0194404
0.0145796
0.0152771
0.0151353
0.0146353
0.0194169
0.0179718
0.0137396
0.0141822
0.0144033
0.0123515
0.0150665
0.0122044
0.0125742
0.0132039
0.0133279
0.0117638
0.0135164
0.0145849
0.0133839
0.0177814
0.0194475
0.0202979
0.0178455
0.0196885
0.0196632
0.0148463
0.0141227
0.0146684
0.0131616
0.0152179
0.0152119
0.0136305
0.0175001
0.0161585
0.014162
0.015637
0.0157929
0.0149455
0.0164401
0.0184331
0.0151657
0.0203262
0.0237475
0.0205586
0.0211581
0.023088
0.0211519
0.0218322
0.022921
0.0207575
0.0167682
0.0178743
0.0198809
0.0155509
0.0162103
0.0159996
0.0165707
0.0168022
0.0157968
0.0159174
0.020876
0.0207979
0.0190189
0.0194118
0.0199673
0.0203377
0.0187764
0.018698
0.0200832
0.0192952
0.0169583
0.0171028
0.0182069
0.0147656
0.0145614
0.0156343
0.0157408
0.0138328
0.0154862
0.0148618
0.0143803
0.0149186
0.0155037
0.0133216
0.0140738
0.0142898
0.0128511
0.0135117
0.0139145
0.0127279
0.0159966
0.0171826
0.0128606
0.0143393
0.0142278
0.0131632
0.0141691
0.0143378
0.013197
0.0144023
0.0158371
0.0134267
0.0143604
0.0146971
0.0134862
0.0142929
0.0147646
0.0135402
0.0162864
0.0149406
0.0137105
0.019541
0.0191467
0.0171782
0.0188381
0.019317
0.0149116
0.0145757
0.0150476
0.0136031
0.0150363
0.0153412
0.0141304
0.0198029
0.0197607
0.0184632
0.0179912
0.0161303
0.014445
0.0152213
0.0172978
0.0143576
0.0178291
0.0165054
0.016063
0.0188237
0.0235944
0.0222345
0.0190086
0.0203439
0.0200283
0.0209282
0.0191798
0.0235989
0.0207558
0.0198524
0.01989
0.0168968
0.0162279
0.0158572
0.0157788
0.0158611
0.0149644
0.0149498
0.0206949
0.0202591
0.017982
0.0151002
0.0153541
0.0186199
0.0154103
0.0165883
0.0156406
0.0200154
0.0212859
0.0205539
0.0170809
0.0159883
0.0165029
0.0179385
0.0162924
0.0168452
0.0216405
0.0219172
0.0207776
0.01743
0.0208454
0.0194368
0.0217071
0.0181664
0.0213461
0.0227779
0.0217098
0.0186032
0.0177081
0.0197144
0.021047
0.0181346
0.0182745
0.0204111
0.0177228
0.0190928
0.022429
0.0232326
0.0229129
0.0178914
0.0222008
0.0230772
0.0207755
0.017974
0.0219986
0.0231823
0.0194797
0.0190279
0.0214004
0.0247451
0.0240831
0.0213742
0.0226767
0.0230206
0.0217992
0.0167437
0.0204444
0.0229055
0.0229778
0.0166364
0.0208056
0.0222213
0.0207398
0.0205868
0.0210715
0.0219697
0.0208005
0.0198563
0.0211271
0.0246782
0.0245736
0.020778
0.0210197
0.0277339
0.0192658
0.0178051
0.0185381
0.0199534
0.0202529
0.0183801
0.0211013
0.0225102
0.0192328
0.017781
0.0159943
0.016611
0.0174582
0.018959
0.0158778
0.018646
0.020058
0.0177228
0.0179097
0.0195855
0.0193795
0.0182031
0.0150527
0.0185428
0.0186893
0.0184917
0.014142
0.0154301
0.0154376
0.0133306
0.0145133
0.0182877
0.0199565
0.0174126
0.0141818
0.0183492
0.0191144
0.018663
0.0168182
0.0181814
0.0186276
0.0174847
0.0175462
0.0184189
0.018184
0.0167383
0.013054
0.0196532
0.0182519
0.0169904
0.013475
0.0165771
0.0139476
0.0129819
0.0125994
0.0138861
0.0148808
0.0125467
0.0138074
0.0135206
0.0115504
0.0120856
0.0182422
0.0163338
0.0150715
0.0123075
0.0162521
0.0161155
0.0107981
0.017038
0.0141099
0.0111882
0.0127792
0.0118587
0.010236
0.0120065
0.0123944
0.0116216
0.0180631
0.0152629
0.0124787
0.0173512
0.0168458
0.0128617
0.0133862
0.0146743
0.0143103
0.0181799
0.0181819
0.0165297
0.0179881
0.0179416
0.0155695
0.0164567
0.0136751
0.0129333
0.0189483
0.0172966
0.0172786
0.0189266
0.0180891
0.0128123
0.0185841
0.0175305
0.0203723
0.0199393
0.017982
0.0198422
0.0145132
0.0152038
0.0186981
0.0187093
0.0179861
0.0169929
0.0198603
0.0179065
0.0167195
0.0177818
0.018149
0.0168686
0.0182876
0.0168469
0.0135975
0.0180586
0.01754
0.0131048
0.0186481
0.0179039
0.0137321
0.0180673
0.0168471
0.0124256
0.0196785
0.0167446
0.0127933
0.0181532
0.0176775
0.0138975
0.0136623
0.0149959
0.0138855
0.0141466
0.0144662
0.0143412
0.0193458
0.0181871
0.014862
0.0191053
0.0177614
0.018347
0.0178901
0.0175208
0.0165178
0.0188317
0.0192068
0.0171078
0.0192388
0.0219128
0.0151802
0.0193742
0.0191736
0.0165818
0.0152467
0.0141584
0.0150894
0.0157354
0.0142948
0.0148216
0.020033
0.0193566
0.0177424
0.0150256
0.0175781
0.0133038
0.0144671
0.0150265
0.0135309
0.0144699
0.0147487
0.0135348
0.014693
0.0144306
0.013472
0.0147399
0.0145698
0.014128
0.0144778
0.0155384
0.0160504
0.0143934
0.0157587
0.0154171
0.0146153
0.0140586
0.0149143
0.0132563
0.0162873
0.0185821
0.0129541
0.0122698
0.0133926
0.012029
0.0110066
0.017087
0.0175217
0.0172464
0.0163434
0.0129098
0.0140696
0.0161236
0.0154658
0.0145366
0.0161419
0.0146608
0.0134621
0.0120235
0.0132774
0.0131485
0.0122153
0.013066
0.0169538
0.0123143
0.0143617
0.0130294
0.011529
0.0134022
0.0157647
0.0121488
0.0126362
0.0127303
0.0114926
0.0146772
0.0160963
0.016656
0.0176157
0.017556
0.0140553
0.0185793
0.0140233
0.0186212
0.0173598
0.0181338
0.0174775
0.013496
0.0177252
0.0174772
0.0126801
0.0134982
0.0136066
0.0123493
0.0137311
0.0184157
0.0127375
0.0172988
0.017326
0.0120714
0.0129491
0.01378
0.0116364
0.0127379
0.0121189
0.0111517
0.0163796
0.0154183
0.0118817
0.0175326
0.0182063
0.0133138
0.0159291
0.0126043
0.0122107
0.0182467
0.0136097
0.0171008
0.0158459
0.0149291
0.0128092
0.0119119
0.016562
0.013757
0.0136597
0.0139228
0.0137112
0.0142255
0.0178626
0.0157984
0.0156101
0.0181585
0.0133543
0.017082
0.0157785
0.0116786
0.0134145
0.0124905
0.0116863
0.0163175
0.0158076
0.0172652
0.0161665
0.0177764
0.0165385
0.0163794
0.0180819
0.0163005
0.0123555
0.0140513
0.0126684
0.0129974
0.0179892
0.0174348
0.0134293
0.0178604
0.0167399
0.0136418
0.016163
0.016469
0.0131039
0.0189271
0.0184832
0.0145974
0.0127795
0.0140758
0.013132
0.014728
0.0171814
0.0154536
0.0144127
0.0163238
0.0155807
0.0115384
0.0166606
0.0236756
0.0130952
0.012511
0.0118035
0.0129747
0.012566
0.0124677
0.017232
0.0160595
0.0179911
0.0175689
0.0131688
0.0149855
0.013197
0.0140504
0.0132415
0.0122983
0.0133212
0.0129386
0.0139923
0.0128123
0.0129341
0.0174766
0.0169034
0.0136586
0.0184538
0.0174284
0.0178856
0.0176493
0.0127785
0.0191545
0.0165077
0.0174716
0.0177327
0.0123913
0.017692
0.0211477
0.0144024
0.0147406
0.0140257
0.016839
0.017211
0.0151384
0.0161898
0.016858
0.016663
0.0161492
0.0174997
0.0154859
0.0159318
0.016609
0.0181044
0.0200331
0.0204639
0.0183001
0.0209747
0.0199247
0.0187284
0.0193201
0.0205693
0.0190602
0.0194842
0.0209279
0.0190251
0.0194896
0.0203259
0.0190422
0.0198847
0.019823
0.0187474
0.0191668
0.0203674
0.0193127
0.0206427
0.0213188
0.0206545
0.0179576
0.0181917
0.0172272
0.0176402
0.0179138
0.01778
0.0173009
0.0220448
0.023022
0.0209808
0.0171071
0.0178688
0.0228449
0.018998
0.0192668
0.0200669
0.0186124
0.0165284
0.0164027
0.0197496
0.0205781
0.0187231
0.020129
0.020215
0.0188094
0.0205529
0.0200927
0.0186285
0.0189649
0.0187607
0.019601
0.0201326
0.0191807
0.0184537
0.0196131
0.0178593
0.0180527
0.0180294
0.0187204
0.0172346
0.0182372
0.0185414
0.0167777
0.0168019
0.0170969
0.0171224
0.0157772
0.0174371
0.0172683
0.0129612
0.0118024
0.0128875
0.0158152
0.0115914
0.0167299
0.0162847
0.0144268
0.0159218
0.0147798
0.0124817
0.0154285
0.0155223
0.0135886
0.0141207
0.0139081
0.00909
0.0144529
0.0130496
0.00954763
0.0106065
0.0154764
0.0111049
0.0116104
0.0146083
0.0158646
0.0133678
0.0152713
0.0117178
0.0118471
0.0122944
0.0123551
0.0127451
0.0126093
0.0135226
0.0121865
0.0122921
0.0114816
0.0175141
0.0191803
0.0176661
0.0131955
0.018028
0.0188624
0.0169065
0.0139209
0.0146167
0.0148874
0.0157473
0.012919
0.0178956
0.015404
0.0159911
0.0127779
0.0176751
0.0179211
0.016143
0.0135301
0.0177568
0.0178362
0.0175931
0.0130349
0.0140572
0.014642
0.012602
0.0148793
0.0181838
0.019028
0.0168001
0.0146883
0.0141709
0.0150534
0.0128708
0.0148198
0.0146141
0.0129467
0.0130417
0.0180394
0.0190673
0.0165048
0.0181556
0.0184197
0.0133082
0.014985
0.0144303
0.0127771
0.0186278
0.0204987
0.0144712
0.0152558
0.0149027
0.013518
0.0146592
0.015922
0.014051
0.0141759
0.0136473
0.0133588
0.017837
0.018337
0.0165632
0.0180738
0.0179654
0.0162721
0.0189294
0.0172772
0.0128542
0.0181773
0.0165923
0.0136946
0.017104
0.0162775
0.0148238
0.013986
0.0143126
0.0124539
0.0139284
0.0138771
0.013741
0.0132644
0.0192776
0.0151994
0.0143754
0.0165136
0.0161678
0.0168896
0.0160941
0.0137181
0.0174548
0.0158688
0.0121655
0.0134113
0.0115872
0.0126544
0.0136555
0.0122859
0.0147781
0.013208
0.0142746
0.0131505
0.0144897
0.014492
0.0134794
0.0139725
0.0135008
0.0134219
0.0138143
0.0138932
0.0133886
0.0147018
0.0139672
0.0130481
0.0173654
0.0159018
0.0140469
0.0173569
0.0158739
0.0176253
0.0173481
0.0127962
0.0168438
0.0158171
0.0116064
0.016142
0.015362
0.0167677
0.0154099
0.012199
0.0169704
0.0152493
0.0156642
0.015706
0.0116981
0.0168106
0.0157996
0.01223
0.0153907
0.0159134
0.0153293
0.0142672
0.0106258
0.0143307
0.0108336
0.0141061
0.0111539
0.0135073
0.0124082
0.0128734
0.00939566
0.00925636
0.00815148
0.00974907
0.00860317
0.0145936
0.0106312
0.0116324
0.0105923
0.0122667
0.0116482
0.0121714
0.0166421
0.0159803
0.0171946
0.0162249
0.0179294
0.0172216
0.0139284
0.0182882
0.0157617
0.0123894
0.0181919
0.0169728
0.0128611
0.014786
0.012343
0.0120162
0.0177405
0.0158928
0.0120821
0.0170382
0.016751
0.0178062
0.0165921
0.0124081
0.0157162
0.0100478
0.0104853
0.014924
0.0144773
0.0159841
0.0148993
0.0168202
0.0130714
0.0179493
0.0159195
0.0179852
0.018425
0.0129328
0.0125581
0.0113574
0.0118674
0.0154943
0.0157571
0.0119054
0.0125181
0.0115411
0.0135993
0.0133314
0.0128947
0.0124202
0.0177691
0.0164279
0.0134046
0.0145959
0.0160114
0.0130864
0.0137444
0.0142626
0.0184044
0.0179976
0.0154539
0.0159405
0.0157204
0.0142315
0.0162636
0.0167779
0.0164506
0.0148395
0.0145119
0.0159573
0.0147517
0.0154964
0.015996
0.0146271
0.0194229
0.0182827
0.0176357
0.0200117
0.019902
0.0175324
0.0148208
0.0157257
0.0149663
0.0139398
0.0142515
0.0133516
0.012721
0.0130753
0.0118838
0.013744
0.0135435
0.0135763
0.0154712
0.0160207
0.0146679
0.0155127
0.0197506
0.0203932
0.028722
0.0194163
0.0175855
0.016286
0.0161203
0.0201221
0.0208492
0.0192869
0.0198784
0.0221894
0.0196296
0.0203698
0.0211007
0.020109
0.0160535
0.0209314
0.0208181
0.0197605
0.0156296
0.0211222
0.0208461
0.0193538
0.0213141
0.0207679
0.0201889
0.0198588
0.0206351
0.0201688
0.0158619
0.0157682
0.017892
0.0169282
0.0156253
0.0172704
0.0168875
0.0154918
0.0155031
0.0159921
0.0158302
0.0158363
0.0146083
0.0159859
0.0163761
0.0164666
0.0161101
0.0165724
0.0213466
0.0207043
0.0179106
0.0165551
0.0210014
0.021234
0.0214619
0.0177826
0.0179901
0.018066
0.0168449
0.0170264
0.0165907
0.019945
0.017587
0.0173506
0.0172804
0.0171949
0.0216422
0.0227881
0.0225009
0.0205054
0.0219839
0.0228902
0.0226851
0.0178887
0.0219404
0.0227793
0.0213147
0.019495
0.020761
0.0217208
0.0203803
0.0175443
0.0202133
0.0202875
0.0181902
0.0140226
0.0176962
0.017895
0.0189119
0.0132759
0.0138291
0.0155703
0.0147825
0.0122422
0.0176361
0.0181551
0.0170524
0.0175689
0.0167667
0.0175279
0.0173445
0.0157173
0.0167217
0.0166276
0.0165743
0.0125997
0.0139763
0.0130105
0.012782
0.0174879
0.0181626
0.0174449
0.0162775
0.0127459
0.0178529
0.0176357
0.019216
0.0140378
0.0142177
0.0167442
0.0167769
0.0139061
0.0194348
0.0196323
0.0213049
0.0239047
0.0177972
0.0186393
0.0190147
0.0170796
0.0194968
0.0186568
0.0201561
0.0184012
0.0190855
0.020089
0.0203397
0.0191033
0.0191576
0.0180335
0.0160832
0.018037
0.0181454
0.0194562
0.0187727
0.0157612
0.0198567
0.0188584
0.0197432
0.018597
0.0206339
0.0187717
0.0166463
0.0129275
0.0137231
0.0134305
0.012586
0.0117003
0.0170534
0.0185225
0.0134622
0.0184173
0.0176571
0.0160196
0.0172169
0.016964
0.0136778
0.0135494
0.0155741
0.0144525
0.014408
0.0148676
0.0131406
0.0190983
0.0186934
0.0129429
0.0188837
0.0200574
0.0154299
0.0143504
0.0150157
0.0131447
0.0149955
0.0146501
0.0134685
0.0141711
0.0150069
0.0130182
0.0138132
0.0145074
0.0133248
0.0151399
0.0148962
0.0133626
0.0182048
0.0193447
0.0145349
0.0147815
0.0148516
0.016212
0.0153552
0.0143044
0.0134074
0.0138739
0.0139019
0.0125154
0.0144791
0.013079
0.0108827
0.0124059
0.0112304
0.010905
0.015955
0.0154836
0.0172482
0.016147
0.0117892
0.015871
0.0163766
0.0173029
0.0163376
0.0174989
0.0168144
0.017882
0.0173362
0.0175839
0.0188976
0.0175967
0.0136002
0.0141568
0.0129119
0.0130231
0.0162837
0.0133942
0.0131673
0.0181891
0.0163573
0.0133797
0.0175579
0.0165766
0.0121951
0.0152444
0.0137666
0.0154589
0.0168208
0.0161362
0.0133811
0.0161796
0.014371
0.0140819
0.019337
0.01823
0.0132871
0.0207765
0.0188314
0.0136935
0.0147951
0.0158585
0.0152853
0.0149245
0.0137712
0.0140527
0.0189427
0.0190745
0.0174197
0.0182475
0.0176431
0.0194432
0.018688
0.0180186
0.0179235
0.0194765
0.0173662
0.0157832
0.0192652
0.0179766
0.0163306
0.0170029
0.0178975
0.0158234
0.0166441
0.016367
0.0154966
0.0169482
0.0158429
0.0168851
0.0166974
0.0173358
0.0174602
0.0194543
0.0182298
0.0177955
0.016819
0.0207346
0.0193489
0.018617
0.0183931
0.0192782
0.0191468
0.0182116
0.016676
0.0193506
0.0187926
0.0184835
0.0190204
0.0191078
0.0152441
0.017762
0.0156473
0.0160744
0.0148033
0.0157642
0.0204164
0.013851
0.0152273
0.0133699
0.0142385
0.0149585
0.0136547
0.0188198
0.0196197
0.0157115
0.018633
0.0195206
0.018265
0.0190495
0.019325
0.0159529
0.0157221
0.0165597
0.0144131
0.0157515
0.016347
0.0158088
0.0162813
0.0156278
0.0145718
0.0156294
0.0169029
0.0179812
0.0191829
0.0192922
0.0184352
0.0199267
0.0201322
0.0184629
0.0187555
0.0189948
0.0199362
0.0187663
0.0190679
0.0213144
0.0196843
0.01801
0.0152349
0.0176661
0.0150085
0.0160619
0.0206495
0.0216964
0.0203518
0.0170147
0.0211622
0.0209108
0.0204539
0.0230719
0.023499
0.0208327
0.0180144
0.0184017
0.0190219
0.0176757
0.0179048
0.0172204
0.0225874
0.0212291
0.0209152
0.0206923
0.0242359
0.0218122
0.0212224
0.0214206
0.0227139
0.0239464
0.0212251
0.0212322
0.0223657
0.0224816
0.0204758
0.0211195
0.0221592
0.0226295
0.0215126
0.0172341
0.0192516
0.0177111
0.0179898
0.0181876
0.0193221
0.0175202
0.0164175
0.0173923
0.0176966
0.0195733
0.0160919
0.0205242
0.0159146
0.0147233
0.014062
0.0138818
0.0149303
0.0149924
0.0128538
0.0132052
0.0142542
0.0175969
0.0133089
0.0134151
0.0145242
0.0143389
0.0120645
0.0120449
0.0134849
0.0118228
0.0130752
0.0192631
0.0205807
0.0167446
0.0147302
0.0152023
0.0165438
0.0145593
0.0138451
0.0134305
0.0183533
0.0187376
0.0185467
0.0226532
0.0179435
0.0193772
0.0202953
0.0205619
0.0187766
0.0190239
0.021373
0.0210678
0.0178019
0.0181553
0.0192776
0.0217035
0.0210291
0.0189534
0.0198753
0.0217427
0.0205949
0.0195943
0.0198984
0.0208899
0.0211467
0.018093
0.0203579
0.0203137
0.017668
0.0147512
0.0149033
0.0151866
0.0140031
0.0133657
0.0137602
0.0180172
0.018552
0.0180808
0.0137218
0.0195241
0.0203181
0.0193641
0.014225
0.0155565
0.0153489
0.0142754
0.0140656
0.0194754
0.0186648
0.0168969
0.0144327
0.0187523
0.017898
0.0171082
0.0129665
0.0180308
0.0194087
0.018102
0.0168604
0.0202856
0.0199207
0.0168697
0.0174372
0.0188834
0.019792
0.0193487
0.0170901
0.0191078
0.0192933
0.0172971
0.0195307
0.017659
0.0166719
0.017989
0.0182028
0.0168236
0.0175862
0.0150875
0.0135141
0.0193449
0.0190601
0.0177425
0.0179983
0.0173787
0.0131003
0.0145794
0.0160373
0.013516
0.0140823
0.0160354
0.0136164
0.0191521
0.0181979
0.0151927
0.0144009
0.0144261
0.0122919
0.0175327
0.0172007
0.012815
0.0137982
0.0128081
0.0119777
0.0163041
0.0152092
0.0163926
0.0158403
0.0122806
0.0181565
0.016695
0.017674
0.0179786
0.0169998
0.0179423
0.0170835
0.0173832
0.0160305
0.0172814
0.0144633
0.0131702
0.017318
0.0165684
0.0134893
0.0176112
0.0149059
0.0131141
0.0150214
0.0145149
0.0118881
0.0174718
0.0165417
0.0130209
0.0180458
0.0184906
0.0134549
0.01783
0.0177495
0.0152622
0.0141856
0.0148261
0.0136898
0.0142598
0.0142959
0.0132553
0.0198109
0.0183699
0.0201105
0.0185064
0.0186168
0.0146693
0.0143539
0.0152231
0.0130314
0.0138217
0.0140376
0.0128293
0.0182769
0.0150303
0.0185674
0.0178153
0.0129484
0.0137958
0.013895
0.0121268
0.0178999
0.0154771
0.01313
0.0135787
0.0143303
0.0124857
0.0131837
0.0131396
0.0126218
0.0166218
0.0176667
0.0154967
0.0171116
0.0169981
0.0158447
0.0171505
0.016901
0.0159932
0.0162491
0.0143207
0.0123036
0.0135282
0.012246
0.0136496
0.0140046
0.0124662
0.0180409
0.0174718
0.0141504
0.0180481
0.0174962
0.0124614
0.01392
0.016966
0.0137271
0.0131512
0.013173
0.0121661
0.0135415
0.0119609
0.0124093
0.0170148
0.0164303
0.0142975
0.0177696
0.0183558
0.0156103
0.0185321
0.0185849
0.013793
0.0183507
0.017695
0.0126539
0.0144582
0.0162837
0.0156362
0.0176512
0.0176038
0.0123627
0.0180081
0.0190091
0.0130327
0.0144712
0.0151171
0.0130512
0.0194613
0.0190016
0.0164908
0.0214803
0.0184558
0.0143336
0.0154817
0.0160889
0.0155311
0.0159575
0.0157475
0.0149665
0.019899
0.0197534
0.0153749
0.0167856
0.0158909
0.0146319
0.0209058
0.0197817
0.0147284
0.0202115
0.0196499
0.0148062
0.0156877
0.0162486
0.0140446
0.0196792
0.0196361
0.0159227
0.0196129
0.0196978
0.0148823
0.0167155
0.0160991
0.0143922
0.015711
0.0157527
0.0141142
0.0172953
0.015393
0.0137125
0.0154707
0.0152062
0.0135316
0.0183921
0.0187211
0.016722
0.01431
0.0148387
0.0132639
0.0150223
0.0179157
0.0177382
0.0165967
0.0177297
0.0190887
0.0169777
0.0179769
0.0175144
0.0164019
0.0185883
0.0169236
0.0130326
0.0143062
0.0152949
0.0128523
0.0179035
0.0184474
0.0141571
0.0142061
0.0143182
0.0128586
0.0143061
0.0156803
0.0128883
0.0149735
0.0142932
0.0214593
0.0169245
0.0174505
0.0138123
0.018366
0.0174878
0.01299
0.0126294
0.0140659
0.0150604
0.0133674
0.0185725
0.0196261
0.0178105
0.0195536
0.0193339
0.0167879
0.0149675
0.0156825
0.0163215
0.0155196
0.0156252
0.0170343
0.0151929
0.0158176
0.0193223
0.0219425
0.0205836
0.0181869
0.0179541
0.0170178
0.0148182
0.0156707
0.0199178
0.020373
0.0183775
0.0194235
0.0203663
0.0200276
0.01496
0.0149792
0.0156276
0.0145283
0.021148
0.0202811
0.0185247
0.0197168
0.0200084
0.018705
0.019446
0.0199383
0.0183032
0.0152505
0.0157373
0.0162338
0.0147003
0.0168141
0.0168183
0.0163721
0.0162269
0.0208566
0.0214199
0.0199977
0.0170145
0.0208908
0.0225195
0.0201773
0.0268547
0.0208311
0.0217778
0.0214266
0.0193355
0.0202094
0.0214991
0.0201529
0.0180957
0.0171544
0.0184762
0.0187018
0.0201666
0.0164191
0.0172654
0.0198529
0.0160838
0.0161895
0.0176011
0.016086
0.0148963
0.01591
0.015923
0.0145694
0.014822
0.0190024
0.0188707
0.0157977
0.0145896
0.01457
0.0154472
0.0147238
0.014344
0.0182934
0.0184717
0.0182107
0.0130511
0.0151532
0.0165267
0.0152469
0.0140447
0.017925
0.0184235
0.0175154
0.01529
0.0138508
0.016248
0.0136473
0.0127353
0.0141015
0.0135348
0.0125598
0.0120537
0.013831
0.0140496
0.0112625
0.0118844
0.0118333
0.0119367
0.0117924
0.012195
0.0122956
0.0126716
0.0135402
0.0142121
0.0140164
0.0132402
0.01864
0.0188409
0.0162208
0.0157902
0.0154282
0.0146769
0.0180067
0.0191442
0.0194283
0.0148123
0.0170204
0.018994
0.0153171
0.0145521
0.0232806
0.0235631
0.0196245
0.0151541
0.021166
0.0217841
0.0200864
0.0167065
0.0191273
0.0178906
0.0164764
0.01597
0.0164784
0.019181
0.016867
0.0161831
0.0155588
0.016987
0.0164761
0.0161843
0.0195528
0.0169594
0.0145066
0.0144893
0.01431
0.0200679
0.0194227
0.0182808
0.0150744
0.0151487
0.0172022
0.0165427
0.0148152
0.0164689
0.0156094
0.0211298
0.0152337
0.0166054
0.0167321
0.0185948
0.0168697
0.0178915
0.0205262
0.0195515
0.0182927
0.0172895
0.0224215
0.0243089
0.0191294
0.0180996
0.0208513
0.0209946
0.0199994
0.0186737
0.0181852
0.019669
0.0180882
0.0178491
0.0228708
0.023928
0.0209897
0.0189812
0.0227679
0.0246154
0.0215802
0.0195018
0.0219066
0.0229953
0.0228449
0.020022
0.017513
0.0196042
0.0169612
0.0143425
0.0158934
0.0136444
0.0244114
0.0177467
0.0183942
0.0166344
0.0177403
0.0171386
0.016126
0.0146683
0.0161765
0.0158243
0.0149894
0.0211548
0.01946
0.0180169
0.0154369
0.0201109
0.0186024
0.0172625
0.0159936
0.0156033
0.014292
0.0214192
0.0193926
0.0189571
0.0196954
0.0194623
0.018336
0.0201398
0.0189651
0.0206218
0.0207483
0.0196584
0.0167028
0.0166218
0.0159347
0.0163971
0.0197287
0.0176431
0.0158663
0.0159716
0.0176273
0.0155873
0.0166733
0.0178337
0.0164515
0.0165209
0.0172357
0.0161843
0.0171268
0.0171165
0.0163997
0.0176769
0.0169461
0.0149763
0.0240083
0.0215054
0.0207066
0.0149384
0.020671
0.0189346
0.015702
0.0202171
0.0207926
0.0185465
0.0194631
0.0198024
0.0240078
0.019344
0.0192304
0.0166528
0.0195338
0.018553
0.0146718
0.0192915
0.0187023
0.019234
0.0204278
0.0200641
0.0167548
0.0206805
0.0204156
0.0184531
0.021259
0.0206202
0.0188652
0.0181348
0.0206649
0.0187258
0.0197528
0.0194551
0.0215886
0.0172673
0.0160169
0.0208383
0.0230399
0.0193752
0.0206837
0.0234315
0.0213964
0.0193611
0.0214521
0.0212096
0.0183066
0.0198839
0.0197356
0.015161
0.0134924
0.0136122
0.0158254
0.0118311
0.018563
0.0165316
0.0123109
0.0140172
0.0173987
0.0135487
0.0175935
0.0155179
0.012739
0.0135646
0.011466
0.0117475
0.0163923
0.0168882
0.0181292
0.0185945
0.0135332
0.0168916
0.0162277
0.0121334
0.0182262
0.0182607
0.0184238
0.0180817
0.0129805
0.0146973
0.0145906
0.0150734
0.013633
0.014886
0.0141718
0.0192382
0.0179553
0.0190691
0.0164743
0.0138764
0.0193757
0.0185649
0.0196163
0.0193697
0.0143222
0.0199125
0.0192021
0.0166845
0.0164383
0.0191754
0.0153551
0.01636
0.0166492
0.0152081
0.0207115
0.0198633
0.0185053
0.0170039
0.0190118
0.0151895
0.0210649
0.0194205
0.0147831
0.016475
0.0144004
0.0149353
0.014931
0.0148299
0.0136864
0.0191313
0.0182706
0.0139907
0.0157628
0.0160912
0.0165658
0.019157
0.0185125
0.0160193
0.0183553
0.0170016
0.0128142
0.0174394
0.0160744
0.0161027
0.0172133
0.0160419
0.0143754
0.016415
0.0161463
0.0149926
0.0169201
0.0178423
0.0156169
0.0167141
0.0157578
0.0124933
0.0167496
0.0159752
0.0123226
0.0176096
0.0167539
0.0133223
0.0121806
0.0139022
0.0135499
0.0124441
0.0180731
0.0171551
0.0132061
0.0139187
0.013017
0.014178
0.0139308
0.0133557
0.0188555
0.0192778
0.0149837
0.0152406
0.0217727
0.0186588
0.019936
0.0200725
0.0178259
0.0199018
0.0209575
0.0165342
0.0168211
0.0185198
0.0169883
0.0171754
0.0185079
0.0171783
0.0185598
0.0191784
0.0178576
0.0191568
0.020496
0.0190277
0.0185632
0.0244463
0.0244016
0.0206942
0.0169459
0.0186609
0.0188683
0.0167263
0.0163479
0.018645
0.0185436
0.017379
0.0176435
0.0183
0.0174946
0.0164865
0.0139963
0.0169019
0.0167263
0.0161676
0.0172746
0.0169994
0.0137259
0.017882
0.0178577
0.0152835
0.0174191
0.0177967
0.0182797
0.0168592
0.0174225
0.0180194
0.0184682
0.0177766
0.0185466
0.0183049
0.0177872
0.0187171
0.0189313
0.0174315
0.0179909
0.0190983
0.0173473
0.0180638
0.01761
0.0163322
0.016764
0.0208605
0.0221565
0.0169334
0.016137
0.0172748
0.0181848
0.016495
0.0166707
0.0171558
0.0181455
0.0196227
0.0166945
0.0167396
0.0171858
0.0160392
0.017339
0.016063
0.0167574
0.0158378
0.0162467
0.0157369
0.0168304
0.0163301
0.015381
0.0159719
0.0163016
0.0168755
0.0139497
0.0150761
0.0188306
0.0208437
0.0205583
0.0190898
0.0162994
0.0207728
0.0213207
0.021192
0.0195453
0.0166284
0.0167848
0.0188827
0.018989
0.0151456
0.0171737
0.0174328
0.0191498
0.017468
0.0187562
0.0186128
0.0195213
0.0184206
0.019027
0.0225516
0.0238512
0.0226882
0.0214396
0.0239589
0.0223876
0.0251136
0.0235644
0.0222174
0.0203611
0.0202562
0.0210398
0.0217852
0.0195228
0.0211455
0.0177553
0.0211288
0.0181499
0.0160579
0.0148388
0.0174211
0.0200432
0.0196106
0.0145502
0.0146149
0.0194471
0.0200443
0.0193376
0.0174448
0.015678
0.015276
0.0158555
0.0162926
0.0149748
0.0141207
0.0190221
0.0193703
0.0193632
0.0178753
0.0150946
0.0199178
0.0197293
0.0194598
0.0176631
0.0183014
0.0204395
0.0202781
0.0199822
0.0177902
0.0146038
0.0159814
0.0164302
0.0157745
0.0144981
0.0144155
0.0185223
0.0188953
0.0196494
0.0142822
0.0179112
0.0198672
0.0177862
0.0167701
0.0182802
0.0184031
0.0169496
0.0157187
0.0174647
0.0188038
0.0160234
0.0169048
0.0171541
0.0179054
0.016747
0.0121658
0.0169904
0.01856
0.0156178
0.0186442
0.0147144
0.0130613
0.0141737
0.018277
0.0168544
0.0159059
0.0163362
0.0181134
0.0141564
0.0148757
0.0159475
0.0137269
0.014932
0.0157592
0.0136442
0.0148057
0.0154053
0.01734
0.0178622
0.0157218
0.0141281
0.0126905
0.0198401
0.0187696
0.0144331
0.0185797
0.0190394
0.0152094
0.0145118
0.0143545
0.0132576
0.0183979
0.0160226
0.0181807
0.018355
0.0184457
0.0153331
0.0161781
0.0160615
0.0159154
0.0151213
0.0133184
0.0137867
0.0120696
0.0183925
0.0166291
0.0181787
0.0165903
0.0125317
0.0140311
0.0149372
0.013167
0.0173326
0.0162861
0.0127298
0.0134938
0.012503
0.012452
0.017616
0.0166693
0.0173646
0.0178192
0.0176551
0.0179714
0.0151221
0.017098
0.0163644
0.0171258
0.0162495
0.0124122
0.0174389
0.0158837
0.0167724
0.0162205
0.0123198
0.0166406
0.0158336
0.0170265
0.0159493
0.0147822
0.0124273
0.0126549
0.0182491
0.0154021
0.0175802
0.0166941
0.0126973
0.018227
0.0153417
0.0130519
0.0134557
0.0140418
0.0119421
0.0136367
0.0129315
0.0126762
0.0128569
0.013917
0.0126428
0.0141208
0.0137228
0.0146147
0.0140103
0.0138301
0.0148766
0.0165126
0.0153109
0.0156319
0.0145049
0.0193032
0.0152552
0.0138449
0.018798
0.0180974
0.014213
0.0146982
0.0156498
0.0137458
0.0170729
0.0148875
0.0175824
0.0175439
0.0178467
0.0171518
0.0172675
0.017175
0.0160171
0.0183526
0.0176829
0.0133109
0.0142172
0.0166692
0.0167334
0.0180969
0.0188333
0.0179119
0.0172029
0.01878
0.0184938
0.0165237
0.0176707
0.0181217
0.0162614
0.0178048
0.0178456
0.0167265
0.01845
0.0183408
0.0160457
0.0166038
0.0173726
0.0125356
0.0132058
0.0123092
0.0119472
0.0135558
0.0158546
0.0114472
0.016626
0.01474
0.011932
0.0172107
0.018882
0.0152907
0.0178792
0.017314
0.0120834
0.0140571
0.0139476
0.0127843
0.0189548
0.0183097
0.0137621
0.0180068
0.0181939
0.0136145
0.0130839
0.0140055
0.0122432
0.0128363
0.0133464
0.0123645
0.017156
0.016985
0.0119722
0.0172457
0.0164689
0.0150747
0.0173765
0.0166061
0.0126652
0.0172548
0.0184558
0.015837
0.0174774
0.0164474
0.0132824
0.0133308
0.0116612
0.0138512
0.0160336
0.0151052
0.0110098
0.0165087
0.0147639
0.0104399
0.0110955
0.00973613
0.00920814
0.00982356
0.00888988
0.0102952
0.00947589
0.0106112
0.00968758
0.0103562
0.013297
0.0140639
0.0157625
0.0137659
0.0140396
0.0125578
0.01418
0.0166844
0.0139652
0.011871
0.016963
0.0158177
0.0116556
0.0136904
0.015451
0.0127643
0.0146488
0.0133169
0.0125199
0.0138105
0.0169457
0.0130151
0.0165311
0.0128182
0.0113706
0.0125142
0.0131963
0.0118652
0.0127158
0.0131643
0.0111816
0.0143055
0.0127195
0.0123861
0.0168273
0.0122383
0.0122355
0.0136208
0.0130946
0.014335
0.0147906
0.0143098
0.0136164
0.0149115
0.013878
0.0141882
0.013613
0.0141079
0.0178236
0.0178102
0.013539
0.0184355
0.0176816
0.0129859
0.0183303
0.0171684
0.0132004
0.0174487
0.0174138
0.0126742
0.0168279
0.0165633
0.0120718
0.0157417
0.0159765
0.0136139
0.0141728
0.0135255
0.0126916
0.017997
0.0175665
0.0125344
0.0183916
0.0159176
0.0128798
0.0133555
0.0135423
0.0116556
0.0170829
0.016557
0.0122692
0.0178991
0.0172773
0.0122685
0.0167212
0.0159496
0.0120334
0.0177375
0.0176458
0.0129112
0.013888
0.0130552
0.0134982
0.0154952
0.0157907
0.0135659
0.018729
0.0179251
0.0137793
0.0184096
0.0172449
0.0136403
0.0184651
0.0182304
0.0133284
0.0185891
0.018336
0.0141828
0.0159693
0.0181808
0.0134921
0.0146134
0.0145476
0.0135239
0.0187924
0.0191441
0.0176333
0.0197588
0.0190554
0.0179711
0.0141579
0.014665
0.0135891
0.019001
0.0187796
0.0140398
0.0195151
0.0193135
0.0146247
0.0144747
0.0147007
0.0136207
0.0195606
0.0220225
0.0193959
0.0198572
0.0198408
0.0166135
0.0188421
0.0185697
0.0288708
0.0184801
0.0192634
0.0188811
0.0192357
0.0189531
0.0181293
0.0198035
0.0186007
0.0151975
0.0204326
0.0197317
0.0150579
0.015523
0.0145849
0.0155652
0.0217479
0.0199512
0.018066
0.0212094
0.0193807
0.0167813
0.0212218
0.0205457
0.0184789
0.0212575
0.0208421
0.0186979
0.0200606
0.0214378
0.019959
0.0193101
0.0205863
0.0183116
0.0204336
0.0196089
0.0230679
0.0201846
0.020097
0.0214665
0.0209944
0.0196265
0.0220722
0.0220952
0.0206812
0.016956
0.0159967
0.0190137
0.0182131
0.0153881
0.01514
0.0166943
0.0154984
0.0159275
0.0168814
0.0156022
0.015699
0.0149823
0.0157966
0.0169583
0.0156054
0.0156908
0.0165914
0.0167156
0.0144976
0.0152824
0.0155469
0.0139867
0.0147221
0.0163947
0.0152052
0.0151978
0.0160838
0.0147728
0.0164186
0.0159929
0.0145273
0.0187072
0.0194836
0.0182509
0.0184975
0.0178675
0.0184108
0.0172019
0.0179118
0.0204704
0.0180986
0.0131545
0.012679
0.0126333
0.0129625
0.0110142
0.0128604
0.0126168
0.0117412
0.0183818
0.0175572
0.022429
0.01343
0.0134689
0.0133335
0.0141803
0.0142985
0.0123815
0.0131761
0.0134569
0.0114322
0.0122712
0.0137781
0.0130444
0.0137492
0.0143796
0.0129243
0.0131378
0.014479
0.0124245
0.0144509
0.0195065
0.0198654
0.0171045
0.0198867
0.0185009
0.0205768
0.0200239
0.0204603
0.0190233
0.0154778
0.0153539
0.0169363
0.0143643
0.0148388
0.0158909
0.016895
0.0180537
0.0195233
0.0188845
0.0169835
0.0178007
0.0180976
0.0184932
0.0200821
0.0167427
0.0185692
0.0187552
0.0171628
0.0164318
0.014914
0.0159373
0.013746
0.014792
0.0142965
0.013563
0.0130482
0.014245
0.0144923
0.0131512
0.013065
0.0173444
0.0177354
0.0163114
0.0185179
0.0219388
0.0155902
0.0171706
0.0172955
0.0124727
0.0178163
0.0193858
0.0135853
0.0139824
0.0156016
0.0139212
0.0135662
0.014614
0.0152758
0.0157936
0.017727
0.0166177
0.015645
0.0181682
0.0180578
0.0154247
0.0165292
0.0205791
0.0230909
0.0213156
0.0169479
0.0211786
0.0232192
0.0214011
0.0173946
0.0183008
0.0211419
0.0203643
0.0176214
0.0209252
0.0224472
0.0209257
0.0155261
0.0197055
0.0221477
0.0191238
0.0156828
0.0202491
0.0201093
0.0177565
0.0148883
0.020484
0.0213827
0.0195678
0.0155031
0.0210452
0.0214687
0.0188479
0.0163306
0.0183398
0.0181528
0.0252443
0.0163847
0.0173467
0.0201986
0.0166361
0.0164368
0.0153802
0.0171273
0.0154978
0.0162984
0.0166006
0.0163339
0.0205411
0.0209327
0.0203585
0.020837
0.0224796
0.0224399
0.0201585
0.0176437
0.017184
0.0225733
0.0190222
0.0218209
0.0182139
0.0181041
0.0210464
0.0168494
0.0158404
0.0159329
0.0168417
0.0149859
0.0140215
0.0151265
0.0148485
0.0127122
0.0139706
0.0166416
0.0153171
0.0140238
0.0140862
0.0190012
0.0191931
0.0174011
0.0140794
0.0179198
0.0178983
0.0166894
0.0190721
0.0185338
0.0171278
0.0126187
0.0158012
0.0163311
0.0118241
0.0141639
0.0139044
0.0150955
0.0188515
0.0198129
0.0168345
0.0191532
0.0200172
0.017798
0.0195883
0.0192229
0.0172439
0.0137532
0.0177093
0.0140798
0.0149029
0.0136858
0.0137125
0.0151446
0.0143707
0.0197124
0.020281
0.0165176
0.0175849
0.0188442
0.0147577
0.0148262
0.0149031
0.0126938
0.0158855
0.0154466
0.0135007
0.0148502
0.0144166
0.0123103
0.0181089
0.0173286
0.0159234
0.0150808
0.0141192
0.0133743
0.0210814
0.0196924
0.0172802
0.0210813
0.0184967
0.0152165
0.015586
0.0158029
0.0151753
0.0166166
0.0173912
0.0157927
0.0169789
0.0183323
0.0231261
0.0207669
0.0217527
0.0208243
0.0210645
0.022549
0.0206968
0.0214822
0.0230659
0.0201378
0.0229128
0.0221424
0.0278147
0.0210142
0.0187519
0.0190246
0.0194262
0.0178868
0.0186708
0.0178488
0.0183889
0.0217157
0.0229236
0.0239989
0.0184726
0.0317692
0.0255189
0.0242441
0.0236182
0.0234363
0.023748
0.0253439
0.0252666
0.0235931
0.02448
0.0243213
0.0248936
0.022599
0.0235308
0.0244501
0.0249069
0.0243124
0.0223382
0.0226151
0.0251921
0.0235449
0.0208343
0.0182893
0.0216653
0.023518
0.0226294
0.0205732
0.01766
0.0166047
0.0188144
0.0185905
0.0260223
0.0204766
0.0221611
0.0214762
0.0195254
0.0203976
0.0230511
0.0213327
0.0195399
0.0197904
0.0206292
0.0211603
0.0193465
0.0203728
0.0207786
0.017832
0.0154442
0.021564
0.0171152
0.0153749
0.0150763
0.0194305
0.0209532
0.0209284
0.0153297
0.0152993
0.0169057
0.0162609
0.0140695
0.0146855
0.0154389
0.0151324
0.0139651
0.0148737
0.0155069
0.015032
0.0116672
0.0109736
0.011688
0.0109786
0.00968066
0.0148065
0.0138535
0.0099735
0.00748734
0.0060225
0.00956809
0.0129829
0.0112257
0.0128001
0.00832282
0.0129033
0.00952132
0.0145361
0.0134528
0.015471
0.0160721
0.0166597
0.0136295
0.0186081
0.0218509
0.0202792
0.0173011
0.0228085
0.023633
0.0245795
0.0234542
0.0237769
0.0244361
0.0242951
0.0229021
0.0227896
0.0224743
0.0204375
0.0178194
0.0178791
0.0208077
0.0232705
0.0232139
0.0209025
0.0181939
0.0173747
0.0194464
0.0204093
0.0177795
0.0182271
0.0236968
0.0245877
0.0246939
0.0239468
0.0205668
0.0206759
0.0234858
0.0252887
0.0270191
0.0233187
0.020204
0.0198426
0.021076
0.0219254
0.0181222
0.0181135
0.016887
0.0199446
0.0185328
0.0165235
0.0159631
0.016743
0.0150865
0.0137404
0.0138986
0.0160369
0.0185549
0.0130937
0.0159425
0.0145805
0.0145298
0.0189156
0.0177113
0.0162074
0.0104446
0.0123552
0.0139568
0.0113867
0.0132988
0.014086
0.0128932
0.0114752
0.0130187
0.0130722
0.013434
0.01259
0.012943
0.0139638
0.0121122
0.0118273
0.0155082
0.0161023
0.0116609
0.0162042
0.0147532
0.0110442
0.0176203
0.0161984
0.0171638
0.0168253
0.0171709
0.0126345
0.0126417
0.0140022
0.0186903
0.0189016
0.0181917
0.0180447
0.0186812
0.0196145
0.0199478
0.0172659
0.0192289
0.020813
0.0197824
0.0214202
0.0162194
0.0151665
0.0187378
0.0210627
0.0230165
0.0185256
0.0196675
0.0214086
0.0205168
0.0201708
0.0198597
0.022611
0.0184228
0.0141639
0.0154601
0.0160505
0.0146355
0.0182568
0.0156322
0.0152642
0.0133812
0.0123783
0.0130685
0.013088
0.0121742
0.0196192
0.0139835
0.0133249
0.0125734
0.0188454
0.0182357
0.0177815
0.0167585
0.018573
0.0199485
0.0188901
0.0291153
0.0219881
0.0198845
0.0227655
0.0224042
0.0229739
0.0217568
0.0241657
0.0241626
0.0188416
0.0216909
0.0227124
0.0228911
0.0240586
0.0226471
0.0242434
0.0240462
0.0227058
0.0193487
0.0153041
0.0164366
0.0166918
0.0154589
0.0154315
0.0139876
0.0164979
0.0134691
0.0129489
0.0131682
0.014065
0.0128872
0.0122088
0.0137867
0.0129863
0.0124832
0.0105106
0.0159515
0.0153715
0.0095105
0.0107971
0.00987951
0.0119725
0.0100112
0.0126348
0.0101433
0.0111721
0.00905732
0.0163104
0.00905388
0.0145238
0.00963613
0.00982769
0.00745196
0.0114311
0.00950717
0.0111848
0.0083664
0.00721935
0.00942219
0.0128362
0.0198038
0.0158648
0.013945
0.0186063
0.0193491
0.0175726
0.0138511
0.0214079
0.0248253
0.021035
0.0169657
0.0185665
0.0238481
0.0192022
0.0181691
0.0160726
0.015842
0.0168631
0.0156308
0.0177693
0.0201767
0.0214059
0.0193044
0.0171362
0.0211203
0.0204934
0.0175945
0.0178116
0.0186421
0.0194538
0.0181409
0.0170468
0.0167201
0.0168163
0.0149204
0.0169226
0.0161168
0.0161372
0.0171272
0.0168283
0.0171771
0.0192944
0.018018
0.0149502
0.0143817
0.0127442
0.0124841
0.0169083
0.0166355
0.0167514
0.0176475
0.0167264
0.0175002
0.0173961
0.017042
0.012828
0.0177842
0.0166107
0.0128573
0.017965
0.0177629
0.0138176
0.0134692
0.0145028
0.0120656
0.0139302
0.0141062
0.012593
0.0130611
0.0125361
0.0135831
0.0134003
0.0126234
0.0178832
0.017718
0.0130231
0.01483
0.0181473
0.0137984
0.0189024
0.0176715
0.0162419
0.0181847
0.0179747
0.0126748
0.0169565
0.0140384
0.0122925
0.0143568
0.0134941
0.0124659
0.0141261
0.0129404
0.0113834
0.0126362
0.0130228
0.011261
0.0115849
0.0111943
0.00990283
0.0116184
0.0151556
0.0143301
0.015536
0.0143426
0.0146827
0.0157213
0.0146226
0.0145902
0.0152646
0.014664
0.0166925
0.014706
0.0180833
0.0155674
0.0162126
0.0152771
0.0162644
0.0157887
0.0159035
0.0184023
0.0177389
0.0135295
0.0213782
0.0126167
0.0127587
0.0140498
0.0138332
0.0126688
0.0143216
0.013353
0.0141357
0.016474
0.0177492
0.0161567
0.0187616
0.0174954
0.0172633
0.0179245
0.0169314
0.0151042
0.0176657
0.0167308
0.0171627
0.0169051
0.0165819
0.0132224
0.0168941
0.0159142
0.01701
0.0173028
0.0149776
0.0151853
0.0160634
0.0138472
0.014183
0.0148288
0.0132288
0.0146937
0.0125258
0.0136756
0.0117988
0.0113731
0.0104523
0.015915
0.0174386
0.0143632
0.00996419
0.0107043
0.0137726
0.0153495
0.0157993
0.0149642
0.0155899
0.0150235
0.01701
0.0158116
0.0157347
0.0177532
0.0166078
0.0166294
0.016267
0.0161562
0.0190375
0.0182316
0.0168512
0.015372
0.0189732
0.0175755
0.0125756
0.0171356
0.0122463
0.0141575
0.0132723
0.0132853
0.0182712
0.0185337
0.0134704
0.0142106
0.0154977
0.0136137
0.0187128
0.0170781
0.0139907
0.0150446
0.0143393
0.0139937
0.0182058
0.0170003
0.0174677
0.0197033
0.0179967
0.0139598
0.0184846
0.0176775
0.0180868
0.0164053
0.0165438
0.0194207
0.0171501
0.0161047
0.0168257
0.0161443
0.0140116
0.0133233
0.0134373
0.0151047
0.0133178
0.0134441
0.0195899
0.0172036
0.013141
0.019209
0.017265
0.0189397
0.0178053
0.0174194
0.0138854
0.0136894
0.0122771
0.0145479
0.0128793
0.0127914
0.0183451
0.01535
0.0120152
0.0174772
0.0153704
0.0115806
0.0178875
0.0156723
0.0119941
0.0160441
0.0133187
0.0197358
0.0148789
0.0111479
0.0149641
0.0103717
0.010687
0.0153482
0.0152555
0.0109232
0.0117822
0.0120191
0.0100599
0.0157561
0.0145374
0.0107594
0.0160287
0.0148531
0.011752
0.0181132
0.0163618
0.0122827
0.0143854
0.0126611
0.015868
0.0181967
0.0175124
0.0126237
0.0142818
0.0153962
0.0130484
0.0140573
0.0136966
0.0120558
0.0135887
0.0130487
0.0118462
0.0170803
0.0141349
0.0125651
0.0133127
0.0131789
0.011335
0.017424
0.0163017
0.011957
0.0171828
0.0169787
0.0110189
0.0121064
0.0151726
0.0124091
0.0123917
0.0108146
0.0105916
0.0116912
0.0127994
0.012091
0.0168359
0.0141616
0.0118607
0.0114564
0.0108903
0.0105483
0.0147815
0.0151881
0.0152433
0.013458
0.00970194
0.00977693
0.0084052
0.0131781
0.00889831
0.0123617
0.0154937
0.0104546
0.0145886
0.0135401
0.0160874
0.00959134
0.014214
0.0142833
0.0156241
0.0148551
0.0109695
0.0129188
0.0137245
0.0111249
0.0170572
0.0150422
0.0154765
0.0150936
0.0164129
0.0161339
0.0152774
0.0162367
0.0178762
0.0153764
0.0168495
0.0161267
0.0120899
0.0167214
0.013524
0.01653
0.0116906
0.0130871
0.0123706
0.0122411
0.0160475
0.0139077
0.0153522
0.015701
0.0168847
0.017914
0.0167846
0.0182711
0.0163808
0.0133861
0.0183031
0.0158486
0.0122573
0.0168112
0.0158436
0.0170281
0.0166259
0.0124252
0.0132514
0.0159855
0.0128102
0.0176124
0.0158475
0.0126497
0.0170463
0.0156835
0.0124388
0.0130802
0.0163123
0.0128284
0.0127533
0.0159193
0.0118902
0.0129102
0.0123406
0.0116168
0.0166271
0.0154149
0.0110382
0.0158082
0.0152392
0.0114343
0.0162098
0.0156468
0.0116777
0.0158676
0.0156291
0.0111697
0.0172491
0.0152419
0.0114865
0.0124366
0.0127173
0.0125703
0.0167682
0.0161451
0.0162154
0.0173008
0.0174345
0.0163359
0.0172525
0.0164509
0.0164512
0.0196766
0.0173762
0.0128876
0.0187911
0.016605
0.0143805
0.0160239
0.0148939
0.0111408
0.0110852
0.0110221
0.0115011
0.0104938
0.0116251
0.0106473
0.0118799
0.0105442
0.0107134
0.0113204
0.0106656
0.0113175
0.0102164
0.0112101
0.0101298
0.0152021
0.0145449
0.0153597
0.0139324
0.0165852
0.0141
0.0155042
0.015102
0.0102203
0.0118548
0.0138973
0.012986
0.0161682
0.0157833
0.0151044
0.0162297
0.0149072
0.0158517
0.0143651
0.0153363
0.0149598
0.0156981
0.0163451
0.0154306
0.0159962
0.0140858
0.0151774
0.0141805
0.0156044
0.0121431
0.0157244
0.0162104
0.0162062
0.0132225
0.016324
0.0134092
0.0123473
0.0149337
0.0170651
0.0151804
0.0173314
0.0152832
0.0160068
0.0157847
0.0137251
0.0145187
0.0123488
0.0101081
0.00906577
0.0150124
0.00929473
0.0106281
0.00949705
0.0102594
0.00930471
0.0110221
0.00965523
0.0103419
0.00997686
0.0152952
0.0193677
0.0103732
0.0109373
0.00946621
0.0157766
0.0138587
0.0149277
0.014514
0.0151004
0.0133524
0.0159562
0.0216541
0.0165126
0.0153523
0.0163373
0.015392
0.0166957
0.0153509
0.015996
0.0148449
0.0158483
0.0163373
0.0162863
0.0159494
0.0124157
0.0178573
0.0137196
0.0171556
0.0160487
0.0173077
0.0121602
0.0132756
0.0121077
0.0133688
0.0127177
0.0134785
0.0133888
0.012848
0.0179157
0.0162902
0.0171816
0.0160255
0.0120314
0.0168936
0.0160654
0.0130391
0.0174574
0.017945
0.0131503
0.0133617
0.0132345
0.0126005
0.0178223
0.0170408
0.012685
0.0173667
0.01683
0.0128894
0.0177203
0.0175051
0.0125703
0.014045
0.0138236
0.0127576
0.017289
0.0165492
0.0127926
0.0182273
0.017475
0.0126433
0.0183612
0.0171594
0.0121544
0.0168779
0.0133332
0.0151994
0.0179604
0.0172373
0.0135298
0.0135068
0.0138115
0.0118728
0.0127298
0.0116095
0.0120132
0.0124052
0.014434
0.0148939
0.0157248
0.0153421
0.0141559
0.015577
0.0147508
0.0136381
0.0150973
0.0152641
0.0140171
0.0164551
0.0152229
0.0302009
0.0353008
0.0250858
0.0280996
0.0250721
0.0282083
0.0297938
0.0286619
0.0274281
0.0265415
0.0265166
0.0292693
0.0283867
0.0298462
0.0285674
0.0287442
0.031032
0.0273006
0.0311523
0.0296187
0.028234
0.0278321
0.0295847
0.0262434
0.027506
0.0300561
0.0262624
0.0277591
0.0268346
0.02832
0.0221926
0.0239564
0.0215453
0.0229487
0.0807028
0.0192986
0.0180011
0.0207878
0.0179293
0.0177443
0.0226347
0.0244598
0.024452
0.020383
0.0244549
0.0268465
0.0256645
0.0243582
0.0263459
0.0286877
0.0244665
0.0209523
0.022472
0.0252092
0.0239658
0.0235019
0.0242245
0.0303631
0.0310353
0.0264769
0.0305377
0.0298182
0.0295714
0.0240276
0.025406
0.0284917
0.0315242
0.032002
0.0305109
0.0274122
0.0297693
0.033419
0.0322466
0.0306721
0.0255358
0.0315011
0.0302745
0.0326726
0.0309211
0.0263818
0.0284434
0.0297399
0.0331642
0.0328997
0.0295273
0.0250067
0.0276397
0.0278275
0.0272291
0.027479
0.0225735
0.0211186
0.025992
0.0282279
0.0269282
0.027624
0.0256263
0.0246696
0.0217451
0.0218361
0.0237282
0.0231474
0.0199992
0.0217299
0.0244835
0.0286329
0.0263365
0.026145
0.0228713
0.0204054
0.0233521
0.0284006
0.0250711
0.0238575
0.0218734
0.0201796
0.0197711
0.0193223
0.0200184
0.0190375
0.0192
0.0231364
0.0253996
0.0241494
0.0234689
0.0219958
0.0193344
0.0196217
0.0222315
0.0217461
0.0208444
0.0227617
0.0191496
0.0227213
0.0250641
0.0248904
0.0236304
0.0221145
0.0199
0.0203043
0.0191036
0.0193894
0.0236524
0.0256378
0.0251401
0.0235397
0.0230881
0.01933
0.023112
0.0238416
0.0247107
0.0209556
0.0208568
0.0178944
0.0176221
0.0178082
0.0187876
0.017282
0.0150292
0.0156494
0.0207716
0.0218992
0.0219272
0.022563
0.0189004
0.0185958
0.0177244
0.0198265
0.0216818
0.0206398
0.0192308
0.0203261
0.0204079
0.0206903
0.0267804
0.0315762
0.0257205
0.0250365
0.0219409
0.0218262
0.0256524
0.0247573
0.0219576
0.0216782
0.0248487
0.0198791
0.0190073
0.0235404
0.0240445
0.0247022
0.0254146
0.0256313
0.0196379
0.0196297
0.0223714
0.0209101
0.0202676
0.0195738
0.0219199
0.0190448
0.0246456
0.0231371
0.0233027
0.0220597
0.0210878
0.0222128
0.0227565
0.0234354
0.0221507
0.0205598
0.0167938
0.0212096
0.0224615
0.0218996
0.0212513
0.020205
0.0183417
0.020776
0.0226807
0.0215567
0.0214913
0.0205669
0.0176872
0.0214147
0.022852
0.0222473
0.0219193
0.0255537
0.0173401
0.0221403
0.0226206
0.0225529
0.0219864
0.0250508
0.0190051
0.0164564
0.0180079
0.0179953
0.018037
0.0166565
0.0180103
0.0211414
0.0217567
0.0223112
0.021917
0.0210888
0.0189798
0.0181713
0.0192602
0.0199343
0.0209643
0.0188588
0.0192145
0.0234341
0.0241273
0.0254716
0.0256302
0.02525
0.0235943
0.0253993
0.0249485
0.0249574
0.026366
0.0258869
0.02606
0.0235426
0.0245258
0.0273957
0.0267272
0.0249815
0.0248304
0.025423
0.0259083
0.0244973
0.0265546
0.0262156
0.0306031
0.0245902
0.0261213
0.0291115
0.0289055
0.0278813
0.0285709
0.0256635
0.0203855
0.0219641
0.0202162
0.0194879
0.0203041
0.0210147
0.023594
0.0209668
0.0199722
0.0197134
0.0195568
0.0202451
0.0206786
0.0206245
0.0197831
0.0199172
0.0213413
0.020699
0.0214382
0.0205589
0.0203961
0.0204633
0.0207667
0.0190424
0.0174177
0.0182599
0.0183729
0.0185214
0.0195107
0.0191084
0.0175088
0.0172162
0.019643
0.0218621
0.0172264
0.0163603
0.0163837
0.0162476
0.0163798
0.0152875
0.0145182
0.0132517
0.0149574
0.0150659
0.0159258
0.0143524
0.0142901
0.0176805
0.0194162
0.0185405
0.0185618
0.0194323
0.0165778
0.0144304
0.0191505
0.0185206
0.0182116
0.0165339
0.0164444
0.0151868
0.0154874
0.0181905
0.0180914
0.0172388
0.0168685
0.0175986
0.0170245
0.0177195
0.0150402
0.0114166
0.0128714
0.0126342
0.0118966
0.0110674
0.0168083
0.0165269
0.014852
0.0106379
0.0116544
0.0119247
0.0154592
0.0120633
0.0181351
0.0169645
0.0186848
0.0117157
0.0129301
0.0159188
0.014927
0.0123447
0.012779
0.0133731
0.0122408
0.0133473
0.0147202
0.0141836
0.0168826
0.0170992
0.0143955
0.0144529
0.0138835
0.013156
0.0139795
0.0142206
0.0132617
0.0187922
0.0179344
0.0171981
0.0137092
0.0137537
0.0169737
0.012634
0.0178828
0.0236351
0.0173931
0.0177439
0.0229745
0.0209224
0.0211088
0.0207295
0.0210753
0.0204025
0.0210445
0.0213347
0.021526
0.0220033
0.0199335
0.0201043
0.0197482
0.0204627
0.019881
0.0190323
0.0185142
0.0182025
0.0182446
0.0186539
0.0176408
0.0175447
0.0162834
0.0164479
0.0158254
0.0703388
0.015617
0.0147408
0.0104977
0.0107583
0.015598
0.0114688
0.0108221
0.0107293
0.0104416
0.010607
0.0110465
0.0110457
0.00981387
0.010784
0.0100687
0.0106718
0.010308
0.0100478
0.0131578
0.0162599
0.012766
0.0124194
0.0116343
0.0111017
0.0110297
0.0123742
0.0114381
0.0119079
0.0162056
0.0174512
0.0155432
0.0123704
0.0122571
0.017261
0.0154674
0.0135249
0.0122729
0.0136538
0.0146
0.0134754
0.012433
0.0128117
0.0123518
0.0135121
0.0138619
0.0127758
0.0141231
0.0143433
0.0136697
0.0138184
0.014096
0.0144997
0.0145339
0.0127981
0.0133912
0.0119438
0.0174732
0.0181476
0.0119731
0.0170393
0.0164152
0.0130087
0.0133499
0.0116912
0.0108997
0.0159811
0.0146025
0.0158012
0.0143949
0.0152488
0.0149196
0.0118181
0.0168153
0.0164793
0.0171148
0.0158096
0.0171152
0.0163959
0.0176712
0.0187587
0.0136597
0.0139134
0.0159769
0.0138173
0.0188211
0.0189749
0.0127893
0.019398
0.0178398
0.0139831
0.01723
0.0189723
0.013838
0.0144246
0.0135277
0.0126685
0.0176164
0.0172095
0.0139654
0.0136219
0.0134558
0.0176176
0.0188218
0.0176522
0.0175744
0.0200243
0.0166773
0.0169772
0.0171929
0.0166173
0.0168822
0.0180481
0.0176972
0.0158205
0.0138459
0.0161672
0.0142814
0.0142298
0.0138998
0.0144563
0.0149812
0.0194068
0.0192098
0.0190535
0.0199422
0.0144385
0.0142213
0.0123506
0.0140743
0.0170148
0.015466
0.0175544
0.0162682
0.0143823
0.0173093
0.013232
0.0136496
0.0186814
0.0161635
0.0125572
0.0176621
0.0153189
0.0112467
0.0168614
0.0167426
0.017099
0.018302
0.0141942
0.0136058
0.0178131
0.0173407
0.0161713
0.017141
0.0163733
0.0142622
0.0178188
0.0181487
0.0147836
0.0144448
0.0138132
0.0121209
0.0125286
0.0132396
0.0118573
0.0173186
0.016734
0.0152759
0.016424
0.0150835
0.0140986
0.0141699
0.0140592
0.0176926
0.0168339
0.0122769
0.017607
0.0161022
0.0128359
0.0132747
0.0132831
0.0141361
0.0141979
0.0156292
0.0142688
0.0185921
0.0185586
0.014047
0.0174795
0.0173816
0.0133454
0.0177293
0.0173084
0.0134654
0.0144098
0.0146101
0.015102
0.0148425
0.0147826
0.0136864
0.017921
0.0163076
0.0176396
0.0178287
0.0183541
0.0159426
0.017823
0.0157536
0.0169785
0.0187224
0.0198166
0.0158514
0.0147872
0.0153686
0.0140045
0.0185969
0.0183183
0.0142244
0.0183199
0.0188255
0.0150259
0.0144899
0.0155347
0.0142704
0.0148273
0.0151327
0.0136062
0.0139903
0.0143415
0.0131643
0.0128278
0.0138166
0.0132821
0.0141657
0.0151169
0.0151349
0.0179439
0.0192452
0.0191082
0.014801
0.0151974
0.017897
0.0137669
0.0145216
0.0157589
0.013752
0.0145946
0.0157026
0.0138446
0.0138837
0.0142761
0.0147432
0.0135057
0.0148457
0.0145114
0.0130033
0.0185571
0.0173846
0.0124924
0.0174358
0.0179837
0.0142413
0.0134663
0.0148349
0.013382
0.0169608
0.0174566
0.0130845
0.0182308
0.0176707
0.0134327
0.015267
0.0141584
0.0132403
0.0158527
0.0133346
0.0111418
0.0154665
0.0215376
0.0153118
0.0166168
0.0159497
0.0172801
0.0137749
0.0161912
0.0136568
0.0138507
0.0142754
0.0156683
0.0150508
0.0142916
0.0156684
0.0153943
0.0157411
0.014988
0.0150109
0.0157338
0.0165309
0.0143712
0.0133953
0.013937
0.0115572
0.0116835
0.0118873
0.0109335
0.0155981
0.0146477
0.0116545
0.0129953
0.0140453
0.0148688
0.0135508
0.019238
0.0185071
0.0148526
0.0189208
0.0186875
0.0144124
0.0140812
0.0156408
0.0151287
0.0151451
0.0151535
0.0140296
0.0141391
0.0141476
0.0127665
0.0132662
0.0144069
0.0120422
0.0132356
0.0136077
0.0145965
0.0145666
0.0141261
0.0150718
0.0141748
0.01383
0.0138352
0.0146636
0.0138346
0.0131636
0.0139855
0.0176624
0.0178297
0.017341
0.0178912
0.0182161
0.0133862
0.0182055
0.0167528
0.015634
0.0184531
0.0170673
0.012329
0.0181079
0.0139834
0.0118864
0.0165927
0.0168317
0.0123829
0.016497
0.0163755
0.0156535
0.0160776
0.0162498
0.0128848
0.0174362
0.0170256
0.0135743
0.0130589
0.0138004
0.0132837
0.0179662
0.0175975
0.0137975
0.0179686
0.0172844
0.0143007
0.0138002
0.0153337
0.0138798
0.0184854
0.0179191
0.0174707
0.0148302
0.0149054
0.0147817
0.0151368
0.0151576
0.0153022
0.0159658
0.0143449
0.0146508
0.0151969
0.0175809
0.0143284
0.0195272
0.0173913
0.0123235
0.0175458
0.0179787
0.0134438
0.0141569
0.0144442
0.0145316
0.0187109
0.0202849
0.014181
0.0136725
0.0147487
0.0136465
0.0162591
0.0167264
0.0130549
0.0179006
0.0144426
0.0133193
0.0188002
0.0185523
0.0146125
0.0141555
0.0154774
0.0149966
0.0152846
0.015304
0.0159589
0.0190466
0.0194921
0.0152665
0.014832
0.0144929
0.0166787
0.0177516
0.0200115
0.0168595
0.0181935
0.0177322
0.0169472
0.0172318
0.014073
0.0129172
0.013171
0.0144158
0.01309
0.0179061
0.0170465
0.0141334
0.0181538
0.0191979
0.0146098
0.0143304
0.0150757
0.0144221
0.0141852
0.0179599
0.0153325
0.0128449
0.014302
0.0148915
0.0134938
0.0141312
0.0151074
0.0129937
0.013842
0.0145835
0.014903
0.0161393
0.0133279
0.0147697
0.0135744
0.01384
0.0143887
0.0137195
0.0178261
0.0188532
0.0160193
0.0177778
0.0185927
0.0174676
0.0199916
0.018561
0.0162538
0.0187207
0.0194597
0.0149081
0.0197709
0.0187612
0.0167616
0.0137475
0.0144192
0.0161805
0.0178347
0.0187001
0.0137254
0.0179758
0.0187643
0.0134948
0.0184024
0.0188638
0.0159411
0.0153701
0.0146054
0.0131708
0.0138162
0.0149198
0.0131711
0.0137612
0.0147472
0.0133309
0.0145749
0.014612
0.0135091
0.0135666
0.0144462
0.0135012
0.013351
0.0143145
0.0134656
0.0146984
0.0163486


