0.0147734
0.0145981
0.0151587
0.0331543
0.0261704
0.0290797
0.0288624
0.0286732
0.0317629
0.0303068
0.030489
0.0336311
0.0311816
0.0316664
0.0329896
0.0333052
0.0341221
0.0343168
0.0332778
0.0357268
0.0339513
0.0325115
0.033538
0.0324891
0.0339832
0.03277
0.0344137
0.0341591
0.0343968
0.0319051
0.035375
0.0348541
0.0333416
0.0342592
0.0344627
0.0373295
0.0317966
0.0340351
0.0382042
0.0360294
0.0376212
0.0338266
0.0369782
0.0345575
0.0362404
0.0357904
0.0360124
0.0361243
0.0365895
0.0339999
0.0232482
0.0231034
0.0222208
0.0237527
0.0222082
0.0244628
0.0233665
0.0141483
0.0267455
0.0145177
0.0148564
0.0144598
0.0145101
0.0149051
0.0150587
0.0150865
0.0283197
0.0246349
0.0264943
0.0284304
0.0271902
0.0284387
0.0305593
0.0313396
0.0306045
0.0294837
0.0319028
0.0328694
0.0290474
0.0303611
0.0303788
0.0302575
0.0309931
0.0322364
0.0298858
0.032786
0.0309387
0.0307484
0.0347985
0.0329971
0.0338611
0.0323582
0.0298306
0.0325573
0.0344995
0.0323453
0.0318516
0.0334149
0.0351455
0.0358892
0.0321744
0.033378
0.0342926
0.0358127
0.0339961
0.0343023
0.0369754
0.0361843
0.0360786
0.0341257
0.0369749
0.0347782
0.0345972
0.0331915
0.022867
0.0225101
0.0237303
0.023704
0.0254045
0.0244679
0.0255621
0.0258607
0.0271916
0.0269675
0.0279895
0.0281111
0.028431
0.0285164
0.0291973
0.0309096
0.0306588
0.0297049
0.0307352
0.0268218
0.0288828
0.0313144
0.0280942
0.0288373
0.0296946
0.0281502
0.0295991
0.0307491
0.0290996
0.0314373
0.0321985
0.0307133
0.030418
0.0331119
0.0310054
0.0323156
0.0357902
0.0309518
0.0301113
0.0305518
0.0350737
0.0300186
0.0303094
0.0306889
0.0340367
0.0307504
0.0304254
0.030227
0.0302916
0.0289036
0.0328809
0.0287832
0.0317791
0.0330448
0.033958
0.030894
0.0299807
0.0297073
0.0294675
0.0302115
0.0288878
0.0325949
0.0329002
0.0310767
0.0334033
0.0330133
0.0298593
0.0313624
0.0332552
0.031735
0.0306638
0.031021
0.0306489
0.0315605
0.033021
0.0306904
0.0330105
0.0318156
0.0312252
0.032026
0.0292056
0.0302737
0.030276
0.0299999
0.0310072
0.0324539
0.0297983
0.0313899
0.0309183
0.0344087
0.029815
0.030687
0.030693
0.0309267
0.0333172
0.0301806
0.0319259
0.0325667
0.0344748
0.0326935
0.0345915
0.0380924
0.0307835
0.0317948
0.0314361
0.0333741
0.0306475
0.0318332
0.0342408
0.0346734
0.0293789
0.0333548
0.0322096
0.0293909
0.0311367
0.0314828
0.029185
0.0304039
0.0339085
0.0290397
0.0307391
0.030652
0.0288514
0.0301055
0.0303791
0.0282662
0.0294585
0.0327827
0.0325811
0.0333921
0.0357647
0.0357534
0.031367
0.0326817
0.0334375
0.0296023
0.0323119
0.0330122
0.031664
0.03029
0.0353865
0.0321659
0.0323891
0.0325515
0.0366372
0.0361324
0.0367702
0.0340919
0.0317651
0.0327524
0.0342131
0.0337169
0.0320891
0.0325969
0.0339769
0.0353853
0.0308029
0.0320158
0.0313308
0.0311457
0.0322942
0.0361797
0.0346992
0.0323218
0.0363425
0.0355005
0.0329733
0.0325189
0.0318474
0.0323414
0.0325368
0.0324612
0.0354235
0.0354398
0.0304667
0.0330971
0.029412
0.0291683
0.030574
0.0335091
0.0264934
0.0269935
0.0296084
0.024688
0.0311653
0.0273852
0.0238546
0.0268811
0.0268785
0.0237676
0.0263112
0.0266366
0.024542
0.027736
0.0305262
0.0309468
0.030329
0.0349023
0.0308903
0.034457
0.0327316
0.0313943
0.0338725
0.0353429
0.0335735
0.0317704
0.0301606
0.0271408
0.0290023
0.0301673
0.0274987
0.0312156
0.031544
0.0288932
0.031672
0.0323557
0.0325788
0.0342311
0.0339881
0.0309291
0.0322363
0.0332334
0.0299812
0.0306258
0.0322927
0.0284502
0.0300022
0.0269149
0.0281561
0.0301167
0.0291442
0.033394
0.0317638
0.0297476
0.0294416
0.0299297
0.0278131
0.0284436
0.0283055
0.0299794
0.0282924
0.0334477
0.0335344
0.0355278
0.0335949
0.0337726
0.0334229
0.0328268
0.032785
0.0308356
0.0280731
0.0304061
0.0358707
0.0313607
0.0315121
0.0323408
0.0343268
0.0343816
0.0296425
0.0300307
0.0273192
0.0267121
0.0272223
0.0270499
0.0283179
0.0292942
0.033093
0.0324273
0.0308665
0.0311494
0.0304753
0.0302116
0.0296832
0.0304249
0.0298259
0.0305349
0.0282685
0.0281304
0.0285185
0.0288082
0.0287781
0.0296649
0.0287412
0.029514
0.0321092
0.0342433
0.0316251
0.0299865
0.0317568
0.0312522
0.0304052
0.0303501
0.0304464
0.0306631
0.0315758
0.0313974
0.0321615
0.0326024
0.0310831
0.0321109
0.0338631
0.0323179
0.0327844
0.033922
0.0331861
0.0326765
0.0325991
0.0330546
0.0320028
0.0328186
0.0312758
0.0322208
0.0316594
0.0308342
0.0333627
0.0298399
0.0300879
0.0326517
0.0286011
0.029568
0.0291372
0.0287629
0.0295578
0.0318218
0.0313744
0.0306052
0.0301608
0.0291256
0.0299586
0.0314151
0.0297109
0.0282295
0.0291009
0.0297329
0.0301899
0.0299727
0.0303121
0.0300953
0.0293296
0.0277823
0.0278245
0.0269598
0.0269619
0.027776
0.0258074
0.026061
0.0256896
0.0305987
0.0310166
0.0301309
0.0311113
0.0318569
0.0310523
0.0303374
0.0312401
0.0316091
0.0328636
0.0318736
0.0314255
0.031337
0.0309199
0.0319792
0.0303683
0.0303786
0.0296958
0.0302932
0.0300118
0.0306245
0.0329158
0.0304873
0.0281248
0.0284339
0.03402
0.0324808
0.0308803
0.0310454
0.030561
0.0307477
0.0300628
0.0303175
0.0340881
0.0316305
0.0313829
0.0291013
0.0321666
0.0300518
0.0299718
0.0297497
0.0318985
0.0352863
0.0305346
0.031251
0.0324839
0.0307651
0.0295187
0.0340461
0.0319065
0.0299105
0.0319433
0.033816
0.0312386
0.0289626
0.0330951
0.0332923
0.0293487
0.0313407
0.029648
0.0282058
0.0279882
0.0271514
0.0286958
0.0274554
0.0256196
0.028615
0.0280246
0.026365
0.0274182
0.0270878
0.0267698
0.0237418
0.0254664
0.0267308
0.0252432
0.0251222
0.0268841
0.0245329
0.0231128
0.0220248
0.0193255
0.0233681
0.0209238
0.0192137
0.0204014
0.0210539
0.0203418
0.0200311
0.0223005
0.0232567
0.0215742
0.0217721
0.020142
0.0211864
0.0214378
0.0212745
0.0206598
0.0217338
0.0242836
0.0257184
0.0206456
0.0217078
0.0219789
0.0209522
0.0200701
0.0200308
0.0219107
0.0222671
0.0203543
0.0215291
0.0214297
0.0216812
0.0255912
0.0231744
0.0208328
0.0272629
0.0238921
0.0220245
0.0226936
0.0221333
0.0217495
0.0230835
0.0231976
0.0221551
0.0224192
0.021863
0.0235544
0.0236926
0.0213701
0.0223026
0.0232893
0.0216305
0.0234535
0.0241634
0.0215791
0.0241571
0.0224659
0.022674
0.0211554
0.0252936
0.0240472
0.0230445
0.0222554
0.021566
0.0252631
0.0240439
0.0223464
0.0224943
0.0206468
0.0216081
0.0221655
0.0235273
0.0223925
0.021505
0.0212272
0.0250074
0.0237421
0.0202035
0.021116
0.0202997
0.0210752
0.0222681
0.0197435
0.0206514
0.0248897
0.0252737
0.0216077
0.0211273
0.0206967
0.0203016
0.0198409
0.0215102
0.0229002
0.0221731
0.0222497
0.0235588
0.0251295
0.0219825
0.0228576
0.0227166
0.0240215
0.0243336
0.022951
0.0242412
0.0223604
0.026078
0.0244744
0.0229352
0.0234015
0.0230965
0.0272731
0.0234457
0.0245907
0.0246448
0.0239174
0.0258691
0.0237523
0.0257509
0.0249104
0.0237026
0.0236835
0.0257548
0.0261382
0.0247062
0.0233454
0.0234295
0.0226168
0.0256156
0.0252112
0.0254011
0.0245534
0.0243459
0.0228582
0.0232555
0.0230111
0.0223533
0.0231648
0.0224935
0.0218495
0.0215559
0.0232338
0.0212049
0.0212826
0.0210575
0.0211798
0.0200791
0.019951
0.0212756
0.0213711
0.020554
0.0221787
0.0206396
0.0223281
0.0235368
0.022052
0.0232295
0.0226665
0.023485
0.023093
0.0248408
0.0238807
0.0236514
0.0244532
0.0254868
0.0242351
0.0275307
0.0269008
0.0258575
0.0269534
0.0236123
0.0241228
0.0239514
0.0240579
0.025945
0.026411
0.029465
0.0278206
0.0302204
0.0277319
0.0279256
0.0274978
0.0277068
0.0253515
0.027789
0.0269513
0.0267527
0.0269232
0.029905
0.024595
0.0272347
0.0259752
0.0284219
0.0272182
0.0258841
0.0312276
0.0289169
0.0266206
0.0306874
0.0300068
0.0281853
0.0278782
0.0286479
0.0286697
0.0267708
0.0269987
0.0282787
0.0252744
0.0272891
0.0280719
0.0259645
0.0279756
0.0319606
0.026661
0.028508
0.0290493
0.0262808
0.0287567
0.0289538
0.0266892
0.0288462
0.0296001
0.0263138
0.0278704
0.0284878
0.02501
0.0259887
0.0254183
0.0280485
0.0307638
0.0264004
0.0278965
0.0269385
0.0246243
0.0259782
0.0267893
0.0286898
0.0255622
0.0258721
0.0254933
0.0254924
0.0261012
0.0245382
0.0266473
0.0275274
0.025492
0.0265788
0.0273375
0.0282432
0.026322
0.0317109
0.0292619
0.0280498
0.0265435
0.0283879
0.031481
0.0301148
0.0296293
0.0304828
0.0281987
0.0324225
0.0304377
0.0295425
0.0284723
0.0289481
0.0296167
0.0283229
0.0304745
0.0313829
0.0308729
0.0291642
0.030291
0.0303132
0.0290401
0.0296182
0.0305686
0.0288352
0.0293664
0.0302637
0.0329093
0.030097
0.0304635
0.0296206
0.0321604
0.0310892
0.0337496
0.0327793
0.0350618
0.0366381
0.0315396
0.0313936
0.0311697
0.0309157
0.0310243
0.030303
0.0307112
0.031749
0.0324207
0.0319716
0.0301561
0.0305882
0.0305992
0.0300935
0.0294665
0.0294916
0.03074
0.0303635
0.0293578
0.029768
0.0275051
0.0263482
0.0270183
0.0269898
0.0253928
0.0228019
0.0242916
0.0259702
0.0229396
0.0232808
0.0231004
0.0235699
0.0240933
0.0212877
0.0226998
0.0234552
0.0231539
0.0215758
0.0213931
0.0225803
0.0245249
0.02186
0.0248515
0.0294108
0.0240103
0.0254841
0.0262319
0.0257121
0.0234042
0.0253814
0.029739
0.0268791
0.0280216
0.0281793
0.0270563
0.0249622
0.0256814
0.0261057
0.026517
0.0247059
0.025029
0.0265367
0.0255827
0.0232684
0.0255721
0.0252479
0.0230189
0.0243271
0.0253949
0.025341
0.0264412
0.0257029
0.026452
0.0240829
0.0279647
0.0277391
0.0273049
0.0297298
0.029658
0.0284308
0.0303207
0.0303808
0.028132
0.0301556
0.0298866
0.0289878
0.0297209
0.0304142
0.028614
0.0287198
0.0290455
0.026851
0.0297347
0.0321372
0.0278132
0.0276318
0.0285136
0.0284533
0.0271956
0.0295486
0.0308182
0.0273962
0.0290245
0.0278305
0.0286439
0.0272276
0.028744
0.0289013
0.0274183
0.0287466
0.0290229
0.0274545
0.0291494
0.0300661
0.0278007
0.0291004
0.0341865
0.0325044
0.0325186
0.032366
0.0284475
0.0326878
0.0299142
0.0305837
0.0337994
0.0349311
0.0325765
0.0295574
0.0297065
0.0293983
0.0260915
0.0282732
0.0301223
0.0281375
0.0261031
0.0255181
0.0307801
0.0285792
0.0249829
0.0247147
0.0288561
0.0288086
0.0268322
0.0289939
0.0274262
0.0260744
0.0266309
0.0261938
0.0246301
0.0249619
0.0236777
0.0242807
0.0254039
0.0225695
0.0235432
0.0258171
0.0274699
0.0248989
0.0234954
0.0254977
0.0255473
0.0235594
0.0256118
0.0262721
0.0244587
0.0264664
0.0282929
0.024873
0.0265891
0.0269888
0.0238628
0.0288192
0.0273743
0.0285901
0.0264593
0.0298031
0.0279577
0.0274904
0.0280178
0.0260493
0.0278152
0.0299561
0.0281626
0.0280217
0.0284877
0.0313573
0.0285778
0.0272586
0.0265505
0.0297196
0.0278289
0.026862
0.0261468
0.0263801
0.0277097
0.0253792
0.0247543
0.0225304
0.0259371
0.0279434
0.0247903
0.0209779
0.0224443
0.0255629
0.021059
0.0220999
0.0245212
0.026653
0.0225525
0.02718
0.0264311
0.0243129
0.0324856
0.0305117
0.0282237
0.027584
0.0289517
0.0293562
0.0293188
0.0285525
0.0291278
0.0283607
0.0279873
0.0278219
0.0301094
0.0301319
0.0325188
0.0309964
0.0292397
0.0270761
0.0281126
0.0298376
0.0284975
0.0273106
0.0274946
0.0289715
0.0305612
0.0290267
0.0305983
0.0302568
0.0287947
0.0281544
0.031998
0.0318096
0.033189
0.0280955
0.0286326
0.0279359
0.0278851
0.029394
0.0289452
0.0261132
0.0271958
0.0297736
0.0298163
0.0263241
0.0301662
0.0313712
0.0299661
0.0312956
0.0324571
0.0305701
0.0337952
0.0317035
0.0293435
0.0307393
0.0303122
0.0304404
0.0324715
0.0286149
0.0307288
0.0304369
0.0299934
0.0311837
0.0322324
0.0299242
0.0290003
0.0290559
0.030911
0.0288757
0.030832
0.0317172
0.0327416
0.0299904
0.0294931
0.0297896
0.0306884
0.0317415
0.0313878
0.0311419
0.0323199
0.0328512
0.035161
0.0298072
0.029833
0.033877
0.0320645
0.0317554
0.029205
0.0330686
0.0350962
0.0312843
0.0287915
0.0290362
0.0307865
0.0306068
0.0305336
0.027599
0.0294759
0.0311674
0.0304414
0.0305498
0.029607
0.0288301
0.0294865
0.0307391
0.029698
0.0304918
0.0317959
0.0292094
0.0270766
0.0292616
0.0293421
0.0268124
0.0253842
0.0278022
0.02895
0.0265282
0.026677
0.0273324
0.0274568
0.0260741
0.0290147
0.0295948
0.0270414
0.0294951
0.0296044
0.0275218
0.0329066
0.0299118
0.0280517
0.0288216
0.0314471
0.0278946
0.0291944
0.0298848
0.0295779
0.0269634
0.0289121
0.0299179
0.031219
0.0312693
0.0314402
0.028913
0.0304139
0.0307817
0.028949
0.0353801
0.0298906
0.0287305
0.0276213
0.0290291
0.0292954
0.0279619
0.0302305
0.029905
0.0297975
0.0271441
0.0289873
0.0301736
0.029219
0.0273695
0.0306652
0.0312679
0.0324294
0.0316108
0.0311268
0.0333547
0.0301261
0.0313992
0.0323963
0.0309311
0.0291392
0.0326152
0.0329277
0.033031
0.0280186
0.0308221
0.0316904
0.0320076
0.0280514
0.0295177
0.0300909
0.0326202
0.0357075
0.0290456
0.0317285
0.032333
0.0290053
0.0289812
0.0334747
0.0343418
0.0352976
0.0311533
0.0308763
0.0317317
0.0321001
0.0353992
0.0321474
0.0312621
0.0308973
0.0315704
0.0316621
0.0325663
0.0332911
0.0329585
0.0330587
0.0305632
0.0337031
0.0351354
0.0360186
0.0324367
0.0352301
0.0361127
0.0343174
0.0346047
0.0344544
0.0355785
0.0359426
0.033429
0.0352619
0.0357734
0.0377488
0.033524
0.0343874
0.035652
0.0341283
0.0323884
0.0329214
0.0344613
0.0327147
0.0307744
0.0329539
0.0336861
0.0348434
0.0320675
0.032255
0.031403
0.033008
0.034714
0.0322137
0.0291355
0.0324776
0.0308989
0.0326223
0.029907
0.0281735
0.0301134
0.0316729
0.0313577
0.027444
0.0322522
0.0299782
0.0309074
0.027893
0.0290836
0.0294157
0.0310946
0.0312057
0.0357239
0.0317413
0.030665
0.0296563
0.0296788
0.0320064
0.0332179
0.0318387
0.0309614
0.0326264
0.0335886
0.0312508
0.0305415
0.0273248
0.0304576
0.0317991
0.0281206
0.0285299
0.0298742
0.0306267
0.0320545
0.0251546
0.0253254
0.0273299
0.0308564
0.0281161
0.0262661
0.027928
0.0270016
0.0270064
0.0250672
0.0294543
0.0282356
0.0300858
0.0251329
0.0251071
0.027234
0.0273593
0.0268832
0.0241352
0.0266176
0.0273365
0.0269268
0.0258677
0.0254411
0.027031
0.0285198
0.0281776
0.0228885
0.0249215
0.0270738
0.0255203
0.0242141
0.0249474
0.0242552
0.0278482
0.027556
0.0274572
0.0268411
0.0235477
0.022265
0.0261224
0.0248158
0.0268827
0.0223931
0.0223746
0.0230689
0.0247055
0.0255273
0.022502
0.0226202
0.0221787
0.023223
0.0249716
0.0242313
0.0268967
0.0224728
0.0327571
0.0256642
0.0244399
0.0268397
0.0263532
0.027814
0.0241648
0.0249748
0.025162
0.0250492
0.0247657
0.0238826
0.0234856
0.024411
0.0252459
0.0297768
0.0244437
0.0255513
0.0250369
0.0307316
0.02308
0.0272317
0.0269202
0.0260871
0.0243873
0.0243105
0.0255516
0.024677
0.0241949
0.0260182
0.0280041
0.025568
0.0246681
0.0262949
0.0278511
0.0275581
0.0283456
0.0255089
0.0297956
0.03057
0.0251551
0.0260432
0.0241864
0.0250166
0.0264065
0.0262574
0.0241188
0.0249602
0.0266039
0.0270369
0.0241603
0.0255395
0.0252043
0.0253583
0.024144
0.0273304
0.0247477
0.0256284
0.0262663
0.0240085
0.0264136
0.0256076
0.0256115
0.0253445
0.0253942
0.0259357
0.0270184
0.0259957
0.0259644
0.028887
0.0286059
0.0271023
0.026929
0.0269607
0.0264974
0.0285444
0.0275264
0.0256745
0.0270466
0.0271013
0.0264007
0.0270374
0.0267221
0.0270527
0.027351
0.0273198
0.0310387
0.0262918
0.0275451
0.0271813
0.0288152
0.0266951
0.0265896
0.0300291
0.0261161
0.0267496
0.0276802
0.0262017
0.0263583
0.0262773
0.025725
0.0289432
0.0261355
0.0284695
0.0266145
0.0288016
0.0251007
0.0266741
0.026353
0.025992
0.0264986
0.0264476
0.0263545
0.0266632
0.0265865
0.0271302
0.0246368
0.0248087
0.0266783
0.0277854
0.0231849
0.0243921
0.0277859
0.0220018
0.0243909
0.0241579
0.0209202
0.0215532
0.0240996
0.0245951
0.0229057
0.0224945
0.0217695
0.0212555
0.0203305
0.0236491
0.0232822
0.0201381
0.0222713
0.0214809
0.0208075
0.0209975
0.0205068
0.0206971
0.0215587
0.0207088
0.0245429
0.0213882
0.0212107
0.024914
0.0201037
0.0234833
0.0238958
0.0227825
0.0233813
0.0244348
0.0256757
0.0259694
0.0272307
0.0267369
0.0253665
0.0272194
0.027323
0.0253748
0.0275059
0.0282863
0.0278251
0.028289
0.0333037
0.0281554
0.0319202
0.0312254
0.0269177
0.029194
0.0310872
0.0267222
0.0284669
0.0303017
0.0260037
0.0284743
0.0298094
0.0254575
0.0269089
0.0272155
0.0249686
0.0274682
0.0268589
0.0239937
0.0259516
0.0281589
0.0248921
0.0304936
0.0281611
0.0295911
0.0280683
0.0294319
0.0280477
0.0296395
0.0317979
0.0290022
0.0240118
0.0264526
0.0272471
0.0243809
0.0275303
0.0270382
0.0244905
0.0263962
0.0268038
0.0269836
0.0241904
0.0257027
0.025839
0.0242953
0.0262113
0.0266133
0.0240739
0.0270641
0.0266684
0.026839
0.0282009
0.0279216
0.0245412
0.0249677
0.0258557
0.0260902
0.0245176
0.0267425
0.0261198
0.0269814
0.0282207
0.0297361
0.0291131
0.0246259
0.0255046
0.0269658
0.028085
0.0250104
0.0257616
0.0286051
0.0267602
0.0250434
0.0254503
0.0252433
0.0295551
0.0239473
0.0265305
0.0296353
0.0261024
0.0260507
0.0264471
0.0244054
0.0270557
0.0311582
0.0249995
0.0245549
0.0259564
0.0295722
0.0259792
0.02759
0.0285983
0.0262616
0.0264751
0.0264687
0.0277349
0.0248095
0.0254754
0.0301749
0.0240378
0.0260131
0.0265702
0.0228463
0.0244454
0.0264169
0.0226662
0.023507
0.0231115
0.0234026
0.0242791
0.0235362
0.0249248
0.0243089
0.0245587
0.023852
0.024144
0.0250878
0.0258794
0.0248601
0.0245827
0.0251407
0.0263034
0.0250445
0.0261297
0.0265514
0.0276418
0.0289414
0.0325612
0.0298081
0.0303351
0.0303649
0.0298963
0.0311944
0.031405
0.0337885
0.0313986
0.0322266
0.0311615
0.0335976
0.028791
0.0299482
0.029447
0.0321076
0.0304865
0.0318869
0.0281167
0.030411
0.0294494
0.0291961
0.0291998
0.0289071
0.030073
0.0306798
0.0294471
0.0302863
0.0288606
0.0289132
0.0294078
0.0276018
0.0311201
0.0330075
0.0320746
0.0305024
0.0320044
0.0316962
0.031646
0.0319014
0.0313438
0.0311488
0.0325794
0.034975
0.0339598
0.0344616
0.0308549
0.0319102
0.0321587
0.031465
0.0305419
0.0281063
0.0300507
0.0325674
0.0296266
0.0273997
0.0288268
0.0287688
0.0293267
0.0304604
0.0269079
0.0279062
0.0281393
0.0301704
0.0309478
0.0280287
0.0294899
0.0295673
0.0306413
0.0262929
0.0281389
0.0291621
0.0269787
0.0287931
0.0292803
0.0288107
0.0274668
0.027041
0.0286018
0.0263115
0.0256312
0.0257598
0.0260692
0.0247675
0.0240317
0.0252646
0.0253491
0.0257963
0.024181
0.0235128
0.0257389
0.0232411
0.0221869
0.0227841
0.0214799
0.0212425
0.0215291
0.0216291
0.020794
0.0212439
0.0225143
0.0247245
0.0231923
0.0231902
0.0249531
0.0238553
0.0257183
0.0229289
0.0251404
0.0265617
0.0253296
0.0251015
0.024994
0.0266321
0.0245755
0.0253218
0.0252459
0.0262186
0.0262857
0.0263348
0.0256587
0.0287762
0.0288084
0.0285946
0.0276191
0.0265099
0.0280012
0.0275041
0.0271547
0.026741
0.0260792
0.0300773
0.0296864
0.0240519
0.0283788
0.028511
0.0255967
0.0238613
0.0248009
0.0251404
0.0257948
0.0265225
0.0260579
0.026219
0.0275168
0.0255868
0.0236231
0.0266312
0.0281583
0.024574
0.0259477
0.027149
0.0270471
0.0283893
0.0266416
0.0242196
0.0256311
0.0271786
0.0277181
0.0314709
0.02664
0.026456
0.0270009
0.0243105
0.0252734
0.0266051
0.0276097
0.0269463
0.0249397
0.0256674
0.02974
0.0275185
0.0270013
0.023861
0.0291192
0.0306625
0.0276861
0.0260278
0.0269967
0.027473
0.024285
0.0259953
0.0257406
0.0240895
0.0246457
0.0278217
0.0291099
0.0226988
0.0238473
0.0234813
0.0238062
0.0242275
0.0247257
0.023267
0.028478
0.0258724
0.0234355
0.0248431
0.0252401
0.0249528
0.0238075
0.0262607
0.0241149
0.0242753
0.0264342
0.0233764
0.0253539
0.0263079
0.0242817
0.0253397
0.0269897
0.0241824
0.0275066
0.0251144
0.0262653
0.0252811
0.0228902
0.0248182
0.0275466
0.0287205
0.0254234
0.027016
0.0272512
0.0271042
0.0252392
0.0258263
0.0282239
0.0279499
0.0265308
0.0253209
0.0249472
0.0261355
0.0274325
0.0244358
0.0290768
0.0295681
0.025285
0.0265978
0.0256678
0.0251513
0.0232408
0.0291431
0.027095
0.0244236
0.026431
0.0259045
0.0241185
0.0251303
0.0271438
0.0228699
0.0245909
0.0252915
0.0236279
0.0251018
0.0253272
0.0226919
0.0250608
0.0251591
0.0227757
0.0247843
0.0275846
0.0231084
0.0233226
0.0239144
0.0235002
0.0212271
0.0235814
0.0247981
0.021536
0.0221808
0.0224368
0.022462
0.0233694
0.0246352
0.0240741
0.0217225
0.0206845
0.0218797
0.0225328
0.0266381
0.0220036
0.0224193
0.0220542
0.0246314
0.0236175
0.0224723
0.0241016
0.0246214
0.0225734
0.0249821
0.0238087
0.0240798
0.0234875
0.0296673
0.029161
0.0242985
0.0265845
0.0256655
0.0233423
0.0257302
0.0248368
0.0225519
0.0248283
0.0261401
0.022582
0.0258948
0.0278072
0.0226022
0.024595
0.0266409
0.0222479
0.0259006
0.0250536
0.0221638
0.0238689
0.0229172
0.0242479
0.0225308
0.0250429
0.025183
0.0236704
0.0254962
0.0254142
0.0236774
0.0246441
0.0240978
0.0233638
0.0274245
0.0275739
0.0302289
0.0322487
0.0288534
0.0272678
0.0318892
0.0282781
0.0289105
0.0291239
0.0284557
0.0286131
0.0276348
0.0273318
0.0277256
0.0312916
0.0269024
0.0308876
0.0297107
0.0298162
0.0299651
0.0292459
0.0279025
0.0296178
0.0294917
0.0287557
0.0273073
0.0302832
0.0311145
0.0289293
0.0294059
0.0285571
0.0282411
0.0263591
0.02685
0.0278614
0.0279547
0.0277118
0.0280428
0.0297325
0.0285157
0.0258434
0.0275068
0.0277305
0.0261257
0.0250952
0.0273867
0.0286257
0.0279461
0.0268584
0.0289036
0.0293904
0.0297622
0.0301753
0.0303663
0.0296937
0.0288289
0.031614
0.0298573
0.0298642
0.0284568
0.0303233
0.0319994
0.0319228
0.0300397
0.0337681
0.032919
0.0313147
0.0310549
0.0325893
0.0311362
0.0321289
0.0279334
0.0321927
0.0351294
0.0317941
0.0311826
0.0333846
0.0320912
0.0324685
0.0312625
0.0314277
0.0365049
0.0319967
0.0283207
0.0304684
0.0374092
0.0305386
0.0283712
0.0322102
0.0457195
0.0282089
0.0296902
0.032395
0.0277558
0.0301403
0.0282476
0.0291225
0.0303817
0.0310872
0.0336964
0.0332774
0.0334489
0.0317505
0.0362288
0.0367758
0.0354822
0.0312967
0.0323879
0.0353713
0.035571
0.0308974
0.0318356
0.0334487
0.0384027
0.0375668
0.0307853
0.0303263
0.0381791
0.0358031
0.0336533
0.0352128
0.0356431
0.0399668
0.0332213
0.0329875
0.0327978
0.0335137
0.0347611
0.0297938
0.0307783
0.0319218
0.0319531
0.0278134
0.0302766
0.0299533
0.0308037
0.0275085
0.0312398
0.037358
0.0353418
0.0329574
0.0264511
0.0261948
0.0240835
0.0236707
0.0252618
0.0264566
0.024187
0.0265692
0.0288486
0.0360012
0.0299453
0.0269662
0.0289231
0.0288713
0.0275116
0.0312753
0.0311379
0.0321679
0.0304192
0.0299795
0.0265424
0.0303196
0.0286023
0.027362
0.0265744
0.0276399
0.0304404
0.0296039
0.0276839
0.0271355
0.0258964
0.0276068
0.0307379
0.0269465
0.0243984
0.0271717
0.0282288
0.025528
0.0249135
0.0264995
0.0304102
0.0277118
0.0253773
0.0258419
0.027611
0.0254456
0.0274141
0.023718
0.0264999
0.031883
0.0271773
0.027195
0.0282554
0.0354396
0.028484
0.0254225
0.0259552
0.0258309
0.024177
0.0241379
0.0260035
0.0262283
0.0267804
0.0260646
0.0237654
0.025945
0.0279208
0.0277263
0.0262252
0.0264248
0.0296783
0.0265339
0.0289846
0.0301074
0.03021
0.0265745
0.0271443
0.0248673
0.029638
0.0292725
0.0294923
0.0294592
0.0295305
0.0291611
0.0277107
0.029247
0.0281589
0.0280842
0.0280722
0.0288846
0.0281166
0.0288897
0.0304448
0.027265
0.0293067
0.0301967
0.0297613
0.02999
0.0294143
0.0336868
0.0295575
0.029754
0.0289176
0.0297363
0.0323582
0.0305849
0.029004
0.0293726
0.0264453
0.0294235
0.042196
0.0350614
0.0292256
0.0350678
0.0292293
0.0279462
0.025539
0.0272176
0.0299705
0.0239015
0.0255457
0.0265051
0.0250099
0.0285022
0.025534
0.0232447
0.0264239
0.0279991
0.0248128
0.0253591
0.0257215
0.0264528
0.0235725
0.0252179
0.0264068
0.0235369
0.0257034
0.0266298
0.0270271
0.0252603
0.0301511
0.0280776
0.0259452
0.0280601
0.0297761
0.0275928
0.0302575
0.0287554
0.0275225
0.0290149
0.028511
0.0252524
0.0271595
0.0279017
0.0249453
0.0244757
0.027202
0.0304155
0.0289306
0.0282738
0.0292871
0.026732
0.0292644
0.0299
0.0302582
0.0293698
0.0296161
0.028125
0.0267275
0.0301173
0.0283962
0.0262713
0.0274673
0.0303948
0.0299385
0.0265387
0.0289479
0.0289773
0.027176
0.0287992
0.029651
0.0284391
0.0422268
0.0288485
0.0283219
0.024742
0.0298892
0.0304025
0.0270905
0.0255917
0.0275585
0.0272323
0.0261516
0.0249775
0.0286318
0.0277196
0.0284093
0.0276108
0.0294859
0.0283697
0.0265033
0.0289057
0.0322888
0.0279625
0.0292349
0.0294676
0.0263707
0.0259764
0.027007
0.0305242
0.0286884
0.0267631
0.0277798
0.0281378
0.0282917
0.0303451
0.0281161
0.0325509
0.0288622
0.0290113
0.0276742
0.0280322
0.0281053
0.0295371
0.0260104
0.0279205
0.0280751
0.0268536
0.0261801
0.0287521
0.0289045
0.0267617
0.0288091
0.0290592
0.0278709
0.027048
0.0276616
0.0292133
0.0284979
0.0282541
0.0311974
0.0321057
0.0298118
0.0287513
0.0317839
0.0341669
0.0331551
0.0288661
0.031319
0.031502
0.0303573
0.0287172
0.0326269
0.0331085
0.0313099
0.0289792
0.0300082
0.0309411
0.0324557
0.0300581
0.0325502
0.0314903
0.0327594
0.0293938
0.0307198
0.0317205
0.0313286
0.0332577
0.0324373
0.0341749
0.0361868
0.0382118
0.0346979
0.0359644
0.0353522
0.0363664
0.0366667
0.037636
0.0340963
0.0354664
0.0363603
0.0344265
0.0324712
0.0375802
0.0419089
0.0387458
0.0351076
0.0336467
0.0392712
0.0374403
0.0368553
0.0397139
0.0310924
0.0327003
0.0320175
0.0297934
0.0325328
0.0301317
0.0307829
0.0349205
0.0322833
0.0311423
0.030601
0.0385184
0.0354674
0.0307099
0.0368415
0.0312323
0.0348552
0.0319224
0.0301533
0.0322932
0.0347541
0.0329155
0.0283026
0.0318457
0.0362488
0.029453
0.030522
0.0302078
0.0290483
0.0316851
0.0270587
0.0284215
0.0303704
0.0279581
0.0253549
0.0283042
0.0277996
0.0282908
0.0293728
0.0255986
0.0256572
0.0263841
0.0260785
0.0238924
0.0246122
0.0248278
0.0248718
0.024948
0.0250037
0.0243086
0.0250731
0.0270591
0.0277006
0.0312751
0.0302866
0.0267494
0.0260589
0.0275299
0.0285808
0.0289107
0.025498
0.0250991
0.0271583
0.0278201
0.0267955
0.0272747
0.0263007
0.0266934
0.0259137
0.0272588
0.0287054
0.0281926
0.0259736
0.0278664
0.0280801
0.0276495
0.0305208
0.0295735
0.0284772
0.0271435
0.0280951
0.0275594
0.0240343
0.025487
0.0249238
0.027771
0.0287292
0.0286268
0.0250657
0.0246201
0.0248969
0.0266804
0.0271434
0.026697
0.0246273
0.0271437
0.0255183
0.0244542
0.0259141
0.0279022
0.0255151
0.0234716
0.0278406
0.0293858
0.0271017
0.0254491
0.0283964
0.0279764
0.0286495
0.0289232
0.0270048
0.0285673
0.0284452
0.02576
0.0270909
0.0275146
0.0264714
0.024651
0.0273268
0.0295999
0.0295853
0.0251274
0.0250103
0.0262949
0.0294871
0.0247681
0.0233919
0.0248776
0.0285816
0.0272958
0.0248008
0.0241858
0.0261099
0.0262491
0.0273291
0.0238508
0.0249311
0.0241707
0.026739
0.026592
0.0246047
0.0259932
0.0250737
0.0252024
0.0267424
0.0287799
0.0258295
0.0252902
0.0243381
0.0250696
0.0269791
0.0241695
0.0233494
0.022991
0.0236931
0.0250166
0.021777
0.0229138
0.0257052
0.024138
0.0229111
0.0256864
0.0286801
0.0257432
0.0291127
0.0282448
0.0247684
0.0255673
0.0262554
0.0295577
0.0252918
0.0275103
0.0266214
0.0236911
0.0273199
0.0256257
0.024852
0.024972
0.0267636
0.0275115
0.0231627
0.0226698
0.0240028
0.0243027
0.0225499
0.0264253
0.0282278
0.0242698
0.026436
0.0280329
0.0284517
0.0250361
0.0269683
0.0279413
0.028232
0.0272362
0.0267861
0.0310844
0.0283948
0.0259364
0.0289171
0.0291988
0.0274923
0.0289515
0.0310674
0.0282585
0.0289594
0.0294398
0.0269009
0.0289138
0.0328152
0.0267
0.0287236
0.0293118
0.0265658
0.028714
0.0282981
0.0280774
0.0282366
0.0282147
0.0259183
0.0278282
0.0268404
0.0262794
0.0262761
0.0285023
0.0267175
0.0258308
0.0303949
0.0262169
0.0284236
0.0252317
0.0243374
0.0254465
0.0258874
0.0241636
0.0266565
0.0266562
0.0297965
0.0261716
0.0264145
0.0274497
0.0258148
0.025875
0.0252314
0.0262063
0.0268486
0.0252674
0.0256828
0.027162
0.0271712
0.0257836
0.0271771
0.0266952
0.0276979
0.0301651
0.028705
0.0256616
0.0285819
0.0276676
0.0256577
0.0296871
0.029019
0.0278741
0.0259947
0.0280244
0.0292874
0.0277909
0.0292177
0.0292182
0.031644
0.0255173
0.0275787
0.0271752
0.025915
0.0265178
0.0266968
0.0277517
0.0285287
0.0260905
0.0276494
0.0295103
0.0299412
0.0288774
0.0308285
0.0272439
0.0291489
0.0301622
0.0306062
0.0292053
0.0292234
0.0348901
0.0303645
0.0300716
0.0320366
0.0283233
0.0269189
0.0276854
0.0267746
0.0301817
0.0293472
0.0317745
0.0286822
0.0293684
0.0313726
0.0301605
0.0298257
0.0322505
0.0290293
0.0279789
0.0296897
0.027975
0.0312498
0.0294161
0.0335175
0.0345399
0.0314963
0.032361
0.0307223
0.029485
0.027192
0.0281451
0.0297357
0.0292781
0.0284613
0.0292077
0.0302083
0.0291287
0.0293701
0.0306073
0.0286038
0.0302676
0.0304062
0.0298039
0.0280996
0.0253415
0.0255494
0.0264069
0.0280999
0.0257899
0.0256187
0.0242504
0.0241875
0.0242173
0.0240305
0.0264946
0.0242368
0.0249169
0.0257563
0.0289317
0.0252043
0.0269667
0.0273595
0.0263203
0.0274799
0.0295359
0.0272004
0.0258218
0.0265201
0.0294396
0.0287977
0.0250885
0.0268778
0.0273501
0.0255939
0.029044
0.0328318
0.0293867
0.0258771
0.0276607
0.0286625
0.0288341
0.0288977
0.028701
0.0288086
0.0271936
0.0277116
0.0279933
0.0284991
0.0333396
0.0268256
0.0294562
0.030356
0.030752
0.028152
0.0303929
0.0316495
0.0338219
0.02812
0.0299937
0.0301552
0.0303696
0.0280281
0.0327656
0.0303843
0.0338907
0.028301
0.0295353
0.032752
0.0289841
0.0280241
0.0301874
0.0297318
0.0300988
0.0282028
0.0298556
0.0303408
0.0304802
0.0283669
0.0299033
0.0301389
0.0290296
0.0276286
0.0308108
0.0303262
0.0294463
0.0275781
0.0300739
0.0308745
0.0320256
0.0330749
0.0314093
0.0318488
0.0312919
0.0292149
0.030437
0.0301876
0.0302872
0.0336724
0.031413
0.0308749
0.0310088
0.0300689
0.0325885
0.0314846
0.0296311
0.0285168
0.0308618
0.0312046
0.032064
0.0284697
0.0318679
0.0309493
0.0320352
0.0304601
0.0299914
0.0290543
0.0294169
0.0292099
0.030505
0.0284634
0.0288448
0.0307368
0.0280881
0.0266163
0.0281941
0.0323626
0.0280362
0.0274198
0.0284654
0.0306506
0.0324259
0.0278221
0.0284011
0.026867
0.0287016
0.0279852
0.0308854
0.0284078
0.0282923
0.0254048
0.0294126
0.026415
0.0253863
0.0247525
0.0261895
0.0274407
0.027896
0.0263158
0.0283143
0.0272496
0.0267863
0.0239595
0.0270392
0.0259831
0.0252393
0.0262724
0.0271547
0.0285319
0.0289193
0.0275838
0.025816
0.024476
0.0261971
0.0267584
0.0281679
0.0276986
0.0267384
0.0274154
0.0263146
0.0272376
0.0267177
0.0251859
0.0267891
0.0267765
0.0278843
0.0280969
0.0262974
0.0286391
0.0312554
0.0333773
0.0280028
0.027741
0.0273454
0.0266626
0.0280098
0.028276
0.0285654
0.0261344
0.0269348
0.029056
0.0299802
0.0280515
0.02518
0.025849
0.0256971
0.0252656
0.0272097
0.0255963
0.0267245
0.0256708
0.0281319
0.0284079
0.0299524
0.0254799
0.0260988
0.025452
0.0251319
0.0256598
0.0261434
0.0260681
0.0269053
0.0273801
0.027663
0.0263039
0.0270234
0.0274187
0.0273973
0.0294364
0.0310286
0.0326645
0.0315785
0.0295034
0.0294797
0.0305713
0.0293153
0.0294032
0.0286886
0.0292708
0.0305865
0.0316264
0.0308977
0.0292765
0.0291859
0.0287968
0.0281755
0.0287433
0.0304572
0.0321773
0.0321866
0.0319551
0.0306222
0.0287845
0.0314204
0.029772
0.0293454
0.0284991
0.0283292
0.0287011
0.0288573
0.029786
0.0273841
0.0285409
0.027904
0.0275239
0.0309588
0.0318219
0.0267384
0.0284815
0.0285305
0.0288464
0.0288158
0.0272944
0.0284679
0.0281693
0.0289358
0.0300169
0.0313256
0.0276123
0.0292839
0.0283976
0.0276789
0.0285576
0.0275397
0.0277954
0.0279911
0.0294617
0.031124
0.027468
0.0273876
0.0270343
0.0267821
0.0273263
0.0271308
0.0276217
0.0305373
0.0294772
0.028801
0.0262588
0.0276094
0.0276484
0.0279024
0.0280389
0.0292597
0.0280819
0.0310596
0.0320548
0.0312858
0.0276738
0.0283904
0.0277548
0.0275585
0.0276327
0.0304485
0.0309166
0.0310275
0.0281145
0.0288239
0.0282274
0.0273648
0.0293104
0.0330587
0.0269816
0.0278106
0.0278221
0.0267428
0.0262169
0.0278752
0.0288222
0.0263222
0.0259275
0.0270367
0.027652
0.028481
0.0264765
0.0266219
0.0290186
0.0289546
0.0272356
0.0268884
0.0268983
0.0308014
0.029598
0.029414
0.0258484
0.029967
0.0320567
0.0274226
0.0300307
0.0305805
0.0288044
0.030234
0.0310878
0.0292052
0.0283902
0.0322596
0.0330954
0.0283474
0.0289909
0.0300748
0.0295813
0.0298578
0.0325469
0.0337677
0.0304185
0.026021
0.0288929
0.0282171
0.0258013
0.0248642
0.0260628
0.0265101
0.0267733
0.02389
0.0247453
0.0242022
0.0236123
0.0236639
0.0252577
0.028628
0.0278707
0.0274214
0.0265555
0.0246361
0.0266678
0.0246259
0.0252732
0.0274785
0.024551
0.0234832
0.0258794
0.0267233
0.0241672
0.0268855
0.0240038
0.0242177
0.0232718
0.0231314
0.0232995
0.0244769
0.0236821
0.0267319
0.0251568
0.0257679
0.0244824
0.0246931
0.0275303
0.0292746
0.0267353
0.024552
0.0289973
0.0288539
0.026703
0.0261302
0.0272698
0.0249168
0.0260808
0.028425
0.0263184
0.03138
0.0377856
0.0281784
0.0263914
0.0323524
0.0315104
0.0312752
0.0282527
0.0300058
0.0329848
0.0290274
0.0316706
0.0298486
0.0301988
0.0305221
0.031545
0.0269695
0.0280293
0.0296607
0.0287307
0.0327304
0.0292958
0.0275679
0.0286707
0.0293761
0.0295793
0.0275924
0.0284872
0.0298125
0.0278594
0.0297976
0.0312552
0.0288892
0.0267681
0.0298389
0.0265267
0.0267899
0.0280558
0.027235
0.025234
0.0251804
0.0250631
0.0236044
0.0271156
0.0275756
0.0272793
0.0256592
0.0261165
0.0279077
0.0254681
0.0270533
0.0274167
0.0264515
0.0280641
0.0292241
0.027241
0.0305209
0.0307667
0.030025
0.0279892
0.0307412
0.0313019
0.027004
0.031322
0.0308041
0.0278971
0.0285272
0.028876
0.0294851
0.0284817
0.0284869
0.0298032
0.0306756
0.0291148
0.0283279
0.0293774
0.0293687
0.0300698
0.0330569
0.0319844
0.0299033
0.0303074
0.0301771
0.0316249
0.0297578
0.0292625
0.0299991
0.0335157
0.0346618
0.0343
0.030156
0.0315809
0.0308334
0.0316364
0.0314868
0.0286866
0.0281238
0.0312615
0.0298278
0.0275026
0.0298149
0.029185
0.0308773
0.028404
0.0275237
0.0301139
0.0277916
0.0257025
0.0293744
0.0276971
0.0289824
0.0267137
0.027042
0.0284933
0.0281939
0.0264344
0.0276095
0.0284117
0.0278637
0.0263219
0.0280216
0.0283621
0.029654
0.0304006
0.0306263
0.032052
0.0298291
0.0377755
0.032046
0.0309711
0.0318538
0.0311581
0.031855
0.0298577
0.0290913
0.0315941
0.0346949
0.0308713
0.0306317
0.0321557
0.0303754
0.0305238
0.0298633
0.0300385
0.0305535
0.0315804
0.0337308
0.0309843
0.0292698
0.030054
0.0318294
0.0319751
0.0311081
0.0290679
0.0297351
0.0344084
0.0311229
0.0304449
0.0290867
0.0294973
0.030814
0.0308242
0.0301376
0.0286516
0.0298149
0.0322203
0.0313944
0.0275079
0.0310886
0.0331486
0.0341285
0.0288474
0.0316461
0.0324194
0.0310861
0.0277188
0.0282767
0.0289178
0.0291604
0.029247
0.0290719
0.0290153
0.0284132
0.0313417
0.0319196
0.0308664
0.0323856
0.0286266
0.0310337
0.030332
0.0307287
0.0293652
0.0274484
0.0282097
0.030221
0.03332
0.0333299
0.0335988
0.0311163
0.0289026
0.0282384
0.0289585
0.028623
0.0285093
0.0319046
0.0291829
0.0264191
0.0281227
0.0286155
0.0295147
0.0304972
0.0295586
0.0288161
0.0307116
0.0280061
0.0275126
0.0256364
0.0292998
0.031379
0.0309569
0.0262231
0.0281265
0.0275352
0.0273502
0.0258837
0.0261075
0.0263862
0.030228
0.031519
0.0270879
0.0250483
0.0259803
0.0252874
0.0270239
0.0298858
0.0304495
0.0260245
0.0278286
0.0281979
0.0300786
0.0323424
0.0276941
0.0290474
0.0289595
0.0280315
0.0275536
0.0309819
0.0276928
0.0281995
0.025979
0.0295666
0.0316967
0.027533
0.0251261
0.0245786
0.0269286
0.0267295
0.0269317
0.0237268
0.025199
0.0263075
0.0250965
0.0234943
0.0253617
0.0268247
0.0263138
0.0263454
0.0264634
0.0291766
0.0253449
0.0236338
0.024494
0.0264212
0.026886
0.0284821
0.0269323
0.0262006
0.0274042
0.0276372
0.0285905
0.0278922
0.0298888
0.0315517
0.0255203
0.0263762
0.0271114
0.0244632
0.0259699
0.0271314
0.0249098
0.0257151
0.0258239
0.0278573
0.0251762
0.0260863
0.0274501
0.0270214
0.0268929
0.0272215
0.0267255
0.0249303
0.0251814
0.0265833
0.0260347
0.0280149
0.0233769
0.0247681
0.0232979
0.0237556
0.0260245
0.0237528
0.0231616
0.0271259
0.0227816
0.0230677
0.0225598
0.0213659
0.0241924
0.0223381
0.0204053
0.0215901
0.0225444
0.0230753
0.0201721
0.0212029
0.0216179
0.0235345
0.0234266
0.0219893
0.0225694
0.023547
0.0252556
0.0217448
0.022297
0.0222342
0.0233779
0.023988
0.0221932
0.0270454
0.0242934
0.0222932
0.0241271
0.0247264
0.0230731
0.0254071
0.0282759
0.0236219
0.0239733
0.0253387
0.0258339
0.0239362
0.0254845
0.0256195
0.0242113
0.0267261
0.0269064
0.0235599
0.0245875
0.0238121
0.0251082
0.0259171
0.0232409
0.0271261
0.0261721
0.0239507
0.0260429
0.0260705
0.0250731
0.0258255
0.025294
0.0251792
0.0256176
0.0250227
0.0250343
0.0261688
0.0246643
0.0270417
0.0281263
0.0270279
0.0286713
0.0271804
0.0307995
0.0281003
0.0287721
0.0257418
0.0273484
0.0282308
0.0285032
0.0260714
0.0264845
0.0278697
0.0278768
0.0276195
0.028899
0.0288081
0.0274824
0.0262257
0.0260705
0.0285735
0.0317326
0.0244823
0.0288018
0.0275253
0.0268879
0.0276545
0.0282316
0.0267513
0.0267526
0.0273426
0.0271031
0.0254656
0.0271693
0.0268722
0.0247426
0.025275
0.025818
0.0281855
0.0245726
0.0249632
0.0248363
0.0255057
0.0232316
0.0253303
0.0257989
0.0240879
0.0249607
0.024159
0.0270707
0.0278288
0.0238153
0.0256332
0.0266761
0.0244106
0.0265838
0.0289313
0.0257834
0.0294555
0.0304523
0.0308759
0.0277615
0.0275006
0.0271072
0.0248551
0.0282841
0.0300949
0.026397
0.0247119
0.0257407
0.0263502
0.0247512
0.023483
0.0247788
0.0255128
0.0263176
0.0236078
0.0233782
0.0231513
0.0222084
0.0236773
0.0239996
0.0228927
0.0242786
0.0236905
0.0245958
0.0245191
0.0233025
0.0227941
0.0227819
0.0230058
0.0212736
0.0225768
0.0237233
0.0227963
0.0223926
0.0234465
0.0232961
0.0222525
0.0213883
0.0218301
0.0230095
0.0213172
0.0233671
0.0236638
0.0210476
0.0211262
0.0221029
0.0224352
0.0211466
0.0215376
0.0218277
0.0224131
0.0219729
0.02468
0.023561
0.0231594
0.0226389
0.0215762
0.0223013
0.0228812
0.0263657
0.0269328
0.0236761
0.0234006
0.0243126
0.0230451
0.0222925
0.024313
0.0223776
0.0221279
0.02253
0.0231043
0.0245468
0.0249132
0.0245116
0.0251689
0.0230906
0.0234851
0.0251666
0.0273465
0.0245745
0.0243501
0.0241905
0.0243476
0.0254638
0.0257394
0.0247207
0.0256465
0.0252761
0.0232567
0.0233238
0.0248495
0.0260293
0.027046
0.0235465
0.0248861
0.0252622
0.0273398
0.0257135
0.0245397
0.0250266
0.0273472
0.0261791
0.0251282
0.0235955
0.0224217
0.022947
0.0233674
0.0222013
0.0222667
0.021366
0.0229209
0.0230276
0.0224604
0.0221466
0.0249955
0.0215191
0.0219416
0.0216935
0.0220048
0.0226632
0.0203235
0.0219145
0.0209566
0.0224684
0.0225672
0.0268123
0.0218071
0.0224165
0.0224744
0.0216317
0.0216314
0.0229249
0.0237325
0.021315
0.0234274
0.0244512
0.0253885
0.0240498
0.0236255
0.0237192
0.0235776
0.0267292
0.0260962
0.0245958
0.026303
0.0268286
0.0253927
0.0261285
0.0257075
0.028422
0.0276479
0.0263247
0.0257308
0.025172
0.025108
0.0288385
0.0261797
0.0260181
0.0257572
0.0250969
0.0248044
0.0243214
0.0243728
0.0245977
0.024045
0.0244846
0.0273837
0.026193
0.024333
0.0272002
0.0301026
0.0281028
0.0257585
0.0261854
0.0271892
0.0271782
0.0244393
0.0261315
0.0269234
0.0264842
0.026569
0.0268001
0.0290898
0.0291662
0.0268971
0.0268336
0.0296787
0.0279477
0.0265813
0.0291318
0.0295623
0.0291691
0.0285785
0.0284995
0.0285851
0.0277734
0.0270203
0.0269514
0.0299069
0.0305189
0.026826
0.0292594
0.0283738
0.0306896
0.0319295
0.0338813
0.0297575
0.0314222
0.0315636
0.0327939
0.0286666
0.0294203
0.0296863
0.0291423
0.0298571
0.0309232
0.0294989
0.0314043
0.0310261
0.0290179
0.0318555
0.0323033
0.0329341
0.0319847
0.0300501
0.0334554
0.0322917
0.0314713
0.0321659
0.0289568
0.0291116
0.0288734
0.0283885
0.0289385
0.0292301
0.031587
0.0297592
0.027804
0.0277804
0.0267416
0.0263316
0.0275848
0.0277607
0.0281471
0.0257297
0.0269024
0.0277598
0.028014
0.0300715
0.0283642
0.0285375
0.0281107
0.0268962
0.02768
0.0294012
0.0287299
0.0275161
0.0278919
0.0262624
0.0280102
0.0262695
0.0265438
0.0260136
0.0242128
0.0260676
0.0276186
0.0277131
0.0257767
0.0271161
0.0274142
0.0295597
0.0258729
0.0271729
0.0291851
0.0233486
0.0260672
0.027617
0.0248737
0.0242886
0.0261901
0.0260835
0.0246489
0.0234411
0.0240617
0.0239205
0.025286
0.0259574
0.025073
0.0235111
0.0254357
0.0257434
0.0249467
0.0239434
0.0276941
0.027285
0.0281612
0.0249183
0.0255002
0.0276093
0.0305242
0.0262927
0.0258778
0.0270895
0.0254234
0.0250525
0.0253986
0.0272463
0.028077
0.030183
0.0274474
0.0295092
0.0289815
0.0266258
0.0278408
0.0312393
0.0296459
0.0252554
0.0269371
0.0277189
0.0258369
0.0239512
0.0243115
0.0270738
0.0277993
0.0284265
0.0246067
0.0247885
0.0299867
0.0298475
0.0290849
0.0257883
0.0267207
0.0306133
0.0283315
0.0291163
0.0259299
0.0271662
0.0312103
0.0284281
0.0275512
0.025239
0.0273837
0.0288758
0.0309194
0.0277452
0.0282954
0.0281994
0.0276811
0.025489
0.0283519
0.0299017
0.028813
0.0294046
0.0266067
0.0286611
0.0275395
0.03163
0.0273332
0.028666
0.0292447
0.0301257
0.0313974
0.02909
0.0308731
0.0338224
0.031528
0.0294871
0.0297595
0.0306891
0.031427
0.0342592
0.0303502
0.0352667
0.034508
0.0326475
0.0309877
0.0299321
0.0319034
0.0342198
0.0316912
0.0296183
0.0303894
0.0314368
0.0316023
0.0350917
0.0350198
0.0310575
0.0296608
0.0289379
0.0332134
0.0341519
0.0335134
0.0301932
0.0338321
0.0299378
0.0290725
0.0266122
0.0285476
0.0284829
0.0307934
0.0288905
0.0258207
0.0269184
0.0295467
0.0284364
0.028202
0.0314735
0.0295741
0.0278081
0.0281895
0.0297189
0.0305527
0.0290971
0.0278767
0.0301127
0.0316391
0.0341974
0.0289414
0.0281873
0.0295947
0.0298815
0.0302277
0.0308955
0.0305915
0.0280493
0.0286192
0.030027
0.0291141
0.0285261
0.0271415
0.0259688
0.0307131
0.0359592
0.035215
0.038114
0.0368922
0.0341906
0.0289397
0.0326607
0.0265847
0.0318893
0.0356664
0.0322404
0.0269556
0.0293075
0.0295718
0.0305257
0.0280166
0.0265638
0.0384737
0.0277959
0.0336422
0.031872
0.030759
0.0274362
0.0258882
0.0264643
0.0264912
0.0327066
0.0273717
0.0265182
0.029028
0.0279631
0.0284344
0.0293236
0.0264046
0.028876
0.0298969
0.0318521
0.0286343
0.0272057
0.0301751
0.0302127
0.0289856
0.0273725
0.0263458
0.0319864
0.0306936
0.0334504
0.0288768
0.0289255
0.0286863
0.0263899
0.0277807
0.0245621
0.0289512
0.0299159
0.031081
0.0271243
0.0264161
0.0263177
0.0263283
0.0268744
0.0259622
0.0271123
0.027995
0.0294276
0.0318477
0.0279991
0.0290038
0.0305806
0.0296674
0.0265812
0.0291941
0.0278905
0.03033
0.0290549
0.0278332
0.0318697
0.0334537
0.033242
0.0295542
0.0317156
0.03423
0.0312508
0.0306517
0.032541
0.0330027
0.0322236
0.0308498
0.0304693
0.0315175
0.0316599
0.0320221
0.0325499
0.0313846
0.030616
0.0328038
0.033022
0.0328863
0.0310731
0.0371028
0.0345413
0.034116
0.0315817
0.0348997
0.0360504
0.0349855
0.0316993
0.0328501
0.0339394
0.0362954
0.0379721
0.0320538
0.0316904
0.0315732
0.0337763
0.0334576
0.0340308
0.0317596
0.0318128
0.0326816
0.0324358
0.0329681
0.0326357
0.032885
0.0355528
0.0327314
0.0291923
0.030848
0.0317326
0.0328036
0.0298414
0.0302647
0.0336416
0.0308532
0.0310844
0.0321004
0.0315283
0.0319103
0.0293042
0.0323047
0.0349539
0.0294868
0.0278484
0.0294527
0.0299054
0.0347123
0.029932
0.0305034
0.0308403
0.030126
0.0281316
0.0310948
0.0312878
0.0324905
0.028501
0.029562
0.0336292
0.0297132
0.0276036
0.0297521
0.0299629
0.0293018
0.0271253
0.0287826
0.0297934
0.0273959
0.0257987
0.026865
0.0272416
0.0265081
0.0246731
0.0244784
0.0258715
0.022741
0.0233985
0.0252011
0.0231631
0.0233208
0.0211899
0.0206419
0.0195334
0.0202071
0.0193619
0.0190514
0.0199265
0.0192113
0.0198888
0.0224782
0.0256879
0.0251588
0.0242805
0.0253516
0.026087
0.0257603
0.0277694
0.0289909
0.0290221
0.0337287
0.030054
0.0337266
0.0322255
0.0377005
0.0349637
0.0362325
0.0340762
0.0357526
0.0364177
0.0345385
0.0347026
0.037757
0.0402991
0.0340958
0.0347042
0.0349842
0.0384147
0.0347804
0.0341658
0.0346589
0.0379964
0.034672
0.040859
0.0319698
0.032941
0.0338597
0.0357072
0.0340721
0.0352472
0.0345748
0.0360352
0.0397568
0.0332924
0.0327922
0.036069
0.0354075
0.0348457
0.0311697
0.0335772
0.0323436
0.0357701
0.0294451
0.028174
0.0285106
0.0308155
0.0278483
0.0255789
0.0253996
0.0254608
0.0263857
0.0270975
0.0255131
0.0249185
0.0252915
0.0263714
0.0255743
0.0278005
0.0241712
0.0253891
0.0263135
0.0268644
0.0270356
0.0236978
0.0234917
0.0261046
0.0257526
0.0257071
0.0253548
0.0266049
0.0264057
0.0264671
0.0244615
0.0241105
0.0272551
0.0270765
0.0278006
0.0262104
0.0257409
0.0265979
0.02676
0.0286353
0.0290182
0.0290022
0.0286864
0.0278338
0.0292483
0.0310116
0.0356059
0.0326048
0.0306835
0.0359422
0.0326426
0.0329561
0.0311913
0.0308222
0.0321247
0.0332978
0.0329815
0.0304021
0.0322009
0.0299966
0.0305456
0.0286486
0.0290073
0.0299427
0.0286194
0.0277898
0.0291225
0.0284565
0.0275419
0.0249763
0.0263098
0.0284607
0.0300618
0.0290951
0.027838
0.028993
0.0283935
0.0271189
0.0262679
0.0232233
0.0226707
0.0229445
0.0231604
0.0240921
0.0244938
0.0262129
0.0260123
0.0255264
0.0261267
0.0267901
0.0253554
0.0274521
0.0273553
0.0308816
0.0297795
0.0289181
0.0297795
0.0311952
0.0332055
0.0311968
0.0312866
0.0336809
0.0340568
0.0357246
0.0331912
0.0327692
0.0355098
0.0379956
0.0353387
0.0346274
0.0356323
0.0348393
0.0330669
0.0344194
0.0318249
0.0310061
0.0307511
0.0317011
0.0320348
0.0297814
0.0288951
0.0309024
0.0305841
0.0311517
0.0315537
0.026728
0.0282116
0.0299962
0.0265213
0.0265623
0.0251478
0.0268023
0.029165
0.0262626
0.0295386
0.0241152
0.0240889
0.0245005
0.0250339
0.0234779
0.0247052
0.0264803
0.0258937
0.0244852
0.0262215
0.0266581
0.0268614
0.0241955
0.0243872
0.0231891
0.02378
0.023117
0.0210083
0.02678
0.0258893
0.0260123
0.023673
0.0268094
0.0263666
0.0280826
0.026284
0.0286806
0.0300998
0.0316497
0.031163
0.0276443
0.0280142
0.03011
0.0301402
0.030649
0.0300349
0.0278722
0.0293711
0.0306855
0.0321135
0.0289209
0.0285118
0.0287032
0.0289717
0.029903
0.0266418
0.0250331
0.0275564
0.0279276
0.0280377
0.0254838
0.0297872
0.033654
0.0284629
0.0257515
0.0258952
0.0258103
0.0269672
0.0296018
0.0358805
0.0265995
0.0282399
0.029289
0.0276411
0.0261069
0.0273223
0.0277649
0.0289281
0.0291719
0.0286592
0.0303773
0.0289727
0.02756
0.0286509
0.0293314
0.0311718
0.0292516
0.0292482
0.0299127
0.033158
0.0273174
0.0286551
0.0286658
0.0268747
0.0281308
0.0310331
0.0325259
0.0275318
0.0256246
0.0267408
0.0307597
0.0313443
0.0301376
0.0272501
0.0298064
0.0273468
0.0275389
0.0276159
0.0303101
0.0270275
0.0292316
0.0256948
0.02872
0.0315658
0.0288063
0.0317128
0.0280597
0.0281162
0.0286924
0.0275763
0.0262828
0.028328
0.0283773
0.0275321
0.0268709
0.0278787
0.029485
0.0268479
0.026252
0.0238978
0.025851
0.0270559
0.0251127
0.0232677
0.02505
0.0258622
0.0258055
0.0256973
0.0231781
0.0262618
0.0250347
0.0257393
0.0283926
0.0273118
0.0255666
0.0246062
0.0246113
0.0258238
0.0274632
0.0263669
0.0262367
0.029411
0.025225
0.0261283
0.026255
0.0279864
0.0278625
0.0272979
0.0268179
0.0258986
0.0275194
0.0295237
0.0279289
0.0263163
0.027915
0.034195
0.030547
0.028287
0.027426
0.0298682
0.0293825
0.0290852
0.0267093
0.0294999
0.0291498
0.0255818
0.0249645
0.0285942
0.0273541
0.0308042
0.026974
0.027537
0.0289965
0.0278887
0.026463
0.0273836
0.0308592
0.0271038
0.0263049
0.02822
0.0280118
0.0297629
0.0306674
0.0292732
0.0296928
0.0314218
0.0273524
0.0313981
0.0351511
0.0351872
0.0413784
0.0357985
0.0278365
0.0302067
0.029537
0.0313642
0.0291716
0.0288344
0.0288839
0.0312245
0.0383483
0.0317076
0.0287292
0.0346366
0.0292927
0.0306181
0.0315309
0.0324152
0.0288869
0.0307169
0.0293092
0.0313892
0.032641
0.0319942
0.0310408
0.032405
0.0331236
0.0369221
0.033998
0.0320412
0.0370132
0.0340056
0.0319724
0.0331
0.035398
0.035155
0.0355492
0.0352394
0.0371183
0.0354459
0.0353218
0.0330164
0.032291
0.0342727
0.0333597
0.0339149
0.0309852
0.0300671
0.0310424
0.0315102
0.0309616
0.0278898
0.0308583
0.0313906
0.0319275
0.029493
0.0311785
0.0327301
0.0309576
0.0288725
0.0303418
0.0306533
0.0304168
0.0276096
0.0289111
0.0280005
0.0288188
0.0299404
0.0269679
0.0272327
0.0283407
0.0286871
0.0298787
0.025724
0.0272426
0.0285645
0.0268699
0.0245743
0.0267353
0.0268986
0.0257946
0.0246516
0.0267513
0.0268366
0.0242121
0.0237604
0.0242147
0.0324202
0.0342137
0.0289736
0.0281363
0.036273
0.0240203
0.0234192
0.0229047
0.021696
0.026986
0.0238397
0.0239547
0.0226543
0.0221102
0.0251975
0.0272633
0.024589
0.0231541
0.0217825
0.0243443
0.0263356
0.0258647
0.0264544
0.0262534
0.0242492
0.0269909
0.0274208
0.0278811
0.0277937
0.0320564
0.0299603
0.0250519
0.024555
0.0255856
0.0257253
0.0250536
0.0224872
0.0244598
0.0244759
0.0308783
0.0250326
0.024488
0.0233657
0.0277447
0.0212466
0.0325312
0.0386106
0.0215724
0.0205606
0.0225929
0.0221888
0.022521
0.022278
0.0277999
0.0305165
0.0263118
0.0257158
0.0203396
0.0236168
0.0231583
0.0256786
0.0216888
0.0226601
0.0236403
0.0237707
0.0212738
0.0203806
0.0201982
0.0198394
0.0201769
0.0208336
0.0220835
0.0193061
0.0202019
0.0243208
0.0244237
0.0244976
0.0221078
0.0224856
0.0269956
0.0256677
0.0249989
0.021896
0.022006
0.0257498
0.0242664
0.0243109
0.024978
0.0297065
0.0283709
0.0252724
0.022663
0.0304278
0.0251968
0.0234358
0.0231812
0.0233992
0.0250749
0.0242313
0.0234416
0.0244059
0.0246928
0.0229629
0.023236
0.0250996
0.027971
0.0242833
0.0233023
0.0249387
0.0255384
0.0236671
0.0246455
0.0242002
0.0260479
0.0255082
0.0243494
0.0263997
0.026825
0.0244877
0.0275857
0.0269167
0.0266599
0.0240016
0.0275267
0.0267499
0.0249035
0.0233394
0.0267711
0.0277834
0.0273778
0.023973
0.0264289
0.0259256
0.0240828
0.0215577
0.0244535
0.0241885
0.0224071
0.0261003
0.0246537
0.0234365
0.0211285
0.0232383
0.0226893
0.0242
0.0211905
0.0226755
0.0223135
0.0253963
0.0212977
0.0235521
0.0220122
0.0207377
0.0213787
0.02134
0.0226039
0.0224703
0.0210034
0.0223787
0.0210582
0.0221677
0.0240113
0.026464
0.0215816
0.0226026
0.0223405
0.0232293
0.0226274
0.0253808
0.0246651
0.0248758
0.0219328
0.0229893
0.0244869
0.0242658
0.0229739
0.0227644
0.0267099
0.0247886
0.0261979
0.023637
0.0235174
0.0229087
0.0249819
0.0250421
0.0240001
0.0246115
0.0246113
0.0250725
0.0251994
0.0242101
0.0230338
0.0242622
0.0240733
0.023844
0.0278218
0.0242546
0.0252431
0.0243207
0.023921
0.0239609
0.0245481
0.0241476
0.024966
0.0242061
0.0260068
0.0231653
0.0256028
0.0263305
0.0224714
0.022977
0.0240666
0.0239264
0.0225448
0.0228281
0.0232443
0.0231149
0.0210701
0.0217525
0.0215771
0.0214164
0.0226659
0.0250002
0.0222616
0.0225836
0.0227079
0.0225586
0.0213807
0.02168
0.0221462
0.0227078
0.0229452
0.0215191
0.0234005
0.0212322
0.0209081
0.0213616
0.0208262
0.019561
0.0211082
0.0217746
0.0220297
0.0206611
0.0213941
0.0207145
0.0208642
0.0204303
0.021735
0.0217634
0.020668
0.022687
0.0220201
0.0195724
0.0222163
0.0214942
0.0217035
0.0211404
0.0220228
0.0203948
0.0240439
0.0214951
0.023439
0.0201892
0.0212394
0.0209268
0.020511
0.0202776
0.0241795
0.0226885
0.0200432
0.0214991
0.0207374
0.0205063
0.0201286
0.0203565
0.0203603
0.0219121
0.0219204
0.020393
0.0218372
0.0214068
0.0231794
0.0239115
0.0218246
0.0225313
0.0238913
0.0237408
0.0219771
0.0233064
0.0251291
0.0313964
0.0225529
0.0275086
0.0257094
0.0227563
0.023342
0.0247781
0.0241618
0.0228813
0.0237124
0.0259958
0.0256478
0.0246056
0.0235858
0.025465
0.0256274
0.028566
0.0261137
0.0244119
0.0264597
0.0267621
0.0254975
0.0245985
0.0259333
0.0258953
0.0238847
0.0269867
0.0272552
0.024842
0.0259369
0.0252679
0.0245186
0.0247752
0.026
0.0231712
0.0235436
0.0239844
0.0280789
0.0244436
0.027071
0.028006
0.0234768
0.0239814
0.0236278
0.0255405
0.0229552
0.0214059
0.0232282
0.0234045
0.02088
0.0222251
0.0217277
0.0218246
0.0225042
0.0198121
0.0213818
0.0233644
0.0234009
0.020389
0.0216612
0.0209907
0.0226564
0.0224771
0.0204729
0.022286
0.0242388
0.0240001
0.0224923
0.0233496
0.0230975
0.024225
0.0245477
0.0248831
0.0283973
0.0278372
0.023591
0.0240613
0.0245652
0.0248233
0.023335
0.0244123
0.0249203
0.0258354
0.0246874
0.0262333
0.0263824
0.0262797
0.0235514
0.0233128
0.023947
0.024379
0.022347
0.0223153
0.024026
0.0249203
0.0285418
0.0249185
0.0211127
0.0215884
0.0222424
0.0200438
0.0211029
0.0209555
0.0231725
0.0218553
0.0221843
0.0211058
0.0211875
0.0209153
0.0217301
0.021772
0.019749
0.0204907
0.022449
0.0233453
0.0236135
0.0208212
0.0227028
0.0241958
0.0246064
0.0221756
0.0233725
0.0233049
0.0250888
0.02502
0.0230807
0.0240761
0.023718
0.0237374
0.0243838
0.0251585
0.0226065
0.0237971
0.0251426
0.0248523
0.0225208
0.0236941
0.0235473
0.0269124
0.0250709
0.0219601
0.0231633
0.0267766
0.025156
0.0217233
0.0235365
0.0231845
0.0232223
0.0239761
0.021682
0.0253982
0.0282463
0.0248691
0.0284486
0.026771
0.0260327
0.0277579
0.0281202
0.0261532
0.0295018
0.028395
0.0268417
0.0287169
0.0293036
0.0272162
0.0281351
0.0283392
0.0251526
0.0280974
0.0286205
0.0259745
0.030498
0.0311186
0.0273424
0.0289395
0.0294794
0.0270039
0.0274011
0.0275647
0.0288755
0.0275665
0.0298479
0.0282546
0.0266971
0.0294108
0.0288195
0.0286186
0.0313497
0.0330481
0.0287772
0.0289025
0.0286762
0.0305752
0.0290772
0.0308469
0.0325026
0.0292652
0.0262231
0.0294483
0.0295297
0.0295774
0.0305752
0.0305262
0.0267802
0.0280764
0.0258849
0.0253981
0.0252624
0.0270576
0.0363126
0.0356907
0.0365349
0.0326765
0.0320849
0.0346344
0.0360431
0.0338633
0.0364142
0.0335266
0.0341188
0.0761563
0.0397238
0.0343322
0.036615
0.0382036
0.0339428
0.035764
0.0358787
0.0388902
0.036855
0.0386606
0.0379243
0.0380103
0.037318
0.0401263
0.0392852
0.0399042
0.0430842
0.0410812
0.0390227
0.037151
0.0395449
0.0352765
0.036524
0.0382915
0.0390847
0.0397098
0.0373751
0.0370125
0.0368446
0.0360673
0.0342048
0.0339277
0.0328571
0.0343722
0.0391241
0.0370356
0.0358072
0.0326842
0.0314624
0.0316201
0.0344668
0.0380395
0.0353442
0.0352168
0.0331407
0.0349129
0.0350113
0.0360088
0.0365178
0.0332429
0.0347549
0.0361882
0.0351322
0.0336051
0.0317507
0.0348679
0.0339309
0.0366129
0.0404611
0.0331962
0.0339958
0.0358032
0.0351478
0.0336175
0.0329562
0.0347943
0.0351489
0.0350791
0.0349709
0.0326489
0.0318692
0.034153
0.0339154
0.0337238
0.0332221
0.0323304
0.0338596
0.0337098
0.0359236
0.0327276
0.0336191
0.034762
0.034011
0.0352295
0.033766
0.0390881
0.0388947
0.0348505
0.0363398
0.0347132
0.0330759
0.0335577
0.0368851
0.0375508
0.038473
0.0378397
0.0367605
0.0353747
0.0375555
0.0405455
0.041424
0.0388455
0.040603
0.0361408
0.0356994
0.0375784
0.0400084
0.0400495
0.0381803
0.0376078
0.036362
0.035141
0.0362867
0.0361093
0.0378466
0.0391219
0.0423026
0.0371642
0.0391949
0.0387957
0.0387484
0.0383246
0.0377202
0.0375944
0.0370769
0.03578
0.0384882
0.0377683
0.0341005
0.0358896
0.0351894
0.0356187
0.0362451
0.0346716
0.0342035
0.0320597
0.0348143
0.0339318
0.0369523
0.0380125
0.0377914
0.0374757
0.0391852
0.0372635
0.0387894
0.0362412
0.0376698
0.0353547
0.0367837
0.0337911
0.0384185
0.0376479
0.0413435
0.0399497
0.0379781
0.0370356
0.0341134
0.033493
0.0349227
0.0320433
0.0356949
0.032205
0.0349335
0.0327567
0.0301789
0.0299758
0.0318824
0.0320806
0.0309273
0.0301845
0.0289146
0.0325481
0.0335118
0.0336712
0.0339959
0.0326553
0.0307068
0.0317489
0.0303868
0.0312276
0.0313385
0.0323459
0.031491
0.029272
0.0293204
0.0336838
0.0340706
0.0342813
0.0318774
0.0314863
0.0283999
0.0323037
0.0323439
0.0335302
0.0297894
0.0290691
0.0308774
0.0315531
0.0306484
0.0286515
0.027202
0.0260576
0.0290607
0.0301182
0.0311685
0.0299074
0.0270569
0.0275808
0.0293456
0.0289735
0.0287146
0.0280489
0.0269239
0.0278657
0.0273605
0.0274608
0.0309466
0.0302271
0.0326162
0.028694
0.0278433
0.0269046
0.0278761
0.0336833
0.0334536
0.0347931
0.0297453
0.0282064
0.0284666
0.0277291
0.0292117
0.0297171
0.0301561
0.0295329
0.0274827
0.0289638
0.0301314
0.0317761
0.02938
0.0270948
0.0251421
0.0262252
0.0264932
0.0259088
0.0302807
0.0286091
0.0280055
0.0277014
0.0251341
0.0241513
0.0292065
0.0309643
0.0251554
0.0273243
0.0271552
0.0286704
0.0267133
0.0253566
0.025
0.0281902
0.028928
0.0265365
0.0278525
0.0252181
0.0272528
0.0269309
0.0245993
0.0243071
0.0253271
0.0272285
0.0259219
0.0255409
0.0271335
0.0272773
0.0307854
0.0246743
0.0270708
0.0270596
0.0264395
0.0249219
0.0261384
0.0268917
0.0270846
0.0286355
0.0249021
0.0266776
0.0274735
0.0278301
0.0285584
0.0262731
0.0284822
0.0295367
0.0276964
0.0300486
0.0317664
0.0329604
0.0322878
0.0296593
0.0328721
0.0313762
0.031814
0.0285446
0.0302269
0.0302548
0.0294933
0.0269804
0.0274165
0.0281305
0.0308874
0.0271449
0.0257127
0.0260261
0.0260293
0.0270628
0.0277179
0.027108
0.0264432
0.0245242
0.0244666
0.024101
0.0250165
0.0253279
0.0251875
0.0234722
0.0265001
0.0255173
0.026423
0.0230182
0.0231726
0.0234577
0.0232936
0.0273803
0.0247229
0.024178
0.0261356
0.0257735
0.024566
0.0253592
0.0261962
0.0273004
0.0263465
0.0275012
0.0286668
0.0275149
0.0276593
0.0283976
0.029049
0.0269407
0.0287291
0.0309893
0.028187
0.0264595
0.026957
0.0272975
0.0274703
0.0284359
0.0276366
0.0271631
0.0260731
0.0263639
0.0260289
0.026603
0.0264285
0.0266681
0.0271475
0.0275715
0.0273024
0.0269764
0.0258206
0.0269141
0.0256883
0.0283359
0.0263029
0.0262594
0.0271044
0.0252371
0.0266441
0.0292074
0.0283741
0.0300745
0.0316037
0.030416
0.0315167
0.0299285
0.0320118
0.0320389
0.0315915
0.0314552
0.0303205
0.0305372
0.0295847
0.0253294
0.0272459
0.0252354
0.0251651
0.025591
0.0258465
0.026012
0.0261513
0.0260692
0.0260649
0.0253841
0.025682
0.0253824
0.0241594
0.0249121
0.0249645
0.0261907
0.0275829
0.0277347
0.0271582
0.0272573
0.0275546
0.0263736
0.0248558
0.0249673
0.0257082
0.0271163
0.0241738
0.0265134
0.0279513
0.0294326
0.0289684
0.0257113
0.025137
0.0244098
0.0267053
0.0255398
0.0247305
0.0255276
0.0250445
0.0258503
0.0271223
0.028646
0.0279057
0.0275231
0.0283564
0.0282119
0.0272904
0.025718
0.0263651
0.0273099
0.0281853
0.0294752
0.0268139
0.0289377
0.0280437
0.0286123
0.0286958
0.0285146
0.0282656
0.0282855
0.0282629
0.028706
0.0276191
0.0266561
0.0278404
0.0283027
0.0286729
0.0291061
0.0290323
0.0282544
0.0293872
0.0289222
0.0287156
0.0281688
0.0283329
0.0283996
0.0284071
0.02919
0.0290853
0.0296708
0.0309132
0.0311131
0.0315373
0.032312
0.0271567
0.0284005
0.0283832
0.0280322
0.0279847
0.0283006
0.0296247
0.0287618
0.0292413
0.0299438
0.028097
0.0291211
0.0292715
0.0285542
0.0286872
0.0294158
0.030375
0.0283354
0.0306994
0.0292173
0.0301229
0.0282444
0.028318
0.0292541
0.0291436
0.0294369
0.0291774
0.0299828
0.0318559
0.0309998
0.0284851
0.0295097
0.0286313
0.0286025
0.0282091
0.0289838
0.0300884
0.0320868
0.0286223
0.0286077
0.0286115
0.0283851
0.0273634
0.0273404
0.0274178
0.0277462
0.0304888
0.0286678
0.0281482
0.0270878
0.0264312
0.0278728
0.0273642
0.0300981
0.0259944
0.0269675
0.0282899
0.0285403
0.0275727
0.0282039
0.0279901
0.0282112
0.0261785
0.0245438
0.0245126
0.0242666
0.0246675
0.0259817
0.0264983
0.0244008
0.0297045
0.0308807
0.0311382
0.0289777
0.0305409
0.0313629
0.0334354
0.0330163
0.03
0.0327593
0.0314956
0.0303737
0.0330784
0.0317893
0.0318443
0.029715
0.0289274
0.0299436
0.029616
0.0271953
0.0244712
0.0241171
0.0230154
0.0232164
0.0241842
0.0289623
0.0302804
0.0278574
0.0312344
0.0312026
0.0270768
0.0257938
0.0274916
0.0261305
0.0273356
0.0287782
0.0308808
0.0308684
0.0295307
0.0291946
0.0302872
0.0278158
0.0274125
0.0268942
0.0263613
0.0273774
0.0274875
0.0290719
0.02678
0.0293372
0.029163
0.030246
0.0311871
0.0321404
0.0290173
0.0307699
0.0302373
0.0296659
0.0276963
0.0275654
0.0286745
0.0287552
0.0307069
0.0291358
0.0269416
0.0274604
0.0266108
0.0262397
0.0264599
0.0263329
0.0265214
0.0280537
0.0265019
0.0279028
0.0263277
0.0248821
0.0254177
0.026767
0.0255853
0.0253012
0.0249916
0.025824
0.0266494
0.0297968
0.0295869
0.0288756
0.0273523
0.0290284
0.0296991
0.0305447
0.0284139
0.0298589
0.0306089
0.0290365
0.0281471
0.0300594
0.0314806
0.0289639
0.0283648
0.0317326
0.0305341
0.0307834
0.0281047
0.0299692
0.030451
0.0300939
0.026925
0.0325602
0.0342312
0.032321
0.0290746
0.0285433
0.0293567
0.0298468
0.0316601
0.029451
0.0276356
0.0286827
0.0287297
0.0288986
0.029479
0.0285467
0.0288056
0.0287676
0.0283759
0.0286007
0.0293665
0.0273349
0.0279628
0.0300897
0.0278929
0.0284729
0.0285305
0.0319758
0.029349
0.0281061
0.0290773
0.0288896
0.0287263
0.0299203
0.0301036
0.0303361
0.0307733
0.0315612
0.0309731
0.0301771
0.0307667
0.0285698
0.0291866
0.0303815
0.0287042
0.0289109
0.028628
0.0289654
0.0292974
0.0277092
0.0286196
0.028843
0.028466
0.0282858
0.0286387
0.0303621
0.031489
0.0305205
0.0301767
0.031148
0.0299978
0.030639
0.0305722
0.0302503
0.0298285
0.0303012
0.0297524
0.031897
0.033864
0.0286509
0.0296281
0.0293804
0.02915
0.0294395
0.0293663
0.0318108
0.0287625
0.029597
0.0302241
0.0303324
0.0284619
0.0292879
0.0291587
0.0294761
0.0294214
0.0292709
0.0300283
0.030011
0.0320476
0.0335882
0.0290761
0.0303459
0.0302063
0.0299663
0.0290611
0.0301411
0.0291919
0.0295182
0.0313707
0.0305074
0.0292192
0.0298751
0.0293965
0.0321275
0.029522
0.0304891
0.0306267
0.0296907
0.029387
0.0328541
0.0307037
0.0287863
0.0295284
0.0295155
0.0294903
0.0294066
0.0311173
0.0295601
0.0305954
0.0300521
0.0300842
0.0287832
0.0295195
0.0293044
0.0299675
0.0294615
0.0295905
0.0300381
0.0299877
0.0300934
0.030358
0.0288833


