0.0162371
0.0141682
0.0170661
0.0135317
0.014183
0.0145026
0.0174237
0.0161939
0.0190063
0.0238124
0.0156044
0.015787
0.0177645
0.0169006
0.0182235
0.0208244
0.0210027
0.0208011
0.0205383
0.0222014
0.0207217
0.0187494
0.0192429
0.0178021
0.0224675
0.0198721
0.0223254
0.0189879
0.0213704
0.0201137
0.0199421
0.0231073
0.0221583
0.0208009
0.0209692
0.0203147
0.0195578
0.0175972
0.0170528
0.017138
0.0170744
0.0192314
0.0199733
0.0184078
0.0192572
0.0210891
0.0176877
0.0185217
0.0199789
0.0169656
0.0175671
0.0197007
0.0206826
0.0210434
0.0187742
0.0218587
0.0199257
0.0234012
0.0203937
0.0228376
0.0235857
0.0220106
0.0203112
0.0206229
0.0199705
0.02181
0.020279
0.0191416
0.0206098
0.0171373
0.0175391
0.0199029
0.0167889
0.0177916
0.0188447
0.0187734
0.0172904
0.0177949
0.0191319
0.0191096
0.0193549
0.020773
0.0204862
0.0198437
0.0212732
0.0205965
0.0200129
0.0208631
0.0220565
0.0229827
0.0234507
0.0232067
0.021939
0.0245665
0.0240888
0.0214948
0.0212919
0.0224071
0.0216959
0.0196565
0.0201279
0.0211994
0.0221168
0.0178242
0.017395
0.0176141
0.0230487
0.0146357
0.0296149
0.0156346
0.0156716
0.0227728
0.0194886
0.018167
0.0190058
0.0187099
0.0194591
0.0223634
0.0224299
0.0188806
0.0223308
0.0220974
0.0221173
0.0218062
0.0215185
0.0226631
0.0199882
0.019852
0.0212246
0.0191492
0.0218944
0.0203171
0.0211013
0.0203055
0.019288
0.0188041
0.0210662
0.0218355
0.0193571
0.0214769
0.0193487
0.018258
0.0188782
0.0174942
0.0199908
0.0185601
0.0186923
0.0194444
0.0221968
0.0239298
0.021655
0.0241836
0.0219523
0.0247858
0.0220818
0.0233784
0.0213821
0.0236295
0.0227361
0.0184944
0.0187633
0.0202696
0.0188236
0.0207698
0.0223139
0.020216
0.0199873
0.0189642
0.0214076
0.0192029
0.0230895
0.0219108
0.0187424
0.0185781
0.0197789
0.0205741
0.0199278
0.0194882
0.0199739
0.0171962
0.0130555
0.023654
0.0142832
0.0207741
0.0174397
0.0168856
0.0164993
0.0152821
0.0293836
0.0175602
0.0147959
0.0175365
0.0152472
0.0149601
0.0169057
0.023339
0.0207482
0.0204861
0.0180201
0.0174446
0.0191173
0.0192701
0.0184755
0.0187169
0.0189582
0.0192495
0.0208001
0.0199865
0.0209729
0.0197922
0.0193653
0.0221736
0.0193362
0.0209649
0.0207749
0.0214328
0.0189829
0.0220877
0.0220796
0.0206213
0.0210117
0.0211242
0.0193246
0.020097
0.020622
0.0191351
0.0200412
0.0198753
0.0215928
0.02055
0.017879
0.0218381
0.019625
0.0190645
0.021851
0.0203701
0.0195783
0.0176196
0.0196942
0.0202759
0.0184402
0.0182894
0.019766
0.0189293
0.0185005
0.0179507
0.0195936
0.0170707
0.0187461
0.0189247
0.0210268
0.019222
0.0185884
0.0184049
0.0219887
0.0202012
0.0227985
0.0190561
0.0196453
0.0213085
0.0193704
0.0212877
0.0203181
0.018331
0.0219745
0.0186237
0.0204495
0.0193936
0.0187972
0.0200462
0.0198204
0.0207742
0.0181224
0.0193575
0.0173287
0.0222147
0.0192603
0.0194329
0.0188244
0.0226857
0.0227619
0.0146634
0.0347087
0.0153322
0.0175559
0.0164685
0.0148651
0.0164194
0.014823
0.0145864
0.0150524
0.0171903
0.016389
0.0148691
0.0151432
0.0167212
0.0171847
0.0176819
0.0143089
0.0156622
0.0141388
0.0175741
0.0140996
0.0160181
0.01631
0.0146048
0.0156811
0.0139649
0.0144153
0.0145468
0.0138
0.0135477
0.0141463
0.0152296
0.0213391
0.0184168
0.0189672
0.0165435
0.0172476
0.0178053
0.0178065
0.0165438
0.0186577
0.0169818
0.0193447
0.0207048
0.0162669
0.0193895
0.0174292
0.0186816
0.0202818
0.0198539
0.0169728
0.0201276
0.0195618
0.0203799
0.0192592
0.0198699
0.0173049
0.0204425
0.0204745
0.0176156
0.0185615
0.0184875
0.0185797
0.0208426
0.0192669
0.0188681
0.0191627
0.0205873
0.0175364
0.0173129
0.0206566
0.0178971
0.0181701
0.0192899
0.0194518
0.0213271
0.0198083
0.0212439
0.0210369
0.0165787
0.0195186
0.0172241
0.0170928
0.0176074
0.0173069
0.0163507
0.0170488
0.0190454
0.0173362
0.0170983
0.0169898
0.0166005
0.019612
0.018675
0.0163209
0.0159579
0.015657
0.015361
0.0154248
0.015489
0.0167104
0.0160637
0.0159724
0.0190821
0.0170745
0.0183379
0.0166155
0.0168842
0.0166364
0.0196115
0.0189358
0.0198991
0.0180821
0.019225
0.0171809
0.0212813
0.0191439
0.0192651
0.021058
0.0179329
0.0217784
0.0200665
0.0193333
0.0203698
0.0202068
0.0209034
0.0212052
0.0212438
0.0193874
0.0217476
0.0194319
0.0189161
0.0191863
0.0187522
0.0187946
0.0201687
0.0183999
0.0191635
0.0203009
0.0208053
0.0178448
0.018632
0.0189821
0.0187762
0.018744
0.018997
0.0203574
0.0198667
0.0226275
0.0205001
0.0201312
0.0198293
0.0197176
0.0212141
0.0202346
0.0200134
0.0204596
0.0228572
0.0267063
0.0210402
0.0241319
0.0223491
0.022133
0.021264
0.0225384
0.0197736
0.0229725
0.0214322
0.0224633
0.0215748
0.0214756
0.02028
0.0206329
0.0248323
0.0211537
0.0229694
0.020332
0.0200622
0.0241006
0.0203263
0.0251878
0.023514
0.0198779
0.022438
0.0208767
0.0191104
0.0254367
0.0199117
0.0196308
0.020542
0.0223551
0.0198349
0.0213516
0.0196772
0.0201568
0.0207608
0.0188678
0.0189375
0.0202572
0.0198227
0.0201772
0.0186192
0.0192022
0.0217578
0.0235408
0.0192959
0.0201688
0.0194933
0.0214115
0.0214983
0.0188929
0.0189929
0.0186641
0.0209413
0.0184567
0.01931
0.0211161
0.0178202
0.0184213
0.0193734
0.0188624
0.0183659
0.0221249
0.0220178
0.0171789
0.0195852
0.020537
0.0190763
0.0185193
0.0195334
0.0185119
0.0182748
0.0187426
0.0222191
0.019186
0.0190095
0.0209954
0.0178592
0.0219372
0.0210947
0.0207317
0.0211161
0.0215631
0.0215703
0.0153952
0.0306351
0.0149791
0.0142233
0.0158529
0.0173818
0.0163297
0.0140325
0.0145983
0.0139272
0.0144789
0.0146781
0.0142204
0.0137271
0.0165995
0.0149655
0.0181645
0.0144177
0.0149395
0.0156094
0.0146578
0.015116
0.0155187
0.0160254
0.0155323
0.0155372
0.014467
0.0172549
0.0172032
0.0171218
0.0164373
0.0176566
0.01598
0.0165478
0.0165527
0.0171629
0.0175486
0.0150396
0.0157223
0.0173739
0.0140411
0.0165028
0.0147145
0.0170765
0.0167612
0.014367
0.016406
0.0140496
0.0162348
0.0168314
0.0158912
0.0139877
0.014265
0.0168393
0.0150543
0.0153088
0.0147495
0.0142061
0.0145982
0.0145501
0.0159766
0.0143684
0.0151102
0.0154199
0.0162628
0.0150961
0.0140214
0.0170882
0.0166233
0.0165609
0.0165475
0.0157115
0.0178074
0.0137658
0.0154945
0.0162006
0.0171648
0.0159873
0.0145407
0.0160174
0.0174455
0.016271
0.0174584
0.0173799
0.0148355
0.0141066
0.0140945
0.0160341
0.0145278
0.0141817
0.0146093
0.0163009
0.0168839
0.0143129
0.0180139
0.0148539
0.0143727
0.017823
0.0152149
0.0148185
0.0154821
0.0168418
0.0162611
0.0170626
0.0163414
0.0138861
0.0172096
0.0168498
0.0174048
0.0138064
0.017358
0.016526
0.0148891
0.0142135
0.0143496
0.0138753
0.01501
0.0174169
0.0176414
0.0172888
0.0158072
0.0161787
0.0145519
0.0172345
0.0176205
0.0163557
0.0165186
0.0174979
0.0179373
0.0148657
0.0143623
0.0166219
0.0160138
0.014051
0.0144347
0.0149908
0.0142965
0.0151806
0.016904
0.0147085
0.016608
0.016828
0.0164466
0.0164645
0.0156251
0.0169719
0.0156582
0.0163532
0.0176727
0.0178365
0.0170372
0.0148819
0.0153302
0.0147402
0.0166147
0.014283
0.0169004
0.0166976
0.0176927
0.014734
0.0166184
0.0173141
0.0167541
0.0142844
0.0165347
0.016243
0.0165029
0.0175413
0.0143399
0.0174345
0.0167906
0.0174772
0.0172899
0.0180357
0.0170298
0.0155491
0.0152037
0.0174266
0.0140731
0.0143903
0.0165669
0.0148557
0.0161123
0.0148673
0.0141501
0.0150745
0.017932
0.0148266
0.016958
0.0164222
0.0173145
0.0167688
0.0149522
0.0149223
0.0167285
0.0161569
0.0173105
0.0165473
0.01423
0.0164343
0.0143976
0.0144924
0.017249
0.0163542
0.0163715
0.0152106
0.0165368
0.0149425
0.0148191
0.0144219
0.0148243
0.0154919
0.0165773
0.0150376
0.0179163
0.0145894
0.0144659
0.0170279
0.0151555
0.0167882
0.01637
0.0164952
0.0161062
0.0155115
0.0164098
0.0165558
0.0164346
0.01469
0.0173137
0.0157094
0.0176051
0.016778
0.0163487
0.0172241
0.0173828
0.016933
0.0165127
0.017639
0.014065
0.0145741
0.0164092
0.0175542
0.0162024
0.0144664
0.0170508
0.0143532
0.0175424
0.0242307
0.0191765
0.0185577
0.0191758
0.0176124
0.0178258
0.0158722
0.0176992
0.0161639
0.017393
0.016605
0.0183902
0.0161125
0.017384
0.01898
0.0170761
0.0170579
0.0175944
0.017585
0.0173907
0.0186639
0.0186598
0.0195048
0.020747
0.0196676
0.0205875
0.0202105
0.0192636
0.0186998
0.021033
0.0206426
0.0218641
0.0186123
0.0207152
0.0216916
0.0178248
0.0197519
0.0214344
0.0197273
0.0195662
0.0215873
0.0201566
0.0203006
0.0226793
0.0201734
0.0218094
0.0187348
0.0216638
0.0211408
0.0216211
0.0202683
0.0207128
0.0233389
0.0204402
0.0228589
0.0201661
0.0244792
0.0234335
0.0255158
0.0213232
0.0205428
0.0243347
0.0234582
0.0241484
0.0220228
0.0211423
0.0213577
0.0308565
0.0227071
0.0197306
0.0240982
0.0244599
0.0221024
0.0243739
0.0245862
0.0244653
0.0250974
0.0240108
0.0228682
0.0205664
0.0253635
0.023671
0.0236275
0.024344
0.0231303
0.023051
0.0236184
0.0242393
0.0229198
0.0220911
0.0259445
0.0248861
0.0247552
0.0259289
0.0238187
0.0256997
0.0258114
0.0234162
0.0233852
0.0260954
0.0237268
0.0250392
0.0235684
0.0250207
0.0232723
0.0247683
0.0222082
0.0249696
0.0209602
0.0225608
0.0222044
0.0261618
0.0262681
0.0220376
0.0220084
0.0228572
0.0262193
0.0266182
0.0238525
0.0262497
0.0252487
0.0244192
0.0259712
0.0244969
0.0250022
0.0257053
0.0263931
0.0232391
0.023733
0.0256109
0.0265764
0.0264641
0.0236202
0.0241125
0.023644
0.0267609
0.0227479
0.0255195
0.023976
0.0236903
0.0230993
0.0241451
0.0248946
0.0255135
0.0261917
0.0239831
0.0254851
0.0236655
0.0258881
0.0232627
0.0278879
0.0236664
0.0234516
0.0251181
0.0229635
0.0234087
0.0236025
0.0248767
0.0267203
0.0242448
0.0230898
0.0260092
0.0232872
0.0240112
0.0243374
0.0254563
0.0228122
0.0249899
0.0261551
0.0248583
0.0260338
0.0251264
0.02217
0.0256585
0.0269407
0.0266177
0.0232686
0.0240938
0.0264232
0.0234843
0.0246446
0.0278861
0.0220157
0.025511
0.0225289
0.0267141
0.0255162
0.0234861
0.0253656
0.0258442
0.0246454
0.0257066
0.0232455
0.0246749
0.0229557
0.0248156
0.0265705
0.0214401
0.0250128
0.0246106
0.0262279
0.0232075
0.0250424
0.0242356
0.0224786
0.0248652
0.0239584
0.0231471
0.0255385
0.0239009
0.0245217
0.0239393
0.0228408
0.023041
0.0256846
0.0226013
0.0243121
0.022828
0.0232445
0.0244149
0.020715
0.0249476
0.0252512
0.0249978
0.0251307
0.0234343
0.0244936
0.0241655
0.0234912
0.0254514
0.0239479
0.0213271
0.0246739
0.0231599
0.0236873
0.0220902
0.0232027
0.0249295
0.0237913
0.0230172
0.0229664
0.0242363
0.0242164
0.0222417
0.0211412
0.0208104
0.0223741
0.0205228
0.0248572
0.0229708
0.0206629
0.0223707
0.0241195
0.0229972
0.0202444
0.0217502
0.0240426
0.0219417
0.0225374
0.023424
0.022786
0.0239183
0.0239529
0.0240707
0.0224766
0.0225433
0.0259498
0.0199988
0.0221495
0.0227439
0.0217393
0.0237666
0.0215348
0.0200581
0.0211129
0.0235297
0.0232724
0.0244709
0.0230616
0.0208277
0.0216004
0.0235648
0.0210402
0.0213015
0.0242401
0.0220827
0.023502
0.0244128
0.0215033
0.0231275
0.0202547
0.0204118
0.0216214
0.0241835
0.0237079
0.0241661
0.0209363
0.021809
0.0230204
0.0231371
0.024512
0.0242322
0.0234844
0.0207453
0.021313
0.021564
0.02034
0.0234917
0.0241792
0.0230373
0.0229151
0.0225973
0.0228854
0.021766
0.0216622
0.0215273
0.0239881
0.0238584
0.0199716
0.0220473
0.0217579
0.0241147
0.024057
0.0226117
0.0213899
0.0234226
0.0250363
0.0225197
0.0214472
0.022351
0.0241543
0.0245036
0.0232086
0.0227339
0.020919
0.022761
0.0235666
0.0236644
0.022815
0.0220533
0.0214525
0.0257522
0.023143
0.0228857
0.0226383
0.0243829
0.0221101
0.0228956
0.025007
0.0226805
0.0226007
0.0248952
0.0227066
0.0245134
0.0236411
0.0234281
0.0256102
0.0256649
0.0254275
0.0232685
0.0242066
0.0235421
0.0226938
0.0217165
0.0231106
0.0264606
0.0244641
0.0239265
0.0252135
0.0246749
0.0247722
0.022719
0.0234277
0.0248391
0.023288
0.0249803
0.0246139
0.0254019
0.0234682
0.022934
0.0239631
0.025466
0.0244239
0.0241377
0.0231296
0.0244741
0.0231408
0.0248523
0.0240742
0.02182
0.0236268
0.0248749
0.0231319
0.0260258
0.023242
0.0223096
0.0234069
0.0234165
0.0236854
0.02178
0.0263133
0.0236759
0.0234643
0.0234435
0.0233221
0.0290982
0.0220146
0.0239268
0.0247065
0.0225267
0.0241369
0.02481
0.0240176
0.0224766
0.0225453
0.0240248
0.0229006
0.0232706
0.0226912
0.0251566
0.0242584
0.0234091
0.0243132
0.0240461
0.0230456
0.0234316
0.022578
0.0236205
0.0243713
0.0261195
0.0251302
0.0242853
0.0238549
0.0233835
0.023516
0.0245557
0.0215977
0.022917
0.0230063
0.0254425
0.0246922
0.0230038
0.0253688
0.0249155
0.024793
0.025095
0.0234942
0.0227668
0.0237235
0.0233191
0.022078
0.0255012
0.0244024
0.0232321
0.0216259
0.0232528
0.023896
0.0228089
0.0227773
0.0232968
0.0260403
0.0266769
0.0243628
0.0249936
0.024598
0.0248163
0.0229839
0.0241529
0.02358
0.0259
0.026505
0.0229576
0.0265021
0.0241015
0.0237906
0.0249534
0.0269668
0.0224277
0.0239407
0.023402
0.0253438
0.0269537
0.0242372
0.0260924
0.0239492
0.0254783
0.0283726
0.025935
0.0245584
0.0246611
0.0234621
0.0254945
0.0253431
0.0241098
0.0267924
0.02277
0.0255969
0.0237916
0.0237997
0.0234922
0.0240794
0.0243695
0.0262544
0.024925
0.0245816
0.0239771
0.0235233
0.0239526
0.0233843
0.0241112
0.0263139
0.0254941
0.0249922
0.0230123
0.0236588
0.0227626
0.0248924
0.0246873
0.0245669
0.0247422
0.0248498
0.0258988
0.0271717
0.0234868
0.0236476
0.0233275
0.0229874
0.0238467
0.023869
0.0248832
0.0229305
0.0256173
0.0259679
0.0226688
0.0252085
0.0258736
0.0258195
0.0261716
0.0247804
0.0240604
0.0262008
0.0253313
0.0247481
0.025671
0.0259201
0.0260701
0.0241552
0.0251262
0.0265221
0.0238103
0.0239188
0.0257471
0.0261331
0.0257611
0.0276909
0.0237635
0.0266906
0.0234585
0.02541
0.0265271
0.0244161
0.023422
0.0255017
0.0241198
0.0271172
0.023255
0.0264032
0.0232076
0.0231427
0.0240283
0.0259375
0.0248255
0.0246259
0.0227778
0.023359
0.0273877
0.0225354
0.0258395
0.0251527
0.0235048
0.0252558
0.0231424
0.0248223
0.0262166
0.0259485
0.0270584
0.0229594
0.0257126
0.0248949
0.0243676
0.0230653
0.0244164
0.0257511
0.0267514
0.0251706
0.0240385
0.0234057
0.0245337
0.023404
0.0226504
0.0227897
0.0221232
0.0234699
0.0250191
0.0233745
0.0234518
0.0211975
0.0238923
0.023661
0.0227717
0.0234291
0.0287031
0.0230371
0.0250684
0.0247807
0.0223369
0.0226457
0.0228224
0.0230444
0.0225923
0.0255101
0.0219823
0.02196
0.024416
0.0206302
0.0241598
0.0242918
0.0223179
0.0227799
0.0225262
0.0239858
0.0225869
0.0250591
0.0225382
0.0213915
0.0224961
0.022664
0.0226538
0.0234987
0.0224252
0.0217191
0.0217263
0.0230502
0.0244708
0.0249017
0.0233644
0.0215713
0.0226842
0.0241941
0.0232085
0.0247369
0.022279
0.0221925
0.0242812
0.0238145
0.024236
0.0227797
0.0227432
0.0227567
0.0259429
0.0243852
0.0254818
0.0223939
0.0250972
0.0217298
0.0213299
0.0245144
0.0225033
0.0249701
0.0220221
0.0225302
0.0231921
0.0238164
0.0231359
0.0241399
0.0236372
0.0223959
0.0220344
0.0220084
0.0224003
0.0245421
0.023045
0.0211027
0.0219337
0.0223562
0.0215886
0.0232032
0.0253056
0.0236397
0.0229817
0.0240977
0.024893
0.0236965
0.0225833
0.023671
0.0244699
0.0224031
0.0250778
0.0229102
0.0222435
0.0231809
0.0218388
0.0237911
0.022715
0.0224017
0.0255199
0.0230392
0.0221888
0.0242276
0.024299
0.0252509
0.0226618
0.0247981
0.0222843
0.0220021
0.0209288
0.0224783
0.0207534
0.0227921
0.023975
0.0221286
0.0234358
0.0265388
0.0229206
0.0232724
0.0228883
0.0254633
0.0239922
0.0235721
0.022937
0.0235304
0.0257872
0.0243606
0.0243171
0.0263408
0.0257287
0.0232171
0.0225785
0.0251459
0.0248753
0.0245097
0.0207812
0.021843
0.024982
0.02401
0.0252538
0.02348
0.0212378
0.0220741
0.0226307
0.0222222
0.0247379
0.0259162
0.0213747
0.0250296
0.0224298
0.0251761
0.0225264
0.0226536
0.0224969
0.0235489
0.0235114
0.0238182
0.022399
0.023367
0.023412
0.0258639
0.0232791
0.0227783
0.0257466
0.0224551
0.0231888
0.0220122
0.0229881
0.0221505
0.0250895
0.026565
0.0236916
0.022238
0.0230881
0.0244823
0.0239153
0.0231949
0.0239463
0.0245726
0.0216971
0.0224481
0.0251409
0.0243644
0.0254932
0.0254966
0.0251735
0.0224713
0.0236137
0.0217424
0.0224291
0.0228827
0.0249333
0.0232225
0.0237292
0.0243603
0.022874
0.024802
0.0239328
0.0216437
0.0227344
0.0257482
0.0250268
0.0261744
0.0245198
0.0246458
0.0245673
0.0260859
0.0242773
0.0231485
0.0237694
0.0231251
0.0245649
0.0225477
0.0253054
0.0229555
0.0231018
0.0254941
0.0262444
0.0250822
0.0231232
0.0218929
0.0228714
0.0229759
0.0232049
0.026999
0.0241
0.022746
0.0235979
0.0256275
0.0244057
0.0219033
0.0251813
0.0226155
0.0259329
0.0254183
0.0226586
0.0256287
0.0231732
0.0220506
0.0219754
0.0222823
0.0237367
0.021641
0.0218056
0.0222287
0.0239428
0.0205324
0.0227132
0.0233058
0.0239584
0.0219032
0.0213337
0.0205114
0.022934
0.0226274
0.02218
0.0197833
0.0231734
0.0212335
0.021312
0.019911
0.0218116
0.021625
0.022152
0.0224862
0.019477
0.0213719
0.0219393
0.0210903
0.0246334
0.0220514
0.0215469
0.0248415
0.0194481
0.0214087
0.0209593
0.0213933
0.0242113
0.0227581
0.0223671
0.0218516
0.0250812
0.021182
0.0215147
0.0229467
0.0231388
0.0225028
0.0211918
0.02441
0.021332
0.0219544
0.0229022
0.0242609
0.0224645
0.0211737
0.0239882
0.0213896
0.0237719
0.0238156
0.0241956
0.0243037
0.0214351
0.019726
0.0237364
0.0231108
0.0231884
0.0226773
0.0219453
0.0225946
0.0220427
0.0203348
0.0206552
0.0210074
0.0205468
0.0208534
0.0206901
0.0224145
0.0240753
0.0215445
0.0219392
0.0246117
0.0199843
0.0226352
0.0223688
0.0212438
0.0211714
0.0238994
0.022177
0.0209439
0.0280688
0.0198429
0.0209205
0.0219858
0.0205116
0.0227924
0.021954
0.0231602
0.0222175
0.0205714
0.023696
0.0233452
0.0245522
0.0219062
0.0223761
0.0231021
0.0221924
0.025254
0.0239821
0.0223809
0.0234125
0.0246542
0.0256909
0.0245523
0.0254634
0.0232788
0.0259269
0.025442
0.0250086
0.0224333
0.0236407
0.0236962
0.0227102
0.0233858
0.0247331
0.0256835
0.0231341
0.0250535
0.0258098
0.0243233
0.0244072
0.0230249
0.0236639
0.0243921
0.0253916
0.0229779
0.0213077
0.0256315
0.0261059
0.023158
0.0233275
0.0249456
0.0227572
0.0226579
0.0228665
0.0266452
0.0248281
0.022708
0.0252813
0.0246473
0.0263924
0.0231472
0.0248733
0.0230875
0.0251938
0.0252022
0.0252587
0.0225411
0.023777
0.02505
0.0306578
0.0248355
0.0241425
0.0252809
0.0233666
0.0255665
0.0247087
0.0251805
0.0275071
0.0272009
0.0244634
0.025334
0.0257757
0.0238704
0.0258131
0.0264964
0.025441
0.0231871
0.025876
0.0252998
0.0219256
0.0235741
0.024244
0.0236624
0.0250345
0.0226734
0.0236365
0.0244979
0.0242133
0.0238173
0.0238563
0.0233781
0.0226537
0.0238644
0.0247698
0.0246582
0.026556
0.0238337
0.0243028
0.030153
0.0250036
0.0244341
0.0228446
0.0245157
0.0228214
0.0214262
0.0256269
0.0231839
0.0227837
0.0237657
0.0253483
0.0242153
0.0229521
0.0247342
0.0214728
0.0233772
0.0262503
0.0251159
0.0247048
0.0229335
0.0268418
0.0225818
0.0245641
0.0253272
0.024932
0.0233499
0.0234195
0.025877
0.023248
0.0249597
0.0266579
0.0245252
0.0251945
0.0265605
0.0223168
0.0252704
0.0228526
0.0217234
0.0223234
0.0227601
0.0219465
0.0224956
0.0240254
0.0280507
0.0220799
0.0227294
0.0227727
0.0229492
0.0224992
0.0251402
0.0231881
0.0245118
0.0249566
0.0223704
0.022369
0.0220715
0.0245045
0.0233921
0.0218642
0.0225093
0.0242958
0.022042
0.0216716
0.0202587
0.0226033
0.0225906
0.0241321
0.0238057
0.022908
0.0228314
0.0220581
0.0241762
0.0225304
0.023181
0.0232066
0.0235411
0.0261741
0.0214584
0.0227479
0.022458
0.024765
0.0221195
0.0257978
0.0239487
0.0214383
0.0263282
0.0231057
0.022112
0.0228513
0.0219809
0.0249192
0.0225561
0.0215446
0.0224923
0.0249067
0.0236822
0.0253975
0.0228144
0.0238722
0.0257337
0.0218575
0.0224867
0.0223844
0.0224402
0.0206461
0.0245599
0.0228423
0.02216
0.0219764
0.0243555
0.0205042
0.0216749
0.0237117
0.0224308
0.0211316
0.0217077
0.0238618
0.0206433
0.0225733
0.0220653
0.0223488
0.021624
0.0213206
0.0223007
0.0216438
0.0239896
0.0239302
0.021013
0.0223227
0.0238791
0.0223716
0.0208613
0.0220535
0.0226106
0.0234133
0.0217854
0.0244096
0.0252606
0.0243423
0.0264315
0.0235399
0.0240788
0.0216284
0.0266883
0.0244656
0.024812
0.0256015
0.0254466
0.0242923
0.0229873
0.0214255
0.0234452
0.0221372
0.0236135
0.0216069
0.023039
0.0261495
0.0241984
0.0245151
0.0247779
0.02395
0.0242749
0.0251336
0.0223071
0.0238844
0.023221
0.0238337
0.0225518
0.0248242
0.0218495
0.0243359
0.0252827
0.0237594
0.0228298
0.0230484
0.0248091
0.0230541
0.0220582
0.024053
0.02467
0.0269896
0.0262564
0.0239747
0.0254491
0.0263109
0.0254719
0.0275362
0.0243922
0.028131
0.0260581
0.0248486
0.0249333
0.025288
0.024498
0.0248958
0.0272232
0.0264143
0.0263703
0.0243725
0.0271989
0.0271463
0.0241887
0.0259184
0.0254647
0.0252444
0.0277819
0.0281859
0.0268149
0.0243818
0.0231767
0.023692
0.0291974
0.0271491
0.0257849
0.0266773
0.026386
0.0231499
0.02473
0.0252008
0.024947
0.024882
0.0266129
0.0237363
0.0273967
0.0267968
0.0237283
0.0245205
0.0236327
0.023129
0.0253589
0.0229181
0.0243292
0.0249289
0.0254642
0.0249086
0.0266547
0.023898
0.0271279
0.0239428
0.0245971
0.0237815
0.023769
0.0260635
0.0263383
0.0275101
0.0254442
0.0222554
0.0226235
0.0261377
0.0265959
0.0267462
0.0228967
0.0231086
0.0228872
0.0262769
0.0216949
0.0248792
0.0262559
0.0227484
0.0249935
0.0232474
0.0238989
0.0231713
0.0242288
0.0239909
0.025495
0.026597
0.0239676
0.0251638
0.0242789
0.0254578
0.0245376
0.0240767
0.0258431
0.0247113
0.0232458
0.0242427
0.0243122
0.0276623
0.0223747
0.0251615
0.0265556
0.0273613
0.0248313
0.0260444
0.0257809
0.0234765
0.0266311
0.0235819
0.0229405
0.0219231
0.0242154
0.0235389
0.0265487
0.0246283
0.0234054
0.0242736
0.0242036
0.0233813
0.0255379
0.0276287
0.0216441
0.0236309
0.0247354
0.0243218
0.0235215
0.0217671
0.0248337
0.0245215
0.0252623
0.0237953
0.0243246
0.0238272
0.0242889
0.0251051
0.0271063
0.0262104
0.0209976
0.0233627
0.0229901
0.0234913
0.0245602
0.021139
0.023015
0.0237622
0.025859
0.0229303
0.0260709
0.0251307
0.0241686
0.0217866
0.0239532
0.0251003
0.0242366
0.0238371
0.0234047
0.027196
0.0246963
0.0259647
0.0258579
0.022472
0.0235433
0.0255438
0.0231707
0.0266648
0.0237976
0.0238248
0.0263036
0.0242041
0.024175
0.0226843
0.0269407
0.0245314
0.0260684
0.0276323
0.0241456
0.0240527
0.0242419
0.0282265
0.0247429
0.0233769
0.0243674
0.0289244
0.0257291
0.0244491
0.0246028
0.0237474
0.0270205
0.024675
0.0246936
0.0253907
0.0246336
0.0234793
0.027089
0.0246206
0.0242287
0.0259182
0.022789
0.0250621
0.0234398
0.027303
0.0259018
0.0243028
0.0250447
0.025445
0.0236893
0.0224241
0.0240843
0.0249926
0.0263954
0.0263469
0.0251973
0.0242861
0.0277901
0.0242858
0.0239475
0.0276646
0.0242981
0.0218237
0.0263235
0.0251598
0.0256589
0.0220728
0.0241903
0.0264713
0.0245772
0.0215581
0.0235107
0.0234565
0.0243767
0.0277501
0.0276573
0.0227887
0.0271277
0.0229255
0.022437
0.0243401
0.0252179
0.0237371
0.0220004
0.0265191
0.0239053
0.0242972
0.0247788
0.0248814
0.0212548
0.0274933
0.0262454
0.022441
0.0231938
0.0224336
0.0254937
0.0244321
0.0225266
0.0272563
0.0249444
0.0229429
0.0249973
0.0257251
0.0217169
0.0227705
0.0232449
0.0227835
0.0228861
0.0269031
0.0227063
0.024535
0.0231661
0.0256593
0.0224259
0.0264308
0.0246575
0.0232305
0.0240767
0.0261232
0.024096
0.0227423
0.0230384
0.0248815
0.0254203
0.0274069
0.0250549
0.0262791
0.0235847
0.0256771
0.0229686
0.023878
0.0244536
0.0239337
0.0257604
0.0264705
0.0247912
0.0246188
0.0266798
0.0256223
0.023494
0.0230897
0.0238478
0.0258709
0.0272613
0.0270762
0.0280132
0.0255676
0.0235345
0.0274147
0.0264077
0.0258412
0.0239677
0.02784
0.0256713
0.0274069
0.024262
0.0228685
0.0229264
0.0266791
0.0282893
0.0243559
0.0262235
0.0240063
0.0268081
0.0255723
0.0265964
0.0279545
0.0273875
0.0265471
0.0250453
0.0268193
0.0276969
0.0284709
0.0264098
0.0259895
0.0250218
0.0275584
0.0272617
0.0310357
0.0270037
0.0272242
0.0307813
0.027895
0.0269024
0.0269076
0.0281562
0.0292055
0.0293601
0.0262606
0.0270789
0.0272106
0.027337
0.0264205
0.0292535
0.0296259
0.0301127
0.0288793
0.0252709
0.0292098
0.0246537
0.0285395
0.0268704
0.0271102
0.0276863
0.0266923
0.0286464
0.029386
0.0286679
0.0269421
0.0277647
0.030014
0.0285735
0.0257792
0.0252353
0.0253923
0.0280956
0.0293661
0.0275036
0.0282456
0.0261026
0.0263492
0.0270293
0.0296242
0.0247932
0.0261062
0.0283681
0.0266339
0.0286541
0.0303862
0.027091
0.0248665
0.0270058
0.0280896
0.0264265
0.0259404
0.0255809
0.0293594
0.0241755
0.0262537
0.0270162
0.0268907
0.0275856
0.0268623
0.0240271
0.030088
0.0278916
0.0283648
0.0262641
0.0267572
0.028718
0.0247818
0.0277603
0.0273416
0.0285871
0.0281547
0.0257956
0.0304956
0.0249495
0.0268591
0.0258958
0.0290158
0.0287136
0.0255365
0.0277404
0.0249277
0.0264676
0.0265904
0.030748
0.0284179
0.0268613
0.0270276
0.0249528
0.0262663
0.0319928
0.0303082
0.0284716
0.0292895
0.0287979
0.0293808
0.0273789
0.0269501
0.0258481
0.0263062
0.0260738
0.0275321
0.0284424
0.0258437
0.0273862
0.0254828
0.0290999
0.0285814
0.0291806
0.0292824
0.0260145
0.0286176
0.027213
0.0259377
0.0266789
0.0246457
0.0292776
0.0284196
0.0253428
0.026166
0.0278634
0.0247995
0.0263771
0.0274221
0.0262251
0.026714
0.0264567
0.0288579
0.0247339
0.0271832
0.0282627
0.0274835
0.0282928
0.0250661
0.0257431
0.0272441
0.0303714
0.0255078
0.0241687
0.0256148
0.02711
0.0237358
0.0287802
0.0289158
0.0246197
0.030441
0.0260089
0.0250972
0.0263923
0.0262705
0.0275005
0.0261195
0.0261329
0.0242561
0.0260597
0.0266382
0.0242007
0.0257745
0.0268634
0.0242702
0.0267803
0.0270577
0.0239619
0.0266646
0.0269066
0.0270324
0.023904
0.0287859
0.0272765
0.0275877
0.0273824
0.0257669
0.0263684
0.028193
0.0242634
0.025805
0.0248412
0.0271341
0.0237721
0.0256982
0.0284232
0.0251272
0.0242923
0.0275529
0.0241672
0.0246379
0.0255549
0.0280124
0.0268752
0.0270168
0.0262573
0.025614
0.0255453
0.0266425
0.0274971
0.0275937
0.0266169
0.0293471
0.0244993
0.0273601
0.0266242
0.0275983
0.0263115
0.0244231
0.0233711
0.0245882
0.0263306
0.0241329
0.0245985
0.0240918
0.0254085
0.0250492
0.026503
0.0267671
0.0241301
0.0280386
0.0275561
0.0271277
0.0259764
0.0247515
0.0255298
0.0261163
0.0286057
0.0285355
0.0261867
0.0268693
0.0268575
0.0248486
0.024933
0.0257381
0.0253472
0.0257555
0.0241144
0.0270101
0.0253495
0.0275681
0.027405
0.0247843
0.0268923
0.0268827
0.0277856
0.0277618
0.0275152
0.02879
0.0246963
0.0248479
0.0244761
0.0280921
0.0254195
0.025129
0.0259007
0.0281473
0.0250722
0.0261339
0.0240631
0.0293234
0.0270637
0.0282938
0.0261165
0.0275319
0.0267799
0.0262445
0.0285175
0.024154
0.0284431
0.0274901
0.028471
0.0272821
0.0271962
0.0264289
0.028844
0.0262793
0.0262795
0.0270527
0.024492
0.0288752
0.0269456
0.0273678
0.0280846
0.0280453
0.0275104
0.0261609
0.0273477
0.0304725
0.0267989
0.0291703
0.0266596
0.02865
0.0273608
0.0291046
0.0287101
0.0278721
0.0265998
0.0274971
0.0253554
0.026838
0.026656
0.029855
0.0270002
0.0268064
0.0280705
0.0259121
0.0275593
0.0274769
0.0274417
0.0271977
0.0303532
0.0279365
0.0296704
0.0252691
0.0297327
0.0281041
0.0283328
0.0293111
0.0278542
0.0287862
0.0267035
0.0276915
0.0293879
0.0313211
0.0259181
0.0300419
0.0278367
0.0316366
0.0250952
0.0273783
0.0309334
0.0284916
0.0259031
0.0277112
0.0251476
0.0304884
0.0269427
0.0277415
0.0256496
0.0275684
0.0248564
0.0273275
0.0272777
0.0276639
0.0278036
0.0252245
0.028307
0.032353
0.0254581
0.0288755
0.0281403
0.026255
0.028658
0.028466
0.0278814
0.0272834
0.0299136
0.0285551
0.0315974
0.0287809
0.0257437
0.0293543
0.0266581
0.0284785
0.0259151
0.0273185
0.0284853
0.0295556
0.02945
0.0293627
0.0268944
0.027346
0.0296838
0.0266573
0.0281207
0.0298821
0.0304001
0.0278016
0.0293745
0.030398
0.0283966
0.0279066
0.0294822
0.028188
0.0285902
0.0314135
0.0340136
0.0307183
0.0323618
0.0294797
0.0283921
0.0279025
0.0299315
0.0334583
0.0286259
0.0311597
0.0322472
0.0309516
0.031073
0.029068
0.0299894
0.0300958
0.0291957
0.0314899
0.028058
0.0325429
0.0299677
0.0277398
0.0306155
0.0303745
0.0289304
0.0289121
0.029538
0.0308049
0.0289634
0.0294041
0.0280054
0.0338303
0.0297253
0.0291355
0.0282528
0.0321837
0.0289965
0.0293472
0.0295991
0.0299447
0.0297028
0.0308251
0.0280318
0.0302924
0.0292747
0.0288292
0.0292628
0.0316098
0.0280169
0.0312543
0.0305944
0.0275046
0.031377
0.0298484
0.0264431
0.0281385
0.0291287
0.0294052
0.02902
0.029937
0.030409
0.0273495
0.0294
0.0293168
0.0290341
0.0281867
0.0284521
0.0288767
0.0310022
0.0301903
0.0304472
0.0284088
0.0291562
0.0289758
0.0285111
0.0310251
0.031039
0.0306379
0.0299996
0.0306266
0.0286809
0.0307038
0.030848
0.0285916
0.0289208
0.0288812
0.0287061
0.0283348
0.029303
0.0282148
0.0287931
0.0309008
0.0316175
0.0294037
0.0300941
0.0325415
0.027296
0.0284878
0.030781
0.0310626
0.0288435
0.0291315
0.0290436
0.0287847
0.0336739
0.0306295
0.0276097
0.0310047
0.0307005
0.0299763
0.0324161
0.0312147
0.0308541
0.0308565
0.0284398
0.0274445
0.0294149
0.0298086
0.0283655
0.0272771
0.0316177
0.0296058
0.0299889
0.0277924
0.0310065
0.0315897
0.0313956
0.0292435
0.0311252
0.0294925
0.0291873
0.0314655
0.0294749
0.0287057
0.0296625
0.029224
0.0307962
0.0289568
0.0286509
0.0282394
0.0273582
0.0283401
0.0305957
0.0315168
0.0282152
0.0319848
0.0285082
0.0303733
0.0279845
0.0266161
0.031298
0.0283002
0.0303705
0.0275311
0.0302249
0.0296612
0.0297004
0.0268311
0.0321076
0.0286524
0.0272611
0.029141
0.0282954
0.0303383
0.0280659
0.0286191
0.0308924
0.0272683
0.028573
0.0278496
0.0264588
0.0307344
0.0299679
0.0284458
0.0288882
0.0288668
0.0281927
0.0276355
0.0278381
0.0291542
0.0281666
0.0284072
0.0284741
0.0275673
0.0280535
0.0279174
0.0278544
0.0258366
0.0304867
0.0272542
0.0284908
0.0266018
0.0267462
0.0246272
0.0257173
0.0300023
0.0247973
0.0265328
0.0265783
0.0287748
0.0255509
0.0302145
0.0289314
0.026678
0.0268534
0.0250368
0.0265922
0.0273633
0.0277968
0.0280554
0.0271542
0.0249702
0.0292918
0.0263733
0.025867
0.0243352
0.0263876
0.0232367
0.0264734
0.0256685
0.0244303
0.0280115
0.0263191
0.0231714
0.026705
0.0256305
0.0245426
0.0257213
0.0275174
0.0262018
0.0264292
0.0289564
0.0267738
0.0274011
0.0260717
0.026174
0.0234639
0.0243336
0.0246384
0.0247039
0.0239419
0.0273625
0.0265949
0.0277969
0.0250137
0.0254082
0.0274632
0.0242433
0.0244961
0.0249142
0.0273427
0.0244241
0.0246346
0.0242378
0.025607
0.0230581
0.0255271
0.0250159
0.0226087
0.0261124
0.0245737
0.0275101
0.0238854
0.0224134
0.0244387
0.0249154
0.0217309
0.0235622
0.0245853
0.0221169
0.0261704
0.0222556
0.0236905
0.0222504
0.0221678
0.0228325
0.0266369
0.021879
0.0261808
0.0233274
0.0220103
0.0229232
0.0270057
0.0220059
0.025494
0.0264982
0.0239731
0.0264289
0.0254373
0.0234739
0.0235961
0.0242562
0.022956
0.0229767
0.0237707
0.0223508
0.0230429
0.0198942
0.0231981
0.0240738
0.0214404
0.0201481
0.022575
0.0215637
0.0235806
0.0197728
0.021328
0.0223739
0.0253953
0.023296
0.0247584
0.0224506
0.0222698
0.0214813
0.0201631
0.0244258
0.0251305
0.0242551
0.0220393
0.023745
0.0222847


