0.0157591
0.0206789
0.0180185
0.0184583
0.0160728
0.0160201
0.0160602
0.0196263
0.0166573
0.0196178
0.0177586
0.017426
0.0180273
0.0168333
0.0180573
0.0201465
0.021361
0.0204499
0.0209052
0.0168043
0.0197851
0.0191848
0.019067
0.0201061
0.0181313
0.0216578
0.0219516
0.0207074
0.0196618
0.0197614
0.0210113
0.0220893
0.0221445
0.0203945
0.0202279
0.0219651
0.0181115
0.018957
0.0170373
0.0170211
0.0172001
0.0208163
0.0181354
0.0175461
0.0177404
0.0179951
0.0201233
0.0188827
0.0194039
0.0175909
0.0176263
0.0172792
0.0187164
0.0178615
0.0195109
0.0186965
0.0199783
0.0206394
0.0203926
0.0196256
0.0223015
0.0234295
0.0214327
0.0230915
0.0214594
0.0217606
0.0198788
0.0206577
0.0206755
0.0208132
0.0190804
0.0179857
0.0181801
0.0184303
0.0198557
0.017599
0.0192909
0.0209706
0.0193564
0.0199132
0.0187157
0.0205358
0.0188324
0.0182507
0.0201463
0.0189979
0.0200869
0.0224274
0.0198167
0.0209974
0.020215
0.0210219
0.0193159
0.020909
0.0207236
0.0200156
0.0219964
0.020585
0.0202442
0.0206915
0.0211902
0.0206827
0.018537
0.0175094
0.0201646
0.016504
0.0179735
0.0176181
0.0170323
0.0203052
0.0205255
0.0181006
0.0187208
0.0182782
0.0218146
0.0203632
0.0189334
0.0225853
0.0217947
0.022025
0.0224268
0.0197977
0.0227314
0.021461
0.0209019
0.0193624
0.021085
0.0202891
0.0215043
0.0220379
0.018966
0.0204025
0.0211224
0.0228668
0.0213054
0.0194457
0.0201665
0.0184085
0.0209649
0.0206165
0.0213174
0.0181723
0.0209311
0.019864
0.0213819
0.0194463
0.021489
0.0215373
0.0209744
0.0213625
0.0223746
0.019252
0.0203821
0.0224606
0.0244213
0.0216996
0.0218842
0.0224919
0.0205603
0.0192538
0.0211324
0.0204936
0.0231936
0.0198066
0.022093
0.0218115
0.0208216
0.0197706
0.0229634
0.0208078
0.0219383
0.0206981
0.0212841
0.0188387
0.0201657
0.0228295
0.0204276
0.0220997
0.0175745
0.0184795
0.0171755
0.0166916
0.0162891
0.0173657
0.020229
0.0185253
0.0200962
0.0219519
0.0198641
0.0197763
0.0196861
0.0213869
0.0216904
0.0216783
0.0214591
0.0223749
0.0188533
0.0196334
0.0192705
0.0211656
0.0211179
0.0189519
0.0227664
0.02168
0.0214739
0.0213749
0.0189578
0.0207254
0.0196384
0.0183389
0.0199467
0.0192256
0.0225089
0.0222866
0.0211072
0.0213504
0.0195102
0.0197445
0.0188785
0.0201073
0.0228314
0.0215692
0.0221745
0.0208444
0.021718
0.0180873
0.0185155
0.018386
0.0179475
0.0206444
0.0210166
0.0216147
0.0189515
0.0192578
0.020247
0.0191535
0.020801
0.0191066
0.0200037
0.0182403
0.0196186
0.0204606
0.019459
0.0200609
0.0205736
0.0190979
0.0198812
0.0220445
0.0190606
0.0221132
0.0185998
0.0185094
0.0216036
0.0218622
0.0214871
0.0186747
0.0222547
0.0193297
0.0213083
0.0193823
0.0205528
0.02148
0.0215341
0.0202087
0.019214
0.0201356
0.0207261
0.0203423
0.0188241
0.0204657
0.0195878
0.019939
0.0192225
0.0205875
0.0181244
0.018203
0.0192993
0.0196001
0.019661
0.0215558
0.0222689
0.0198707
0.0219496
0.0202588
0.0197889
0.0231894
0.0195064
0.0203197
0.0184491
0.0197216
0.0188314
0.0191564
0.0190378
0.0213252
0.0191329
0.0192535
0.0191103
0.0181547
0.0196017
0.0190968
0.0204994
0.01874
0.0197394
0.0214001
0.0208748
0.0194779
0.0191684
0.0210615
0.0194205
0.0211472
0.0207963
0.018761
0.0200841
0.0222909
0.0198452
0.0202501
0.0212782
0.0209496
0.0216196
0.0195918
0.0191203
0.0214219
0.0221803
0.0186757
0.0191789
0.0197089
0.0195231
0.0183716
0.0201481
0.0185032
0.0191812
0.0198231
0.0203598
0.0200293
0.0208733
0.0234027
0.0218708
0.0214709
0.0186958
0.0197393
0.0204877
0.0184755
0.0179576
0.0183703
0.0177487
0.0188911
0.0186196
0.0191668
0.0191758
0.0191238
0.0181338
0.0186924
0.0181177
0.0190072
0.0194042
0.0214742
0.0211835
0.0204168
0.020623
0.0180964
0.0202062
0.0179155
0.0198851
0.019277
0.0182391
0.0187629
0.0183622
0.0189861
0.0223955
0.0188196
0.0185993
0.0189516
0.0225517
0.0201772
0.0180056
0.0182197
0.0173832
0.0180642
0.0179992
0.0165309
0.0172026
0.0168906
0.016809
0.01741
0.0177869
0.0185511
0.0182058
0.0180203
0.0219244
0.0182518
0.0189728
0.0220673
0.0185963
0.0187103
0.0224681
0.0180945
0.0193286
0.0189246
0.0197341
0.0193264
0.0192334
0.0189913
0.0199653
0.0200574
0.0196309
0.0231183
0.0189806
0.0223865
0.0201449
0.023324
0.0209692
0.0209712
0.0190808
0.0184405
0.0204997
0.0191156
0.0184995
0.0227906
0.0215091
0.0200715
0.0191908
0.0230825
0.0204872
0.0223899
0.0196174
0.0195257
0.0197278
0.0218696
0.0199406
0.0188633
0.0240176
0.0201679
0.0252339
0.0213121
0.0197534
0.0212278
0.0242253
0.0217663
0.0222376
0.0211734
0.0217907
0.0211935
0.0214189
0.0207259
0.0222337
0.0214942
0.0203953
0.0210355
0.0241313
0.0223012
0.0240336
0.02085
0.0220606
0.0205379
0.021897
0.0218935
0.0211656
0.021594
0.0213158
0.021988
0.0217873
0.020403
0.0216225
0.0228772
0.0225981
0.0198806
0.0200564
0.0202646
0.0202699
0.0211419
0.022051
0.0235857
0.0206743
0.0197231
0.0206269
0.0247498
0.0248731
0.0212725
0.0202354
0.0231405
0.0209092
0.0201944
0.0197824
0.0222125
0.020921
0.0200887
0.0200137
0.0210449
0.0195356
0.0196313
0.0191049
0.0203784
0.0201
0.0188887
0.0196975
0.0182554
0.0192921
0.0216551
0.0193115
0.0219858
0.0176201
0.0193493
0.0189391
0.0217164
0.0207619
0.0205282
0.0193543
0.0186436
0.0193584
0.0195589
0.0189668
0.0190489
0.0218336
0.0222684
0.0185169
0.0197467
0.0213858
0.020739
0.0206566
0.0215239
0.0212656
0.0199681
0.0223577
0.0212125
0.0222457
0.0213671
0.0199295
0.0203077
0.01932
0.0216298
0.0213999
0.0219917
0.020463
0.0185694
0.0192372
0.0211136
0.0228086
0.0201824
0.0191
0.0228121
0.018593
0.0216638
0.0196162
0.0191515
0.0230723
0.0215109
0.0226571
0.0218729
0.0230253
0.0196803
0.0199565
0.0230816
0.0222037
0.0205345
0.0198442
0.0198798
0.0212615
0.0211778
0.0191927
0.0199155
0.0221176
0.0221907
0.0221418
0.0237182
0.0199365
0.0229453
0.0219077
0.0218511
0.0197582
0.0197804
0.0196608
0.0200445
0.0220184
0.0203681
0.0199782
0.021883
0.022881
0.0191837
0.0221572
0.0223464
0.0225248
0.0221438
0.023213
0.0203444
0.0213875
0.0225852
0.0219642
0.0219385
0.0214472
0.0226278
0.0223599
0.022277
0.0213795
0.0211153
0.0200392
0.0196062
0.0198985
0.0196069
0.0200232
0.0200933
0.0207445
0.0217671
0.019222
0.0228312
0.0205926
0.0218356
0.0196733
0.0227412
0.0210648
0.0195745
0.0228875
0.0202964
0.0209879
0.0208698
0.0218016
0.0202363
0.0218019
0.0206777
0.0222247
0.0221516
0.0211371
0.0221505
0.0196733
0.0227127
0.0214462
0.0214014
0.0229359
0.0229498
0.0212645
0.0228746
0.0198803
0.021217
0.0224728
0.0210554
0.0214605
0.0224675
0.0196078
0.0199894
0.0218588
0.0215511
0.019626
0.022254
0.022664
0.0222963
0.019184
0.0226864
0.0221837
0.0223103
0.0223532
0.0196144
0.0218402
0.019903
0.0198722
0.01956
0.0202718
0.0198949
0.0195783
0.0193595
0.0225031
0.0224905
0.0201539
0.0196193
0.0207656
0.0216468
0.020111
0.0210726
0.019816
0.0199787
0.023345
0.0191917
0.0190767
0.0213104
0.0225468
0.021887
0.0196235
0.0220936
0.0205439
0.0197801
0.0202676
0.0197816
0.0214147
0.0185447
0.0198868
0.0226278
0.0210915
0.0200943
0.019403
0.0194602
0.0222397
0.0229815
0.0219003
0.0208183
0.020874
0.0222187
0.022441
0.0203757
0.0195339
0.0198525
0.0208171
0.0196366
0.0220283
0.0224798
0.0229024
0.020085
0.0225778
0.0207248
0.0222711
0.0229107
0.0192595
0.0208807
0.0196037
0.0208047
0.0228595
0.0209155
0.0207766
0.0235855
0.023013
0.0192292
0.0203329
0.0193295
0.0200819
0.0198224
0.0224473
0.0221712
0.0212983
0.0203479
0.0219874
0.0209894
0.0211419
0.020542
0.0220378
0.0195554
0.0205309
0.0212921
0.0205404
0.0231124
0.021743
0.0195921
0.0201165
0.0209878
0.0193309
0.0227495
0.0226057
0.0225677
0.0194714
0.0226264
0.0222933
0.0218124
0.0230208
0.0205257
0.0201218
0.0198284
0.0195796
0.0226629
0.0206303
0.0197637
0.0207963
0.0224789
0.0198354
0.0214588
0.0191693
0.0194213
0.0199425
0.0192701
0.0212086
0.0225745
0.0212097
0.0225645
0.0213949
0.020533
0.0194178
0.0216753
0.0196231
0.0205106
0.0205798
0.020142
0.0188667
0.0221085
0.021584
0.0204639
0.0196464
0.019285
0.0179964
0.0186476
0.0203987
0.0196169
0.0206977
0.0200197
0.0211715
0.0229744
0.0231515
0.0204205
0.0224434
0.0209334
0.021667
0.024377
0.0243003
0.0216943
0.0232745
0.0237374
0.0218605
0.0235718
0.0233599
0.0215707
0.0242798
0.0225884
0.0202331
0.0241699
0.0233417
0.0237313
0.020726
0.0203418
0.0226706
0.021904
0.0223088
0.0212744
0.0228817
0.019919
0.0203786
0.0222067
0.021394
0.0216292
0.0228632
0.0225697
0.0237227
0.022068
0.0207997
0.0214178
0.0204154
0.0211084
0.0223355
0.0214284
0.0224874
0.0236861
0.0216921
0.0226499
0.0230664
0.0258315
0.025684
0.0249038
0.0238649
0.0214982
0.0221813
0.0241579
0.024401
0.0239288
0.0235737
0.0256952
0.0260086
0.0255854
0.0225892
0.023211
0.0251764
0.0244794
0.0220464
0.0215957
0.0208509
0.0226372
0.0238282
0.0246535
0.0253288
0.0261315
0.0232955
0.0256911
0.0247555
0.0245345
0.0226681
0.0216882
0.0230426
0.0229455
0.0235794
0.0232539
0.0249164
0.0243573
0.0240839
0.0236031
0.0257051
0.0241543
0.0249053
0.0238077
0.0235865
0.0239526
0.0218959
0.0235961
0.0234976
0.0207209
0.0229058
0.02382
0.0228112
0.0270864
0.0223724
0.0222807
0.0233088
0.0257208
0.0242782
0.0249972
0.022118
0.0258049
0.0255947
0.0255252
0.024648
0.024909
0.0223614
0.0246846
0.0231116
0.0258132
0.0231614
0.0234366
0.021718
0.0248609
0.0234852
0.0223634
0.0227125
0.024743
0.0215675
0.0247836
0.0236171
0.0221604
0.0229447
0.0254687
0.0232458
0.0227623
0.0242003
0.0237825
0.0246351
0.0247506
0.0232052
0.0238854
0.0243316
0.0248509
0.0243944
0.0233078
0.025577
0.0236856
0.0235461
0.0258162
0.0245926
0.0261017
0.0251445
0.0233487
0.0235466
0.0230302
0.0235197
0.0224554
0.0236209
0.0254264
0.0243023
0.0241305
0.0212921
0.0207681
0.0246521
0.0237352
0.0253878
0.0224109
0.0259285
0.0250345
0.0247626
0.0259929
0.0254009
0.0218702
0.0238847
0.0232364
0.0245525
0.0218313
0.0236393
0.0224628
0.0216068
0.0215308
0.0245987
0.0239442
0.0249487
0.0220733
0.0237886
0.0208655
0.0244969
0.022619
0.0243395
0.0238595
0.0253074
0.0219603
0.0219427
0.0237879
0.0229679
0.0244997
0.0233909
0.0248634
0.0229553
0.0237225
0.0230747
0.0230262
0.0249135
0.0208743
0.0209581
0.0234445
0.0212704
0.0236222
0.0214856
0.0211401
0.0233943
0.0236405
0.0237227
0.0217774
0.0216156
0.0201857
0.0224517
0.0218628
0.021343
0.0257402
0.0226756
0.0216399
0.023896
0.0227013
0.0229623
0.022951
0.0214634
0.02053
0.0210019
0.0206767
0.0214465
0.022113
0.023969
0.0207684
0.0205583
0.0234179
0.0226712
0.0240637
0.0200588
0.0216309
0.0238095
0.0246132
0.0209361
0.0213854
0.022441
0.0233353
0.0207268
0.0216384
0.0215581
0.0238083
0.0217293
0.0215449
0.0195958
0.0234836
0.0237891
0.0234271
0.0222511
0.0231061
0.0217388
0.0225792
0.0224953
0.0201065
0.0216607
0.0201085
0.0208085
0.0223068
0.0196575
0.0213119
0.0217894
0.0216168
0.0204395
0.0201541
0.020681
0.0223979
0.0240149
0.0205916
0.0223482
0.0213725
0.0208743
0.019646
0.0216253
0.0225479
0.0203744
0.0224018
0.0209777
0.0218266
0.0213453
0.0223101
0.0242267
0.0225099
0.0205152
0.0207189
0.0211352
0.0242724
0.0221251
0.0207311
0.0199345
0.0200156
0.0219119
0.0224708
0.0220261
0.0226003
0.0219458
0.0238957
0.0220173
0.0211482
0.0234811
0.0233704
0.0224874
0.0230744
0.0236828
0.0228529
0.0235622
0.023943
0.020679
0.0231688
0.0203021
0.0193869
0.0213546
0.0222408
0.0204001
0.0229002
0.0216605
0.0222781
0.0247518
0.0226045
0.0218696
0.0246094
0.0233935
0.0239054
0.0233158
0.0232227
0.0209308
0.0203792
0.0207736
0.0244536
0.0233872
0.0207553
0.0208692
0.023855
0.0208263
0.0209034
0.0223347
0.0227194
0.0210659
0.0221812
0.018946
0.0228802
0.0212825
0.0213578
0.0205839
0.0236135
0.0213801
0.022062
0.0228981
0.0232341
0.0208372
0.020238
0.0200051
0.0212504
0.0208951
0.0207522
0.0235435
0.0202911
0.0235002
0.0221266
0.0201839
0.0212348
0.0231393
0.0225113
0.0214157
0.019633
0.0233365
0.0214031
0.0212049
0.0231276
0.0230415
0.0237325
0.0239202
0.0232217
0.0217261
0.0230769
0.0218388
0.0276376
0.0221042
0.0241097
0.0230749
0.0226183
0.0222125
0.0231833
0.0230983
0.0212709
0.0221916
0.0215696
0.0211443
0.0243967
0.0235629
0.0233452
0.0201851
0.023646
0.0211136
0.0215395
0.0237529
0.021952
0.0206162
0.0226234
0.0217182
0.0260937
0.0229109
0.0220099
0.0227218
0.020078
0.0220543
0.0248751
0.0239841
0.0249007
0.0233074
0.0214086
0.0213304
0.0242129
0.0219589
0.0209296
0.0205119
0.0242466
0.023922
0.0233116
0.0228427
0.0229597
0.0201216
0.0239352
0.0206872
0.0230259
0.0214725
0.0248652
0.0214065
0.0235828
0.022251
0.024558
0.0223115
0.0237912
0.0247813
0.0217823
0.0214774
0.0246428
0.021526
0.0234716
0.0216899
0.0245834
0.0242528
0.0231134
0.0224374
0.0233049
0.0238161
0.0214849
0.0223113
0.024136
0.0242568
0.0235644
0.0219499
0.0230438
0.0248456
0.0219501
0.0238033
0.0244906
0.0232904
0.0214167
0.0222497
0.0221553
0.02134
0.024605
0.0236495
0.0222476
0.0244758
0.0240623
0.0236428
0.0222494
0.0233967
0.0212565
0.0258565
0.0227752
0.0233057
0.0216349
0.023737
0.025687
0.0227515
0.0243058
0.0222881
0.0244872
0.0248797
0.0267274
0.0236307
0.0216634
0.0242968
0.0223458
0.0250812
0.0222573
0.0247747
0.021581
0.0221202
0.0206119
0.0248395
0.0213118
0.0253407
0.0216182
0.0221265
0.0250833
0.0242705
0.0229193
0.0227853
0.0252255
0.0242529
0.0242275
0.0240874
0.0253727
0.0222839
0.0222368
0.0224931
0.0254077
0.0242596
0.0232379
0.0223345
0.0243215
0.0250022
0.0249677
0.0236588
0.0256209
0.0229445
0.0241181
0.0233662
0.0213807
0.0241473
0.0240198
0.0251265
0.0233421
0.0214457
0.0252128
0.0252141
0.0223482
0.0246601
0.0219702
0.0208479
0.0211192
0.0217046
0.0232782
0.0222985
0.0219492
0.0213027
0.0214867
0.0229786
0.0223148
0.0305212
0.0214525
0.0232125
0.0236952
0.0229554
0.0219654
0.0252784
0.0234616
0.0223306
0.0231724
0.0246451
0.0235837
0.0239958
0.0219171
0.0238589
0.0238133
0.0228704
0.024234
0.0254354
0.0228765
0.0227493
0.0222758
0.0243592
0.025133
0.022701
0.0227172
0.0221908
0.0220738
0.0227578
0.0245897
0.0245109
0.021805
0.0242094
0.0242871
0.0243656
0.0244921
0.0236253
0.0245261
0.0217719
0.0237352
0.0224557
0.0209178
0.0264589
0.0234954
0.0246181
0.0240325
0.0231331
0.0255601
0.0243558
0.0223417
0.024175
0.0244035
0.0210068
0.0227826
0.0239962
0.0210713
0.0250621
0.0236724
0.0220925
0.020962
0.0220324
0.0218393
0.0221505
0.0234696
0.024885
0.0224975
0.0228784
0.0233212
0.0207242
0.024103
0.0241445
0.0203092
0.0233327
0.0212957
0.0229268
0.0234752
0.0227819
0.0229122
0.0211906
0.0254307
0.0243002
0.0222774
0.0212995
0.0215303
0.020356
0.0221629
0.0213326
0.0214894
0.0218817
0.0239062
0.0223389
0.0213946
0.0207871
0.0240035
0.0200568
0.0229119
0.0218146
0.0211252
0.0227205
0.0214092
0.0221749
0.0194445
0.023309
0.021813
0.0217951
0.0210738
0.0224385
0.0226591
0.0223719
0.0235474
0.0232163
0.0216679
0.0210508
0.0198651
0.0232239
0.0212182
0.0201514
0.019939
0.0201201
0.0196924
0.0209193
0.0196109
0.0200587
0.0196312
0.0194474
0.0216669
0.0198706
0.0198205
0.0234564
0.0227828
0.0217756
0.0203307
0.0219919
0.0230391
0.0221099
0.0199191
0.0222979
0.0233481
0.0211021
0.0246927
0.0245243
0.0238288
0.0244298
0.0209183
0.022413
0.0219626
0.0227075
0.0208238
0.0204186
0.0219204
0.0226534
0.0204575
0.023849
0.0225797
0.0224103
0.021122
0.0227017
0.0237275
0.0218897
0.0226023
0.0230639
0.0224694
0.0200939
0.021971
0.0222917
0.0221116
0.0209201
0.021301
0.0209684
0.0235385
0.0209996
0.0221167
0.0210797
0.0231035
0.0215051
0.0223768
0.0208104
0.0209061
0.0239252
0.0226674
0.0212165
0.0226782
0.0210146
0.0208048
0.0221382
0.0188947
0.0227805
0.0207409
0.0217082
0.0246238
0.020856
0.0234391
0.0235604
0.0215763
0.0219474
0.0222171
0.0227267
0.0229956
0.0217877
0.0208956
0.022066
0.0201028
0.0234358
0.0212151
0.0211181
0.0241871
0.0211453
0.0229284
0.024094
0.0223246
0.0208653
0.0214422
0.0223309
0.0234894
0.0200345
0.0209025
0.0237827
0.021621
0.023072
0.0230831
0.0232479
0.0242533
0.0224049
0.0213132
0.0225973
0.0224675
0.0195191
0.0236764
0.0236519
0.0212269
0.0204659
0.0243661
0.0204351
0.0211424
0.0218168
0.0216552
0.0231388
0.0209227
0.0238401
0.0218878
0.0199626
0.0203081
0.0230652
0.0230773
0.0231319
0.020355
0.0207898
0.0215325
0.021098
0.0210658
0.0226387
0.0219899
0.0203063
0.0224477
0.0235924
0.0232156
0.0210593
0.0218614
0.022879
0.0198677
0.0226603
0.0201955
0.0225692
0.0202559
0.0231179
0.021582
0.0225478
0.0213557
0.0230691
0.0229933
0.0239937
0.0222031
0.0219387
0.0206558
0.0217091
0.0208127
0.0206459
0.0219737
0.0212365
0.0220426
0.0208212
0.0211719
0.0221508
0.023176
0.0219464
0.0224155
0.0235985
0.0210834
0.0188105
0.0235009
0.021453
0.0207875
0.0217558
0.0216348
0.0211192
0.0220924
0.0210507
0.0199507
0.0200915
0.0198659
0.0225159
0.0209425
0.0229974
0.0218575
0.0201349
0.0224416
0.0199031
0.019901
0.0196714
0.0191256
0.0213357
0.0211104
0.0213469
0.0225804
0.0224255
0.0233998
0.0223434
0.0204091
0.0203743
0.0203661
0.022424
0.0223531
0.0213101
0.0195984
0.0226036
0.0213428
0.0217762
0.0196419
0.0243033
0.0210853
0.021632
0.0212823
0.0225848
0.0201999
0.0197306
0.0229735
0.0214335
0.0240237
0.022696
0.0207966
0.022378
0.0228561
0.0196351
0.0193908
0.0199687
0.0231222
0.0226969
0.0211263
0.0194692
0.0209777
0.0194124
0.0226243
0.0223267
0.0211557
0.0195353
0.0223756
0.0196516
0.019011
0.0224957
0.0212244
0.0190136
0.0208371
0.0195934
0.0227172
0.0221606
0.0215228
0.0208277
0.0217954
0.0228991
0.0190993
0.0190972
0.0221728
0.0217783
0.0220217
0.0214857
0.0243097
0.022919
0.0227438
0.0220006
0.0231387
0.0213722
0.0201664
0.0209459
0.0227564
0.0198247
0.0203162
0.0195702
0.0226575
0.0207413
0.0204212
0.0203911
0.0207619
0.021558
0.0214492
0.0221018
0.0217845
0.023482
0.022053
0.0225849
0.0231157
0.0220415
0.0209112
0.0218896
0.0232588
0.0217015
0.0249181
0.0246881
0.0225101
0.0239261
0.0237929
0.0223821
0.0220314
0.0215185
0.0235423
0.023292
0.0210719
0.020611
0.0215416
0.0229209
0.0203279
0.0229068
0.0206097
0.0224688
0.0210006
0.0240081
0.0228505
0.0215255
0.0196812
0.0228859
0.0194584
0.021834
0.0217672
0.0221645
0.0242315
0.0225927
0.0253771
0.0243869
0.0212499
0.0228259
0.0245565
0.0233367
0.0224675
0.0238549
0.0241579
0.0274075
0.0242985
0.0226716
0.0242207
0.0220591
0.0206364
0.0206337
0.0235226
0.02199
0.0215735
0.0229803
0.0240563
0.0215557
0.0226868
0.0234979
0.0223805
0.0241998
0.0225334
0.0207927
0.0205631
0.0220594
0.0228508
0.0230078
0.0230461
0.0228701
0.0230534
0.0229724
0.0218673
0.0206341
0.0205264
0.0209744
0.0217107
0.0216294
0.0208924
0.0221237
0.020853
0.0211215
0.0203156
0.0214381
0.0228383
0.0229792
0.0222279
0.0220512
0.0229768
0.0224504
0.0239403
0.0234772
0.0208933
0.0212694
0.0239505
0.0205314
0.0198538
0.0206699
0.0241116
0.021781
0.0216617
0.0229441
0.0235817
0.0230527
0.0215891
0.0232262
0.0226722
0.022181
0.02324
0.0197837
0.0207542
0.0205484
0.0224543
0.0240087
0.0211143
0.025186
0.0233236
0.0235428
0.0221253
0.02307
0.0204156
0.021799
0.0214125
0.0207536
0.021817
0.022396
0.0230317
0.0228874
0.0208069
0.0208298
0.0224215
0.0235381
0.0207092
0.0238967
0.022483
0.0227595
0.0216714
0.0200349
0.0241845
0.0225869
0.0236371
0.0238209
0.0235332
0.0215425
0.0212009
0.0213804
0.0240901
0.022715
0.0236191
0.0205056
0.0246567
0.0218337
0.0216933
0.0226829
0.0219767
0.0226685
0.0224377
0.0221128
0.0214988
0.0236677
0.0222881
0.0204572
0.0227721
0.0199536
0.0238643
0.0240877
0.0215153
0.0231218
0.0235132
0.0233977
0.0226294
0.023999
0.023785
0.0211959
0.0224037
0.0223944
0.0233464
0.0226358
0.0222515
0.0235652
0.0234462
0.0225981
0.0230347
0.0203856
0.0186987
0.0217438
0.0207565
0.0216663
0.0232774
0.0225946
0.0213971
0.020146
0.0206504
0.0226862
0.0210424
0.020025
0.0213294
0.0232037
0.0236482
0.0235546
0.0220384
0.0215663
0.0210257
0.0215655
0.0225597
0.0201874
0.0232133
0.0213244
0.0222763
0.0231369
0.0226613
0.0221436
0.020983
0.0205029
0.0214106
0.0220989
0.0237911
0.0249899
0.024033
0.0232417
0.0207596
0.0215669
0.022675
0.0213108
0.0242115
0.0234499
0.0222553
0.0213214
0.0205589
0.0225331
0.0219615
0.0218733
0.0217087
0.0208312
0.02208
0.0206498
0.0209213
0.0242472
0.0208945
0.0230042
0.0237129
0.0262076
0.0238533
0.0224118
0.0220011
0.0248263
0.0247223
0.0215021
0.0226134
0.0227003
0.0240531
0.0227611
0.0236697
0.0241234
0.023834
0.0233487
0.0242748
0.0230754
0.0211077
0.0246885
0.022462
0.02172
0.0238695
0.0217822
0.0223259
0.0233047
0.0246055
0.0238954
0.022612
0.0213987
0.0215972
0.0216302
0.0209334
0.0233416
0.0203679
0.023135
0.0232519
0.0224744
0.0249865
0.0229663
0.0232634
0.0227775
0.020913
0.0210031
0.0214184
0.022693
0.0237158
0.0231514
0.0215979
0.0236479
0.023526
0.0237123
0.0226522
0.0253679
0.0222916
0.0254081
0.0248852
0.0233615
0.0257726
0.024346
0.0245737
0.0217736
0.0228816
0.0234029
0.0235403
0.0258203
0.0230208
0.0230267
0.0244394
0.0245294
0.0244141
0.0240683
0.0224266
0.021779
0.0210927
0.0213221
0.0226686
0.0224247
0.0218019
0.0241985
0.0219524
0.0225773
0.024865
0.0235525
0.0216274
0.0229918
0.0236949
0.02091
0.0252014
0.0252886
0.0261309
0.0233535
0.0235223
0.0215514
0.0226554
0.0238871
0.0241311
0.0238037
0.022729
0.0217726
0.0236429
0.0241366
0.0229544
0.0213666
0.02421
0.0223999
0.025099
0.022999
0.0218161
0.0213315
0.0215276
0.0211797
0.0248145
0.0217779
0.0249364
0.02231
0.0213618
0.0223968
0.0241688
0.0236131
0.0241608
0.0255178
0.0233302
0.0244785
0.0242194
0.0211749
0.0231647
0.0204019
0.0227966
0.0225237
0.0242176
0.0238837
0.0226684
0.0240902
0.0228559
0.0225359
0.0243088
0.0226826
0.0221955
0.0221889
0.0211831
0.0238017
0.021598
0.0239696
0.0222892
0.02379
0.0215421
0.022666
0.0216956
0.0236254
0.0219483
0.0201195
0.0214772
0.0232222
0.0222234
0.023179
0.0226781
0.0225692
0.020337
0.0212777
0.0209013
0.0226856
0.0214266
0.0232832
0.0221345
0.0237098
0.0214309
0.0246403
0.0212085
0.0235143
0.0239376
0.0229802
0.0221867
0.0224195
0.0208447
0.0214432
0.0234359
0.0236575
0.0209529
0.024046
0.0208259
0.0215761
0.0208779
0.0239424
0.0227445
0.023337
0.0222202
0.021195
0.0244614
0.0203848
0.0234877
0.0283517
0.0221182
0.0237693
0.0230373
0.0257526
0.0250239
0.0255586
0.0255184
0.0237556
0.0223901
0.0253307
0.0222
0.0225342
0.0229972
0.0254959
0.0248263
0.0239245
0.0251995
0.0240176
0.0218875
0.0220277
0.0220716
0.0239817
0.0222913
0.0218909
0.0209085
0.0245981
0.0239288
0.0224498
0.0222725
0.0221846
0.0246561
0.025368
0.0227085
0.0250068
0.0222453
0.0236991
0.021784
0.0221732
0.0248581
0.0216002
0.0225909
0.0231077
0.0223592
0.0238218
0.0219885
0.0231115
0.021628
0.0243883
0.0239514
0.0237516
0.0224643
0.0230983
0.0232551
0.024727
0.02264
0.0226911
0.0244989
0.0269165
0.0226929
0.0247557
0.0233103
0.023975
0.023672
0.022343
0.0234113
0.0253171
0.0237002
0.0216198
0.0226676
0.0238718
0.024543
0.0214859
0.024321
0.0215395
0.0238374
0.0276931
0.0216522
0.0224802
0.0238782
0.0248526
0.0236429
0.021529
0.0242051
0.0233447
0.0244998
0.021828
0.0224838
0.0241958
0.0233441
0.0223591
0.0214946
0.0227713
0.0214234
0.023622
0.0247468
0.024356
0.0214367
0.022773
0.0244036
0.031238
0.0228952
0.0228683
0.0250759
0.0248755
0.0240649
0.0251533
0.0231931
0.0247128
0.0224155
0.0234371
0.0236125
0.0239484
0.0233469
0.023876
0.0228098
0.0245047
0.0239356
0.0256703
0.0236543
0.0223824
0.0227565
0.0241047
0.0249127
0.0246105
0.0251829
0.0232992
0.023412
0.0253011
0.0239765
0.0231236
0.0227362
0.0260552
0.025423
0.0260173
0.0247108
0.0233644
0.0257357
0.0235864
0.0247142
0.0240938
0.0258809
0.0231324
0.0269373
0.0239955
0.0239923
0.0253634
0.024788
0.0251805
0.0246348
0.0237736
0.0253054
0.0246001
0.0287722
0.025697
0.0243123
0.025987
0.0261091
0.0245853
0.0261553
0.0262392
0.0248866
0.0288497
0.030791
0.0250284
0.0265244
0.0268811
0.0296356
0.0277834
0.0283354
0.0298296
0.02858
0.02772
0.0262356
0.0283261
0.0252374
0.0257288
0.0281671
0.0277824
0.0281761
0.0267101
0.0268129
0.0257952
0.0280724
0.0258884
0.0296508
0.0265984
0.0250103
0.0289587
0.0282938
0.0281487
0.0288625
0.0279411
0.0272941
0.0287861
0.0274209
0.0283736
0.0256554
0.0256933
0.0290052
0.0270308
0.030218
0.0275353
0.0246785
0.0266289
0.0275589
0.026716
0.0266481
0.0265223
0.0268781
0.027672
0.0273521
0.0291537
0.0260391
0.0263459
0.0267249
0.0265779
0.0255986
0.0249645
0.0257522
0.0298432
0.0303885
0.025101
0.0261836
0.0263461
0.0279801
0.0278729
0.0249983
0.0279543
0.0262055
0.0260568
0.0273765
0.0264538
0.0268646
0.0269547
0.0262692
0.0256208
0.0249203
0.0241639
0.0296697
0.0286132
0.0248492
0.0254656
0.0259215
0.0269526
0.0240465
0.0240899
0.027734
0.0258844
0.0246912
0.0245037
0.0271491
0.0254124
0.0271227
0.0262163
0.0242129
0.0266372
0.0234421
0.0244784
0.0271812
0.0260712
0.0269327
0.0267319
0.0293103
0.02469
0.0290137
0.0281081
0.0240423
0.0256472
0.0249166
0.0252893
0.0267179
0.0266279
0.0255724
0.0269893
0.0283978
0.0265945
0.0274576
0.0260376
0.0270197
0.0263045
0.0237104
0.0250393
0.0262005
0.0242195
0.0247344
0.025366
0.0253509
0.0280022
0.0236423
0.0249664
0.0257345
0.0271151
0.0275293
0.0235397
0.0276869
0.0256333
0.0234174
0.0249209
0.0254355
0.0250354
0.0233309
0.0250613
0.0236943
0.0297205
0.0234298
0.0268386
0.024982
0.025377
0.0228224
0.0275668
0.0282984
0.0313248
0.0264729
0.025417
0.0289339
0.0273638
0.0261318
0.0294936
0.0308755
0.0299796
0.0236467
0.0233005
0.0259553
0.025681
0.0287755
0.0253191
0.0276505
0.0266181
0.0242798
0.0290226
0.0279311
0.024153
0.0306019
0.0266579
0.0247201
0.0239308
0.0268924
0.0266012
0.0293274
0.0267811
0.0263659
0.0236576
0.0249371
0.0274992
0.0275246
0.0257273
0.0266427
0.0262749
0.0269613
0.0251922
0.0253931
0.02362
0.0242472
0.0239649
0.0269276
0.028085
0.0256609
0.0289549
0.023706
0.0271439
0.0245246
0.0253393
0.0261953
0.0265847
0.0245724
0.0269822
0.0270322
0.0249362
0.0255942
0.0262704
0.026558
0.0249726
0.0238851
0.027253
0.0252108
0.0234581
0.0236884
0.0270544
0.0250801
0.0266441
0.0238766
0.026736
0.02355
0.0247263
0.0259746
0.0249539
0.0223851
0.0251591
0.0244464
0.0260102
0.0236825
0.0252064
0.0250162
0.026237
0.0238305
0.0249147
0.023734
0.0239233
0.0240902
0.0264145
0.026746
0.0254641
0.025933
0.0262727
0.0259843
0.0241774
0.0236172
0.0240745
0.0238739
0.0245072
0.024571
0.0248626
0.0243019
0.0263628
0.023381
0.0237803
0.0227925
0.0243584
0.0237856
0.0233303
0.0260829
0.0252706
0.0233651
0.0268258
0.025551
0.0263973
0.0269447
0.0227902
0.0226704
0.0239609
0.0242903
0.0283841
0.026385
0.0235447
0.024341
0.0274304
0.0249821
0.0249369
0.0261328
0.0284228
0.0274359
0.0260722
0.0251693
0.0248709
0.026734
0.0273953
0.0248622
0.0246934
0.0242546
0.0244098
0.023951
0.0246054
0.0244127
0.0249837
0.0259854
0.024034
0.0257451
0.0256507
0.0279162
0.0254507
0.0272884
0.0241802
0.026437
0.027217
0.0281767
0.0254884
0.0254326
0.025913
0.0258577
0.0248273
0.0266273
0.0311772
0.0307588
0.0266886
0.024482
0.0257047
0.0280817
0.0290923
0.026498
0.0253611
0.0264195
0.0272992
0.0254542
0.0278905
0.027392
0.0258588
0.0241775
0.0262731
0.0278046
0.0258137
0.0288203
0.0277575
0.0304514
0.0269199
0.0282651
0.0280486
0.0295595
0.0285119
0.029911
0.027209
0.0303002
0.0283055
0.0313814
0.0256558
0.0265282
0.0273505
0.02728
0.0265871
0.027853
0.0263813
0.0254626
0.0280076
0.0276781
0.0286571
0.0266203
0.0266545
0.0289747
0.0290523
0.0285113
0.0291613
0.0289254
0.0291614
0.0279372
0.0282816
0.0282213
0.0271042
0.0272369
0.0304366
0.0337803
0.0292466
0.0269068
0.0273759
0.0289254
0.0282298
0.0278393
0.0313191
0.0290174
0.0278516
0.0314539
0.0309926
0.0299819
0.0316734
0.0292909
0.0305143
0.0306257
0.0288625
0.0292334
0.0278652
0.0292429
0.0368642
0.0295235
0.0307185
0.0327158
0.033538
0.0275088
0.0297251
0.0347468
0.0336348
0.0327242
0.030291
0.0328019
0.0323901
0.0310054
0.0321696
0.037662
0.0300155
0.0301786
0.0319696
0.032097
0.0330386
0.0319709
0.0301736
0.0309544
0.0300761
0.0310236
0.0329673
0.0302705
0.0322639
0.0311384
0.0337289
0.0330605
0.029749
0.0302828
0.0313461
0.0323897
0.0332419
0.0298843
0.0324917
0.0307124
0.034054
0.0318354
0.0319985
0.0313075
0.0304293
0.0298823
0.0309137
0.0298579
0.0331295
0.0298217
0.0274203
0.032239
0.0323156
0.0295392
0.0316969
0.0310057
0.0326308
0.0320904
0.0307013
0.0305689
0.0297279
0.029944
0.0318553
0.0281486
0.0282368
0.0319165
0.0312486
0.0309078
0.0291031
0.0287663
0.0281234
0.0310583
0.0293498
0.0281033
0.0316625
0.032556
0.0326224
0.030545
0.0303755
0.0289274
0.0299123
0.029307
0.0308547
0.0312416
0.0281483
0.0313864
0.03198
0.0289287
0.0313492
0.0308158
0.0275409
0.0288338
0.0307522
0.0316518
0.0321498
0.0315697
0.0321265
0.0304445
0.0308864
0.0286249
0.0288893
0.0293514
0.0319718
0.0376911
0.0312986
0.0328222
0.0325493
0.0294396
0.0302773
0.0299651
0.0293132
0.0291527
0.0295692
0.0302634
0.0305477
0.0319674
0.0334611
0.030101
0.0324534
0.0321233
0.0317591
0.0372936
0.0287231
0.0291019
0.0311383
0.0358835
0.0354904
0.0344198
0.029841
0.0323595
0.0289484
0.0291799
0.0289595
0.0326489
0.0342858
0.0319312
0.0312585
0.0333137
0.0299523
0.0309489
0.0330206
0.028998
0.0293554
0.0311623
0.031273
0.0339188
0.035412
0.0340648
0.0342293
0.0303518
0.0291234
0.0308328
0.0308804
0.0291757
0.0318377
0.0283092
0.0315583
0.0292502
0.0309163
0.0281576
0.0316883
0.0314826
0.0306675
0.0302507
0.0298886
0.0303262
0.0313472
0.0316116
0.032316
0.0308879
0.0285021
0.0349598
0.0279357
0.0299357
0.0296237
0.0307918
0.0308779
0.0300978
0.0317903
0.028518
0.031869
0.028639
0.0326899
0.0309292
0.0289974
0.028806
0.0296159
0.0286491
0.0290363
0.0291381
0.030283
0.030771
0.0278653
0.0273867
0.029804
0.0275415
0.0279923
0.0286897
0.0281179
0.0318379
0.0283157
0.02697
0.0286621
0.0325469
0.0290143
0.0307004
0.0271559
0.0280636
0.0292696
0.0280632
0.0278914
0.0286401
0.0307849
0.0281388
0.0276113
0.0295306
0.0289184
0.028745
0.0281234
0.0283153
0.0294019
0.027142
0.0270014
0.0291422
0.0288276
0.0285826
0.0298983
0.0294742
0.028198
0.030456
0.0296441
0.0283168
0.029735
0.0323588
0.0284473
0.0300429
0.0302077
0.0274993
0.029272
0.0286952
0.0284744
0.031548
0.0304167
0.0286561
0.0277062
0.0303219
0.0303876
0.0298557
0.0304012
0.0299436
0.0282552
0.0287506
0.027883
0.0301739
0.029765
0.0283828
0.0289624
0.0287227
0.0279861
0.0282848
0.030272
0.0301001
0.0300853
0.0287543
0.0260528
0.0287812
0.0255786
0.0276568
0.0319032
0.0263499
0.0274593
0.0288801
0.0343797
0.0258952
0.0260438
0.0266509
0.0263188
0.0264416
0.0278101
0.027403
0.0254816
0.0251456
0.0294743
0.0272115
0.0262622
0.0285791
0.0281169
0.0284871
0.0292505
0.0248379
0.026426
0.0284999
0.0250445
0.0256454
0.0253121
0.0245263
0.0229427
0.0217255
0.0210704
0.0268069
0.0209139
0.020802
0.018597
0.0202696
0.0195163
0.0211787
0.0236996
0.0246569
0.0239594
0.0221354
0.023571
0.0256373
0.0249655
0.0256718
0.0277324
0.026642
0.0253764
0.0256248
0.0272856
0.0255212
0.0254998
0.0272486


