0.0215403
0.0451844
0.0769875
0.0137432
0.0314725
0.044495
0.0418625
0.0412409
0.0420944
0.0409854
0.0379727
0.0191499
0.043181
0.0794144
0.0127552
0.0156684
0.0166345
0.016132
0.0156986
0.0293964
0.0433565
0.0747054
0.0166865
0.0123381
0.012646
0.0122563
0.0303525
0.0427404
0.0764536
0.0126842
0.02885
0.0763485
0.012392
0.030463
0.0754822
0.0120316
0.0333035
0.0418275
0.075332
0.0121252
0.049793
0.0406703
0.0401678
0.075626
0.0125402
0.0341399
0.0769486
0.0116603
0.0345818
0.0414258
0.0734485
0.0109238
0.0379614
0.0779558
0.012553
0.0304534
0.0782848
0.013785
0.0110076
0.0109164
0.011261
0.0111126
0.00992323
0.0110997
0.0352921
0.0768524
0.0109667
0.0347978
0.0796123
0.0124411
0.0164146
0.0166171
0.0168094
0.0168029
0.0114761
0.0115973
0.0117584
0.0116848
0.0111038
0.0123482
0.0115916
0.0112533
0.0110145
0.0328198
0.0408564
0.0758156
0.0128163
0.0338865
0.0417575
0.0399019
0.0416642
0.0398014
0.0402586
0.0770086
0.0128193
0.0127101
0.0125346
0.0129649
0.0128502
0.0256381
0.0789341
0.014741
0.0414565
0.0402829
0.0405967
0.074431
0.0124679
0.038113
0.0778276
0.0122605
0.0366124
0.0403782
0.0753185
0.0132177
0.0388976
0.0793811
0.0127391
0.0131396
0.0143319
0.0129904
0.0132775
0.0135555
0.011807
0.0126479
0.0123555
0.0124557
0.0123455
0.0120381
0.0115478
0.0134786
0.0124903
0.0155048
0.013361
0.0121047
0.0123058
0.0133576
0.0116213
0.0300928
0.0843508
0.0131873
0.0116748
0.0346567
0.0789066
0.0123893
0.0305852
0.0408581
0.0378788
0.0735485
0.0126524
0.0300593
0.041727
0.0406449
0.0775668
0.0163356
0.0107928
0.0114504
0.0116884
0.0114595
0.0113602
0.0101708
0.0101175
0.0104104
0.0349029
0.0766348
0.0130832
0.031596
0.0806063
0.0135937
0.0124579
0.0127355
0.0129024
0.0127349
0.0118624
0.0120642
0.0123695
0.0126764
0.0120209
0.0118915
0.0127748
0.0122301
0.0120429
0.0110513
0.0114628
0.0113461
0.0105233
0.0112484
0.0111715
0.0107144
0.00983825
0.0101842
0.010162
0.0104857
0.0117682
0.0125315
0.0127915
0.0125397
0.0131131
0.0128727
0.0118381
0.011983
0.0121443
0.0123861
0.0119118
0.0123912
0.0124159
0.0130664
0.0123464
0.0128644
0.0129813
0.00954008
0.0137411
0.0132913
0.0160173
0.0154941
0.0147471
0.0162717
0.0194849
0.0332875
0.0529065
0.0452415
0.0442847
0.0921267
0.0161849
0.0193921
0.0206835
0.0194745
0.0198426
0.0199935
0.0120022
0.0125132
0.0114039
0.0115177
0.010102
0.0106304
0.0100925
0.0095843
0.00879957
0.00941512
0.02801
0.085495
0.0222232
0.0166909
0.016209
0.0151006
0.0227821
0.0173893
0.0177057
0.0160214
0.0135292
0.0149261
0.013501
0.0167941
0.0136107
0.0135094
0.0141015
0.0140712
0.0141783
0.0147009
0.0152498
0.0148169
0.0153681
0.0141667
0.013713
0.0143497
0.0132975
0.0134117
0.0124479
0.0128964
0.0118585
0.0119138
0.0135031
0.0309151
0.0972998
0.0161305
0.0228415
0.024905
0.0248594
0.0271125
0.015687
0.0142434
0.0144166
0.0134622
0.0145985
0.0130486
0.0128928
0.0125979
0.0126062
0.0150721
0.0169323
0.0193358
0.0172263
0.017088
0.0187567
0.0163564
0.0115014
0.0311337
0.0830819
0.0222391
0.0166071
0.0154558
0.0154807
0.0150277
0.011124
0.0114968
0.0104433
0.0121625
0.0113249
0.0121441
0.0107457
0.0117104
0.0104534
0.0107439
0.0103673
0.0121594
0.0121291
0.013659
0.0113849
0.0117478
0.0128554
0.0133577
0.0133863
0.0139312
0.0131565
0.0128158
0.0144765
0.0116246
0.0116715
0.0121131
0.0370653
0.0461224
0.0457752
0.0454468
0.0448252
0.0458534
0.0430099
0.0213335
0.0477603
0.0467087
0.0457682
0.0453122
0.0407366
0.0190786
0.0845882
0.013751
0.0302798
0.03979
0.0369494
0.031358
0.0149468
0.036547
0.0383614
0.03671
0.0338267
0.0165988
0.0664193
0.0199493
0.0142654
0.013501
0.0144552
0.0244881
0.0721238
0.020607
0.0123913
0.0127106
0.0273697
0.0713585
0.0166082
0.0119199
0.0111475
0.0362122
0.0363081
0.0352933
0.0347223
0.0303111
0.0143255
0.0667017
0.0151092
0.0124722
0.0110027
0.0112586
0.0372734
0.0823022
0.0121858
0.0329438
0.0472845
0.0458763
0.0415206
0.0187961
0.0831887
0.01342
0.0321664
0.0408718
0.038223
0.0332998
0.0154948
0.0355502
0.0332462
0.0255174
0.0137497
0.0291166
0.0319714
0.0285179
0.0147063
0.036534
0.0662976
0.016589
0.0126196
0.0123116
0.0118763
0.0116472
0.00988834
0.0097824
0.00993874
0.00900351
0.0276205
0.0378007
0.0375739
0.0363956
0.036295
0.032518
0.0174593
0.0747306
0.013855
0.030591
0.0391721
0.0388496
0.0379805
0.0351848
0.0182623
0.083881
0.0136816
0.0373196
0.0845202
0.0141688
0.0130628
0.0131289
0.0119421
0.0121864
0.0324949
0.0847553
0.0145806
0.0295974
0.0853451
0.013975
0.02935
0.0404192
0.0388239
0.0402287
0.0390233
0.0391004
0.0359214
0.0188075
0.0432291
0.0835691
0.0144641
0.0358569
0.0899137
0.0173325
0.0119303
0.0120266
0.0305948
0.0903418
0.0147382
0.0347836
0.0951184
0.0168847
0.018993
0.0188043
0.0187529
0.0292302
0.0822404
0.0133661
0.0332717
0.0816566
0.0137395
0.0128035
0.0130642
0.0129808
0.0129674
0.0105914
0.0105308
0.0101726
0.0103378
0.0102848
0.0105446
0.0112487
0.0107168
0.0107204
0.0115272
0.0110641
0.0110321
0.0108971
0.0103082
0.0105168
0.0335471
0.0440123
0.0834201
0.0164974
0.0115502
0.011837
0.0112714
0.0118577
0.0106053
0.0107163
0.0107198
0.0102066
0.0108485
0.01058
0.0112213
0.0114034
0.0110507
0.010771
0.01079
0.010646
0.011158
0.010928
0.0118916
0.0111389
0.0111448
0.0109323
0.0111452
0.0113385
0.0109371
0.0116624
0.0113299
0.0116839
0.0113668
0.0114635
0.0112685
0.0110885
0.0115507
0.0115193
0.0115281
0.0117023
0.0113349
0.011516
0.011666
0.0116051
0.0114392
0.0112622
0.0113972
0.0118755
0.0117543
0.0118034
0.0116928
0.0116611
0.0119425
0.011509
0.0119276
0.0111035
0.0114901
0.0115429
0.011603
0.0117832
0.011182
0.0117585
0.0114545
0.0117442
0.0118177
0.0114032
0.0118254
0.0114182
0.0117825
0.0121559
0.0127767
0.0121439
0.0116804
0.0120273
0.0120341
0.0118862
0.0115666
0.011708
0.0119172
0.0117053
0.010966
0.0118182
0.0111531
0.0121699
0.00779263
0.0359833
0.0457313
0.045668
0.0454478
0.0454586
0.0447241
0.0442755
0.044647
0.0441556
0.0449775
0.0444653
0.0447438
0.0439261
0.0435781
0.0443012
0.0445682
0.0442179
0.0441198
0.0451103
0.0440993
0.0434324
0.0432012
0.0178132
0.0187246
0.0429978
0.043247
0.043549
0.0435397
0.043845
0.0439065
0.0437372
0.0436471
0.0460992
0.0438163
0.0434603
0.0435565
0.0431087
0.0439046
0.0427193
0.042849
0.042936
0.04368
0.0429919
0.0428897
0.0426816
0.0184487
0.0188856
0.0439123
0.0438475
0.0437308
0.0434346
0.0441366
0.0432144
0.0435446
0.0436644
0.0436903
0.0439413
0.0435487
0.0442248
0.043798
0.0430968
0.0429749
0.0433254
0.0440808
0.0431596
0.0437369
0.0436518
0.0439487
0.017775
0.018446
0.0435031
0.0439813
0.0438118
0.0439042
0.0447657
0.0440177
0.0441908
0.0442439
0.0443623
0.0445207
0.0435376
0.0435768
0.0437219
0.0440495
0.0469617
0.050651
0.0488696
0.0445027
0.0450692
0.0442224
0.0446848
0.018352
0.0190514
0.0448682
0.0446674
0.0448886
0.0435671
0.0454835
0.04435
0.0445336
0.0446246
0.0442276
0.0444549
0.0444058
0.0445065
0.044707
0.0449201
0.0450853
0.0450657
0.0476274
0.0443848
0.0449353
0.0443149
0.0442468
0.0181195
0.0187059
0.0443923
0.0443648
0.0445992
0.0445057
0.0437687
0.0441005
0.0446422
0.0441774
0.0444237
0.0454868
0.044498
0.0444863
0.0447213
0.0435597
0.0443982
0.0442454
0.0445866
0.0447983
0.0443122
0.0442409
0.0446462
0.0179047
0.0182002
0.0448188
0.0441965
0.0442466
0.0444578
0.0451252
0.0439172
0.0435068
0.0437221
0.0445588
0.0442282
0.0438042
0.0432244
0.0432753
0.0437023
0.0439254
0.0437394
0.0435165
0.0444817
0.0435806
0.0441513
0.0435796
0.0181565
0.0183981
0.0445248
0.0438439
0.0436158
0.0432132
0.0436082
0.043271
0.0425302
0.0430214
0.042672
0.0428572
0.0444607
0.0419634
0.0425071
0.0424425
0.042069
0.042326
0.0424653
0.0421307
0.0436509
0.0431263
0.0423679
0.0171307
0.0175648
0.0437952
0.0431098
0.0453653
0.0501211
0.044205
0.0425926
0.0423015
0.0427092
0.041792
0.0753503
0.0110799
0.0326494
0.0408304
0.0412701
0.0397549
0.0386696
0.0387702
0.037673
0.0383996
0.0367894
0.0337161
0.0167849
0.0386364
0.0377529
0.0382886
0.0390522
0.038883
0.0381877
0.0354634
0.0179855
0.081727
0.0145314
0.0122543
0.011441
0.0113104
0.0285597
0.0775049
0.0133902
0.00950186
0.00931823
0.0372818
0.0842835
0.01405
0.0110836
0.011317
0.0342846
0.0793237
0.0127513
0.0291401
0.0753013
0.012285
0.0280243
0.0752086
0.0126648
0.033996
0.0403796
0.075296
0.0126269
0.0335776
0.0402963
0.0790022
0.0131179
0.0099991
0.0106505
0.0108115
0.010664
0.0106339
0.0106847
0.010875
0.0115933
0.0112159
0.0125139
0.0126422
0.0126118
0.0127895
0.0124443
0.012704
0.0131708
0.0126224
0.0126973
0.0136419
0.00892115
0.0337821
0.0458798
0.044315
0.0843891
0.0142808
0.0112998
0.0118497
0.0116057
0.0129834
0.0120079
0.0115184
0.013655
0.0118261
0.0115826
0.012339
0.0127894
0.0127519
0.013235
0.014585
0.0129218
0.012788
0.0127621
0.013583
0.0153536
0.0139445
0.0141813
0.012446
0.0127744
0.0122084
0.012389
0.011912
0.0122844
0.0124609
0.0120052
0.0121342
0.0118574
0.0121591
0.0116266
0.0119563
0.0123145
0.0128928
0.0126823
0.012292
0.01216
0.0117559
0.0123456
0.0177908
0.0140435
0.0131173
0.0185885
0.0128888
0.0126826
0.0130065
0.0132931
0.0127415
0.0134441
0.0135446
0.0161768
0.01388
0.0128755
0.0142307
0.0135002
0.0142899
0.013127
0.0147104
0.0141366
0.014718
0.0138307
0.0147855
0.0141036
0.0188287
0.0136073
0.0146226
0.0136591
0.0193333
0.0133485
0.0145039
0.0141596
0.0149166
0.0139018
0.0149088
0.0141841
0.0196776
0.0133099
0.0138413
0.0147557
0.0145478
0.0199793
0.0159947
0.0200018
0.017036
0.0178137
0.016901
0.019174
0.019831
0.0181084
0.0170181
0.0156577
0.0147872
0.0153686
0.0147662
0.0141076
0.0163812
0.0142182
0.0149427
0.0149243
0.0143911
0.0146621
0.0135723
0.0146438
0.0139264
0.0155732
0.0135932
0.0147871
0.013682
0.0156988
0.0162989
0.0147145
0.0141621
0.0149798
0.0140246
0.0144801
0.0138177
0.0150584
0.0142946
0.0165283
0.0193627
0.0139882
0.0154381
0.0151189
0.0165763
0.0191072
0.0136244
0.0149867
0.0135006
0.0185034
0.0172557
0.0250492
0.0200486
0.0133262
0.0186733
0.0145921
0.0137672
0.0130928
0.0137433
0.014705
0.0163886
0.0227431
0.036736
0.0192248
0.018177
0.0194635
0.0140935
0.0138187
0.0140692
0.0140179
0.0139824
0.0129965
0.0134056
0.0133101
0.0137459
0.0133395
0.0136026
0.0128856
0.0137867
0.0141771
0.0138419
0.0176627
0.0155854
0.0148176
0.0208511
0.0189628
0.012579
0.01282
0.0130509
0.0130554
0.0124582
0.012218
0.0134442
0.0133837
0.0143405
0.012936
0.0133216
0.0132666
0.0124506
0.0139523
0.014431
0.0129214
0.0137338
0.0142006
0.0130322
0.013235
0.0144891
0.0174908
0.01691
0.014135
0.0167932
0.0138604
0.014352
0.0126567
0.0131618
0.0128811
0.0168943
0.0169645
0.0139304
0.0167783
0.0169444
0.0143307
0.016487
0.0163586
0.0157157
0.0120891
0.0132697
0.0142168
0.0126955
0.0123309
0.0143847
0.0123421
0.0120963
0.0138807
0.0169431
0.0162101
0.0141589
0.0172365
0.0162449
0.0139372
0.0170982
0.0160801
0.0174678
0.0129268
0.0155785
0.0136455
0.0126797
0.0126261
0.0135452
0.0128006
0.0124615
0.0192593
0.0134629
0.015075
0.0171688
0.0125847
0.018954
0.0184739
0.0171627
0.0199892
0.0190995
0.0222712
0.0142185
0.0142656
0.0124176
0.014324
0.0131409
0.0148492
0.0154576
0.0136511
0.0145458
0.0161766
0.0135315
0.0148534
0.0132554
0.0140709
0.014634
0.0128491
0.0136049
0.0154595
0.0132176
0.0143504
0.0148482
0.0133486
0.0149543
0.0152001
0.0137969
0.01425
0.0148837
0.0140668
0.0193613
0.0198334
0.014352
0.0145576
0.0140897
0.0163539
0.0146629
0.0154734
0.0139455
0.0146661
0.0153363
0.0133462
0.0148153
0.0153128
0.016063
0.014379
0.0152223
0.0136112
0.0196947
0.018542
0.0151182
0.0151168
0.0173165
0.0172943
0.0190734
0.0196823
0.0136261
0.0147551
0.0159848
0.013517
0.0139249
0.0142186
0.0140397
0.0141777
0.0137239
0.0137381
0.0131387
0.013591
0.0133184
0.0130184
0.0135861
0.0136233
0.0176504
0.0126674
0.0156581
0.0139511
0.0151684
0.0149789
0.0148033
0.0171564
0.0182877
0.0145602
0.0126096
0.0141866
0.0118188
0.013113
0.0131148
0.0140691
0.012626
0.0135933
0.0125096
0.013075
0.0135982
0.0121386
0.0170429
0.017538
0.012791
0.0142827
0.0150558
0.0150209
0.013511
0.0126612
0.0141152
0.0125432
0.0126558
0.014127
0.0129713
0.0129595
0.0138619
0.0123483
0.0148076
0.0154113
0.0146215
0.013755
0.0135804
0.0140897
0.0178877
0.0185086
0.0132954
0.0162211
0.0176074
0.0128295
0.018642
0.0173392
0.0150398
0.0135774
0.0141002
0.0137906
0.0175579
0.0176732
0.0132255
0.0188378
0.0198794
0.0131242
0.0141169
0.014799
0.0137605
0.013903
0.0153024
0.0146619
0.0184607
0.0195037
0.0134865
0.018719
0.019918
0.0157643
0.0154371
0.014946
0.0160402
0.0137848
0.016683
0.014607
0.015554
0.0139805
0.0164493
0.01661
0.0149896
0.0157538
0.0139272
0.0160443
0.0204445
0.0183909
0.014496
0.0147974
0.0155278
0.0135874
0.0199449
0.0187397
0.0141256
0.0167433
0.014992
0.0155415
0.0142493
0.0148739
0.0156417
0.0139794
0.0146466
0.0164281
0.0140286
0.0145948
0.0156893
0.0140007
0.0149945
0.0156516
0.0138725
0.0143178
0.0154437
0.0143005
0.0151492
0.0152802
0.0138937
0.0139846
0.0158158
0.0135908
0.0140823
0.0152169
0.013569
0.0157722
0.0139743
0.0153302
0.0133725
0.0156292
0.0180332
0.0194681
0.0168549
0.018318
0.0197013
0.0182213
0.0139394
0.0144863
0.0150434
0.0137628
0.0136987
0.0140814
0.0146828
0.0139347
0.0140393
0.0160552
0.0174271
0.0145691
0.0147833
0.0167321
0.0151589
0.0142012
0.0148902
0.0141918
0.015024
0.0138606
0.0161282
0.0180055
0.0191456
0.0143784
0.0159121
0.016347
0.0138116
0.0151151
0.013246
0.0135654
0.0151194
0.013453
0.0141447
0.0149786
0.0138953
0.0140289
0.0150833
0.0133028
0.0182756
0.0193333
0.0143033
0.0139585
0.0150075
0.0131456
0.0158714
0.0189819
0.0173959
0.0130389
0.0175331
0.0185695
0.0139287
0.0177601
0.018839
0.0174111
0.0183328
0.0192416
0.017172
0.0182132
0.0193334
0.0176378
0.0183187
0.019101
0.0175314
0.0161717
0.0161994
0.0150427
0.0130853
0.0135605
0.0145242
0.0127654
0.0137114
0.0177458
0.0187283
0.014906
0.0186056
0.017988
0.0127016
0.0142504
0.0149466
0.0127023
0.0133719
0.01453
0.0126273
0.01364
0.0139672
0.0127988
0.0179396
0.0189182
0.0130102
0.0139991
0.0141775
0.0126952
0.0129193
0.0130523
0.0131575
0.0184208
0.0174611
0.0127976
0.0130813
0.0142542
0.0122223
0.0144277
0.0174013
0.0183418
0.0156354
0.0132142
0.013948
0.0121235
0.0130941
0.0142592
0.0122978
0.0131023
0.0142066
0.0127121
0.0134227
0.0146348
0.0130616
0.0140068
0.0142546
0.0129776
0.0139715
0.0145785
0.013331
0.0179797
0.0184814
0.0130734
0.0147307
0.0132107
0.0143408
0.0132276
0.0139564
0.0145515
0.0126991
0.0151116
0.0177228
0.0186099
0.0140279
0.0180664
0.0206605
0.0138377
0.0181595
0.018279
0.0170425
0.0177735
0.0180026
0.0139761
0.0137746
0.0143823
0.0125203
0.0131637
0.0146517
0.0128149
0.0135015
0.014368
0.0126361
0.0135724
0.0144868
0.0121489
0.0177173
0.0180619
0.0125302
0.013893
0.0161092
0.0124924
0.0150863
0.0154541
0.0131543
0.0142511
0.0128908
0.0150638
0.017159
0.0179273
0.0124296
0.01752
0.0194872
0.0126367
0.0170312
0.0150531
0.012713
0.0137692
0.0141759
0.0131623
0.013126
0.0142294
0.0127675
0.016652
0.0171928
0.0128814
0.0156176
0.013382
0.0139674
0.012687
0.0175861
0.0199343
0.0135916
0.0133062
0.0145182
0.0128601
0.0135394
0.0150427
0.0140515
0.0153612
0.0158953
0.0137733
0.0170677
0.0148118
0.0163688
0.0149233
0.0128723
0.0138016
0.0142738
0.0129186
0.015053
0.0130419
0.0144858
0.0125991
0.0129386
0.0136977
0.0120983
0.0129343
0.0139404
0.0120246
0.0126519
0.0132302
0.0121045
0.0174946
0.0167152
0.0136361
0.0125647
0.0139265
0.0119937
0.0180315
0.0169734
0.0142728
0.0172031
0.0172538
0.0144563
0.016838
0.0173446
0.0143592
0.0139683
0.0132827
0.0153197
0.01873
0.0188804
0.0140009
0.0137506
0.0141943
0.0135642
0.0144578
0.013986
0.0155986
0.0178791
0.0187181
0.0139012
0.0131777
0.0148822
0.0131254
0.0182261
0.0184162
0.0138172
0.0145498
0.0151413
0.0132811
0.0182345
0.0184293
0.0132344
0.0135045
0.0144605
0.0128777
0.0136221
0.0144951
0.0129186
0.015909
0.0133357
0.0144464
0.0148903
0.0163868
0.0177388
0.0130925
0.0135699
0.0146722
0.0128878
0.0186518
0.0160893
0.0140659
0.0130742
0.0137069
0.0124197
0.0176232
0.0178983
0.0137475
0.0176816
0.0173419
0.0144871
0.0131052
0.0146657
0.0128621
0.0130942
0.0144055
0.0126702
0.0182638
0.0184846
0.0133876
0.0146469
0.0133743
0.0138536
0.0124937
0.0134479
0.0143196
0.0126356
0.0131954
0.0143064
0.0126816
0.0141113
0.0135314
0.0147221
0.0129902
0.0197739
0.0130465
0.0141521
0.0130023
0.0148255
0.0133241
0.0142407
0.0125561
0.0153939
0.0134231
0.0137916
0.0120068
0.0127158
0.0134238
0.0118675
0.01394
0.0145589
0.0144978
0.0123247
0.01588
0.0140388
0.011992
0.0128235
0.0117367
0.0166358
0.0185751
0.012416
0.0171913
0.0168509
0.0147839
0.014583
0.012229
0.0133406
0.0120447
0.0174281
0.0167892
0.0145352
0.0129134
0.0127182
0.0140412
0.0130517
0.0154209
0.0136048
0.0143282
0.0142828
0.014917
0.0129619
0.0132999
0.0144046
0.0161814
0.0136531
0.0134175
0.0131196
0.0157293
0.0138653
0.0139241
0.0145582
0.012539
0.0133105
0.0137635
0.0141248
0.018229
0.0167528
0.0152671
0.0130038
0.0140691
0.0123288
0.0185967
0.0171948
0.0147023
0.0179972
0.0173188
0.0158252
0.0137811
0.0132794
0.0139489
0.0128295
0.0125603
0.0131129
0.0128559
0.0133253
0.0132312
0.0167038
0.0162645
0.0144333
0.0173556
0.016964
0.0138528
0.0131595
0.0124168
0.0138977
0.0171433
0.0165702
0.0141898
0.0157486
0.0149663
0.014163
0.0127182
0.0153586
0.0142886
0.0150618
0.0149675
0.0135659
0.0146525
0.0151651
0.0151775
0.0131412
0.0127752
0.0154017
0.0134773
0.0147679
0.0150642
0.018601
0.0174633
0.0153535
0.0174394
0.01339
0.0156359
0.0151699
0.0141148
0.0158609
0.016403
0.0135846
0.0146598
0.0133708
0.0141126
0.0145387
0.0165765
0.014822
0.0141259
0.0148222
0.0148029
0.0187974
0.018361
0.015491
0.0150153
0.0149334
0.0159145
0.0143915
0.0152624
0.0139206
0.0147129
0.0157498
0.0138986
0.0143246
0.0153266
0.0145333
0.014664
0.0154782
0.0140207
0.015348
0.0140655
0.0184205
0.0136491
0.0148028
0.0141792
0.0129589
0.0134599
0.0145438
0.0131842
0.0139344
0.0147364
0.0132614
0.0149143
0.0176847
0.0142268
0.0142801
0.0152485
0.013733
0.0157124
0.0170844
0.0140427
0.0162288
0.0136259
0.0192277
0.0186865
0.0145895
0.0164446
0.0143463
0.0145796
0.0137564
0.0188559
0.018851
0.0148932
0.0157279
0.0158036
0.0148805
0.0156085
0.015098
0.0192162
0.020205
0.0159906
0.0147262
0.0160205
0.0149457
0.0165161
0.0149207
0.0160952
0.0144253
0.0149429
0.0165592
0.0145079
0.0148998
0.0158262
0.0142218
0.0143743
0.015787
0.0137858
0.0143041
0.0154186
0.0142718
0.0143265
0.0158214
0.0139429
0.0141975
0.016015
0.0145093
0.0146471
0.0184358
0.0202082
0.0154733
0.0161848
0.0186244
0.0200096
0.0162886
0.015029
0.01622
0.0145647
0.015779
0.0155523
0.0139574
0.0146281
0.0157573
0.01394
0.0185368
0.0199131
0.0172757
0.0150794
0.0141267
0.0155794
0.0138335
0.0159726
0.0181779
0.0201485
0.0178188
0.0182711
0.0200021
0.0177864
0.018337
0.0203297
0.01796
0.0152288
0.0135805
0.0152565
0.0130157
0.0152373
0.013618
0.0147839
0.0133941
0.015557
0.0180688
0.0203277
0.0178293
0.0137355
0.0141296
0.015317
0.0144524
0.0181413
0.0205624
0.0182912
0.0155665
0.0142127
0.0156714
0.0136379
0.0157552
0.0179997
0.0195366
0.017746
0.0157578
0.0177621
0.0155873
0.0133043
0.0154934
0.0149174
0.0159842
0.013908
0.0153447
0.0182847
0.0198878
0.0178296
0.016909
0.0146808
0.0154419
0.014891
0.0145572
0.0143367
0.0155337
0.0136381
0.0158394
0.018039
0.0197715
0.019691
0.0146364
0.0156416
0.0183176
0.0142372
0.0139956
0.0187235
0.0203123
0.0177119
0.0143475
0.0134482
0.0153709
0.0143078
0.0140985
0.0134507
0.0152334
0.0136271
0.0146274
0.0164095
0.0179592
0.019241
0.0173748
0.0153751
0.0178256
0.0193108
0.0181943
0.0143559
0.0170927
0.0152135
0.0136031
0.0162791
0.0185899
0.0196704
0.0180189
0.0163701
0.0196685
0.0200499
0.0181699
0.0158531
0.013849
0.0160972
0.0139689
0.0164791
0.0181423
0.0202445
0.018372
0.0141395
0.0186853
0.0196821
0.0179967
0.0159047
0.0138444
0.016494
0.0150279
0.0144628
0.0141046
0.0157386
0.0172012
0.0145491
0.0140438
0.0171233
0.0146131
0.014187
0.01906
0.0198416
0.0168097
0.0144505
0.0166771
0.0179793
0.0149697
0.0146799
0.0153829
0.0168942
0.0151287
0.0149484
0.018968
0.0206985
0.0192619
0.016649
0.0149404
0.021343
0.0156803
0.01503
0.0190717
0.0211314
0.0193526
0.015047
0.0146696
0.0165167
0.0148612
0.0157822
0.0186799
0.0211161
0.0204077
0.0160682
0.0145899
0.0175546
0.0149096
0.0151773
0.0186607
0.0208263
0.0191651
0.0155467
0.0151413
0.0177626
0.0174443
0.0152961
0.0190377
0.021157
0.0194389
0.0170868
0.0176725
0.0153328
0.0166997
0.0157807
0.0155768
0.0150968
0.0165884
0.0160255
0.0154521
0.0157451
0.0170853
0.0190001
0.015892
0.0156947
0.0177593
0.0171324
0.0158754
0.0154773
0.0165831
0.0162093
0.015297
0.0154527
0.0165796
0.0156343
0.0151493
0.0151212
0.0177364
0.0150098
0.0154251
0.0172539
0.0152419
0.0166116
0.0158909
0.0157435
0.0172946
0.0152778
0.0173537
0.0158896
0.0149611
0.0155399
0.0159536
0.0156779
0.0150268
0.0144892
0.0157038
0.0138071
0.0166682
0.0140005
0.0150302
0.0143341
0.0146641
0.0151533
0.0150125
0.0146662
0.0146291
0.0142178
0.0162973
0.0135431
0.0140358
0.0145994
0.0157143
0.0140613
0.014212
0.0149643
0.0161656
0.0173092
0.0149092
0.0175999
0.0160811
0.0158413
0.0154113
0.0153139
0.0171217
0.0156145
0.0154589
0.0149988
0.0174024
0.0159563
0.0157219
0.0154489
0.0169315
0.0149775
0.0147874
0.0195504
0.0215623
0.0193418
0.0163573
0.0150479
0.0160542
0.0151163
0.0147273
0.0146883
0.0169469
0.0157665
0.0144247
0.0146926
0.0151417
0.0134105
0.013925
0.0181203
0.0193909
0.018498
0.0140372
0.0141886
0.0150444
0.0138033
0.0138339
0.0181992
0.0198372
0.0177845
0.0139822
0.0181471
0.0201938
0.0179053
0.0140752
0.0152804
0.0183116
0.0201893
0.0182046
0.0159712
0.0185664
0.0207835
0.0182286
0.0145038
0.01882
0.0168582
0.01542
0.0157177
0.0147263
0.0166182
0.0155055
0.0148018
0.015316
0.0172582
0.0159663
0.0151499
0.0170686
0.0178677
0.0157899
0.0180054
0.0193995
0.0159473
0.017343
0.0174039
0.0180765
0.0202212
0.018321
0.0167079
0.0164268
0.0159214
0.0172976
0.0158528
0.0158594
0.0159301
0.0180348
0.0168766
0.0156729
0.0156424
0.0173124
0.0160054
0.0154457
0.0196584
0.0214085
0.0202579
0.0154013
0.01497
0.0173319
0.0151005
0.0153276
0.0186234
0.0170858
0.0152827
0.015901
0.0178575
0.0191506
0.0205439
0.0190446
0.0155499
0.0150156
0.0168744
0.0149968
0.0157019
0.0150393
0.0172153
0.0150854
0.0152727
0.019144
0.0210949
0.0189475
0.0154997
0.0196762
0.0214592
0.0190822
0.0172992
0.0193867
0.0210402
0.0194263
0.016676
0.0172175
0.0203907
0.0216314
0.019616
0.0166694
0.0148851
0.0198959
0.0148172
0.0159821
0.0189126
0.0206686
0.0190343
0.0151634
0.0191463
0.0209545
0.0191303
0.0165587
0.0160078
0.0162284
0.0146915
0.0149981
0.0147262
0.0165166
0.0145958
0.0148955
0.0188086
0.0210922
0.0188428
0.0156015
0.0200963
0.018722
0.0146409
0.0154318
0.0192666
0.0214756
0.0189122
0.0163532
0.0155219
0.0177034
0.0150106
0.0151323
0.015348
0.017113
0.0147812
0.0169171
0.0146341
0.0167361
0.0148845
0.0170382
0.0193946
0.0174159
0.0174516
0.0163084
0.0177362
0.0159288
0.0202508
0.0160747
0.0158006
0.0173181
0.0182507
0.0181195
0.0181889
0.0176419
0.0183634
0.0158346
0.0183983
0.0164818
0.0170979
0.0175234
0.0189048
0.016186
0.0183502
0.0162587
0.0166035
0.0165299
0.0188207
0.0162052
0.0168349
0.0210385
0.0227129
0.0205109
0.0178941
0.0166983
0.0194967
0.0167112
0.0172053
0.0208555
0.0235727
0.0206899
0.0166361
0.0214839
0.0237486
0.0221716
0.0214886
0.0213184
0.0242861
0.0212512
0.0184365
0.0188864
0.0219471
0.0186202
0.0187181
0.0230627
0.0253522
0.0248265
0.0231432
0.023517
0.0258059
0.0252508
0.0230395
0.020463
0.0189376
0.0211908
0.0208922
0.0185771
0.0208569
0.0232165
0.0257474
0.0254532
0.0230174
0.01999
0.0204449
0.0191529
0.0192964
0.0215795
0.0187917
0.0193902
0.0231837
0.0245887
0.0257779
0.0234156
0.0187531
0.0199639
0.0209089
0.0185724
0.0250787
0.0205729
0.0181485
0.0199617
0.0226014
0.0248396
0.025654
0.0228389
0.0224076
0.0203827
0.0195445
0.0215405
0.0188432
0.0187487
0.0232427
0.0237951
0.0254913
0.023225
0.0194602
0.0196765
0.020765
0.0215516
0.0184904
0.0191578
0.0224896
0.0248068
0.0261713
0.0227821
0.018453
0.0191439
0.0195336
0.0206536
0.0186323
0.0188133
0.0231674
0.0250452
0.025291
0.0232953
0.018241
0.0191297
0.0196653
0.0209366
0.0176034
0.0185507
0.0228969
0.0245285
0.025616
0.0226235
0.0199571
0.0233391
0.0242874
0.0246834
0.0224893
0.0194524
0.0228565
0.0253092
0.0251142
0.0226457
0.0209352
0.0191652
0.0198899
0.0211864
0.0201791
0.0191707
0.018901
0.0201697
0.0209933
0.0182003
0.0189012
0.0188257
0.0192772
0.0209594
0.0196533
0.0189705
0.0206486
0.0228716
0.0222433
0.0211514
0.0213016
0.018825
0.0185369
0.0196506
0.0220526
0.0226589
0.0189271
0.0202974
0.019237
0.0198845
0.0210925
0.0191281
0.0192352
0.0194142
0.019931
0.0214072
0.0185959
0.0181922
0.0188214
0.0198602
0.0215896
0.0182059
0.0195312
0.0182472
0.0204933
0.0207187
0.0187619
0.018191
0.0223064
0.0240114
0.0248707
0.0223954
0.021089
0.0225342
0.0253835
0.025603
0.0222119
0.019017
0.0227303
0.0230451
0.0214577
0.0190403
0.0189455
0.0188651
0.019405
0.0205973
0.0205554
0.0179767
0.0199598
0.022577
0.0210811
0.0205999
0.0205354
0.0183967
0.0225177
0.0228758
0.0252391
0.0229861
0.0218629
0.0222308
0.022707
0.0241017
0.0234047
0.021935
0.0218198
0.0228116
0.0243687
0.0216072
0.0177309
0.0183737
0.0210013
0.0206757
0.0180303
0.0178625
0.0221063
0.0230567
0.0239123
0.0225913
0.0216232
0.019203
0.0191515
0.0203389
0.0197787
0.0186709
0.0177095
0.0173367
0.0198996
0.0208583
0.0175201
0.017439
0.0220487
0.0224323
0.0252422
0.0227876
0.021956
0.0201955
0.0174337
0.0179985
0.0200366
0.0179507
0.0176254
0.0221616
0.0230821
0.0250161
0.0226434
0.0215798
0.0221426
0.0226157
0.0247805
0.0232645
0.0230876
0.0184733
0.0208326
0.0186528
0.0204625
0.0193388
0.0177484
0.0179755
0.017909
0.019946
0.0204542
0.0177571
0.0189991
0.0223293
0.0224125
0.0233258
0.018433
0.0179129
0.0211056
0.0181743
0.0195305
0.0180057
0.0177371
0.0196492
0.0184506
0.0184245
0.0198931
0.0190005
0.0178683
0.0197118
0.0224435
0.0227102
0.0205542
0.0217873
0.0209431
0.0218954
0.0222793
0.0233156
0.0228441
0.0222276
0.0195534
0.0173816
0.018561
0.0201465
0.0208992
0.0182709
0.0184707
0.0190136
0.020646
0.018948
0.0180376
0.0192238
0.023146
0.0229011
0.0245989
0.0239628
0.0224562
0.0188502
0.019054
0.0218636
0.0208532
0.0210878
0.0190276
0.0205832
0.0228336
0.0231474
0.025021
0.0239901
0.0233213
0.0203264
0.0219994
0.0206844
0.0219635
0.0189486
0.0189456
0.0192659
0.0196903
0.0214945
0.0197626
0.0189208
0.0194754
0.019644
0.0193075
0.0218186
0.0199668
0.0190661
0.0194159
0.0237665
0.0238952
0.0264769
0.0243795
0.0227479
0.0187856
0.0194359
0.0202478
0.0217221
0.0187063
0.0196091
0.0194438
0.02055
0.0209299
0.0190042
0.0194047
0.0191761
0.0198702
0.0213315
0.0215398
0.0196421
0.021367
0.0238376
0.0242023
0.0264333
0.0253113
0.0233895
0.0238867
0.0249514
0.0268058
0.0233786
0.0242012
0.0217712
0.0223705
0.0198174
0.0199574
0.0221796
0.022284
0.0192906
0.0198758
0.0198871
0.0204407
0.022579
0.021396
0.019862
0.0209908
0.0213426
0.0220389
0.0202728
0.0206139
0.0220379
0.0245433
0.0202975
0.0199355
0.0246473
0.0259521
0.0274868
0.0261294
0.0250929
0.0226035
0.0216905
0.0210114
0.0202187
0.02272
0.0236543
0.0205495
0.0210514
0.0216729
0.0205903
0.0234455
0.0236775
0.0225017
0.0209613
0.0222645
0.0250962
0.0258356
0.0284806
0.0281232
0.0285217
0.025522
0.022413
0.022092
0.0219947
0.0234509
0.0231975
0.0205619
0.0207729
0.0218248
0.0214851
0.0238454
0.0238643
0.0247364
0.0215903
0.0237447
0.0213449
0.021407
0.0235511
0.0243659
0.0240091
0.0216539
0.0236652
0.0216891
0.0260364
0.0237431
0.0241206
0.0231711
0.0216102
0.0234021
0.0246055
0.0237651
0.0237105
0.0219905
0.0215406
0.0227247
0.0246462
0.0225303
0.0213141
0.0216445
0.0221723
0.0214219
0.0223232
0.0244012
0.0238536
0.0213556
0.021987
0.0257442
0.0259623
0.0290681
0.0288458
0.0264215
0.0255754
0.0215684
0.0212682
0.021854
0.0241933
0.0253099
0.0229363
0.021549
0.0232087
0.0253824
0.0262682
0.0270241
0.0267778
0.0215818
0.0218722
0.0231685
0.0213412
0.0210386
0.0229427
0.0226441
0.0223208
0.0207269
0.0221139
0.0249924
0.0252247
0.0276625
0.028348
0.0263099
0.0258945
0.0219251
0.0215352
0.0216258
0.023404
0.0241504
0.0223048
0.0208615
0.0226856
0.0250638
0.0273861
0.0273577
0.0269171
0.0261343
0.0256098
0.0208428
0.0211971
0.0228694
0.0250756
0.0236458
0.0209733
0.0209883
0.0214498
0.0220956
0.0239587
0.0238684
0.0228144
0.0216644
0.0229039
0.02139
0.020973
0.0244422
0.0243809
0.0222416
0.0213538
0.0217019
0.0245889
0.0217247
0.0245141
0.0239398
0.0218582
0.0226543
0.0221266
0.0215718
0.0211961
0.024127
0.0243729
0.023857
0.0218132
0.0226432
0.0226966
0.0232531
0.0225176
0.0242998
0.023653
0.0215462
0.0215043
0.021211
0.0214024
0.0222596
0.0247377
0.0248669
0.0216529
0.0214277
0.0214258
0.0220241
0.0238673
0.0228909
0.0240617
0.0211497
0.0259114
0.026509
0.0290971
0.0342079
0.0284512
0.0223751
0.0211764
0.0239435
0.0240072
0.0233946
0.0212077
0.0210621
0.0213727
0.0217411
0.0231791
0.0233766
0.0210535
0.0210101
0.02163
0.0225303
0.0239684
0.0244215
0.0214737
0.0215325
0.0234704
0.0223049
0.0237413
0.0237625
0.0224635
0.020813
0.0231516
0.0251117
0.0259241
0.0267916
0.0269852
0.0265471
0.0253898
0.0222199
0.0208515
0.0210366
0.0224874
0.0227771
0.0199713
0.021581
0.0250663
0.0248604
0.0264301
0.0258344
0.0237391
0.0207758
0.0239266
0.0249444
0.0264616
0.0259194
0.0246209
0.0202717
0.0209889
0.0213127
0.0215976
0.0204754
0.0198878
0.0229563
0.0200548
0.0207222
0.0217411
0.0207661
0.0201766
0.020087
0.0222079
0.0244107
0.0246037
0.022718
0.0206915
0.0218247
0.0255553
0.0230755
0.0215299
0.023881
0.0220455
0.0237522
0.0236077
0.0212605
0.0180505
0.0187127
0.0202259
0.0203395
0.0173508
0.0198025
0.0200086
0.0173042
0.0178988
0.0214326
0.0226508
0.023205
0.0227463
0.0183795
0.0199944
0.0188339
0.0194114
0.0178157
0.0201218
0.0177658
0.0174259
0.0187734
0.0173693
0.0189945
0.0179892
0.0167033
0.0172512
0.0178348
0.0190282
0.0169307
0.016451
0.0175409
0.0204579
0.0221137
0.0220638
0.0203831
0.0165991
0.0162906
0.0184576
0.0163308
0.0158167
0.0179711
0.02035
0.0220384
0.0194931
0.0157336
0.0167001
0.0154289
0.0156037
0.0175062
0.0163267
0.0175133
0.0160217
0.0161505
0.0162815
0.018477
0.0164338
0.0163537
0.016043
0.0188586
0.0161163
0.0168623
0.0170372
0.0195104
0.0175514
0.0157557
0.0155161
0.0174836
0.0156491
0.0162308
0.0158208
0.0155714
0.0138612
0.0151946
0.0173181
0.0151163
0.0170737
0.015669
0.0168507
0.0150859
0.0176723
0.0197606
0.0207267
0.0185503
0.0199879
0.0201235
0.0196868
0.0201004
0.0211492
0.0193073
0.0170742
0.0192031


