0.0316029
0.0436073
0.0774236
0.039573
0.0214974
0.0213062
0.0206154
0.0203981
0.0221387
0.0215744
0.0221782
0.0241435
0.0228519
0.0242638
0.024503
0.0248069
0.0260673
0.0248969
0.0296099
0.0299108
0.026678
0.0251683
0.0103706
0.00995525
0.00999078
0.00950742
0.00969075
0.00969219
0.0108576
0.00939394
0.0114401
0.011827
0.010087
0.00945522
0.0113283
0.0104035
0.012281
0.0104338
0.011765
0.011467
0.0130255
0.0118058
0.0132725
0.0117445
0.0124326
0.0148223
0.0136432
0.0120208
0.0111933
0.0169186
0.0115519
0.011018
0.0108602
0.0130227
0.0107878
0.010549
0.0113198
0.0102957
0.01228
0.0106115
0.011169
0.0129003
0.0127804
0.0132765
0.0134861
0.0135408
0.0139902
0.0118292
0.0129087
0.0141458
0.0128018
0.0144901
0.0148065
0.0120699
0.0133762
0.0153534
0.0149886
0.0147923
0.0146036
0.0146244
0.0163777
0.0164428
0.0132867
0.0133413
0.0129553
0.0129215
0.0121687
0.014698
0.010666
0.014275
0.0111961
0.0136028
0.013601
0.0130344
0.0145778
0.0130414
0.0118044
0.0166104
0.0120107
0.0168684
0.0166799
0.0144384
0.0169444
0.0152142
0.0147416
0.0129407
0.0171106
0.0149461
0.0154765
0.013219
0.0143674
0.014076
0.0147872
0.0153036
0.0119373
0.0128181
0.0120109
0.0111756
0.01154
0.0140251
0.0155872
0.0170441
0.0137112
0.0136584
0.0142916
0.0140281
0.0120157
0.0139948
0.0140554
0.0148695
0.0148305
0.014844
0.01283
0.0141517
0.0138265
0.0144458
0.0154363
0.013709
0.0158007
0.0152546
0.013079
0.0136778
0.0143549
0.0167782
0.0172868
0.0138537
0.011806
0.0126975
0.0115656
0.0113005
0.0119401
0.0110236
0.0112117
0.012887
0.0129367
0.011599
0.0148085
0.0145826
0.0135402
0.0132047
0.0136725
0.0151872
0.0148456
0.0151253
0.0134878
0.0148319
0.0133626
0.0138549
0.0140721
0.0136332
0.0176863
0.0187929
0.01584
0.0135195
0.0149702
0.0136005
0.0177875
0.0186042
0.0135252
0.0129442
0.0129202
0.0122408
0.015951
0.016797
0.0118236
0.0173779
0.0177063
0.0143466
0.0144267
0.0152201
0.0150066
0.0150913
0.0146979
0.0149271
0.0151388
0.0131991
0.015461
0.0130694
0.015192
0.0149823
0.0173813
0.0188633
0.0153297
0.0140473
0.013576
0.0146337
0.0137025
0.0156688
0.0181141
0.0192533
0.0141642
0.0142728
0.0158766
0.0160955
0.0162576
0.0161161
0.0136116
0.0155174
0.0142305
0.0159112
0.0172257
0.0155959
0.0139216
0.0149163
0.0134045
0.0173246
0.0177514
0.0170972
0.0162923
0.0168321
0.0126448
0.0116177
0.011684
0.0109292
0.01467
0.0154415
0.0104043
0.0145546
0.0154826
0.0101749
0.0103617
0.0105204
0.0116244
0.0152039
0.0188223
0.0123367
0.0126716
0.0118137
0.0144255
0.012881
0.0136051
0.0134512
0.0136513
0.0133224
0.0133322
0.013774
0.0126839
0.0136596
0.0139828
0.0138047
0.0114817
0.0127297
0.0117233
0.0161632
0.0173871
0.0131658
0.0178109
0.0187965
0.0175019
0.0158242
0.014639
0.0163948
0.0135371
0.0152675
0.0167234
0.0151367
0.0128958
0.0148362
0.014269
0.0130341
0.0129919
0.0177823
0.0149315
0.0159004
0.0156914
0.0162403
0.0163368
0.0164084
0.0153846
0.0177
0.0154396
0.0150609
0.0130038
0.0174893
0.0176919
0.0168787
0.013657
0.012729
0.0162167
0.017261
0.0148107
0.0116714
0.0127802
0.0116519
0.0133756
0.0163808
0.0169486
0.0119694
0.0130272
0.0144593
0.0132723
0.0147613
0.0153038
0.0150597
0.0140169
0.013716
0.0126076
0.0139558
0.0163504
0.017587
0.0177259
0.0140336
0.0170122
0.0187317
0.0179992
0.0137655
0.0181256
0.018606
0.0166884
0.016275
0.0165632
0.0168272
0.0173567
0.0148453
0.0179179
0.0156319
0.0145204
0.0144475
0.0160889
0.0156676
0.0140822
0.0154546
0.0138574
0.01517
0.0142562
0.0123059
0.0156982
0.0166821
0.0161652
0.0155502
0.0122694
0.0103103
0.0112987
0.0110731
0.0114714
0.0102533
0.0111407
0.0104778
0.0117511
0.0148173
0.0156662
0.0126316
0.0116868
0.0159073
0.0163878
0.012847
0.0155496
0.0165932
0.0152233
0.0118917
0.0113707
0.0112897
0.0104272
0.0103556
0.0115917
0.011458
0.0110047
0.0106078
0.0148544
0.0164639
0.013644
0.0162017
0.01219
0.0166859
0.0181591
0.0190441
0.0145735
0.0180002
0.0191041
0.0188326
0.0146054
0.0173578
0.0191077
0.017929
0.0168573
0.0136016
0.0115768
0.013773
0.0123527
0.0109521
0.0115652
0.0122768
0.0137572
0.0113954
0.0136154
0.0129416
0.0140283
0.0169621
0.0175971
0.0174609
0.0163754
0.0146675
0.0143285
0.0141795
0.013998
0.0115155
0.0125749
0.0121588
0.0131513
0.0160245
0.0165021
0.0161065
0.0129826
0.0112969
0.0140154
0.0128963
0.0130954
0.0128527
0.0172744
0.0203679
0.0197123
0.0197596
0.0158918
0.015265
0.0166961
0.0167035
0.0163136
0.0162619
0.0137877
0.0151979
0.0154152
0.0141503
0.0185381
0.0201325
0.0193094
0.0192161
0.0145997
0.0134976
0.0164899
0.0143267
0.0143005
0.0141719
0.0138411
0.0138097
0.0159509
0.0151537
0.0153167
0.0141084
0.0142956
0.0171813
0.0158859
0.0151676
0.014878
0.0141679
0.0177209
0.0192712
0.0189842
0.0187907
0.0176449
0.0145928
0.0126444
0.0134326
0.0134653
0.0140045
0.0135542
0.0164547
0.0151784
0.0172478
0.0184709
0.0187017
0.018209
0.0184574
0.0170555
0.0169318
0.0184252
0.0191146
0.0185071
0.01791
0.0149497
0.0174495
0.0183633
0.016148
0.014129
0.013363
0.014234
0.017053
0.0177056
0.0178515
0.0174847
0.0165356
0.013653
0.0124391
0.0141053
0.0136202
0.0126014
0.0166108
0.0185755
0.0178277
0.0131938
0.0145104
0.0146947
0.0154854
0.0152986
0.0143648
0.0132421
0.015245
0.0147966
0.0142317
0.0155359
0.0165604
0.0152586
0.0140503
0.0159062
0.016058
0.0155945
0.0159754
0.0158903
0.0157696
0.01609
0.0157914
0.0155925
0.01369
0.0159974
0.0157026
0.0159643
0.0164399
0.0155926
0.0160233
0.0158739
0.0156297
0.0155888
0.0152248
0.0140439
0.0161544
0.015527
0.0153398
0.0156202
0.0158763
0.015806
0.0138933
0.0159519
0.0159884
0.0158241
0.0159749
0.0150191
0.0158412
0.0146073
0.0157705
0.0155231
0.0158779
0.0160149
0.0153807
0.0159002
0.0159581
0.0155315
0.0149394
0.0160434
0.0159313
0.015883
0.0163497
0.0150008
0.0157009
0.0150901
0.0157345
0.0157422
0.0162824
0.0145173
0.0158612
0.0151456
0.0155218
0.015755
0.0152041
0.0157106
0.0153665
0.0153551
0.0153168
0.0161136
0.0158562
0.0155761
0.015748
0.0149955
0.0152916
0.0154009
0.0161995
0.0140107
0.0153779
0.0153576
0.0160621
0.0150416
0.0159179
0.0154712
0.015613
0.0158744
0.0155563
0.0161061
0.0156111
0.0158738
0.0156929
0.0154249
0.015706
0.0156366
0.015789
0.0142093
0.0158681
0.015863
0.0149463
0.0158135
0.015864
0.0151641
0.0157015
0.0156523
0.0159677
0.0157014
0.0157289
0.0164006
0.0155219
0.0155934
0.0156709
0.0156563
0.0151825
0.0139556
0.0155908
0.0150563
0.0140774
0.0155153
0.0137291
0.0152118
0.0160417
0.0154203
0.0134192
0.0156171
0.0156026
0.0159532
0.0157236
0.0161609
0.0154561
0.015549
0.0158984
0.0161503
0.0155237
0.0160099
0.0155212
0.0151595
0.0155597
0.015824
0.0155403
0.0157983
0.0160382
0.0157569
0.0154935
0.0160213
0.0151656
0.0154132
0.0163652
0.0154242
0.0160612
0.0162677
0.0156489
0.0152782
0.0158444
0.0154148
0.0161105
0.0156819
0.0154166
0.016066
0.0157011
0.0144954
0.0160383
0.01592
0.0158087
0.015991
0.0158485
0.0155003
0.0162321
0.0164243
0.0159513
0.0164158
0.0162235
0.0163848
0.0150234
0.0161376
0.0161629
0.0162779
0.0157202
0.0158117
0.0158299
0.0157608
0.0161948
0.0161803
0.0160554
0.0155404
0.0161543
0.0160778
0.0138601
0.0159996
0.0152944
0.0157529
0.0155649
0.0155586
0.0156713
0.0156096
0.0150893
0.0157343
0.0155387
0.0160765
0.0151042
0.0158608
0.0158683
0.01495
0.0160489
0.0165473
0.0142324
0.0159904
0.0152453
0.0157197
0.0152987
0.0149247
0.0137325
0.0160945
0.0160774
0.0166501
0.0162027
0.0158696
0.0151082
0.0157771
0.0153591
0.0159134
0.0157388
0.0160922
0.0139834
0.0154217
0.0158697
0.0159585
0.0159193
0.0159849
0.0158766
0.0158913
0.0140159
0.0157218
0.0152187
0.0156108
0.015757
0.015868
0.0158191
0.0157146
0.015964
0.0160418
0.0150166
0.0160286
0.016116
0.0157361
0.01513
0.0161316
0.0155644
0.0160934
0.0158978
0.0153615
0.0141323
0.0148363
0.0156501
0.016301
0.0148829
0.0156389
0.0158683
0.0157665
0.01357
0.0135741
0.0133076
0.0124654
0.0125767
0.0134844
0.0132877
0.0124524
0.0167251
0.017751
0.0176654
0.0144775
0.0132509
0.0145623
0.0146694
0.0147264
0.0142325
0.0159973
0.0138468
0.015068
0.0146707
0.0148834
0.0145694
0.0154359
0.0183785
0.0190478
0.0187213
0.0187939
0.0188455
0.018708
0.013487
0.0172859
0.0183514
0.0186073
0.014588
0.0138302
0.0159292
0.0139739
0.0132262
0.0127267
0.0121653
0.0131003
0.0135338
0.0131774
0.0174199
0.0124822
0.0140794
0.0125265
0.0137457
0.0159392
0.0119898
0.0161306
0.0134909
0.0161743
0.0127933
0.0136158
0.0176192
0.0180918
0.0175451
0.0134599
0.0141142
0.0124099
0.0138178
0.0134166
0.0124378
0.0141579
0.0165256
0.0176647
0.0174829
0.0168015
0.0148112
0.0125484
0.0137036
0.0136577
0.0124045
0.0137953
0.01241
0.0134389
0.0133027
0.012754
0.0166352
0.0178524
0.017418
0.0133939
0.0127508
0.0139493
0.013609
0.0124144
0.0125588
0.0132591
0.0134983
0.0125348
0.015056
0.0167286
0.0175708
0.0175651
0.0128014
0.0129282
0.0142854
0.0151057
0.0131452
0.0122609
0.0138317
0.0137661
0.0126525
0.0205353
0.0175034
0.0175604
0.0166568
0.0140602
0.0124055
0.0136122
0.0135812
0.0124701
0.0143274
0.0142875
0.0148428
0.0166512
0.0179375
0.0179578
0.0171546
0.0142415
0.0124347
0.0137603
0.0135729
0.0133532
0.013028
0.015184
0.0173573
0.0193014
0.0188022
0.0177301
0.0159083
0.0134011
0.0145368
0.0145912
0.0148066
0.0131864
0.0171537
0.0183817
0.0180463
0.0183566
0.0136245
0.0126235
0.0148824
0.0137036
0.0133788
0.0124948
0.0127002
0.0143161
0.0136799
0.0165868
0.0130169
0.0166343
0.0184389
0.015548
0.0150359
0.0131366
0.0124957
0.0143991
0.0137461
0.0129585
0.013204
0.0142067
0.0139323
0.0129538
0.0148603
0.0131282
0.0143005
0.014515
0.013819
0.0148024
0.0148847
0.0148918
0.0147716
0.0136825
0.0148027
0.0150528
0.0144072
0.015461
0.0156929
0.0130369
0.0143705
0.0138909
0.013136
0.0151248
0.0181276
0.0187465
0.0184599
0.014138
0.0132928
0.0141928
0.0141129
0.013802
0.0133862
0.0183914
0.0190663
0.0199864
0.0152841
0.0182457
0.0192063
0.0193347
0.0138468
0.0158204
0.0181594
0.0187304
0.0143747
0.0139179
0.0143067
0.0131151
0.0130181
0.013854
0.0136488
0.0130357
0.013925
0.0129811
0.0148421
0.0171681
0.0179719
0.0180363
0.0171751
0.0172595
0.0180113
0.0176549
0.0142575
0.0149158
0.0135787
0.017754
0.0180885
0.0144634
0.0141594
0.0132761
0.0124038
0.0128736
0.0140467
0.0132079
0.0145271
0.0167887
0.0169977
0.014814
0.0121873
0.016992
0.0177674
0.0165801
0.0138927
0.0127087
0.0131896
0.0131114
0.0139489
0.0169872
0.0175764
0.0166725
0.0122009
0.016594
0.0176167
0.0194481
0.0128665
0.0121942
0.0135487
0.0132689
0.0132371
0.0125914
0.0169536
0.0157889
0.0136155
0.0122711
0.0166977
0.017302
0.0173617
0.0126774
0.0120803
0.0131226
0.013032
0.0122824
0.0163238
0.0183991
0.0173653
0.0167695
0.016858
0.0175341
0.0178026
0.0163332
0.0162769
0.0174673
0.0174706
0.0165073
0.0136988
0.0120783
0.0165638
0.0134498
0.0123264
0.0133185
0.0143256
0.0137225
0.0124423
0.0137765
0.0137253
0.014421
0.0123937
0.0172327
0.017984
0.0143663
0.012792
0.0141319
0.0123777
0.0154978
0.0131845
0.0124009
0.0128426
0.0141527
0.0130856
0.0138331
0.0170223
0.0183709
0.018106
0.0131935
0.0140662
0.0144221
0.0131635
0.0148282
0.0146712
0.0170957
0.0181545
0.0175957
0.0138408
0.0163824
0.0147297
0.0148635
0.0131479
0.0177209
0.018881
0.0181922
0.0135199
0.0136547
0.0146644
0.0142717
0.0137266
0.0153911
0.0175082
0.0188492
0.0189655
0.0150454
0.0175101
0.0189395
0.0188034
0.0177148
0.0132171
0.0175428
0.018418
0.0182769
0.0175724
0.0152197
0.0135742
0.0147263
0.0179025
0.0136319
0.0148069
0.0181827
0.0150444
0.0142286
0.0134714
0.0138047
0.0148176
0.0136159
0.0135404
0.0149486
0.0172262
0.0184726
0.0179324
0.0171399
0.0145174
0.0125988
0.015522
0.0149212
0.0134644
0.0155301
0.0179437
0.0192521
0.0183274
0.0176074
0.0172612
0.0185928
0.0195177
0.013488
0.0178041
0.0190717
0.0186077
0.0170342
0.0150865
0.017946
0.0187541
0.0185852
0.0177505
0.0149903
0.0177235
0.0189416
0.0186053
0.0168461
0.0143861
0.0151242
0.0157942
0.0135186
0.0140565
0.0173496
0.0181696
0.0178818
0.0177555
0.0142366
0.0157999
0.0151516
0.0146847
0.0141125
0.013307
0.015645
0.0148325
0.0132087
0.0154868
0.0144608
0.0145271
0.0132933
0.0132375
0.0147292
0.0147772
0.0148228
0.0133085
0.0153338
0.0154162
0.0155881
0.0175318
0.0190389
0.0187952
0.0175457
0.0144668
0.0134799
0.0148453
0.0147997
0.0148249
0.0134949
0.0148714
0.0132802
0.0147654
0.0145018
0.014702
0.0139906
0.0135355
0.0149215
0.0150729
0.0148902
0.013605
0.0137757
0.0152932
0.0147985
0.0148026
0.0145628
0.0153482
0.016072
0.0159175
0.0162483
0.0160947
0.016214
0.0157723
0.0151643
0.0158445
0.0161156
0.0166321
0.0137628
0.015356
0.015524
0.016315
0.0152805
0.0143957
0.0149059
0.0184686
0.0207772
0.0203929
0.0204119
0.0196034
0.0188415
0.0184314
0.0212334
0.0198196
0.0196159
0.0201532
0.0188217
0.0186921
0.0202413
0.0203281
0.0199316
0.0198006
0.0159638
0.0186922
0.0205807
0.01796
0.0164885
0.0150158
0.0161733
0.0143164
0.0160883
0.0162524
0.0160628
0.0147246
0.0146423
0.0163186
0.0152367
0.0158879
0.0154737
0.0177635
0.0145238
0.0170551
0.015515
0.015669
0.01428
0.0138245
0.0157175
0.0153168
0.0145093
0.0141053
0.0136626
0.0154817
0.0147402
0.0154659
0.0148585
0.0138889
0.0182535
0.0193422
0.0202191
0.0191837
0.018454
0.0162124
0.0141474
0.0163619
0.0159354
0.0156276
0.0146426
0.0147804
0.0165799
0.0165336
0.0139771
0.0157523
0.0159619
0.0152668
0.0146111
0.0164644
0.0155914
0.0162016
0.0139624
0.0161186
0.0151973
0.0154526
0.0142888
0.0160929
0.0146608
0.0137448
0.016643
0.0148805
0.0150313
0.0143772
0.0142567
0.0141162
0.015863
0.0168878
0.0167795
0.0143153
0.0138059
0.0187328
0.0199591
0.0192075
0.0227035
0.0182899
0.0181917
0.0195266
0.0194223
0.01882
0.0179307
0.0145312
0.018785
0.0196332
0.0198231
0.0194759
0.0148541
0.01463
0.0158411
0.0159596
0.0147539
0.0144645
0.0162879
0.017958
0.0193861
0.0191072
0.0182238
0.0140488
0.0177751
0.0200985
0.020432
0.0153244
0.0145134
0.01494
0.0138407
0.0139308
0.0151077
0.0140596
0.0137315
0.0186404
0.0158045
0.0141168
0.0154926
0.0136655
0.0148232
0.014361
0.0157335
0.0150857
0.0139811
0.0149524
0.0136273
0.0141794
0.0154602
0.0135562
0.015263
0.0190052
0.0199874
0.0195342
0.0156875
0.0142249
0.0155207
0.0139893
0.0153715
0.0180444
0.019099
0.0177431
0.0132332
0.014362
0.0149779
0.0132863
0.0145949
0.0181182
0.0189566
0.0166511
0.0174563
0.0193139
0.0179105
0.0146866
0.0138341
0.0150436
0.0137579
0.0138071
0.014219
0.01471
0.0159513
0.013927
0.0134504
0.0148201
0.0142188
0.0134794
0.013464
0.0147818
0.0143369
0.0136765
0.0145872
0.0150929
0.0144234
0.0137222
0.0132048
0.0145549
0.014617
0.0140892
0.0136969
0.0145211
0.0154489
0.0163193
0.014207
0.0147018
0.0149804
0.0139925
0.0141648
0.0179032
0.0194318
0.0186588
0.0177883
0.0185503
0.0184705
0.0181468
0.0178958
0.0168741
0.018091
0.0181811
0.0176677
0.0139397
0.0139137
0.0154466
0.0151577
0.0132832
0.0135896
0.0175764
0.0181824
0.0144474
0.015011
0.0153757
0.017985
0.0189007
0.0189696
0.0153506
0.0174916
0.0181818
0.0195826
0.0173635
0.0179851
0.0181848
0.0182145
0.0182336
0.013235
0.0172108
0.0181938
0.0171982
0.0169139
0.0147627
0.0152885
0.0155568
0.0129133
0.0138663
0.0138254
0.0138594
0.0135927
0.0172724
0.01841
0.0187456
0.0177745
0.015598
0.0152302
0.0154714
0.0132607
0.0152416
0.0151873
0.0139811
0.0150518
0.0156276
0.0154224
0.0134708
0.0127954
0.0143441
0.0139344
0.0125205
0.0167679
0.018005
0.0177323
0.0161982
0.0162331
0.0170799
0.0171534
0.0164574
0.0135723
0.0120228
0.0131918
0.012728
0.0123064
0.0126956
0.0133145
0.0132617
0.0128013
0.0143204
0.0144997
0.0127563
0.0146442
0.0131411
0.0125799
0.014063
0.0172169
0.0187034
0.0184755
0.0171837
0.0149983
0.0149382
0.01327
0.0140086
0.014175
0.0132431
0.014457
0.0171943
0.0184713
0.0184685
0.0211867
0.0140701
0.0129271
0.0146146
0.0142507
0.0137149
0.0138689
0.0134098
0.014881
0.0141919
0.0138275
0.0128906
0.012959
0.0138548
0.0140952
0.0133712
0.0129885
0.0131056
0.0154139
0.014517
0.0133854
0.013398
0.0134075
0.0146526
0.0144523
0.0169392
0.013981
0.0150805
0.0132195
0.0146442
0.0144784
0.0136265
0.0134895
0.0172802
0.0179677
0.0184106
0.0173867
0.0130524
0.0128083
0.0137481
0.0135998
0.013391
0.0129486
0.0136999
0.0142224
0.0144716
0.0141842
0.0134147
0.0130889
0.0141246
0.0140886
0.0139661
0.0129125
0.0129539
0.0146049
0.0140517
0.0145427
0.0134203
0.0173994
0.0178575
0.017808
0.0172431
0.0130439
0.0170156
0.0192618
0.017842
0.0137984
0.0128027
0.0169119
0.0179125
0.0191127
0.0133686
0.0125919
0.0127398
0.0131513
0.0127394
0.0128696
0.0122587
0.0117673
0.0130891
0.0123651
0.012295
0.011294
0.0112274
0.0121066
0.0120292
0.0113976
0.0127422
0.0150932
0.0131863
0.0149511
0.0142598
0.0117987
0.0126902
0.0126654
0.0117632
0.012068
0.0128483
0.012771
0.0158323
0.0118867
0.016114
0.0171612
0.0171886
0.0148948
0.0177653
0.0171844
0.0171325
0.0168037
0.0136085
0.0141982
0.0142288
0.0120995
0.0129675
0.0127032
0.012291
0.0128505
0.0165509
0.0173665
0.0173039
0.016243
0.0122833
0.0133769
0.0127619
0.0124131
0.0138854
0.0170128
0.0175622
0.0180392
0.0133097
0.0145809
0.0162685
0.0126723
0.0138124
0.0133758
0.0133125
0.0122429
0.0137887
0.0126727
0.013441
0.0118425
0.0142181
0.0130463
0.0120871
0.0142975
0.0126836
0.0126695
0.0121331
0.0175893
0.0143809
0.0167998
0.0157291
0.0134754
0.0170762
0.0146556
0.0172987
0.0167121
0.0125565
0.0182333
0.0171396
0.0150341
0.0146516
0.0148997
0.0135762
0.0150034
0.0128268
0.0132558
0.0129075
0.0148461
0.0146487
0.0130712
0.0138758
0.0130572
0.0153416
0.0146308
0.0132269
0.0147581
0.0136281
0.0151178
0.0151272
0.0142436
0.0147692
0.0136147
0.0148612
0.0138016
0.0148781
0.0140134
0.0151968
0.0136451
0.0148921
0.013876
0.0158642
0.0153828
0.0174179
0.0156689
0.0161502
0.0139194
0.0153561
0.0150134
0.0153419
0.0143782
0.0145049
0.0190956
0.0206382
0.0190356
0.0160534
0.0171723
0.0161347
0.0141148
0.0156371
0.0154319
0.0163616
0.0157502
0.01694
0.0139394
0.0156554
0.0179209
0.0135548
0.0183331
0.0192105
0.0167694
0.0134068
0.0143819
0.015191
0.015842
0.0146941
0.0142658
0.0155947
0.0142437
0.014143
0.0157618
0.0162676
0.0143241
0.0162374
0.014673
0.0144625
0.020101
0.0204887
0.0189586
0.016583
0.0165498
0.01683
0.0138985
0.0157628
0.0149897
0.0141297
0.0148537
0.0157455
0.01574
0.0146644
0.0146057
0.0161386
0.016147
0.0144014
0.0147439
0.0191349
0.0208783
0.0202562
0.0180373
0.0149371
0.0149289
0.0172889
0.0156903
0.0155265
0.0166705
0.0183817
0.020576
0.0200624
0.0230721
0.0155046
0.0179501
0.0200702
0.0186696
0.015406
0.0170215
0.015516
0.0137697
0.0153637
0.0158346
0.0138079
0.015541
0.0182412
0.0196322
0.0196701
0.0186609
0.013899
0.0145992
0.0182976
0.0161054
0.015619
0.0140387
0.0146671
0.0146335
0.0160723
0.0149323
0.0161441
0.015619
0.0145558
0.014653
0.0134524
0.0155823
0.0155072
0.0161638
0.0137446
0.0157636
0.0177465
0.0198127
0.0194983
0.0201105
0.0188452
0.0251274
0.0179606
0.0181316
0.0192953
0.0190267
0.0188828
0.0186807
0.0184371
0.0186051
0.0166835
0.0136685
0.0156857
0.0143148
0.0156296
0.0158576
0.0151969
0.0136627
0.0139547
0.0174482
0.0187068
0.0187082
0.0186643
0.0186188
0.0183599
0.013787
0.01505
0.0136426
0.0144144
0.0154977
0.0148005
0.0156634
0.014501
0.0143097
0.0140482
0.0136057
0.0136383
0.0146033
0.0140101
0.0143371
0.014001
0.0142785
0.0143967
0.0142149
0.0138721
0.0139156
0.0137739
0.0175834
0.0184727
0.0191416
0.0193284
0.018334
0.0175975
0.0148051
0.0196006
0.0133452
0.0135278
0.0137508
0.014321
0.0152764
0.0142048
0.0142197
0.014507
0.0148591
0.013855
0.0132461
0.0131115
0.0140792
0.0158742
0.0141195
0.014062
0.0150301
0.0140253
0.0154777
0.0128721
0.0151486
0.0176147
0.017534
0.0173045
0.0144959
0.0139921
0.0142047
0.0142973
0.0134511
0.0171942
0.0128795
0.0147132
0.0171092
0.017971
0.0149176
0.0147674
0.0137318
0.0143394
0.01488
0.0134787
0.0129173
0.0142669
0.0152406
0.0140255
0.0146721
0.0133632
0.0134215
0.0149051
0.0175312
0.0184989
0.0193376
0.0187763
0.0185893
0.016827
0.0171092
0.0143365
0.0153216
0.0130064
0.014042
0.0172154
0.0146879
0.015028
0.0152631
0.0145528
0.0154478
0.0144284
0.0144955
0.0134486
0.015417
0.0173535
0.0183961
0.019056
0.0186438
0.020905
0.01957
0.0195309
0.0197886
0.0270756
0.0189645
0.0166831
0.0169826
0.0187846
0.0182687
0.0167146
0.0162832
0.01629
0.0202421
0.0205141
0.0239322
0.0191968
0.0157731
0.0169947
0.015007
0.015993
0.0185355
0.0172192
0.0169813
0.0161906
0.0163555
0.016091
0.015806
0.0167681
0.0149418
0.0159051
0.0168371
0.0171244
0.0167448
0.0165727
0.0163755
0.0173964
0.0165078
0.0166596
0.0154021
0.0150938
0.0167281
0.0169013
0.0181733
0.0166402
0.017281
0.0182766
0.0166644
0.0160573
0.0158716
0.0155603
0.015996
0.0179243
0.0179004
0.0170198
0.0166095
0.0167815
0.016266
0.016687
0.0148166
0.0168173
0.0196173
0.0206711
0.0204169
0.0214131
0.0212348
0.0210648
0.0278103
0.0189828
0.0161164
0.0151835
0.0169746
0.0175113
0.016573
0.0174239
0.015403
0.0152742
0.0145888
0.0154438
0.0166674
0.0158104
0.0157687
0.0149713
0.0148793
0.015165
0.0162764
0.0148453
0.0155607
0.0145342
0.0138404
0.0137767
0.0175165
0.0190506
0.0190663
0.0158609
0.01522
0.0149687
0.0139875
0.0135702
0.0152291
0.0158313
0.015114
0.0148475
0.017967
0.0141766
0.0158364
0.0182252
0.0167178
0.0163961
0.0172885
0.0160682
0.0159131
0.0167037
0.0145909
0.01435
0.0163049
0.0156575
0.0167279
0.0157979
0.0150866
0.0140462
0.0139985
0.0206094
0.0195533
0.0192704
0.0193854
0.0195347
0.0191011
0.0185042
0.0156409
0.01643
0.0153531
0.0155636
0.0143893
0.0141614
0.0136668
0.0134578
0.0129898
0.0127626
0.0129099
0.0135932
0.0139218
0.0136159
0.0139034
0.0134005
0.0131605
0.0130416
0.0169519
0.0183033
0.0191294
0.0185861
0.017992
0.0164387
0.0145043
0.0152426
0.0129608
0.0152372
0.0146978
0.0149114
0.0143732
0.0149276
0.0139217
0.0170224
0.016315
0.0148896
0.0154153
0.0151596
0.0153254
0.016111
0.016302
0.0163991
0.0156067
0.0162277
0.0158191
0.0152999
0.0152843
0.015809
0.0163084
0.0160957
0.0158751
0.0176817
0.0188043
0.0195343
0.0218662
0.0192096
0.0179011
0.0142888
0.0158332
0.0162189
0.016647
0.0160687
0.0164578
0.0155685
0.0156883
0.0155016
0.0161034
0.0167345
0.0162294
0.0158877
0.0176727
0.0194104
0.0196934
0.0189367
0.0186415
0.016783
0.0134139
0.015583
0.0146612
0.0155002
0.0151123
0.0145617
0.014042
0.0139819
0.015568
0.0161097
0.0149834
0.0164551
0.0157976
0.0135818
0.0159714
0.0174701
0.0152056
0.0182133
0.0149044
0.0142997
0.0137035
0.0145782
0.0154852
0.0152012
0.0151987
0.0154006
0.0157862
0.0148553
0.0137291
0.0180603
0.0195449
0.0194841
0.0207718
0.0186522
0.0183103
0.018732
0.0172197
0.015608
0.0159164
0.0150498
0.0163616
0.016753
0.0168206
0.014996
0.017259
0.0158711
0.0199634
0.0159761
0.0152648
0.0197197
0.0189297
0.0216776
0.0170801
0.016733
0.0174329
0.0165483
0.0136876
0.0138859
0.0139608
0.0133154
0.0143247
0.0149391
0.0148007
0.016313
0.0144229
0.013495
0.0133776
0.0184045
0.0192411
0.0192181
0.0184687
0.0179874
0.0180217
0.0177572
0.0136623
0.0134137
0.017715
0.0188541
0.0191624
0.0191407
0.0186146
0.017871
0.0135508
0.0137531
0.0139868
0.0156673
0.0155271
0.0159405
0.015741
0.0165806
0.0159545
0.0183986
0.0215062
0.0205716
0.0207669
0.0203644
0.02676
0.0194024
0.0168844
0.016917
0.0169914
0.0167894
0.0177793
0.0158744
0.016333
0.0167598
0.0165766
0.0178182
0.0205106
0.0217689
0.0235886
0.0224181
0.0215004
0.0209658
0.021045
0.0199074
0.0172393
0.0167053
0.017065
0.0173141
0.0175228
0.0179469
0.0176876
0.0168156
0.0176361
0.0174432
0.018163
0.0158427
0.01877
0.0181621
0.0203362
0.0199312
0.0191338
0.0200954
0.0195501
0.0194962
0.0202912
0.0188983
0.0203745
0.020225
0.0204345
0.0212505
0.0203156
0.0214439
0.0205248
0.0202613
0.0200204
0.0202198
0.0204453
0.0199248
0.0200457
0.0209966
0.0204282
0.0205923
0.0305664
0.0255519
0.0254522
0.022133
0.0208218
0.0204778
0.0201034
0.0207605
0.0206682
0.0202565
0.0215323
0.0207649
0.020289
0.0200042
0.0200903
0.0214443
0.0192055
0.0194461
0.0203078
0.0163222
0.018722
0.0194589
0.0194999
0.0204006
0.0210142
0.0209541
0.0190986
0.0200792
0.0183909
0.0177313
0.0176421
0.0211661
0.0225484
0.0239406
0.0248711
0.0236481
0.0219199
0.021789
0.0209358
0.0190591
0.0203982
0.020028
0.0187905
0.021991
0.0226235
0.027275
0.0271397
0.0286697
0.0268074
0.016737
0.0183382
0.0161837
0.0178059
0.0184659
0.0190383
0.0192677
0.0181014
0.0191046
0.0201747
0.0242925
0.0194533
0.0213429
0.0223358
0.018591
0.0186091
0.0180526
0.0201166
0.0187511
0.0227813
0.019043
0.0209205
0.0184402
0.0189739
0.0180026
0.0181092
0.0186645
0.0177557
0.0170329
0.01803
0.0213407
0.0217071
0.0228422
0.0231557
0.0189284
0.0197592
0.0198152
0.0189061
0.0208778
0.025139
0.0187237
0.0182452
0.0172908
0.0180616
0.0205332
0.0224142
0.0219006
0.0281253
0.0239201
0.0229411
0.0195611
0.0244396
0.0202925
0.0196874
0.0208405
0.0185435
0.0188365
0.0197391
0.0172424
0.0178921
0.0160218
0.017902
0.0184383
0.0188426
0.0187402
0.0185942
0.0181268
0.0179231
0.0178172
0.0207027
0.0176799
0.0182056
0.0179937
0.0181786
0.017235
0.0162512
0.0161135
0.0171178
0.0196218
0.0191899
0.0186515
0.0182919
0.0184059
0.0184025
0.019085
0.0181013
0.018327
0.018305
0.027392
0.0174569
0.0168503
0.0177473
0.0177752
0.0176862
0.0180307
0.0183086
0.0183958
0.0178175
0.0183651
0.0182716
0.0201227
0.0184659
0.0195278
0.0177402
0.0180282
0.0180207
0.0171204
0.01751
0.0166843
0.0187044
0.0166981
0.0173477
0.0182726
0.0183044
0.0193077
0.0196141
0.017853
0.0182415
0.0176419
0.017858
0.0184677
0.0183187
0.0185233
0.0194928
0.0182254
0.0167129
0.0190404
0.0210057
0.0219669
0.0225783
0.0241955
0.0244478
0.0240767
0.0233924
0.0245483
0.0228968
0.0232684
0.0231676
0.0210592
0.0171755
0.0172902
0.018731
0.0215404
0.0230983
0.0228366
0.0229805
0.0247693
0.0241997
0.0241495
0.0235568
0.0235585
0.0233472
0.0252883
0.0236745
0.0196353
0.0213811
0.02251
0.0239574
0.024229
0.0238608
0.0234819
0.0229439
0.0242337
0.0232867
0.0234119
0.0241867
0.0230638
0.0210201
0.0201721
0.0231928
0.022265
0.023711
0.0219654
0.0233978
0.0217963
0.0200376
0.0195002
0.0202955
0.0170746
0.0174599
0.018616
0.0169168
0.0182302
0.0183651
0.0200079
0.0193285
0.0187986
0.0208165
0.0190745
0.0193089
0.0219372
0.0168877
0.0168745
0.0206033
0.0223539
0.0243006
0.0222525
0.0233792
0.0229693
0.023495
0.0221701
0.0215398
0.0209759
0.0224383
0.022351
0.0226646
0.0239402
0.0236573
0.0244191
0.0228977
0.0243462
0.0234635
0.023318
0.0188873
0.0181363
0.0188889
0.0183453
0.0198989
0.0187392
0.020245
0.0189288
0.0205522
0.0203006
0.0178209
0.0177646
0.0187141
0.0192703
0.0215234
0.0191696
0.0199068
0.0197985
0.0198183
0.0193102
0.0192912
0.0197812
0.0198615
0.0182581
0.0181258
0.0228202
0.0222341
0.0195366
0.0220767
0.0197384
0.0207196
0.020565
0.0195517
0.0200335
0.0208051
0.0232622
0.0323727
0.0191024
0.0181717
0.0177803
0.0183736
0.0191865
0.0234127
0.0202126
0.0210404
0.0190789
0.0192615
0.0191878
0.0192653
0.0186035
0.020809
0.0177985
0.0201621
0.0181214
0.0188472
0.0199007
0.0212819
0.0197895
0.020408
0.0197523
0.0203183
0.0201931
0.0195275
0.0194461
0.0199618
0.0209289
0.0197625
0.0186192
0.0183777
0.0195025
0.019222
0.0210834
0.0201571
0.0197856
0.0200569
0.0200293
0.0203699
0.0212587
0.0217718
0.0199625
0.0193913
0.0197659
0.0200676
0.0202188
0.021845
0.0195616
0.0198152
0.0210921
0.0187905
0.0194979
0.0196937
0.0217619
0.0226439
0.0207316
0.0212939
0.0224954
0.0208734
0.0225192
0.0221834
0.0226674
0.0216946
0.021681
0.019345
0.021887
0.0192818
0.0208989
0.0208807
0.0205162
0.0213281
0.0205127
0.0214418
0.021996
0.021702
0.0217396
0.02132
0.0208897
0.0206169
0.021539
0.0204914
0.0209252
0.0215067
0.0219697
0.0235289
0.0217659
0.0219438
0.0212001
0.0213895
0.0213725
0.0214401
0.0206441
0.0218743
0.0209884
0.0228188
0.022244
0.0220556
0.021855
0.0217742
0.0208864
0.0215683
0.0218937
0.0226739
0.0225859
0.0223964
0.021873
0.0216856
0.0212222
0.0220258
0.021938
0.0220015
0.0213756
0.0226523
0.0225295
0.021973
0.0213785
0.0225315
0.0221724
0.0208683
0.0200931
0.0196228
0.0211802
0.0213344
0.0218844
0.0216114
0.0222476
0.0229964
0.0214589
0.0227129
0.0213809
0.0217085
0.0229101
0.0213637
0.0219592
0.0226918
0.0204057
0.0228078
0.0227711
0.0215946
0.0292748
0.0225764
0.0219495
0.020868
0.0221038
0.0213054
0.0220243
0.0255543
0.0238301
0.0229339
0.0236639
0.0222693
0.0226249
0.0224017
0.0228527
0.0229856
0.0222469
0.0224832
0.0207248
0.0205237
0.0251378
0.025412
0.0254272
0.025699
0.0228439
0.0223714
0.0218535
0.0227212
0.0225368
0.0233204
0.0235163
0.0217967
0.0261597
0.0267911
0.0259804
0.0257767
0.0255462
0.0223311
0.0219222
0.0231831
0.0216169
0.0220997
0.0220718
0.0226532
0.0212392
0.0227817
0.0240343
0.0227165
0.0227405
0.0225546
0.0224143
0.0217278
0.0226367
0.02302
0.0226929
0.0250546
0.0223552
0.0224411
0.0226371
0.0225618
0.0239116
0.021192
0.0206572
0.0220838
0.02204
0.0235103
0.0236644
0.0238672
0.0240563
0.0235192
0.0233575
0.025743
0.0235793
0.0364799
0.0259664
0.0212823
0.0208091
0.022377
0.0223713
0.0234493
0.0253642
0.0242515
0.0223697
0.0230983
0.0231246
0.0226261
0.0227437
0.0236974
0.0227793
0.0222858
0.0263635
0.0261665
0.026951
0.0267503
0.0271385
0.0276395
0.022843
0.029847
0.02478
0.0370239
0.0371552
0.0211871
0.0220088
0.0249524
0.0265
0.0264776
0.0266315
0.0272078
0.0272521
0.0270621
0.0261235
0.027395
0.0275144
0.0266496
0.0274381
0.0271764
0.0251676
0.0205933
0.0204642
0.0220928
0.0223731
0.0238108
0.0221553
0.0224635
0.0226946
0.0224284
0.0214354
0.0214185
0.0220131
0.0344504
0.0226968
0.0206706
0.0221873
0.0241598
0.0246824
0.0222256
0.0263556
0.0234687
0.0220367
0.0227997
0.0236247
0.0224413
0.0229498
0.021282
0.0237248
0.0225428
0.0253782
0.027349
0.0265088
0.0279947
0.0281889
0.0267058
0.0261693
0.0264736
0.0270992
0.0239277
0.022603
0.0237008
0.0223105
0.0203773
0.0223702
0.0237558
0.0232504
0.021977
0.0217953
0.0246871
0.0215766
0.0235829
0.0220935
0.0260937
0.0270831
0.0225441
0.0229346
0.0227872
0.0237067
0.0238162
0.023485
0.0222386
0.0216374
0.0206842
0.0311055
0.0367894
0.0289711
0.0285163
0.0293946
0.0304915
0.0283148
0.0241588
0.0234827
0.0235954
0.0240952
0.0229479
0.0226371
0.022832
0.0225805
0.022585
0.021267
0.0212309
0.0211514
0.0219329
0.0254317
0.0289974
0.0263229
0.0344594
0.0331581
0.0426511
0.0390414
0.0510845
0.0306429
0.0268457
0.0240162
0.026149
0.0232202
0.0232975
0.0250553
0.0250428
0.0235952
0.0227289
0.0226486
0.0217944
0.0229605
0.0215919
0.0218209
0.0194663
0.0209527
0.0185893
0.0209912
0.0222204
0.0218769
0.0224515
0.0188486
0.0233548
0.0190096
0.0186676
0.0197936
0.0198072
0.0205407
0.0215021
0.0226419
0.0213311
0.0220814
0.019257
0.0205391
0.0214525
0.0209088
0.0217285
0.020338
0.021102
0.0204263
0.0202627
0.0218654


